0.000000000000000000e+00,-2.346421518691460317e+00,3.272124240036727638e+00,1.616269216868126968e+00,-5.575732733363096827e+00,1.777207253531135400e+00,-2.702843134381867962e+00,-6.102348540105706487e-01,-2.755255670363207621e+00,2.750649552912259654e+00,2.582614675291298845e+00,-3.412845679795613485e+00,1.287322870012491682e+00
1.000000000000000000e+00,-3.006483622022870783e-02,2.973737582073663344e+00,9.053560290773499108e-01,5.063386716550803968e-01,-3.602149438109758517e-01,-2.344987658306917133e+00,-9.793802443596917318e-01,1.540595667297377513e+00,6.607417445315715288e-01,-3.594135420882287324e-01,-1.404178362611198327e+00,-2.117605549540117593e+00
0.000000000000000000e+00,-2.632551263827323851e+00,-1.119213047296379604e-01,-1.693046378607544700e+00,-1.333751158737662257e+00,-9.831557756050834929e-01,-2.439254604665625159e+00,-5.039905214622244500e-01,-5.095177723342081411e-02,1.609697355357677662e+00,2.280370624049358419e+00,1.520460692955984960e+00,7.043332309602929886e-01
0.000000000000000000e+00,-4.000270648805421825e-01,-5.528588038457369347e-01,6.112951639852808317e-01,1.441767015698470988e+00,4.333301830505975616e-01,-1.929270172862863619e-01,2.228302153659523555e+00,-2.264925187165077958e+00,-1.264417780453004347e+00,-9.274604717330239279e-01,-1.782911808184609370e+00,1.118722707107982384e+00
0.000000000000000000e+00,-3.361037212319663237e+00,-1.111397268217621803e-01,-1.555169098436169683e+00,-2.167221098772949883e+00,1.112901316318505085e+00,-1.358522735188024910e+00,-1.139845083647339941e+00,-8.983038185858892577e-01,-1.674012743937615788e+00,1.554598584554925722e+00,1.897413727435663944e-01,-4.204401637182708651e-01
0.000000000000000000e+00,2.568626995032234461e+00,2.561173495817418377e+00,3.408520435116701108e+00,-9.364720607505450545e+00,4.246911265296095195e+00,3.301886046775086569e+00,-2.538937670879426456e+00,-1.538247750783959811e-01,4.521176759946663459e+00,5.891922813419885330e+00,-1.454699721622084940e+00,1.144532464374840686e+00
0.000000000000000000e+00,-1.764401461386176928e+00,-5.797887510357172536e-01,3.591732515934613623e+00,-4.976096077700465692e+00,3.372832845236414467e+00,-4.373127917519642693e+00,-1.498785736656482737e-01,-3.797577328404063923e+00,4.339856866988330175e+00,2.243613209056730895e+00,-1.167748332848476789e+00,3.501484939494970305e+00
0.000000000000000000e+00,1.144173011745382773e+00,-1.303570486775652348e+00,2.427602233249509522e-01,1.202996673667638738e+01,-1.636865012185221957e+00,-3.692656779148733026e-01,1.909956575902092446e+00,-1.524529537439255567e+00,-5.330123210840772785e+00,-1.947255356281363259e+00,1.817577935143102952e+00,-2.567098235706914977e+00
0.000000000000000000e+00,1.564410182080934852e+00,-3.200048046201396379e-01,4.566720676050529670e-01,4.346027025829723556e+00,-1.680494566716345783e+00,1.838179727437063704e+00,4.024064548367691785e+00,-3.075968410193290925e+00,-1.006018231900913218e+00,-1.184388701047023318e+00,-2.000543937304940734e+00,2.032659702853549355e+00
1.000000000000000000e+00,-1.305395374183406343e+00,2.129392106766921255e+00,1.124759514104888503e+00,-9.378024866592251513e-03,-1.351205546447536321e+00,1.902576031537019929e+00,8.715855477247933525e-01,-7.859190657782614275e-01,-1.779659974581078163e-01,4.754188931175999944e-01,-1.855779649186783953e-02,9.536524752995505505e-01
0.000000000000000000e+00,-1.057510606620716942e+00,2.086319190371887178e+00,-1.525300445006312344e+00,-2.275807090481360984e+00,1.005171055913590239e+00,1.457900633973437499e+00,-2.540384240372031144e+00,-1.826002302701887015e+00,-1.610134573628246191e+00,-2.424640144190346458e-01,-1.162552196814793382e+00,-2.078653775235725920e+00
0.000000000000000000e+00,-7.879659972974950577e-02,4.557410790764719444e+00,6.119712632790601514e-01,-5.194485764739731337e-01,8.242699871007167500e-01,8.188002058733607758e-01,-1.039468920741688507e+00,1.037878770978569953e+00,-2.885164113411573528e+00,2.415687722572079643e+00,-3.171428206037293140e+00,-3.030076147563507849e+00
1.000000000000000000e+00,-7.601953580364281260e-01,6.850945272118996954e+00,1.337879629505617896e+00,3.045072471238585710e-01,-7.100950181317613463e-01,2.433007116990068219e+00,5.975091748206375897e-01,-3.057772179028166448e+00,2.602262657275111302e+00,-1.455937895427449558e+00,-2.336865372662083828e+00,-2.493293459083228303e+00
0.000000000000000000e+00,-2.384599399330722402e-01,1.193105610228166080e+00,1.291731357032486649e+00,8.429140607466797164e+00,-6.027637265151273294e-01,-1.533693906605947621e+00,7.710706464078294076e-01,-3.403147247189307389e+00,-3.084989884103605196e+00,-1.338053210275572891e+00,2.207940693336720717e-01,-2.352767791464366987e+00
0.000000000000000000e+00,-4.041238065157726211e-02,2.501217569087994086e+00,3.214017770617391134e-01,2.728876257212659695e+00,1.279287318227052994e+00,-5.099025337414508918e-02,-9.236794740365061873e-02,-7.460303747760407278e-01,-1.944032443437234248e+00,3.754582697524647905e+00,-6.312747773042022281e-01,-3.011528012848910585e+00
1.000000000000000000e+00,-1.291454025559928276e-01,2.212639222668177030e+00,-4.394829090067572386e-01,-3.964370176278717572e+00,-2.207607961800830410e+00,-1.781678942811315558e+00,-4.372675511183690134e+00,1.390580024490714273e+00,4.431139918866157101e-01,-3.082878001192993489e-01,-1.084266355506555035e+00,6.001333440934792929e-01
1.000000000000000000e+00,1.626648887301993973e+00,2.152437757409399577e+00,1.294679748538008823e+00,2.614634265145167280e+00,1.201140981718381351e+00,-1.420220624199276971e+00,2.483687861404526132e+00,-3.863623751340634627e-01,6.130651364777617296e-02,-1.250610137431895641e+00,-4.071563278675638387e+00,-2.035949968079428629e+00
1.000000000000000000e+00,-6.266765277874974949e-02,1.655838038979532412e+00,-5.196084741421177489e-01,-2.247110543000323979e+00,-1.564421287959500972e+00,1.111277259111578930e+00,5.898952323037360834e-01,2.616958996350653877e+00,-7.140628207064960709e-01,-5.507990991800850722e-01,-2.206471019314935056e+00,5.154491552578543967e-01
0.000000000000000000e+00,1.542558428151208361e+00,-1.120443068909550810e+00,1.071961721412387769e-01,1.135242838246757202e+00,1.486149516166530571e-01,2.369932347956636320e+00,-4.226234216310417180e-01,7.814433551299200253e-01,-2.603441422829116725e+00,3.390763609748939089e-01,6.386100548828077539e-01,-1.563033243600943090e-01
1.000000000000000000e+00,-4.037371490093207838e-01,1.506999013155606582e+00,-1.726267151268083389e+00,-2.404720716635105893e-01,-2.576536891959021247e+00,-1.159830273344134799e+00,-5.432500035974767716e-01,1.846346530420207355e+00,8.926503808848287314e-01,-9.987810821256856153e-01,-4.846808074625380547e-01,-5.003917645934115033e-01
1.000000000000000000e+00,9.779684617273307623e-01,1.432667501329253079e-01,-2.417740422158804137e+00,-3.887270303431397345e+00,1.115140810812288663e+00,-9.885367572771162070e-01,-2.729025746901996285e+00,2.512522484433860281e+00,-9.894837081166143467e-01,-3.434499137959579063e-01,-2.274865005638201154e+00,-1.926602247544954682e+00
1.000000000000000000e+00,5.455485655356349106e-01,-8.762994915956127118e-01,1.881121954080675840e+00,3.046823715561513546e-01,2.539811028603812915e+00,1.059821180121513606e+00,-3.112041081324887770e-01,2.632056762732295052e+00,1.430755093151354185e+00,1.082183844097585501e+00,3.475428899543516081e+00,-2.021560509063110800e+00
1.000000000000000000e+00,-2.277480937924214466e+00,6.637802843124883445e+00,1.920026905308611642e-01,-4.489562896306922291e+00,-6.115318324269547468e-01,1.900623405109453934e+00,4.264466386915579665e-01,-2.593542095077902232e+00,5.135195333220819336e+00,-2.043617160501272068e+00,-2.758909540549270289e+00,-1.136135669705498952e+00
1.000000000000000000e+00,-2.247440913037942245e+00,1.341210198852033943e-02,2.506358669305581266e+00,-1.300995985190261273e+00,2.407287921164571465e+00,1.145259906325682753e+00,3.339870507444646197e+00,3.207768779769597511e+00,-1.187460596125266887e+00,1.231347683180556096e+00,-4.231385451838631795e-02,-1.036789707847463049e-02
0.000000000000000000e+00,1.003865518210537378e+00,3.337846597924961856e+00,-1.432225219152014617e+00,-6.404859636887154650e+00,2.235881614099227921e+00,4.214345425503081000e-01,-3.899356619772851751e+00,-2.442920841264810239e+00,4.163206566935635067e+00,4.432734762346090207e+00,-1.509568508489652849e+00,-1.609466594743243828e+00
1.000000000000000000e+00,-2.020927137386463457e+00,7.241076357858100998e+00,1.549074370292977232e+00,3.185926021837714450e-01,-2.233871809261296804e+00,-2.146424499618161619e+00,-7.882140980122140927e-01,-4.337551896783433669e-01,1.576159970951483746e+00,-1.154875379348589082e+00,-2.962738548980536457e+00,-2.216949715541496779e+00
0.000000000000000000e+00,1.451945016961791346e+00,1.382751923055505872e+00,3.319954059298012350e+00,5.864054604063221987e+00,5.276078726662640772e-01,2.698136352409378880e+00,1.370064679690459641e+00,-3.190212021708725310e+00,-2.842737148495617205e+00,-3.185533709588405316e+00,-7.105694411643376229e-01,-1.305770169996975039e+00
1.000000000000000000e+00,-1.480716241981218317e+00,9.551943772734400318e-01,1.305986997303962394e+00,-9.047976796041746761e-01,-7.803688385351943424e-01,-3.362968905692543142e+00,-3.974030343247263453e-01,3.582217816871967830e+00,-1.876818481616265855e-01,2.527002172896158250e+00,-1.961881619021421663e-02,4.788500525158452259e-01
0.000000000000000000e+00,2.948627102576323100e+00,2.887812757613819503e+00,2.589297677899575767e+00,-2.429071408493494122e+00,1.426469470091382474e+00,2.033135086618040432e+00,-9.763732674796703481e-01,5.907174801905086259e-01,8.951728518477546359e-01,3.253600182272681440e+00,-2.232384297147324670e+00,-3.559218970421201833e-01
0.000000000000000000e+00,2.307657248509218384e+00,2.143927542600613023e+00,-2.304472494346238243e+00,1.000981540446110429e+01,-2.252362104346914418e+00,2.109349635250016508e+00,1.240188276909405030e+00,-9.768377031891373186e-02,-3.770227473577528077e+00,1.432267188591416884e+00,7.878931297128124456e-01,-5.030820399806709808e+00
1.000000000000000000e+00,-4.793900565223483401e-01,4.676176240466371148e+00,1.193097690989471271e+00,1.121121673097296378e+00,-8.316183037187219185e-01,1.265696890894037585e+00,-1.336926436684280350e+00,-3.391935335289105069e+00,2.592658622152759662e+00,-7.515450112147736839e-02,4.476339290054602849e-01,-1.811959186072853001e+00
0.000000000000000000e+00,-1.223973539944709810e+00,-5.996214744177109424e+00,1.688684345850869351e+00,-6.244716324446933697e+00,5.870949760561665620e+00,-3.662684778686028153e+00,-6.089264895723016657e-01,-9.332495071166554412e-01,2.874396048852213781e+00,1.804627813441832540e+00,1.648963406599021297e+00,3.094096305781201650e+00
1.000000000000000000e+00,-2.048953825925740269e+00,-2.312583789681111224e+00,-3.137594225556209704e+00,-5.967927712556811315e+00,-7.227117302842637203e-01,4.141002703338882540e+00,-3.024791954918392811e+00,1.174493696130599840e+00,-2.317961957969243869e+00,2.237958255060809254e+00,3.060374486091150814e+00,2.200904182493493622e+00
1.000000000000000000e+00,4.721380154747675029e+00,-2.727422147131267405e+00,-1.386779476265870503e+00,2.308261669572771346e+00,1.257951380873868708e+00,-1.767978961679833816e+00,-6.465871249067824955e-01,-1.662925185765552705e+00,-7.652393410743225655e-01,1.223207315497049530e+00,-2.046420174644415280e+00,-2.862887171996200131e-01
1.000000000000000000e+00,3.641973020895287849e+00,-3.841891525855298362e+00,-2.546409903041482181e-01,-9.419050817959638833e-01,8.305721244386755631e-01,-4.444888286533541510e+00,-2.845587085882116174e+00,5.280273855223710511e-01,-3.491808141946054489e-01,3.495500749448446243e+00,-7.592165812210402986e-01,2.098581717202434138e+00
1.000000000000000000e+00,-1.603605230660569703e+00,1.164058900803492946e+00,-1.466944757404471833e+00,-5.977519393713930818e+00,7.695289955078021826e-01,-1.249675086603026397e+00,-3.651216573256868880e+00,1.750421598686127123e+00,-3.645013114166133050e+00,-1.201073763796157712e-01,-3.386870558844878421e+00,-4.160259724556016891e-01
0.000000000000000000e+00,2.574044676628831629e-01,-1.430087270762266272e+00,-8.638822685323950257e-01,8.433849909392855393e-01,6.860861874487221845e-01,2.069906069808408411e+00,-1.893908406772300435e+00,-2.845886749417935846e+00,-7.408672781770129223e-01,-9.141292770089919362e-01,2.358428112410848598e+00,-5.404725119056619231e-01
1.000000000000000000e+00,-2.023354257134537981e+00,3.252054420648286648e+00,-2.676543110504839840e-01,-3.930294575901136511e+00,-3.962987735959612179e-01,1.278884150142870935e+00,-9.945275796569128524e-01,-2.803513122945833658e+00,2.894008404769170095e+00,-1.039808075674428789e+00,-8.723150417095019149e-01,2.659996700533400205e-01
0.000000000000000000e+00,-1.240248232716426369e+00,1.106181171834845767e+00,2.277434972084466658e+00,9.822741579441693460e+00,-8.949525502999766680e-01,-5.022389012611427894e-01,2.927042043805281768e+00,-1.638532400247017407e+00,-6.374309416711939846e+00,-1.625515383408208336e+00,-5.133266729485485014e-01,-1.951084697830736348e+00
0.000000000000000000e+00,-2.520684291674509137e+00,5.749253684590422075e+00,4.751734823426426724e-01,4.401368908550072234e+00,-7.922249960946272651e-01,4.152591410505395153e-01,1.095200852894266941e+00,-4.017075059366098877e+00,-3.205678898335084348e+00,-5.497803008742490061e-01,-3.061372909747041682e+00,-3.103565326756826170e+00
1.000000000000000000e+00,2.300972726079950625e-01,-7.879584089049925799e-01,-3.242375691814685990e+00,-2.440103725123305978e+00,-9.959811282536188415e-01,2.251276957577037052e+00,-2.937229912865354509e-01,-4.835396709831150108e-01,1.108473813786097883e+00,-1.740070354211388448e+00,2.869847730297703237e-02,4.110655364219066854e-01
0.000000000000000000e+00,1.421730008617080765e+00,3.625044911478878529e+00,9.900715477578700963e-01,-9.325705940580474973e+00,3.243683364134597902e+00,3.071315229774831845e+00,-2.537200882259209145e+00,3.032307960089432264e+00,4.923684836463007031e-01,5.931370472687871320e+00,-3.408124459297016351e+00,-7.333553331586287749e-01
1.000000000000000000e+00,4.130787184998552242e+00,-3.637110584113549816e+00,-2.996340694685114769e+00,9.159971757047983276e-01,2.435244853922252650e-01,-3.967678551021699418e-01,-2.822014733151446908e+00,-1.146086686514163677e+00,-2.571192331006540988e-01,1.807741475666690523e+00,1.026890755891534557e+00,-6.151216638663670189e-02
0.000000000000000000e+00,2.340699317975752258e+00,1.907982941531120247e+00,5.663222803409071471e-01,6.069939125583659889e-01,-3.152057137680763788e-01,1.391515596137983257e-01,-1.098115858096892161e+00,-6.151498204124572489e-02,4.545114645165186928e-01,3.226678218560700362e+00,-9.310699253339131953e-01,-6.589189512588067288e-01
1.000000000000000000e+00,5.343183048558518555e-01,-1.965660327090766657e+00,-1.160698444124654838e+00,3.530336345663894981e+00,-3.852040216729704092e-01,-1.585388728219361720e+00,8.881073968670295526e-01,1.919925287770245514e+00,-2.207900425121148480e+00,3.073399786062751105e+00,1.170532483248590161e+00,-5.440301602296371275e-01
1.000000000000000000e+00,1.094207146412460530e+00,1.115583213056660750e+00,1.243938774487744370e+00,6.944920285780282754e-01,9.509904100945654193e-02,-2.883360623237316567e+00,6.084174296259999837e-01,9.737583981438666658e-01,1.118656660050634244e+00,1.941004632172019795e-01,-2.161429383146172611e+00,-3.469884696895394471e-01
0.000000000000000000e+00,-1.851081281665825529e+00,3.484303021034866887e+00,3.156643820450040216e+00,-3.094526492568438147e+00,2.615748950401786121e-01,-4.111044346042879383e+00,3.039484420714355650e-02,-3.539887818503836492e+00,3.166425560581873189e+00,-3.640427672343071741e-02,-3.905698083049615743e+00,2.264494628003812071e+00
1.000000000000000000e+00,1.199483984290071525e+00,-3.473416353195972306e+00,1.964015568908219045e+00,-2.841095389415039474e+00,3.356310628276697461e+00,-2.778312710600602031e+00,1.302641196561084236e+00,1.544572303849692796e+00,-1.489384738109200024e+00,2.712836552191924433e+00,-2.686864858437079562e+00,2.662334561814391432e+00
0.000000000000000000e+00,-1.223179539618801881e+00,6.887273752357013556e+00,1.779102015159649497e+00,-8.408222954352170264e-01,-1.881540689251461895e+00,5.417072789517307640e-03,4.862110395430447873e-01,1.990499033922956684e-01,3.854415283538611181e+00,2.361003711491179491e+00,-1.422860114359737915e+00,-1.212989207485664966e+00
0.000000000000000000e+00,-5.969093431943324202e-01,-8.652418351805272190e-01,5.052690341552643627e-01,-3.473676771425698195e+00,1.366719706891054154e+00,-2.007197972456943535e+00,7.614573353529209276e-01,2.647688472273777016e+00,2.459236735032674481e+00,1.541768840208860736e+00,-1.558826691340337023e-01,8.745116804879534689e-01
1.000000000000000000e+00,1.994917555777826035e+00,1.305666643029889107e+00,-1.366565711677135475e+00,8.551649291658957708e+00,-3.275932064267090382e+00,7.253689669760721159e-02,1.315968730144066345e+00,-1.225098201327979641e+00,-2.722147072638424703e+00,-1.968396430699126398e-02,-3.516773504201892164e-01,-1.977316480651569952e+00
1.000000000000000000e+00,-3.251054724311419175e+00,3.248068825216237521e+00,-1.081591843415061982e+00,-4.338882769485452151e+00,-1.048602812351315361e+00,1.609730226816428189e+00,-1.115304261769084482e-01,-6.816011089480333851e-01,2.323081404432865149e+00,-2.307186079371017495e-01,-3.018682314027235636e-01,2.093690312552807242e-01
0.000000000000000000e+00,2.338037998289235198e+00,4.298099947360280448e-01,1.293311142761589982e+00,6.004311909636816935e+00,-8.217457035574007307e-01,2.301407115223534916e-01,5.163676533944954183e-01,-1.703118401731338327e-01,-3.070880163559105647e+00,-4.471827743385059506e-03,-4.138806000687327291e-01,-1.331999283670032064e+00
1.000000000000000000e+00,2.175068697696548981e+00,-1.195146339578802674e+00,8.331198038458318411e-01,4.624573223440999747e+00,1.636509741062255330e+00,1.376106165334713971e+00,2.545416116544680030e+00,-4.327540859685745644e-01,-2.716425568214690500e+00,1.154542203587007876e+00,-6.495138304116412353e-01,-1.220945520712368726e+00
0.000000000000000000e+00,1.570350323107378543e+00,-5.095227029151176090e+00,1.373436618478004467e-01,2.361531470841409686e+00,1.474203525890533273e+00,1.031058303944051957e+00,3.771477987938763654e+00,-7.047563865151982299e-01,-3.643451655895129093e-01,1.016941013591364795e+00,1.280895429014489828e+00,2.402735098236942868e+00
1.000000000000000000e+00,-6.338247368731024789e-01,-7.113787871135642815e-01,5.931786239741463351e-01,3.636413034081681372e-01,4.945391410065137494e-01,-2.318759004247680444e+00,-1.335221959249606183e+00,3.235817933561089710e+00,8.713143274321797360e-01,8.037043708796158814e-01,2.720095881691032780e+00,-1.383951784562707843e+00
1.000000000000000000e+00,4.322880041584342692e-01,3.199689109622190220e+00,4.908049559625071723e-01,-1.092561657956876209e+00,-1.118792790490630296e-01,2.991021012161955817e+00,1.974774546641183459e+00,5.257320172128474578e-01,-5.630137881453229909e-01,-1.050150742032089690e+00,-3.400149991862893017e+00,-7.874938696415872963e-01
0.000000000000000000e+00,9.792088136688359423e-01,3.800251485896569914e+00,2.867830677180052135e+00,1.811893168545753441e-01,2.007282398405827450e+00,1.389072400711497624e+00,3.064836490290634430e-02,-1.008678679035573955e+00,-5.916062022928414432e-02,3.427016925592152763e+00,-1.764110387122060253e+00,-1.782053365750421170e+00
1.000000000000000000e+00,1.623773945584525480e+00,3.411552213288256308e+00,-9.158229005178151194e-01,7.089993332470093890e+00,-1.255523541914260743e+00,-2.633524567247167436e-01,3.781535874581260170e+00,-1.138046059509004504e+00,-1.357297743487554609e+00,-1.187016937450176890e+00,-3.872299087681894569e+00,-3.532723247977086700e+00
1.000000000000000000e+00,3.523966563298029264e+00,1.350288177948245627e+00,-1.818385187658140500e+00,2.544367262006440811e+00,-1.794083381270307642e+00,3.057962835183313022e+00,-7.348889412465835491e-01,1.179870102458188352e+00,-1.947529363718726536e+00,-1.569944094796585921e+00,-1.328578442385996983e+00,-2.306653344403714723e+00
0.000000000000000000e+00,3.126542908146852096e-01,-1.945402896639176538e+00,8.751251578077743343e-01,-6.701382002196953902e-01,-1.131539240013167635e+00,-3.125883036973021500e+00,1.808420663927029937e+00,3.334469888215852329e+00,6.042577070189001809e+00,2.901755414994626303e+00,3.087069373562728813e+00,2.490268963450763984e+00
1.000000000000000000e+00,1.356304838144412939e+00,-1.592004572257859296e+00,-2.568948381297653238e-01,-2.702731333380324230e+00,-6.094481462060263866e-03,-3.394597583824848108e+00,-1.906365938183355091e+00,7.487741758981503182e-01,2.783271632128281325e-01,1.211033610979957986e+00,-1.677575608928925988e+00,1.989181544186988670e+00
1.000000000000000000e+00,-3.869902094257744452e+00,4.597633836661546347e+00,2.683609199475605056e-01,-2.244757506988485751e+00,-2.390792326441978588e+00,8.188448709878104470e-01,-1.770279288809325724e+00,6.274693920136158454e-01,-1.298477885062501169e-01,1.726462548230017546e+00,8.856780404622481839e-01,-2.735134126930054421e-01
0.000000000000000000e+00,-2.869522857906336988e-01,2.226848128494614887e+00,1.165551166300640373e+00,2.557481457548400616e+00,-9.926542863475900091e-01,7.193079618886906168e-01,2.522292253289410979e+00,-1.414138111153985911e+00,-1.186745180372759556e+00,-1.220400029059611757e+00,-2.437326682954387813e+00,4.962431904205699684e-02
0.000000000000000000e+00,2.503318002306480494e+00,1.131415671952831881e+00,2.293492496057035090e+00,-1.528261884333099507e+00,1.534384793493325461e+00,2.124802486689940650e+00,-1.165391439278420815e+00,1.391782332047602821e+00,-1.999410410211725164e+00,8.228726020712768818e-01,-2.001505461530568297e+00,-4.469691146777516888e-01
0.000000000000000000e+00,3.750096260958353689e+00,3.927658374699865451e+00,-1.619588460712999556e+00,4.200500906078080909e+00,-1.242252301779888768e+00,1.192746281194841718e+00,-4.838298408270866879e-01,-6.010894557773699409e-01,-9.307281068189007245e-01,1.139733290680393862e+00,-2.898608367130508512e+00,-4.005907231604154184e+00
0.000000000000000000e+00,1.446486411932994098e+00,-3.740801716538185939e+00,1.706454135359790403e+00,2.285045032803283416e+00,1.153719937390302652e+00,5.788843833434764719e-02,3.550244567886800873e+00,-3.249047288817738632e+00,1.239545186979071678e+00,-1.631921341195023967e-01,2.710160276370519039e-01,3.351321917090886782e+00
0.000000000000000000e+00,2.516274784943032472e+00,1.740608386354752513e-01,-1.678179301330652073e+00,-7.972769840423675980e+00,1.885543502685911976e+00,5.468079518933337546e+00,-3.047314269836836065e+00,1.114938777685954729e+00,1.524516034306546697e-01,2.607555705985620254e-01,-1.552757199682411660e+00,-3.770847373601515784e-02
1.000000000000000000e+00,1.497311760602652697e+00,4.803489889696590964e+00,3.930112524574971289e-01,4.060197312168719042e-01,-1.092473356382683614e+00,9.014566690358101209e-01,-3.433471865893120700e+00,-3.621535109084166315e+00,2.724451388237608018e+00,-1.553516032515543710e+00,-7.420516199291147252e-01,-2.387070155417845285e+00
0.000000000000000000e+00,2.510788436180126926e-01,5.293461953427309297e+00,4.129101243975333624e+00,1.447977576640804287e+00,-1.579667470464141132e+00,-3.914523948507454554e-01,3.172038416764963120e+00,-3.926727741864398880e+00,9.994280083958839711e-02,-3.076240301706459235e+00,-6.710490119725994518e+00,1.870910415760597356e+00
1.000000000000000000e+00,1.356897862612079564e+00,4.468052166174515949e-01,5.696071135379385808e-01,1.158625549402571453e+00,-1.238262562149881063e-01,3.056413180056587464e-01,2.093428317392107996e+00,-2.431075839666163585e-01,-8.110174399814715773e-01,1.036357803674255340e+00,-2.417979932625625494e+00,6.975219010920332696e-01
0.000000000000000000e+00,2.404901809358798159e-01,9.141696732390309776e-01,-1.319225622132087050e+00,-2.621148107830161056e+00,1.906979851576442009e+00,2.091954436004339613e+00,-2.694154972079055632e+00,-2.455366939467459986e+00,-3.167527357600423699e-01,-9.097422209658581060e-01,-5.961976356126723608e-01,-1.888605723727687202e+00
1.000000000000000000e+00,-2.862135752302876313e+00,-1.910465127998155266e+00,3.948681699402592393e+00,-1.280969971111519667e+00,-8.092267541717930168e-01,-6.431331290282007451e+00,1.004179550265334120e+00,4.414606021401205282e+00,-2.355245933373701916e+00,2.204388478469856416e+00,-7.551212407385866632e-01,4.562330907813904268e+00
1.000000000000000000e+00,1.768413191135192797e+00,1.648610580491769007e+00,1.586882890341669405e+00,2.364931507289005364e+00,1.690121918697564229e+00,7.191442482456418261e-01,4.397841260088902082e+00,-3.608274253781951213e-01,-1.460653653120955742e+00,1.402977085435505700e+00,-4.602378253690281973e+00,-7.892642164106544733e-01
1.000000000000000000e+00,-2.747229895743539263e-01,2.230965659327272643e+00,2.672708970692078800e+00,1.765493908214288421e+00,1.341717448991532002e+00,-1.171414320143494336e+00,3.099158644474818480e+00,1.039628018946724408e+00,-2.445821274249007082e-01,-1.634776781469101881e+00,-3.034801121783563982e+00,-1.474372886785224823e+00
0.000000000000000000e+00,2.912177521436626337e-01,1.593848856881989962e+00,1.018889450982665812e+00,-5.957919155473286210e+00,2.037518649846361996e+00,2.441211653578458041e+00,-1.753144901846899639e+00,-6.986580844749994412e-01,4.084812372000525826e-01,1.601953358086888546e+00,-1.879610364496214325e+00,7.164240354508892850e-01
1.000000000000000000e+00,-5.547128732437391907e-01,-4.327745481031611163e+00,6.354977043896175015e-01,-5.225596007585422420e+00,2.676801754557660118e+00,-2.737321983373711909e+00,3.263813589304388696e+00,2.126922385417857608e+00,-5.002743869202368465e-01,2.174620839094570712e+00,-3.186955809654466343e+00,4.507500249304580819e+00
0.000000000000000000e+00,-1.156474994659420608e+00,-1.207281869294000387e+00,1.117729801589014027e+00,-1.512478238266268260e+00,1.721894331787898524e+00,-1.027734974811114421e+00,9.605424469983910862e-01,-3.405635640242158146e+00,2.025614185382566212e+00,3.282971115113145100e+00,5.686502752859046161e-01,2.479429538694988722e+00
0.000000000000000000e+00,-6.050176182808540970e-01,-3.084656393681443065e-01,-8.526405427008634241e-01,3.171272315456360236e+00,-3.426588619374149935e+00,-1.151099042395676619e+00,2.035459449239060525e+00,3.986479346793550427e+00,1.348390652418522961e+00,3.768125596593824289e-01,2.562518032848792870e+00,2.215806292664355137e-01
1.000000000000000000e+00,2.887278358866923078e+00,-3.430521366207306411e+00,-1.236370796241984316e+00,3.790020083171213305e-01,2.454476883440805501e+00,2.095336586084446395e-01,1.862143404736262386e+00,-8.791940567254710182e-01,-1.740518218055928212e+00,1.630369403646050097e+00,-2.349398058777971698e+00,6.703350634118552254e-01
0.000000000000000000e+00,7.638462384389019810e-01,2.183795521564596331e+00,1.081344229845572213e+00,-1.918863198034830075e+00,1.765113294264152977e+00,1.329902511050667924e-01,-1.578206641547656552e+00,-2.329897475851517186e+00,1.326819302294117708e+00,2.205477947260652272e+00,-1.361860846583063722e+00,-7.446059400219592339e-01
0.000000000000000000e+00,5.971843148883851704e+00,-2.156793316541322447e+00,1.017609315552684413e+00,2.799812172028962376e+00,5.591455902447588500e-01,2.869645375486040706e+00,-8.004099437551548402e-01,2.220951847214197805e+00,-1.660751458572578887e+00,-2.196496153187410538e-01,4.754853361676540935e-01,-8.164775178038886638e-01
1.000000000000000000e+00,-8.627308745012732816e-01,4.161223358232939873e+00,-1.842447801818025699e+00,-8.600288058279893511e-01,-4.001650357469205277e-01,-1.379974667406349553e-01,1.265882408468081977e-01,-1.822674277299565659e+00,2.453952090339353465e+00,-2.946909896676639384e+00,-2.850616935624278980e+00,-2.860767855447163832e+00
1.000000000000000000e+00,9.024433065341463944e-01,4.262291142780960662e+00,2.820173308070124563e+00,5.970361947017452486e+00,1.014691768896668567e+00,7.006672137016070057e-01,1.237779333711589658e+00,2.373835902981214385e+00,-1.514047913374082510e-01,2.014492834934425769e+00,1.058399475204902629e+00,-5.407765357967054598e+00
1.000000000000000000e+00,-5.354333964272616209e-01,4.206801687423687319e+00,5.074713169581890337e-01,5.359205984784224164e+00,-4.657781616873567287e+00,1.386972733280208203e+00,1.390361467405669238e+00,3.765722622306055811e-02,-1.338248197103058867e+00,-1.045244694721032763e+00,-2.280561875892479495e-01,-7.738542324191060029e-01
0.000000000000000000e+00,5.660786261389638696e-01,6.125592025299138044e-01,3.377343795306274377e+00,4.477714636598835174e-01,1.526557049102285735e+00,7.171565862851330131e-01,2.751452566509562381e+00,-2.366059263624161524e+00,2.102480067919539231e+00,3.488958132001998003e-01,-1.041672968959634682e+00,1.523837406474982226e+00
1.000000000000000000e+00,3.908392646837908657e+00,-1.540157735722932353e+00,5.878154305684439862e-01,5.248958152089634038e-02,2.162711426113109070e+00,-2.561693224793941681e+00,-1.351352126090499706e+00,-1.367091334900945032e-01,-7.874355666502388384e-01,3.068014467406896539e+00,-2.446243637289814199e+00,1.000009608222507396e-02
0.000000000000000000e+00,-1.765823026912777038e+00,9.381395081468465458e-01,9.825547306433570771e-01,7.476769991578722241e+00,-1.096685246830702010e-01,9.482524548061577185e-01,1.953273559370643842e+00,-2.294126614667507003e+00,-5.943211814417915129e+00,-2.048457673900192511e+00,-1.008783420544007159e-01,-2.380522546189027366e+00
0.000000000000000000e+00,1.293313032072847424e+00,-1.689408248528400325e+00,1.055022831405998618e+00,3.144400947695449866e-01,9.929479858457502806e-01,9.909010105697113602e-01,2.375695201625366959e+00,-5.190061870264153221e-01,3.124432301249204347e+00,1.722380210994893357e+00,1.453553972746707501e+00,1.483024721388805256e+00
0.000000000000000000e+00,2.348615633556294657e+00,6.845768156010471062e-01,4.598838809822522578e+00,3.934001139571593253e+00,2.641328148945122356e-01,2.269908190568253215e+00,4.495370257541086545e+00,-3.378975183453719833e+00,3.366130973818524108e+00,-7.689940582359156007e-01,-2.201141525731229454e-01,2.045795399182663843e+00
0.000000000000000000e+00,3.485427588856993442e+00,3.310976473581414670e+00,5.285096766461552242e+00,9.570918152192442463e+00,-5.538606079709169627e-01,6.091507748400095679e-01,3.516717784791342005e+00,1.082448935571846071e+00,-4.231863589527419478e+00,1.028505794645644400e+00,-2.661727032430599049e+00,-2.114168406980843073e+00
0.000000000000000000e+00,2.042462070161632504e+00,4.962044078801256530e-01,-4.778752891519058021e-01,-4.189210847622897305e+00,1.593392048163253527e+00,4.663851453279336923e+00,-1.713388974669987519e+00,-1.072953101199163317e-01,-1.232455541008378619e+00,-1.653440300201921787e+00,-1.895178537035115962e+00,-5.674910225088376503e-01
1.000000000000000000e+00,-1.629679900676759718e+00,4.592413758671196750e-02,6.795064615780832540e-03,-2.269352320597231021e+00,-1.659998075811528473e+00,1.732244693784762202e+00,-8.034617886061393710e-01,-1.525623048036748308e+00,1.293821175602718032e+00,7.212793512529478424e-01,2.045044038685577270e+00,2.665341955670343488e+00
0.000000000000000000e+00,5.378574958970374631e-01,1.096886478695357381e+00,1.493938297975841767e+00,-1.918312769181512056e+00,-3.366012111710305899e-01,-1.194285888413626484e+00,1.631201440905101663e+00,1.482287601694912471e+00,2.858318150120061851e+00,-1.199678520019542560e-02,-1.874126500812765439e+00,1.385497105496328096e+00
0.000000000000000000e+00,-2.440314760907638103e+00,-3.105534431309272758e+00,-1.942486413179107529e+00,-5.531170193346435227e+00,1.459945661301325970e+00,-3.847716859921947119e+00,-1.136522709628672967e+00,1.076507808053810855e+00,-1.157762830887931749e-01,1.873146417852546541e+00,-5.106412599975133082e-01,2.220868660087715440e+00
1.000000000000000000e+00,-1.668267763350888000e+00,-5.573096090423534932e-01,-2.057629201920713413e+00,6.771251669236585391e-01,-1.067317601971544905e+00,2.451306674412083275e+00,5.886624944313623153e-01,-2.739328775527006821e-01,1.343803409199135768e-01,1.202639750734513679e+00,3.110859967697941819e+00,-1.465851711001269209e-01
0.000000000000000000e+00,2.360068875380172404e-02,-1.332204131685687853e+00,-1.505895706019878322e+00,-1.753756043144254706e+00,1.054826923394728500e+00,1.034760197029543916e-01,-2.166283463951224952e+00,-2.771991159000447347e+00,-1.448576663847715995e-01,-9.597771076632817255e-01,1.223008424468368105e-01,1.156044982516704067e-01
0.000000000000000000e+00,1.652009974900026990e+00,1.111845469487023896e+00,-6.924182594966099558e-02,-2.532230345236169189e+00,2.176927904111487955e+00,1.160896892676715364e+00,-2.094284027721257324e+00,1.135012699563858529e+00,-7.400738486115860937e-01,3.102035080438574344e+00,-1.025290490797179599e+00,-1.844205341908534024e+00
0.000000000000000000e+00,-1.593232166635234481e+00,-4.254973757365256404e+00,9.981140974722950698e-01,-3.804716892646388349e+00,3.825489607062717567e+00,-2.915863139259749381e+00,1.817434874544229251e-01,-6.565046909896783411e-01,1.945967920306561183e+00,2.131809777738814304e+00,1.588155100050768986e+00,2.355287666232986687e+00
0.000000000000000000e+00,9.441490306213956574e-01,1.458007858506227050e+00,3.877179864273458954e+00,5.742049404051112749e-01,2.527520000405337086e+00,2.462552208308627755e+00,6.536185947197179491e-01,-7.890006557388999919e-01,-2.510855811587413555e+00,-2.504736023505937936e-01,-1.745214391247652097e+00,-6.493480344461799447e-01
0.000000000000000000e+00,4.499066404938348640e+00,2.336037884941236875e+00,-7.433919871190755035e-01,-4.483826146672955204e+00,1.619430943840843629e+00,2.257599483975391230e+00,-3.373058464064708328e+00,1.736078466202576998e+00,2.203604179015664410e+00,4.677371972235194519e+00,-1.565876739616235191e+00,-2.037718260955203586e+00
0.000000000000000000e+00,5.336360875540222537e-01,1.111846551818036044e+00,7.550774475898563987e-01,-1.007356120058283366e+01,2.286624175941660564e+00,1.120874260412312307e+00,-3.364738802868729728e+00,4.071904707211768670e-01,3.044543071732891626e+00,4.983828485052081092e+00,-1.268824440475776916e+00,2.278276936064818070e+00
0.000000000000000000e+00,2.357194259996680419e+00,2.243288169917983410e+00,-1.671256126973696965e-01,4.378216404807825923e-01,2.965441292919586136e-01,5.715475671936744995e-01,-2.133537567874816077e+00,3.644103540435865707e-01,-9.611400434769770129e-01,1.905373535167677268e+00,-1.416548121933656201e+00,-2.320707552969841103e+00
0.000000000000000000e+00,-2.482747906320986520e+00,4.998804534464841964e+00,3.111956956264155805e-01,-2.396823905916287689e+00,-1.168262526845924132e+00,1.174298730562461923e-01,6.322178001277689585e-02,-1.881339804057658549e+00,1.233837200699055892e+00,3.666290128181963759e+00,-1.991083839228344976e+00,3.634956294713849179e-01
0.000000000000000000e+00,1.146555598770900630e+00,1.971415093943691410e+00,8.630448962825223447e-01,-5.401713719884494225e+00,2.490466737345502946e+00,2.095055047982312679e+00,-1.993207510899320578e+00,-8.214540341852289984e-01,2.295620296861182297e+00,4.200787527739871408e+00,-8.487502885083190174e-01,-1.161354705759772843e-01
1.000000000000000000e+00,-1.570035097467563645e+00,-6.979434533724756307e+00,-3.278438654476616421e-01,-6.743217457113066082e+00,4.461975775453567827e+00,2.279513277912633917e+00,2.316646137603417088e+00,3.373674635962075286e+00,-5.630124721251029696e-01,3.364815697768863689e+00,2.657038870239599060e+00,3.656523419300938826e+00
0.000000000000000000e+00,-1.663958334042577647e+00,-8.939127836643847580e-01,5.916124193761872485e-01,-6.501665591814751011e+00,3.291644223112202727e+00,-2.630570017429376239e+00,-3.058588923853498009e-01,-4.518572364805105712e-01,-2.107943386987638501e+00,-1.711574786776731916e+00,-5.311466719653770596e+00,1.723832177484896810e+00
1.000000000000000000e+00,9.872200885089810196e-01,1.103916513652250408e+00,-1.726544543949966481e+00,-7.545345584874836753e+00,1.322463732110872314e-01,2.142820191221393333e+00,-5.045695286687965186e+00,-1.464219815439759431e+00,9.616204291374158553e-01,-1.376453962886885485e+00,-1.679938563932309670e+00,7.731826276216833271e-01
0.000000000000000000e+00,-1.890252025547957127e+00,1.984984386590137539e+00,9.959104278970054569e-01,-7.768291430947013687e+00,2.263782334813384978e+00,-2.625660504034389220e+00,-1.256827677035293966e+00,4.280592726165019180e+00,2.576424150817099079e+00,9.316519332883868021e-01,-2.159057305439906038e+00,-4.899720781842180628e-01
1.000000000000000000e+00,-9.074380130176551429e-01,2.677628221450296220e+00,3.539805210051897078e+00,4.382746788367200885e+00,5.442832981634655454e-01,-1.085871846058069634e+00,1.680322863541379608e+00,2.963505039832824650e+00,-3.071176051190205758e+00,2.659304055963204405e+00,-2.026041586939717476e-01,-2.294932175658426665e+00
0.000000000000000000e+00,-1.401134622827417742e+00,4.274951471840883421e+00,7.046820237687929644e-01,-2.416790981481209855e+00,1.832139498088506402e-01,5.055053894579042417e-01,6.937800480039599815e-01,-1.586058200431699650e+00,1.566908717512420557e+00,2.272483586117050702e+00,-2.566177166249399288e+00,-2.504598602038705657e-01
0.000000000000000000e+00,-1.731241208334165727e+00,5.681643127393125603e-01,-2.479201884358861907e+00,1.319274131716439769e+01,-2.175782959720453658e+00,-2.652915937292521509e+00,1.049187875600897435e+00,-4.552580108177909146e+00,-4.308144261509607276e+00,-2.876057918861620877e-01,2.515218767440234426e+00,-4.560465617747434308e+00
1.000000000000000000e+00,-1.671517545415285078e+00,6.019990903989874909e+00,2.707661625210174172e+00,-5.961814506492341126e-01,-2.098763295990934807e+00,-4.125989378763503801e+00,-2.228154079935733112e+00,3.431932492970874549e+00,-1.411933223722501740e+00,1.153320965461835712e+00,-3.127331210775096348e+00,-1.415909345582801571e+00
1.000000000000000000e+00,-3.494193140169041811e-01,-1.627743527337821849e-01,-2.301447248660742240e+00,2.867836224231181674e-01,-1.200153648648546234e+00,4.012874415484871449e+00,-2.568387876634859346e+00,-1.867397978090276300e+00,2.869470281813449875e-01,1.543513207687957411e+00,4.513308679495934506e+00,-7.189259380251133980e-01
0.000000000000000000e+00,-1.031102890114842463e+00,1.067260721412014224e+00,1.791630192187585457e+00,-8.580207431751820657e-01,1.760474287314060637e+00,1.876861254799901957e-01,1.168546433057696232e+00,-3.122389694499571267e+00,2.663023287525012606e+00,3.708682861773546779e+00,5.416555464497034844e-01,9.061960665572352802e-01
0.000000000000000000e+00,-1.904462251942384388e+00,-3.732032704648378663e-01,2.616454108177175719e+00,-5.221597200228639046e+00,4.968733749330904281e+00,-2.584089737377368134e+00,-2.682067528990415006e-01,1.264307507603141811e-01,2.624730969222840660e+00,1.609002508353567951e+00,-4.320904256270661215e-01,-3.189677706660631884e-02
0.000000000000000000e+00,-3.657190267839836029e-01,3.163010184721432694e+00,3.272471693040766016e+00,-5.611984078156292410e-01,1.647590602426036721e+00,3.111942942579861704e-01,2.563124588527238679e+00,-3.269186995994530776e+00,-5.354318930798778187e-01,3.861666764099784821e-01,-4.818025856337078139e+00,9.100471846392326203e-01
0.000000000000000000e+00,9.679590317926497489e-01,-2.302899739799659784e+00,-4.538979946388776998e-01,3.826366591305575132e-02,1.282597593923380463e+00,1.277598758389443923e+00,-2.069335791293870130e+00,-3.702794456001369916e+00,-3.300465693704267567e-01,-2.808060517175647863e+00,1.222876006126885073e+00,2.027901522234993870e-01
1.000000000000000000e+00,1.012986249746040679e-01,2.619451408234335865e+00,6.031694437428734012e-01,6.207088207380554445e-01,1.027814900275829224e+00,1.567100782092740729e+00,5.457700229978947881e-01,1.546333188959236660e+00,-7.771556034377129496e-01,2.048839448873509994e+00,-5.572993069239220443e-01,-2.664935378359643003e+00
0.000000000000000000e+00,5.776576293339278578e+00,1.906398267021006232e+00,8.885535354267026786e-01,-5.561186301268016940e+00,1.072658957462733431e+00,2.486412754854312013e+00,-3.210188332661980226e+00,1.847380592813647748e+00,3.274548843984809388e+00,4.347670141810057842e+00,-2.044679439226134932e+00,1.839605076969013098e-01
1.000000000000000000e+00,-6.779153516624379927e-01,7.813442043539867043e+00,3.522705068740015211e-01,2.177332316952404589e+00,-2.297094529480284919e+00,1.711390767253858636e-01,-6.040449284016935483e-01,-3.580393693965810975e+00,2.998238976094693697e+00,-3.108851013619824410e+00,-2.677600065908212645e+00,-3.572439052799369019e+00
0.000000000000000000e+00,-3.130790080128032393e+00,6.612765127269179644e+00,1.449144358048357839e+00,-1.574419578792441987e+00,1.039248824943169280e+00,-1.949440653073605478e+00,-9.941978834858855585e-01,-2.602829956618906593e+00,-1.139585255959430610e+00,2.841863317455161742e+00,-4.232102106801860941e+00,-2.249588066456564839e+00
1.000000000000000000e+00,-3.694965858891201549e-01,-2.646835504685910667e+00,-1.925482678497425493e-01,4.634372280185389270e-01,1.223113395502725353e+00,-6.021500393769846360e-01,-2.005630247227114804e-01,2.633499502559111694e+00,-2.414715569716686439e+00,2.899791197065157977e+00,2.045147205205418039e+00,-1.333985839448966759e-01
0.000000000000000000e+00,1.123095562839613537e+00,6.604899782615302195e-01,-1.204660013876137636e+00,-2.740603442354011765e+00,1.284676654229703674e+00,2.549653821670097020e-01,-3.184508317946573630e+00,-1.694028587346608550e+00,1.390194755100466306e+00,2.246499799574626088e+00,5.682405838326265446e-02,-9.918145015808695897e-01
1.000000000000000000e+00,-8.522783719647970546e-01,1.716440793979567614e+00,1.312150061489726793e+00,3.399147691989552467e+00,6.398445465088775652e-01,-8.581463444420960318e-01,4.642215891323319354e+00,1.746496997920174765e+00,-1.991189382686316289e+00,8.736280514396759234e-01,-2.789904016361461458e+00,-1.411429219890308451e+00
1.000000000000000000e+00,1.564079650988390524e+00,-1.555191859403628474e+00,3.175954116729009513e-01,3.940378043856266554e+00,-1.734433453400463510e-01,-3.807013097943273472e+00,1.024124553744863553e+00,-6.215571776437922580e-02,-4.458561768244109658e+00,1.352324707784274160e+00,-3.279276318725310890e+00,7.329244566165438179e-01
0.000000000000000000e+00,1.766796698440330493e-01,3.633966650777403551e+00,7.662967059769920652e-01,6.250420193443035899e+00,-1.025110172293782096e+00,-8.170556551413177271e-01,-1.706981986563640419e-01,-2.094375545211446976e+00,-2.913766586771512124e+00,2.229554241357594169e-01,-1.363228036865273163e+00,-3.184560009362922717e+00
0.000000000000000000e+00,-6.512537019730795240e-01,-2.282406405171862884e-01,1.572990393041063584e+00,5.781559415458882301e-01,2.005128457498430272e+00,4.974299943178068784e-01,1.966472610654767417e+00,-3.496884287805982705e+00,-2.305141289671901905e+00,-1.541363132607641351e+00,-2.772904235035877463e+00,8.399979646826900570e-01
1.000000000000000000e+00,2.104249468425575031e+00,-2.341673945746842733e+00,2.191224847368796746e-01,1.769586148685092564e+00,2.530427746078311557e+00,7.760272128826886107e-01,-3.237230851782717522e-01,5.155689139660990516e-02,-1.626023733826847284e+00,1.725954564578318085e-01,7.793777308711049567e-01,-1.503796851280726043e+00
1.000000000000000000e+00,-3.927174833042602620e-01,1.911065609150109257e+00,-3.216425738689940861e+00,-2.510801422620619672e+00,-1.219369056100674253e-01,1.087345874284983971e-02,5.956182337831974483e-01,8.313471791457427429e-02,2.218859933035290499e+00,-2.933079597566502272e+00,-2.799981630558064261e+00,-2.050475270151656204e+00
0.000000000000000000e+00,2.893488521576337291e+00,2.854579144809856306e+00,1.183052026364438181e+00,-2.290388529974199283e+00,1.361977132667295809e+00,7.154934887444178493e+00,1.625435633887639675e-01,5.390928264547776294e-01,-2.296607177698031688e+00,-2.162083426107604733e+00,-3.305577595344610931e+00,-1.598489893899535108e+00
1.000000000000000000e+00,-5.348696926123730488e-01,-1.072412404599242919e+00,2.124458074447307609e+00,3.770523831312329044e-01,-3.631288400302978836e-02,-3.814524498324360913e-01,-1.253393810078865744e+00,2.557239390279958613e+00,-2.242046668307605017e+00,2.826394277524274301e+00,2.461439691072896174e+00,9.862618862879182213e-01
0.000000000000000000e+00,1.051349628497881161e+00,1.473382942920720806e+00,1.223152453361933345e+00,-4.585803161090647784e+00,8.203344371410323799e-01,2.723077943609349294e+00,-2.573360532283179847e+00,4.966402044234550228e-01,-2.410780697973848863e+00,-2.067038517009492704e+00,-2.863477392795779508e+00,3.687612282246000017e-01
1.000000000000000000e+00,-6.317918489848292074e-01,1.871798681542572937e-02,-3.318874971452003386e+00,-6.131280948738525360e+00,1.916207199691478458e+00,-7.665329639030549203e-02,-7.042887996810772711e-01,-8.168139979042983168e-01,8.272938397791298470e-01,-2.917146906232070513e+00,-3.862583793959909695e+00,-7.196850209164263878e-01
0.000000000000000000e+00,2.953045073995810288e-01,3.763574005775191189e+00,3.646572248750665768e+00,2.348819101014529398e+00,1.622872506129856784e+00,3.546544210940583142e+00,2.931238889938794223e+00,-4.355204634322666024e+00,1.832779427214183965e+00,2.956782895583376813e+00,-4.878435256879362081e-01,-4.942151024087602096e-01
1.000000000000000000e+00,-1.275150708796612964e+00,1.216638939150064491e+00,4.681007790864008200e+00,-4.554380720007413785e+00,3.940519121769785471e-01,-4.377037962656602055e+00,-1.528760390791804813e+00,4.051536771355650046e+00,9.303800979637411039e-01,2.706141920360083830e+00,-9.799801104761677317e-01,2.641009329166672082e+00
0.000000000000000000e+00,-1.825451944276440530e+00,3.502897542893219640e+00,2.235885394665746873e+00,8.801832619641507538e-01,-9.720108506346254451e-01,-1.618866752456631142e+00,1.030778880627981842e+00,-1.727649493569033856e+00,1.907525991316726621e+00,1.733482643569249637e-01,-1.024484576763430965e+00,2.644816993729343091e-01
0.000000000000000000e+00,8.997139995128732304e-01,-3.213338189653036636e-01,1.468919859629510327e+00,-6.668006992979952585e+00,4.260792015063643134e+00,5.024093575396334721e+00,-1.573357521165217765e+00,4.804349413051076656e-01,-1.024164548606101954e+00,6.243923260424810717e-01,-7.974417010797870686e-01,1.915693717445554611e-02
0.000000000000000000e+00,-3.517459600901728933e+00,4.071318318825483118e+00,6.196265233464732791e-01,-3.335127800209447546e+00,1.757446441393551773e+00,-1.277065895722868438e+00,-1.044115259015749864e+00,-2.430990959968530873e+00,-7.751000632738549445e-01,1.924435292209465409e+00,-2.862922332335462450e+00,-1.175336640996493376e+00
1.000000000000000000e+00,1.606122971164386737e+00,1.895863378580821434e+00,-6.012713496660215817e-01,-1.180921676030911027e-01,-7.260163157942888246e-01,-2.573182558716615720e-01,4.270076277724250691e-01,-3.671976772025346003e-01,1.715587942511664910e-01,-3.086654377362666679e+00,-3.940875809075832237e+00,-8.017756428250206735e-01
0.000000000000000000e+00,4.206088925966962044e-01,3.816423828510785654e+00,4.134251073756044725e+00,-2.750395356233945598e-01,2.024393628405669610e-01,-2.490626784739837785e-01,2.346921701362392199e+00,-7.773929710905320700e-01,2.181520273868941207e+00,-2.465873170264325065e+00,-3.792599081496661029e+00,5.078175464168623865e-01
1.000000000000000000e+00,5.130331716136286024e-01,9.512422888749116900e-01,2.354178540279958654e+00,4.846197781817557448e+00,7.715656373615625840e-01,-8.385882481441164771e-02,5.124050746925788324e+00,6.559929837634657090e-01,-1.370951314748014571e+00,1.931191442737184571e-01,-2.237934234325039906e+00,-8.338894238369215506e-01
1.000000000000000000e+00,2.219608889446091915e+00,-1.029604658107551529e+00,-1.457460840691752413e+00,1.030630458810386951e+00,1.725280885259550256e+00,-2.631553922534439760e-01,2.108925012024613466e+00,-3.404797943237833913e-01,-1.153908799961286924e+00,1.271701617728599132e+00,-3.108524192760500515e+00,-8.963161607181217017e-01
1.000000000000000000e+00,-9.772059785581568292e-01,-4.313575008085506646e+00,-5.479514954235065183e-02,-4.524907557328281094e+00,2.330151147521981159e+00,8.018324232642419780e-01,-3.743359123784864018e-01,3.519494980497058112e+00,9.657877472514586614e-01,2.941424243627878354e+00,3.946677078138015382e+00,1.774628680486660226e+00
0.000000000000000000e+00,1.322331364066431370e-02,-4.242145446833028188e+00,4.889044403670712580e-01,7.997834321505625788e-01,2.155619538089620590e+00,-8.506756135255095774e-01,2.474353084858989416e+00,-1.649831674576088369e+00,1.347024263036537217e+00,3.050304001601435999e+00,2.110202053265079147e+00,2.334856189147078709e+00
1.000000000000000000e+00,2.823666755338673173e+00,-8.037755017905720001e-01,-1.513518931823595981e+00,1.203994655416040560e+00,2.483413151599623836e-01,-1.348937098534174206e+00,-3.152164847531675917e+00,8.979450390367664792e-01,4.528032151667409355e-01,2.614395000891348353e+00,1.476038368841731341e+00,-2.008703681738046143e+00
0.000000000000000000e+00,-1.173645340157881023e+00,3.723085846099509766e+00,4.044911616578665825e-01,-6.991398274455982609e+00,1.696230495508879610e+00,-1.885457882619738790e-01,-3.426792842948967799e+00,-2.233484378344512855e+00,2.158421422324916961e+00,3.679081713268527842e+00,-2.144000731417128769e+00,1.071197437391748775e-01
0.000000000000000000e+00,1.456847513610459721e-02,2.649256023794757553e+00,-1.842033901098674153e-01,-4.326624558653792363e+00,4.526234934214434791e-01,1.850314987787710086e-01,-2.732170727592950765e+00,-6.409008816809915743e-01,1.100938854655000299e-01,2.390697183664083347e+00,-2.137413288087441465e+00,-1.290324441417423085e-01
1.000000000000000000e+00,-1.892486761823701791e+00,6.248038867625453463e+00,1.664808850119475547e+00,-9.716291131227726419e-02,-9.773181220125766178e-01,6.400431574888096886e-01,-4.853375334862860768e+00,-1.534240638016266756e+00,7.082578536372711175e-01,2.944182201509860874e+00,2.107279001097227322e+00,-3.021270806608378212e+00
1.000000000000000000e+00,-2.990764646655046377e+00,4.286698969134967285e+00,-1.451822486866673145e+00,-2.252719181648709768e+00,-1.404551167758091745e+00,5.461693364549085050e-01,1.074207108858830306e+00,-2.649870858251226480e+00,4.487158144278668104e+00,-2.397743367755200250e+00,-1.156064366105340024e+00,-8.165147098437799400e-01
1.000000000000000000e+00,4.270597948386716247e+00,7.014026431372565318e-01,-6.847408549466795780e-01,8.770121777741357594e-01,8.175775405202614365e-01,-2.017352505209441205e+00,-3.108404244863903543e+00,1.303516200956038595e-01,3.194131600810818483e+00,1.532330817337870021e+00,2.923482396211385392e-02,-2.814394798447559687e+00
0.000000000000000000e+00,1.804526039040756924e-01,-4.163002069818561246e+00,1.084464707424456886e+00,2.956505034002069987e+00,-1.250536062084645295e+00,-2.322505002908275440e+00,2.770926205468515313e+00,-3.109781598114425449e+00,2.261057443829549207e+00,5.942844195730534462e-01,2.012979550427983710e+00,4.818575627339225065e+00
0.000000000000000000e+00,-2.767724090080222688e+00,3.469156145450180251e+00,1.634917649976285414e+00,1.735159565110586888e+00,9.870894306032721444e-01,6.805093813643516842e-01,9.514738439651861945e-01,-2.880354805742475488e+00,-2.669469970088961475e+00,1.034695760387936536e+00,-1.508256436589069605e+00,-1.506773906994918644e+00
0.000000000000000000e+00,-2.326738819321892970e-01,-4.485210131133154476e+00,1.733153549092828261e+00,-1.933528625238293275e+00,3.548347918077252583e+00,-2.348705363863007989e+00,1.075437291480580981e+00,6.556434039789342805e-01,1.766954487221639170e+00,-4.797073017263082662e-01,1.379045392091500233e+00,1.658347831332632971e+00
1.000000000000000000e+00,-7.360935363350902261e-01,-2.529757572320902259e+00,-4.666212361476000048e+00,9.857936758993863791e-01,-1.598340758235889725e+00,2.677815337062957379e+00,2.952596057653266381e+00,6.736242294558270061e-03,7.654783159522746683e-01,-1.740707478709085931e+00,1.692376336428334849e+00,1.876158781349210880e-01
1.000000000000000000e+00,-2.329522315510502484e+00,4.047937016313219338e+00,-3.093964432898836492e+00,-1.897490880344070874e+00,-2.218297553997911287e+00,4.228361369925376367e-01,1.216501619613318486e+00,-8.237945583183146070e-01,3.786891940313171556e+00,-3.275706285447900434e+00,-1.834518685279461048e+00,-1.652696467295018179e+00
1.000000000000000000e+00,-1.883471396919248697e+00,3.388725406854431021e+00,2.970244085358565655e+00,-2.286508103995215091e+00,2.225626955399882867e+00,-1.621722951044653138e+00,-6.182412098542435785e-01,4.403290007996467637e+00,3.874172707555370465e+00,-8.623573660976437960e-01,1.349109795017167102e+00,-3.625879576979148755e+00
1.000000000000000000e+00,-5.011337798849681002e-01,3.593668796129569909e+00,-1.675439070682767095e+00,3.931687733860028455e+00,-1.487456741618025990e+00,-8.891112148599131793e-01,2.041334133983724985e+00,8.646037644427904123e-01,1.387663625242520071e-01,-1.873215376010268773e+00,-2.001788663796475909e+00,-3.877248537258665362e+00
1.000000000000000000e+00,-2.722800363547041691e+00,2.736974247676150718e+00,1.677387544960695642e+00,3.898655471925968063e-01,-2.633927201241271110e+00,9.906692083662289594e-01,-9.149506922319994295e-01,1.809399071042487872e-01,7.626585459532998490e-01,3.065773450485944629e+00,3.356816297210081679e+00,1.053866434030112043e+00
1.000000000000000000e+00,-2.316802629505363420e+00,3.185587631741458203e+00,3.909121613545244678e+00,4.303176201143612545e+00,-1.098975473665256164e+00,-2.758056493226666461e+00,2.805849436298530009e+00,3.196314089873450559e+00,-3.660774624556213830e+00,1.658350217110921676e+00,-1.741193336885099807e+00,-5.939301894216946209e-01
1.000000000000000000e+00,-4.748651775325797075e+00,5.231061910147960958e+00,2.825637227521746286e+00,-1.423166084462669900e+00,-4.715729537602388888e-01,-8.093979087065128475e-02,7.349038011107671409e-01,5.458040589426642608e-01,1.782348835315451518e-01,3.049435877805931838e+00,7.029803829538261439e-02,-3.352868682493036490e-01
1.000000000000000000e+00,4.275528533587926283e+00,-2.641792184962330481e-01,-6.193162740857798276e-01,4.773635748402439205e+00,2.603629904847476251e+00,6.263752528397972252e-01,4.097028045748629665e-04,-6.086210021758236000e-01,-1.165700812299572675e+00,1.920752436250674045e+00,-5.885991876079761376e-01,-4.245352589204856919e+00
1.000000000000000000e+00,2.338784981205321856e+00,1.233242063541030831e+00,1.647808860676351239e+00,4.828640809859031435e+00,6.524163931123363458e-01,-1.979811579240790209e+00,5.477347758266093436e-02,-3.363903268242518507e-02,-1.167915872315315129e+00,-2.822754020250224372e-01,-1.449236129978199283e+00,-2.596214130588911928e+00
1.000000000000000000e+00,5.619262203074005813e-01,-3.455552185048366143e-01,6.990273631822085942e-01,6.409562942651193529e-01,2.630353047612407735e+00,-1.065837965110076002e+00,2.419259921052315576e+00,2.231420136484092431e+00,1.555412553648912510e+00,1.093637080268845319e+00,-3.336863095297052384e-01,-1.984757473232314329e+00
1.000000000000000000e+00,1.144743906377612142e-01,-1.311318225746858079e+00,1.448543202093628857e+00,3.391368455038850538e+00,4.108101112624519269e-01,-2.507385517141978326e+00,-5.757428944776015189e-01,2.491340582781496948e+00,-3.758359960772353237e+00,3.004321612537536712e+00,1.156922313145197112e+00,-6.093085240356737042e-01
1.000000000000000000e+00,-6.011139850423538045e-01,1.876780570444054330e+00,-4.574602485619150283e-02,5.701085180875871572e+00,-2.178110767690796035e+00,2.757101386696436673e+00,1.334990825596892083e+00,-2.711009283810370540e+00,-2.599858824993309003e+00,-6.009181419407525482e-01,8.576103518174100770e-01,-1.006886129624500414e+00
0.000000000000000000e+00,-9.836238417553500035e-02,-3.936263717225751413e-01,1.074941858283180007e+00,3.999541532813472688e+00,-6.571036393515166107e-01,-1.196365596067554105e+00,6.655149432856899416e-01,4.740539978585789349e-02,-2.792021659826271929e+00,2.501594649277235849e+00,6.232543287038339042e-01,2.450061559550436030e-01
0.000000000000000000e+00,-2.855139968071602752e+00,2.046552545870890416e+00,9.473975544991669606e-01,-2.541668421537750966e+00,1.019817080533039322e+00,-2.190560447081141948e+00,-5.041090021968750445e-01,5.263261674604058360e-01,2.097621704857302039e+00,8.331437008524636978e-01,1.803042387443665184e-01,-7.980995639460710667e-01
1.000000000000000000e+00,8.248943159555355287e-01,-3.830841691679283123e+00,-1.589259116886902579e+00,-1.783760250363166211e+00,1.251124150747622954e+00,-3.125367546363090110e+00,1.989489755263043502e+00,9.525011163330781017e-01,-1.290128018378401187e+00,2.120925631720190552e+00,-2.946265606942500170e+00,2.530170607689185225e+00
1.000000000000000000e+00,4.755112197205297875e-01,4.672484060721070698e+00,-1.614293346442140731e+00,-1.768470423407172198e+00,-1.251079715006414794e+00,1.483897809347894725e+00,-5.363507434420315967e-01,-1.096870902305112194e+00,2.514521228993294777e+00,-3.092035571430657992e+00,-3.135551112186587552e+00,-2.323244911164493054e+00
1.000000000000000000e+00,3.297206217936970996e-01,-2.213457082551253841e+00,1.148019074088727276e+00,1.824265685887757060e-01,1.282889402038019266e+00,1.108154592909505354e+00,-1.868862732921670045e+00,2.552764341362523393e+00,-7.680555368268364713e-01,2.474661185389765095e+00,4.484274507522768793e+00,-4.684416260975928781e-01
0.000000000000000000e+00,2.092910479118540223e+00,4.636554375374614123e-01,3.385002756784276645e-01,2.516651969199599215e+00,4.769898060086685820e-01,3.705780374026691693e+00,-5.688594840103442518e-01,7.024222411789684539e-01,-3.417232241909667234e+00,-5.230197190762431170e-01,1.792812074785321563e-01,-2.196438512694764533e+00
0.000000000000000000e+00,-1.351941505399586907e+00,-3.732030177003359483e+00,-1.590431240795082690e-01,2.378463110763912702e+00,2.188644164623097410e+00,3.432552433001223591e-02,1.842986084486446074e+00,-2.846968532133027363e+00,-4.400196405297244873e+00,-1.534018056051154044e+00,-1.927596790076283595e-01,8.006661543110971113e-01
1.000000000000000000e+00,4.547644493709097624e+00,9.867691698960281976e-02,2.472448501910606833e-02,6.506037640834988478e-01,2.061523895412862295e+00,3.717972642377171955e-01,2.243034451050103240e+00,-1.757418643384855095e+00,8.667655145210670931e-01,1.799564932491943603e+00,-4.564338830071569930e+00,-2.962504258702496340e-01
1.000000000000000000e+00,-1.376165304718012239e+00,7.434789106188308239e+00,9.045373252077155701e-01,-2.762730908576651156e+00,-1.165641914827187264e+00,-1.931639071459452683e+00,-3.742436879776114722e+00,-1.859318613199882897e+00,3.277041645664683589e+00,-1.290090267684168568e+00,-2.694413769456189378e+00,-2.662995367657222445e+00
1.000000000000000000e+00,1.671676999267722508e+00,6.101733197527894781e+00,1.304474728146467921e+00,5.939076951648882385e+00,-2.568314383057790806e+00,2.811181759393586166e-01,2.706702763996214234e+00,3.183905925471122167e-01,1.226050406189592934e+00,-2.195473387747410410e+00,-3.078777393391500805e+00,-3.537258177255353964e+00
0.000000000000000000e+00,2.499694668062534930e+00,2.144308052652420749e+00,1.585335663517101201e-01,-6.959270868226503204e+00,2.882854635064290072e+00,2.391735917430674707e+00,-3.261652908654825822e+00,9.437193647962525134e-01,3.222488800433094269e-01,8.719321620897362290e-01,-3.461995541093287887e+00,-1.346695109233440713e+00
0.000000000000000000e+00,-1.101468658430059033e+00,2.398212591289603957e+00,1.027286679675715186e-01,-5.639619208600043621e+00,2.004642828476523420e+00,-7.176040321023382518e-01,-1.356038763710236683e-01,-2.225521074773774144e-01,2.353222204029828735e+00,2.619286411066139131e+00,-2.793113973461075261e+00,1.902904406460426134e-02
0.000000000000000000e+00,-3.146108851980063292e+00,3.281250018244307398e+00,6.718327150180920526e-01,5.597193858738740424e+00,-2.386562181096958390e-01,-2.475374371005168772e+00,1.567165814826624537e+00,-2.576609452738974682e+00,-3.560601002161575934e+00,1.846080069261249790e+00,-1.402280234181436214e+00,-2.399795278975743518e+00
0.000000000000000000e+00,-1.096660605667996835e+00,3.020218481834955782e+00,1.404244642646126362e+00,-1.867298656757853781e+00,-1.187449883430977682e-01,-1.447361585166240694e+00,9.850734102319116392e-01,6.124758937795005131e-01,4.676276380617605533e-01,-1.354460249765473190e+00,-3.600589619838588717e+00,-7.063727152848864321e-03
0.000000000000000000e+00,-4.920070692871155948e+00,4.398588830319655862e+00,1.377058197918862303e+00,-2.996421220823397125e+00,1.910984520748699955e+00,-1.846897697845906183e+00,-3.864842346437770138e-01,-4.142618269310962553e+00,-6.832959441525681132e-01,2.776061246565797891e+00,-2.730976656592066121e+00,-3.742397859733315180e-01
1.000000000000000000e+00,2.580064239016890859e+00,-2.151555548459754164e+00,-1.483291068579069449e+00,4.576579321296891933e+00,1.470908063568987068e+00,1.318650240083394820e+00,2.958863269475274116e+00,-1.231061727739704015e+00,-3.517252905352053816e+00,1.077186327966118240e+00,-1.874038721755815651e+00,-1.193019716365078864e+00
1.000000000000000000e+00,-1.180613640685739485e+00,-3.459082257899203761e+00,-1.706358608222135365e+00,-1.826452853077433214e-01,-4.585220555540046039e-01,6.140736495355405999e+00,4.478452673814662610e+00,1.195009579638433905e+00,-2.473511047507729543e+00,1.481405008076525753e+00,2.264753882630582638e+00,2.695688219161733734e+00
0.000000000000000000e+00,1.596342118674050736e+00,2.180024983668818361e+00,1.332601019018782917e+00,-8.912144581760184536e+00,3.513316961309590258e+00,1.498114837296272261e+00,-4.059271596293221762e+00,-3.362511279118715724e+00,4.868202558794677337e+00,1.628666744945345135e+00,-1.947605441546003791e+00,6.583837271685861747e-01
0.000000000000000000e+00,3.273448665796514501e+00,-5.703617587951803625e-01,-1.514819687697891215e+00,-9.520034638483913625e+00,2.881037557971564134e+00,-4.822844445743743602e-01,-6.776720544856559059e+00,-5.310132116911285838e-01,3.416731315150926207e+00,1.179484838726410301e+00,-1.503861805664170381e+00,9.830173877713166419e-02
1.000000000000000000e+00,-1.214661287784598587e-01,3.552885103731983629e-01,-6.818627551748197568e-01,9.881884727195235918e-01,-1.633230102445027976e+00,1.806571010750608997e+00,-1.209609905408250974e+00,1.066743507917518929e+00,-3.178982288136504408e+00,1.080822057408802106e+00,8.977366500695451723e-01,-1.182204593636551060e-01
1.000000000000000000e+00,-1.343593571140756726e+00,5.841628493551785262e+00,-1.688766567076135150e+00,-5.271870059327425473e+00,-9.503594494381057967e-01,-1.076968656010981906e+00,-2.804913068240755258e+00,-2.413841742378080912e+00,5.118077611895890833e+00,-3.414259596865427238e+00,-3.295967035524521638e+00,-2.021117770536257296e+00
0.000000000000000000e+00,3.139712546120929648e-01,4.258249375940518777e-01,-6.282704966233954025e-01,1.166169272310300098e+00,2.162194077890119415e-01,1.849413143564139439e+00,2.335004983378729193e+00,-1.787246251359778659e-01,4.169244610642630633e-02,1.190525916837030573e+00,-4.201971925098316740e-01,-5.451942282665591666e-01
1.000000000000000000e+00,-3.218647409560087880e+00,6.485455906934288528e+00,4.267510335576488956e+00,4.262405706601669841e+00,-2.481716348816557005e+00,-2.722768045788200197e+00,1.470913625534366886e-01,3.369627564922573093e+00,-2.753591300144701215e+00,-1.937840798788059704e-01,-9.231964821909226515e-01,-2.634630658827245231e+00
0.000000000000000000e+00,1.728123624596458630e+00,4.060375329285655921e-01,-3.222194209111350904e-01,-2.741809868112846438e+00,2.068378420071167456e-01,1.359717376246466936e+00,-2.217343554963048469e+00,-4.733956811529046460e-01,5.286329367126505474e-01,1.414691165249354343e+00,-5.314306847608856188e-01,4.802058531729711532e-01
1.000000000000000000e+00,-2.949389257849571955e+00,2.383584895199279519e+00,-2.381074110933163013e+00,2.037387932225088516e+00,-2.534671842734035785e+00,3.492547791161752180e+00,-3.919827732174692159e-01,-1.368255240031992059e+00,-2.108105883684305848e-01,1.067777453543632848e+00,3.727526796607229187e+00,-1.713823305723383150e+00
1.000000000000000000e+00,2.820767310572853681e+00,-3.096810292753427785e+00,-1.274257222092371578e+00,6.183700231025798466e+00,2.417797043408367763e+00,1.920930147954827749e+00,-5.329453863328059704e-02,5.767339020361992308e-01,-2.619622603111853465e+00,2.264132522631458144e+00,3.720901180982517431e+00,-3.969921507317976772e+00
1.000000000000000000e+00,-2.079072830613283074e+00,1.434059170909919079e+00,-4.138834123980328350e+00,-7.666387130188211607e+00,4.622061267566697218e-01,1.574047244148994995e+00,-3.714091551412119330e+00,-3.399289468709603135e-01,-2.371066029824149268e+00,-2.064014994533783565e+00,-3.212127833316269054e+00,-8.757477863779624672e-01
0.000000000000000000e+00,-1.485034252437861912e+00,-2.049603121876391043e+00,-1.774453115480169263e+00,-4.445733487474531342e-01,1.305189673218392077e+00,1.938229334676077942e+00,-1.579126542050300674e+00,-4.770096546138240967e+00,-1.131609084066863780e+00,-3.252790288051078171e+00,1.603786528146362578e+00,-1.336749671859694955e-01
0.000000000000000000e+00,-1.380145768221542557e+00,1.752860264759605879e+00,1.380169272674769410e-02,-1.543542767997226228e+00,-6.949179169985966187e-01,-4.771188038572609091e-01,4.102628747051223490e-01,-1.658332737000710599e+00,1.220390055828882492e+00,1.420481343991922607e+00,-1.123695755183567346e+00,1.155001796253436464e+00
0.000000000000000000e+00,-7.459212269901023262e-01,2.673461994488414373e+00,1.360638906666199466e+00,7.245738867110694592e+00,-5.237632491965868997e-01,-1.229107606967501098e+00,1.558827189646518008e+00,-1.840323055644592642e+00,-5.527590174195310624e+00,-2.323822317453800412e+00,-2.888704031254468951e+00,-2.835603849331471693e+00
0.000000000000000000e+00,-7.239414408503237475e-01,-2.118965604927898649e+00,2.741833939621427518e+00,-3.264287850283293935e+00,3.637924499411575585e+00,-3.481162932963665302e+00,1.062657573043778392e+00,-2.102260551714244308e+00,5.389262791002835673e-01,-1.778477953494868480e+00,-3.132973309257091277e+00,2.477177514926270696e+00
0.000000000000000000e+00,-1.306210121474542740e+00,1.327899141410745276e+00,7.142427472897117102e-01,-2.697069783375094509e-01,1.477431932186641594e+00,1.169536581614928128e+00,1.038015380418497946e+00,-1.596818709315683815e+00,-5.931950016933074110e-01,1.138449450703446608e+00,-6.845198280522226675e-01,-6.286293063349861487e-01
0.000000000000000000e+00,-1.433011722086846129e+00,-2.767158243119225869e+00,3.637956058135867643e+00,-5.150772951891685381e+00,5.718509782657966944e+00,-3.195646652466031856e+00,8.275231098583890610e-02,-2.345530737283597400e+00,3.162622950062271787e+00,9.960141944799870695e-01,-7.731595325183493461e-02,2.281053035665744133e+00
0.000000000000000000e+00,-1.558167457257181088e+00,2.413016022326456067e+00,1.101342776084122121e+00,-9.554041863303298632e-01,5.537577531381647766e-01,1.594287181308946089e+00,-5.085382774146096629e-02,-1.408180135784313114e+00,-9.803808119546790767e-01,2.702926781421300717e+00,-3.866915747256179925e-01,-9.427873337793679642e-02
1.000000000000000000e+00,5.582732697883274753e-02,4.962128238447863993e+00,-5.922857876920581965e-01,-9.477964895383691468e-01,-2.237580284002291364e+00,8.068332799397126553e-01,-8.659618373408235481e-01,-2.043836778546783250e+00,1.659371636537347205e+00,-3.423732716242693375e+00,-3.324152522897682260e+00,-1.172512897863730252e+00
0.000000000000000000e+00,4.947136734041727157e-01,1.189053928387648007e+00,1.277451888491117682e+00,-1.098561442687490342e+01,3.520663654864712111e+00,1.373798363331255157e+00,-4.605559038335382382e+00,3.971347327243628378e-01,2.109586084844843779e+00,3.536617361342194510e+00,-1.589068017831882784e+00,1.360625089577206737e+00
1.000000000000000000e+00,-2.184348909053789534e+00,1.710525347804428220e+00,-6.528845387154387225e-01,-2.757514707890257100e+00,-1.873608141549318429e+00,2.572674794183216207e-03,-4.665587446042285258e-01,3.580456373429738992e-01,2.359245265638468592e+00,2.608205551112809939e-01,7.717207710182556468e-01,1.064426422395199801e+00
0.000000000000000000e+00,1.440271596963551115e+00,-2.224557154204862552e+00,2.034470974134466648e+00,6.602439045431262032e-01,-7.409992229560047328e-02,-1.086096325901605653e+00,2.754611891941643798e+00,-3.598034828702242116e+00,4.154693466892792841e+00,1.758833150846701665e+00,3.241815893975208418e-01,4.492939268865589142e+00
1.000000000000000000e+00,-1.481289236992975100e+00,9.998403634093316894e-01,-1.465424737548271406e+00,-4.524506410308395843e+00,-1.286446883084126025e+00,5.891687286601776208e+00,-1.122867293480314332e+00,-3.808484996099271047e+00,2.650408318898259452e+00,-3.538419453333618847e-01,2.220550614440606196e+00,2.196153620008675311e+00
1.000000000000000000e+00,-8.660988874499481183e-01,4.597399016452938803e+00,-1.571849081755938293e-02,-5.972541637370571088e+00,9.932743688515561775e-01,9.257700316444876787e-01,-3.537754827370299671e-01,-8.825601565954221961e-01,2.286532047672663381e+00,-2.084919895655640953e+00,-4.798453010957898002e+00,-9.488054655811268834e-01
1.000000000000000000e+00,-2.454544764666068524e+00,-2.503522431225170930e+00,-1.005727329980360851e+00,-1.173082623083780085e+00,-1.906763375417498407e+00,2.022320367198172875e+00,-1.352500474840317324e+00,2.728616326733496411e+00,-3.629571669659253708e+00,4.011049558000081561e+00,4.439357337065384712e+00,2.515578419756595352e+00
1.000000000000000000e+00,-2.864346261173687846e+00,1.927663398445955911e+00,2.913245416777552332e+00,2.755445934233993754e-01,8.446191846219019972e-02,-2.374841456883626023e+00,1.247400075152759413e+00,3.019949353155854332e+00,-3.117167248224955944e+00,9.529628962102554279e-02,-1.769866089714899893e+00,-6.740416610204269521e-02
0.000000000000000000e+00,-1.457975491516050104e+00,1.137597357461718639e+00,-1.157594838482545629e+00,1.091506268108627387e+00,2.562073856862822741e+00,4.538207484164722416e+00,1.488677814200846550e+00,-3.951281793793325559e+00,-2.709068677624332455e+00,5.192524077359581547e+00,4.934387257390240311e-01,-1.753599719834592285e+00
1.000000000000000000e+00,1.412026829837286890e+00,5.083408378822160123e-02,1.535185501967419874e+00,1.965136497497251555e-01,1.810506893414245866e+00,-7.294265938737154453e-01,-2.624541087846872234e-01,9.150894058338689963e-01,-2.763789534845289886e+00,2.849559516455839159e+00,-1.998783225052670254e+00,-3.740833953991329341e-01
0.000000000000000000e+00,9.259651149848708851e-01,-4.506998311611194907e+00,2.232089731628073004e+00,1.098702960886792868e+00,1.437246879848656622e+00,-1.693005626340071457e+00,3.016640122238326782e+00,-9.970960719073626022e-01,2.156438099374141437e+00,-6.587874177742527593e-01,1.114116155504745631e+00,3.435855970325206510e+00
0.000000000000000000e+00,-8.359226719275343331e-01,-5.203099143235249135e-01,-3.563248183374297717e+00,6.821186825621501360e-01,-3.652776773326682491e-01,2.653224828089890686e+00,-1.814712693851896042e+00,-3.102306554888615064e+00,-2.661969441735638320e+00,-3.419424669757715307e+00,5.201474742816625252e-01,-1.744170469726958661e+00
0.000000000000000000e+00,-1.484183410846272810e+00,1.007778002567925846e+01,3.121814344579367351e+00,3.430826714804377175e+00,-3.139393347551425961e+00,2.038087866121867542e+00,1.726015239800758216e+00,-5.843620711706323689e+00,-1.456805580235394970e+00,-2.591193732439827535e+00,-6.461626263437506346e+00,-1.274576601640463380e+00
0.000000000000000000e+00,7.406827162740023951e-01,-8.495566717613936003e-01,2.105481330984090071e+00,-2.026435997001778677e+00,2.929468678422142869e+00,1.370958969963802510e+00,2.250528311647387980e+00,-4.245330725332230770e+00,8.810638217803492545e-01,1.088017131286152184e+00,-2.428543956452770658e+00,2.557566893161046906e+00
0.000000000000000000e+00,-1.911885216827553968e+00,-4.905560054137432235e-01,2.370118742299403891e+00,-2.352857882080777507e+00,2.939137466406340327e+00,-1.738772349721006361e+00,-1.918736676365640381e+00,-2.371108362939267522e+00,-1.050949638899203009e+00,1.240934152668559110e+00,7.532436183537494223e-02,7.962007611489825276e-01
0.000000000000000000e+00,3.402815061818061926e-01,2.219833800698022053e+00,1.874249036026437443e-01,2.862784530393200022e+00,2.728580644336423555e-01,-1.174384461588681372e+00,-2.817374348064692891e-01,-9.658261749879144542e-01,-1.123917284925407323e+00,3.256885864778020778e+00,-8.278325895842953974e-01,-2.101389344141604720e+00
1.000000000000000000e+00,-1.894648097244328699e+00,-8.652576859797747044e-01,1.011237633182991091e+00,1.641799620883926059e+00,4.469457991010979958e-01,-1.866069467115584413e+00,2.870777681082045341e+00,3.945288852542701008e+00,-1.843054470161817004e+00,3.237246297732025990e+00,7.250213381863970241e-01,5.771371100845401614e-02
1.000000000000000000e+00,2.932196999866778508e-01,-1.126276904007610158e+00,5.377841319657665764e-01,2.811093249075962586e+00,1.660388606907966302e+00,1.307454101584937245e-01,3.142526326398322745e-01,2.877076656471877936e+00,-3.887752211022817983e-01,2.197844852943325655e+00,3.338667235347524631e+00,-2.649775047332436628e+00
0.000000000000000000e+00,-6.499931611841430756e-01,-4.210775167661760854e+00,9.692246063661449362e-01,-2.624251807199379449e+00,3.864538800462180124e+00,-1.830555071907248976e+00,1.123910075951142673e+00,-2.264001855109200267e+00,-6.361425581777919724e-01,-5.028122524932518989e-01,-1.231032693781896725e+00,2.468326337421704597e+00
1.000000000000000000e+00,5.312208187972058404e-01,4.267930609061216352e+00,1.733015520094186357e+00,4.560822381610969423e+00,-2.155849249981077076e+00,-2.755477509690146487e+00,3.308272097742546158e+00,-4.541039940195064073e-01,-3.196113038729416989e+00,5.114470668042063739e-01,-6.488123904048963553e+00,-1.225249030791388805e-01
0.000000000000000000e+00,-1.164689860917386133e+00,-5.928453122569361078e+00,7.576750642991669782e-02,-3.913385585856057336e+00,4.510085658518390161e+00,-3.094003570426918426e+00,7.365645878207081054e-01,-2.387386563000495343e+00,-1.586448017118740061e+00,3.425233722541973780e-01,-1.525453697331938585e+00,3.383008959338664301e+00
0.000000000000000000e+00,5.290761437755882035e-01,4.329643417707389474e+00,1.605578287687668970e+00,9.160201315416102164e-01,-2.576047269905341608e+00,1.348459993117977707e+00,2.319922514045600348e+00,-1.001899580804809897e+00,4.074438095849895802e+00,1.859432438029017254e+00,-8.878988746487828099e-01,9.386113594004282801e-01
0.000000000000000000e+00,-1.954602142983054902e+00,7.471597001725793774e-01,-2.402093878355970435e+00,1.525769111658240806e+00,-1.860017803621467181e+00,1.620555352491372947e-01,8.549411992019884110e-01,-2.274699379482911787e+00,-9.084161211777461720e-01,2.399860679532566543e+00,3.058115440725504008e-01,4.238932852655188377e-01
0.000000000000000000e+00,-2.203384245216385207e+00,1.032568104385605423e+00,3.805734119184897235e+00,-5.331710164194023882e+00,2.489013321634884868e+00,-3.500832303037517690e-01,-1.343428649127196506e+00,-3.553771507021505904e+00,-4.566282254677487273e-01,-1.448019475147779733e+00,-2.557361627874059629e+00,2.770231258900700766e+00
0.000000000000000000e+00,1.237486427931377975e+00,1.294740355080753691e+00,3.559990398409017320e+00,-1.465545338926908858e+00,2.061809603129586499e+00,-9.475312142545655458e-02,2.462200951218992628e+00,5.975018735413133442e-01,3.764055083717108285e+00,3.980385850745131737e-01,-1.564136630395330130e+00,5.343769533027703522e-01
0.000000000000000000e+00,-1.112919823525919449e+00,-1.627252710845706662e+00,-7.243854328858567726e-01,-1.692189162123496793e+00,2.750155333959781956e+00,5.911496398477411596e-01,9.661718703410229203e-01,2.601834695009973331e+00,-1.626169055807771713e+00,6.838352072170804652e-01,2.902921088762036028e-01,-1.415023426581571986e+00
0.000000000000000000e+00,-2.603886348459893973e-02,-9.324829795032054669e-01,1.163198354715594851e+00,2.440128768761530065e+00,-9.894109975539024937e-01,-2.578108954974546174e-01,2.377173294547137772e+00,-1.516481092958356314e+00,2.415078401017036747e+00,1.664626331967500761e+00,1.908174221833059292e+00,2.124984620995989282e+00
1.000000000000000000e+00,-2.004564275727094724e+00,2.159888257598161054e+00,-2.115168848234302290e-01,-2.960558307521230503e+00,-7.665205674787155532e-01,7.501706266678249690e-01,-2.878454753702289981e+00,-1.580535866443331772e+00,1.448109418246689373e+00,1.110997507889845526e+00,1.543025639666695259e+00,1.908403859437692862e-01
1.000000000000000000e+00,-1.431528880519189695e+00,4.891026700782362013e+00,4.646349377180801987e+00,6.568731083334320431e+00,1.888075657350524406e+00,2.459651299467649821e+00,6.777051470417309709e+00,5.299627648596173524e-01,-4.083929737681449623e+00,-2.025687472068176564e+00,-3.923300849615684704e+00,-3.704531307564737475e+00
1.000000000000000000e+00,2.585939256313015910e+00,-5.995024274033698752e+00,-9.492237603154278780e-01,3.438240961729982503e-01,3.483069972524565294e+00,-2.588757841412256955e+00,4.385255681529487415e-01,1.627549687738506945e+00,-2.175349156357485825e+00,4.463499684813777790e+00,2.115408787112864619e-01,7.733356036047800419e-01
1.000000000000000000e+00,-1.048138767098838464e-02,7.463336317654093222e+00,4.250033281320058975e+00,3.249026306359198646e+00,2.074135108290655616e-01,-2.339675046296278094e+00,2.302486332250088807e-01,1.885382248971851471e+00,4.604127424271515778e-01,-5.604743014986439675e-01,-3.248414404247998100e+00,-4.744667519526813315e+00
1.000000000000000000e+00,2.074454301206043461e+00,2.198700736334116002e+00,-1.794067459653873042e+00,-4.670870179314015047e+00,5.567833408825837438e-01,1.876253700709645589e+00,-3.512073969760652670e+00,-1.269364447798931206e+00,-6.181079342990603021e-01,-2.804784657905565304e+00,-4.109662705485187750e+00,-1.351748594134233539e+00
1.000000000000000000e+00,-1.904820788407308285e+00,4.852109224731755432e+00,-5.729215229099470230e-01,-2.090926342772169821e+00,-1.481612932978181085e+00,-1.460184752190326396e+00,-1.116330561970539703e+00,-1.950644497215888951e+00,3.667104075365082316e+00,-2.195525809651514226e+00,-1.964591278284147258e+00,-1.305906425142328020e+00
1.000000000000000000e+00,-6.882159288126654673e-01,5.238533071014560782e+00,4.446400401892802279e+00,4.335869324084747234e+00,4.357351214195783751e-01,-5.424515236698945753e-01,5.013545219078029191e+00,1.343182545071638589e+00,-1.461937100640740672e+00,-1.117413399183595502e-01,-4.336896497899028091e+00,-2.092074623756434271e+00
1.000000000000000000e+00,-4.993448614933025276e+00,6.353687730304426573e+00,-1.433842919336647315e+00,8.328399160892098196e-01,-2.316380700490465294e+00,9.201196681181689208e-01,1.264231201753192479e+00,-2.062090233915248927e+00,1.866031257748043348e+00,-1.016780969610012963e+00,-1.201805653859632228e-01,-2.819699408470261126e+00
1.000000000000000000e+00,-2.842781912283014911e+00,1.745427180068268580e+00,-2.673560851810782957e+00,-4.257852081701914669e-03,-3.618100851339776103e-01,4.652455694220869908e+00,3.367511140238578449e+00,-4.164382758928354633e+00,5.520492476600927567e+00,-8.502242410673469530e-01,2.926428935140460652e+00,-1.049555680377485922e+00
1.000000000000000000e+00,-1.450700960839699682e+00,4.207472762388776211e+00,1.688076805778875311e-01,-5.074088266725367724e+00,1.491739780172226304e+00,-4.240804186463784653e-01,-1.120235209134819776e+00,6.771073103899949430e-02,1.270854678837306517e+00,-4.814043361754472006e-01,-3.691793038579880282e+00,-1.748177382504499722e+00
1.000000000000000000e+00,-1.304437814925540007e+00,2.935027922554237279e+00,-7.891708260528461638e-01,-6.495974238723783323e+00,2.298971604137743263e+00,1.457969886073630317e+00,-1.877115766719123613e+00,-2.390958064165936925e+00,-1.011845062782099181e+00,-1.954113920952722072e+00,-4.817308245535105726e+00,-8.896726157093270970e-01
0.000000000000000000e+00,-1.368974092221688643e-01,3.592348504227087930e-02,7.191630301593655572e-01,-3.528379562803131808e+00,3.447212979911822295e-01,-9.353068064949411342e-01,8.442793789777235380e-01,-2.353401339081786503e-01,3.826046679079892154e+00,2.145573880272525713e+00,-4.559282984933519245e-01,2.348674171928092580e+00
1.000000000000000000e+00,1.464644431829933646e+00,-2.451592649226218779e+00,5.494806174754207628e-02,5.630629051685518860e+00,9.813232403156010308e-01,-1.141285373617038079e+00,2.778788881895793317e+00,1.027743521791983916e-01,-4.504048487126576461e+00,1.427682645371036063e+00,-1.270585438578057946e+00,-5.372428231450921965e-01
1.000000000000000000e+00,-2.078181870051454272e+00,-2.163833855011285223e+00,-1.564507270178870701e+00,-2.633344711709509678e+00,-2.359924228107421751e-01,2.378223268282209535e+00,-2.435366661821690037e+00,-3.686216583734525543e+00,1.676894914568020756e+00,1.600450672217989645e+00,4.861506871398558971e+00,2.242550158986252651e+00
0.000000000000000000e+00,1.047046555271589963e+00,4.739545841728005082e-01,-1.242173010345755113e-01,4.710587146718054008e+00,-7.302494576896467748e-02,-9.321476742834546858e-01,-8.865235789908908481e-01,-2.425737132021005937e+00,-1.762718636804633476e+00,-9.635189772305623457e-01,-1.171328121286842050e-01,-2.103286953725333142e+00
0.000000000000000000e+00,5.997765014239873071e-01,5.833569226423620080e+00,2.922723798191243283e+00,3.254717114462479799e+00,-2.402691397811387297e+00,1.568545345197758678e+00,2.517713538607792678e+00,-2.758165621578637428e+00,3.297148258769704743e+00,-1.201467594821092888e-01,-1.726628348224809706e+00,-2.030306993881956235e-01
1.000000000000000000e+00,2.074672220543240631e+00,-3.815698766051151658e+00,5.117267157571245839e-01,-2.555881696560822203e+00,1.937733378906599579e+00,6.703358076032703838e-01,1.378860606055866578e+00,-7.348037771601536594e-01,-1.357949413117412796e+00,1.428917251011070810e+00,-2.083713939441021790e+00,3.598584874513300669e+00
0.000000000000000000e+00,-1.776219971053493163e+00,1.640318625885183623e+00,7.819640234713303162e-01,6.818459659983077126e-01,2.730207165552556159e-01,-3.507745767942928028e-01,1.756202346722608443e+00,-2.059127192566423403e+00,-1.537835259914028363e+00,9.779444246832927901e-01,-2.120336417746690127e+00,3.959706650429611896e-01
1.000000000000000000e+00,4.249055792652018937e-01,5.589135895208749982e-01,-1.480123283194712203e+00,-4.674962113080550097e+00,-1.488097192386326206e+00,4.861249620504313640e+00,-2.818196593190900323e+00,-1.241110051412964932e+00,1.550159102302435254e-01,-2.803415281664835002e-01,7.516459429244983781e-01,1.776780667866172170e+00
0.000000000000000000e+00,-1.404893323082138767e+00,4.429218742248286489e+00,3.185071427499433838e+00,-1.185560545734021032e+00,-2.708178556943188209e-01,-1.797221624440076049e+00,7.758720318181627773e-01,-4.306474670573499086e-01,4.852769601719236547e+00,1.472711534829670210e+00,-5.572434195551545510e-01,5.988657615326864470e-02
0.000000000000000000e+00,7.956640487704120801e-01,-5.968227339429589273e-01,1.209411458284812779e+00,8.383640786509636289e-01,-3.925795366525806074e-01,-1.851498105803652816e-01,2.283009178536364203e+00,-2.602855258842178277e-01,2.608598434556188117e+00,2.017578969098686725e-01,2.897331902522064517e-01,1.636054470945542239e+00
0.000000000000000000e+00,-1.693697386447509778e+00,1.437391874166679351e+00,2.339857484683362632e+00,-2.120061073941120089e+00,2.115381108178292280e+00,-1.093693830056831295e+00,4.172699519059516193e-01,-2.338320757364033220e+00,1.372519450702990973e+00,7.722741741632679346e-01,-1.259497214965527689e+00,6.099366503810488283e-01
0.000000000000000000e+00,-2.848479069543070175e+00,5.739353152046723361e-01,9.803558526662452532e-01,1.099616128836701678e+00,2.042513906922539535e-01,-1.842353784722957855e+00,-6.009097479654690321e-02,-1.943617692624378002e+00,-3.297342622087615638e+00,1.803579883474034640e-01,-9.152575334732144796e-01,4.493467582742325384e-01
1.000000000000000000e+00,-1.069001002967864267e+00,6.739457136688165040e-01,-8.676424341478550240e-01,-8.618504000456622904e+00,2.225921613784481501e+00,1.906742959050996333e+00,-1.153120226702963880e+00,-1.438429994298272785e+00,2.113310106105655617e+00,-8.523993817934586437e-01,-2.559368327716034397e+00,1.370985719203124731e+00
0.000000000000000000e+00,-2.835001709298432537e-01,2.004211046113496320e+00,1.151953474002666011e+00,-3.074460463085148046e-02,6.153949357299959289e-02,-5.224906242901727893e-03,1.574242006350334844e+00,-2.525600848964100642e+00,3.869922825746041628e-01,7.884917572380354400e-01,-2.590869423351464640e+00,9.135283605178983191e-01
0.000000000000000000e+00,6.139899018544006104e-01,3.201929697178826362e-01,-2.364619551921611773e+00,1.107901850058204518e+00,4.963571243073292560e-01,3.000932578396095174e+00,-1.309832321807791633e+00,-1.018380597704632962e+00,-3.139558853543795713e+00,-1.942579021734356370e+00,-3.604817027035157606e-01,-2.811967688289738643e+00
1.000000000000000000e+00,-6.735510704898834966e-01,3.423125629289759164e+00,-1.081671399127475786e+00,-1.139142578157651853e+00,-1.252938789044266255e+00,1.960869800769737825e-01,-2.860392624944275708e-01,-3.247619892872123160e+00,5.229601861165348531e+00,-2.476927845292222319e+00,-5.459137048260325198e-01,-9.635786337590384054e-01
1.000000000000000000e+00,4.215550311394432592e-01,-5.006737802992026865e+00,-6.859434243126398822e-01,-1.220740286020137289e+00,2.508452566729761912e+00,2.315969284514733495e+00,2.316108476393080595e-01,1.497568986067357999e+00,-1.935270328054830236e+00,2.460762444195935927e+00,3.151276695241419290e+00,1.072206838844809607e+00
0.000000000000000000e+00,2.563122078689752392e+00,1.510620049784747287e+00,1.242213710826090889e+00,-3.514397831566542063e+00,2.127865633097554721e+00,3.961493634016402865e+00,-1.854599295870284603e+00,2.290588407467981202e+00,-1.707654726152452174e+00,1.482366899293587892e+00,-1.571418579950497163e+00,-1.380152626839357577e+00
0.000000000000000000e+00,1.516566257991571742e-01,-6.280743432151816852e-02,3.489375128557497874e+00,1.572741862762663256e+00,1.196191928133897298e+00,-8.189852164832811532e-01,2.859083023465598394e+00,-4.772386755721878870e+00,2.016796248157149307e+00,8.880737791133286319e-01,-1.151868334283207673e+00,2.790787578623362908e+00
1.000000000000000000e+00,-1.982632016531382213e+00,4.561924746314137913e+00,3.030284478755868705e+00,1.950145907793346733e+00,1.188921070415623227e+00,2.616257692384253986e-01,4.140020247783209761e+00,2.355445236768037631e+00,-3.619898487063674120e-01,-9.687115517573012813e-01,-2.586681144806241228e+00,-2.964865147408034751e+00
0.000000000000000000e+00,1.262591005735823391e+00,3.213657476014863956e+00,2.900104730181935153e+00,5.024557603405441775e+00,5.848370649784571107e-01,2.401978149347396840e+00,2.138795688272550510e+00,-2.091429231520687715e+00,-3.337047895652626828e+00,-2.331434850618566923e+00,-3.054902797880246546e+00,-2.184045651408841771e+00
0.000000000000000000e+00,-2.592560432492933220e+00,3.149001900867899995e+00,1.372826792193104772e-02,-3.314741918222132266e+00,5.715857254718796909e-01,-1.704643303895017503e+00,-2.895405503241346157e-01,-2.241186181436179758e+00,-1.907917785481014761e+00,-3.752235368143850280e-01,-5.020815175265094688e+00,2.439606414808968005e-01
0.000000000000000000e+00,3.721778048245282911e+00,1.148565409249208358e+00,1.210706420942304629e-01,5.948087826150859847e+00,-1.072510650174027802e+00,-6.222045468553214498e-01,-1.152094006795342018e+00,-4.704518762838391099e-01,-1.739214766198514450e+00,-3.461982865795873998e-01,-8.174827428818153274e-01,-2.679244042130060954e+00
0.000000000000000000e+00,-4.015564602490750978e+00,2.864535271992817211e+00,-1.111241308020789020e+00,-5.278323350029876515e+00,2.075713574268455375e+00,-2.013007303903824763e+00,-1.123398817937101946e+00,-1.320248665225441043e+00,-2.456738805415802585e+00,1.760256581851690427e+00,-4.319343133735733531e+00,-8.336236863831814059e-01
1.000000000000000000e+00,1.004063031877965306e+00,3.265848223160354280e+00,8.678046316994435516e-01,8.515057390208388810e+00,4.413845945485869171e-01,1.499557390143972935e-01,2.256670277741506414e+00,7.520888918928839706e-01,-2.638367036397817778e+00,-1.410349585534476091e-02,-6.364198098894490174e-01,-5.772758593173151986e+00
1.000000000000000000e+00,-7.712676194736278745e-01,4.588569693218402357e+00,9.789510886893393327e-01,-3.743961128081079170e-01,-1.521993524672469622e+00,-2.688528452325100737e+00,-9.856780890151113361e-01,6.133427984641151021e-01,1.981710092815084145e+00,-6.960095152554753861e-01,-2.171398036499541107e+00,-1.436436325181428275e+00
1.000000000000000000e+00,-5.078199538150394154e-01,2.455523063385565585e+00,1.071327176210735477e+00,4.538811539466852452e+00,-7.206482563311109590e-01,6.067765190913688045e+00,3.343559135807953275e+00,-3.309814368614468094e+00,5.151637756491402875e-01,1.009353696696251745e+00,2.361177306449090629e+00,-9.200115736118534837e-01
1.000000000000000000e+00,4.007993996046526064e+00,-2.671590569310709817e+00,2.762903126636846451e-01,-1.237346531633022995e+00,3.064907652517897318e+00,-5.543820831898318424e-01,1.975952254480396464e-01,-1.134079804928056934e+00,-2.693772151165714224e-01,1.672145118394049224e+00,-2.881352341963895114e+00,9.092638407524089583e-01
1.000000000000000000e+00,1.811208556303874673e+00,-2.752310409973989458e+00,-8.564937064533779676e-01,2.481572739070435407e+00,8.109010442555966147e-01,-8.246888425164300429e-01,1.230226590840539425e+00,2.294369202313165657e-01,-2.619587338357342254e+00,2.041553459137985360e+00,-7.662389136184211136e-01,3.113519253966610112e-01
0.000000000000000000e+00,4.588406193577236891e-01,-1.945057627465897498e+00,1.215829861096249909e+00,3.344832571021026379e-01,1.348462145353002795e+00,-1.218635598140530574e+00,2.041324877892269463e+00,1.386518115874670443e+00,1.218554388823059220e+00,-1.676571010601653366e+00,-2.837623440814707187e-02,4.464109158334077510e-01
1.000000000000000000e+00,-1.472250775789940125e+00,-7.809687428583326207e-01,-3.920957527332644688e+00,7.144719015318178323e-01,-1.696589145406560695e-01,3.561336987952873567e+00,3.788741022659053215e+00,-1.444359834020365829e+00,1.051423373541808592e+00,-1.797657619856822375e+00,6.039319563720673134e-01,-9.728544040388440450e-01
1.000000000000000000e+00,-9.987781072781303227e-01,-4.300728830020629445e+00,-2.478442124258829260e+00,-4.384849615816421853e+00,-3.517834699976728485e-01,1.710005945659556659e+00,7.707927755902019840e-01,4.955126453227282290e+00,-4.834704844513760591e+00,1.407419803975431538e+00,-2.989274543381743587e-01,3.054072009257599696e+00
1.000000000000000000e+00,-5.905282507340421372e-01,2.276643132272997860e+00,-2.734721322668001164e+00,-7.178886233681839535e+00,-3.470144861070445508e-02,-3.872097241397323142e-01,-2.645801057576964155e+00,2.057893186974761868e+00,-1.888897482163658381e-01,-2.068284212453185944e+00,-4.327084956577889940e+00,-8.851033945714668061e-01
1.000000000000000000e+00,-1.993617376000174746e+00,1.667298629255746789e-01,-1.263619824355857402e+00,-1.787609952002417124e+00,-8.866023696683282829e-01,-8.401959563468652803e-01,-1.755637897375101231e+00,-3.608411802373201471e-02,9.584794143657336951e-01,1.008671888829033136e+00,1.833215968565018006e+00,2.983830008983070492e-01
1.000000000000000000e+00,-4.045111866724748761e-01,5.504879980254166583e+00,-7.440685454882318695e-01,1.339934026079004470e+00,-2.817792954497431612e+00,-9.424171114277555272e-01,8.394630145777697283e-01,8.115452130134135356e-01,1.457617155315444668e+00,-2.780057935600220187e+00,-3.368202084057965173e+00,-2.558362679142983875e+00
1.000000000000000000e+00,-1.474675542551066032e+00,4.681360156076816104e+00,-5.048967794223966354e-01,4.549015978544848515e+00,-2.933341790143467520e+00,3.776021216143527148e+00,4.122511156821540013e-01,-2.582391193787242578e+00,9.713600419564485389e-01,2.569226495238423613e-01,2.618412259382798535e+00,-2.543799393587958591e+00
1.000000000000000000e+00,7.970655156500350280e-02,-1.956212778245205175e-01,8.188993143039393630e-01,3.476645951022843573e+00,2.532306479280717060e-01,1.054923018475226737e-01,1.373736591546751429e+00,3.762353677179062217e-01,-4.524691909992110794e+00,4.143713488320311944e-01,-1.268445996949647547e+00,-6.135497103462199675e-01
1.000000000000000000e+00,-1.208782685994694628e+00,-2.953745740892970151e+00,1.450358995514896776e+00,-4.242828380122502629e+00,2.493827049423632758e+00,2.614525191287968564e+00,9.534962210760197232e-01,3.727547934474779723e+00,2.559519021630151325e+00,2.343890135887700676e+00,4.643685098325217808e+00,1.398887870146284573e+00
0.000000000000000000e+00,-1.130578322509301570e+00,-5.399022383689112026e+00,2.575547860485099427e+00,-1.910141735352547609e+00,3.810626635274050322e+00,-4.691138718841376232e+00,5.163081526052082371e-01,-2.019536677957445736e+00,2.678063292327019784e+00,-1.350568891505164792e+00,1.561031520049118715e+00,3.125234018310959261e+00
1.000000000000000000e+00,1.369039377464122076e+00,-2.999026885314359792e+00,3.108681015400930336e-01,-2.124832872041781062e+00,1.825972689370458202e+00,-9.252278569740318703e-01,-2.321005872180425644e+00,1.672517263009359656e+00,-1.380265332087193819e-01,2.291276056688669627e+00,1.776951547479766802e+00,6.868308273803851449e-01
1.000000000000000000e+00,2.552470241752899938e-01,-2.092996726989797551e-01,-2.602797116183821480e+00,-5.729275379447097194e+00,1.201919752891202897e-01,2.608914593914429148e+00,-9.186430821215200160e-01,-5.554897815468353706e-01,-1.578524852920744959e+00,-2.866363881838532635e+00,-3.712672210811627238e+00,1.205422354608558511e+00
0.000000000000000000e+00,1.149470001991130808e+00,1.630139027154921205e+00,5.018612396580341972e-01,-7.123717332354439158e+00,2.632275306941244786e+00,6.487230997019697298e-01,-3.559429753063036994e+00,-3.134765999089837996e-01,2.871016619488789168e+00,4.798307844091137753e+00,-7.891188996171295544e-01,1.328522846770563426e-01
1.000000000000000000e+00,-1.547780142722236629e+00,4.094434297813625001e+00,-1.580305806300174032e-01,5.033033583224565177e+00,-2.565860184727222659e+00,1.447221828109797048e+00,3.789100358987314898e+00,-1.483666651366903011e+00,2.629607345900237370e+00,-1.085263589792335948e+00,5.893634256672020122e-01,-1.992025853431442339e+00
1.000000000000000000e+00,-1.739257454407267645e+00,5.275290739357400227e+00,-4.428293336746310649e-01,4.377197772248077046e-01,-2.081500273013902280e+00,2.774171951377174761e+00,1.816779671187271905e-01,-4.388891298028706700e+00,5.964339374615211575e+00,-1.163835946662817644e+00,1.728810452441787771e+00,-1.528487852317672591e+00
1.000000000000000000e+00,-8.906235630712002749e-01,6.499558770017532794e+00,-2.254736343362379047e-01,1.169441689666700235e+01,-5.466907041775458609e+00,6.245248006291896914e-01,4.420767998697410661e+00,-2.048691845907324893e+00,2.711428533077466341e+00,-2.304414747869001800e+00,1.333676532930192504e+00,-4.249011122877455193e+00
0.000000000000000000e+00,-3.027503653255889660e-01,9.919194282994796552e-01,4.382171882082378511e-01,1.010145917364638102e+00,1.688034710407508188e+00,1.873560961339544750e+00,-9.677055089799720955e-01,-2.587722699302079654e+00,-1.753531864164122211e+00,-7.491821226595325456e-01,4.868411978235287485e-02,-1.942488952975682581e+00
1.000000000000000000e+00,-9.671856856411253922e-02,6.176952945350362434e-01,-3.452837630324685936e+00,-3.733481863032933390e+00,-9.274624651625711369e-01,9.018436016724480364e-01,-1.505509353875817524e+00,-1.541508696212063434e+00,9.514555315878296948e-01,-3.424264311001327332e+00,-2.195628857745121731e+00,-8.443043332665078893e-02
0.000000000000000000e+00,6.194428030162686394e-01,6.630941736597849356e+00,3.432370547418834406e+00,8.411555421644961728e-01,-1.391552764606134307e+00,7.696006071690699724e-01,2.825515663979731418e+00,-2.666594374618103558e+00,2.513201284355623955e+00,7.717990130860259423e-01,-4.807244318266356231e+00,4.189387355088790565e-01
0.000000000000000000e+00,9.286050512028596327e-01,1.317944906350680734e+00,-1.234282551343537371e-01,-2.381733674835158965e+00,-1.689993491056974051e+00,-6.034573960588056618e-01,9.485655490834089543e-01,2.080667530041208302e+00,5.540100205679464374e+00,1.082062539278283664e+00,9.793934257141478916e-02,1.156437148649650304e+00
0.000000000000000000e+00,-3.572300262222713574e+00,-3.217921813915188611e+00,-2.528559225601835880e+00,5.652498531708991664e-02,-1.450023352727738413e+00,-4.056325194407978785e+00,-1.243288886177453811e+00,1.064784043547035708e-01,3.165568607667303969e-01,2.076214784961051940e+00,4.034165080573774098e+00,1.662828435416440431e+00
1.000000000000000000e+00,-4.071288234822798557e-01,3.491167021163218198e+00,6.024920724872648847e-01,-2.332214454718153807e+00,6.413373411329192919e-01,-8.120560504641709532e-01,-3.260037981446818556e+00,-2.865666683977735385e+00,2.527151255294858068e+00,-2.726177090808292736e-01,-7.980314279584266313e-01,-1.511030722849193042e+00
1.000000000000000000e+00,4.830792391659276319e+00,-4.880057515500794696e-01,-3.237549889558565930e+00,3.654341157635607296e+00,9.606675359166358952e-01,-1.623273104429214131e+00,-1.259132531478131867e+00,-8.349802356971081085e-01,1.635842874039410422e-01,2.675563276015121339e+00,-1.472074263462119781e+00,-3.636423091185401191e+00
1.000000000000000000e+00,2.576763388859053983e+00,3.275677862040233812e-01,6.968688385895254189e-01,3.501427201916186949e+00,-6.309616498239163374e-01,-2.392727788006014045e+00,-1.066912804710298701e+00,7.731748768048667397e-01,3.625432839657651840e-01,1.872312443934035064e+00,2.796596119752634557e-01,-1.181004471614383489e+00
0.000000000000000000e+00,-3.861746688645466996e+00,-3.837307935500689382e+00,-3.227261922114787573e+00,-7.626016618158149463e+00,2.917333569466856069e+00,-4.935267217144014396e+00,-2.321100551531459555e+00,3.605623394860595354e+00,-1.687457449055050240e+00,2.372355640861830040e+00,-2.952867232933817920e-01,6.884064109503540418e-01
0.000000000000000000e+00,6.052319338958844774e-01,1.713736226756789327e-01,2.140968187908984355e+00,-2.332060429246031852e+00,1.262819246769918635e+00,1.093096534004130316e+00,-1.481396623671402679e+00,-1.836015171067820528e+00,-7.930430675016028053e-01,-1.430446037748316357e+00,-1.323462457313042684e+00,1.269101509582061027e+00
0.000000000000000000e+00,2.355071438018785379e-02,1.006794866325765536e+00,4.377966858068272238e+00,1.556814076942800051e+00,8.203430703766334542e-01,-1.296000630185224711e+00,2.640533874681032955e+00,-4.960479397020195691e+00,2.357996534002500422e+00,-1.722842173583952974e+00,-2.124946752980228837e+00,2.581053734632013708e+00
1.000000000000000000e+00,-2.777095169500415128e+00,1.798949331066362234e+00,1.070997490471286451e+00,-6.626474689363205384e-01,-1.627662138224071020e+00,-1.818036425912206600e+00,-1.135813646637897634e+00,-3.783624261130913435e-02,8.701542271438326148e-01,1.670380101498764702e+00,1.483099628923278956e+00,1.005240047405125292e+00
0.000000000000000000e+00,1.389783285700942894e+00,-3.387118764203576493e+00,5.292947911834555708e-01,-4.382412587812883231e+00,2.237908996023378005e+00,2.028983301452061738e+00,-2.741679262495937408e+00,-3.446328041452246360e+00,1.953904384721433019e+00,-1.493500666131360344e+00,1.732642723491648162e+00,2.587065275547737020e+00
0.000000000000000000e+00,3.643565173967353132e+00,-5.933554069992238666e+00,8.560329285101710983e-01,5.248132076380886524e+00,-9.358367378112923962e-01,1.176736648794113549e+00,5.467312903543189329e+00,4.656181706868736114e-01,1.354059561482407137e+00,-2.191436124150182962e+00,1.789099016440847567e+00,3.548440742656731928e+00
1.000000000000000000e+00,-1.729018470373510752e+00,4.907050305814745883e+00,-9.129891498894369128e-01,-9.151158735422976420e+00,7.434643093877577602e-01,1.967118147129154337e-02,-6.352240385477362139e+00,-2.633146041046146912e+00,2.362986660922744342e+00,-1.142137253209700498e+00,-2.694317037488836775e+00,-9.935716081191925397e-01
0.000000000000000000e+00,2.891505158312694945e+00,4.076368765949870188e+00,1.293598468289506531e+00,-7.470813438132328343e+00,2.970469378026424412e+00,2.344587932320634671e+00,-3.817444511834590326e+00,2.353560953485498874e+00,9.029470642450532214e-01,4.542076030594682123e+00,-3.344262762797508337e+00,-1.896052740132795122e+00
0.000000000000000000e+00,-1.212096823223876907e+00,-7.213783083134094554e+00,-2.393539008402187473e+00,-3.220724779684268402e+00,3.134362953712708233e+00,-2.363561976590119684e+00,-2.753880848936893777e-01,4.503926263791497853e+00,1.648425844063259982e+00,3.317433911907437860e+00,5.461335440471982494e+00,6.841341087943095811e-01
0.000000000000000000e+00,-2.779391094579822141e+00,2.810057307531441229e+00,1.413156070319336655e+00,-1.464799925404586700e+00,1.973772190150075989e+00,-2.980632892230210107e+00,-8.429297297731441763e-01,-1.755481814901150628e+00,-2.610287681526933801e-01,5.184609514620024839e+00,-1.218299014781571987e+00,-7.328502676093798796e-01
0.000000000000000000e+00,4.069366052171150550e-01,-1.563006458680921584e+00,-2.119205344000206548e+00,-7.533296101909897402e+00,2.143553170087186377e+00,2.106842231019662393e+00,-4.337689329814192973e+00,-1.543722698622878919e+00,2.583384046136615542e+00,3.084501450762862973e+00,1.936932956955172092e+00,1.044537895710694997e+00
0.000000000000000000e+00,-9.681912690941957278e-01,1.690703941986864578e+00,5.053973075489917033e-01,-1.073375669979974800e+00,-6.587973082376015199e-01,-8.832504380917836073e-01,1.133593650783320861e+00,-1.466665539958458275e+00,1.554464370684348395e+00,2.243900974102210455e+00,-1.394946103684382654e+00,1.516570282562397232e+00
0.000000000000000000e+00,2.172972979557000528e+00,4.327012362494158104e+00,3.330499408469107081e+00,-1.872781605410291483e+00,1.959138882556264338e+00,1.652151912262243894e+00,-5.603497071884478986e-01,9.869471584481122051e-01,3.826107735133252863e-01,5.336620961581066247e+00,-2.474802211802606067e+00,-1.280454981460300790e+00
1.000000000000000000e+00,7.008875713836939525e-01,-9.756102458348658857e-02,-2.903238191911170496e+00,-2.978562043656886704e+00,-9.487600321527714931e-01,4.668257919379017906e+00,-7.738459896622025269e-01,-2.470403023706950307e+00,2.073674057535601634e+00,-1.882246149987203632e+00,6.666693997360002566e-01,6.744547694252374104e-01
0.000000000000000000e+00,-1.141379683064875250e+00,-3.226615711481022331e-01,2.068269533152871098e+00,-3.145569946701253450e+00,3.751046475113789302e+00,-6.228920650915623636e-01,1.075132161561492161e+00,-2.275233498072593452e+00,1.279060743009465817e+00,2.809887232010702451e+00,-1.067769818708957263e+00,1.164596941916281825e+00
1.000000000000000000e+00,-7.370109575060024287e-01,4.122078765001838119e-01,-4.143628868979686963e+00,-4.930695578691350889e+00,-9.460467412664483877e-01,8.279804747320846925e-01,-1.944608379426434830e+00,-2.063683377189129420e+00,3.563786045580220829e+00,-3.034897329531678345e+00,-5.151010496496171154e-01,4.847914319009283268e-02
1.000000000000000000e+00,-1.889968811110296354e+00,2.091776601437002281e+00,-1.513136410618526106e+00,2.019147372607203117e+00,-2.816930976826073518e+00,4.768659040957439199e-01,1.823214986941585014e+00,8.050015820643710018e-01,-3.337644315499750380e-01,-9.186820978190259890e-01,-1.258470566872398333e-01,-6.859135619990364141e-01
0.000000000000000000e+00,5.049626492357982555e-01,-6.060411005982763166e-02,7.991062008266588412e-01,-4.928885991181906512e+00,1.942547017779476137e+00,2.156784120800254279e+00,-2.435254651615412769e+00,-8.464645014922145272e-01,-4.435972147148381506e-01,-9.316658020527723849e-03,-8.142415380279039994e-01,8.472379050097165187e-01
1.000000000000000000e+00,2.081492666486171927e+00,6.894886155224134727e-01,8.285243912224731222e-01,6.008201608167259344e+00,7.307785604090037967e-01,-9.696875413858485615e-01,2.001371232654514110e-01,6.469863996316397303e-01,-1.453944153412255691e+00,7.189449058897477984e-01,4.765968252540231376e-01,-3.593313959666061486e+00
1.000000000000000000e+00,3.735425359628658626e+00,-2.131694608256323509e+00,-2.082888368774239218e+00,9.689388899904007868e-01,3.115138095320159284e+00,2.593130080675523974e+00,1.030906277929643622e+00,-2.309982445894374514e+00,-6.461280551823509466e-01,-7.636710253981704444e-01,-1.888160600564129155e+00,-1.946731868852340064e+00
0.000000000000000000e+00,-6.169343780983005399e-01,1.370056050040377171e-01,-1.723734154021650866e+00,5.366060649035735430e+00,-9.295835618263161848e-01,-5.656424392672347867e-01,-1.136889751140948590e+00,-5.358867530797941647e+00,-9.810634741929686875e-01,-1.732349549053923798e+00,1.518007642394021861e+00,-1.803084063525250302e+00
1.000000000000000000e+00,-3.335538850405994182e+00,3.383824918255734726e+00,5.563524617737609645e+00,3.955885333538059712e+00,-6.859156968482615913e-01,-1.667149050496614215e+00,3.277738120886261264e+00,4.179381582717158317e+00,-2.370159317794814591e+00,9.472063796201427577e-01,2.953557193759404065e-01,-6.157657278454049532e-01
1.000000000000000000e+00,3.789073212645636346e+00,2.314371330398487636e+00,2.175569278344439139e-01,9.581434496459305450e+00,4.917858262409916525e-01,-6.479135421050965515e-01,4.878396324949136442e+00,-2.693124373868343024e+00,-2.135799622474258364e+00,-1.966961004910070532e+00,-5.313150140270968436e+00,-4.016743328034525717e+00
1.000000000000000000e+00,-5.197478381938749337e-01,1.482581553443225619e+00,3.065440378727644966e+00,3.788248332463698187e+00,-3.754891617826896510e-01,-2.948865961912998213e+00,3.840333979288988786e+00,6.642390163392553060e-01,-3.657581474661858234e+00,-4.476044294642882448e-01,-4.616797595865943293e+00,7.856918677265045670e-01
1.000000000000000000e+00,3.321582107211840107e-01,1.061721955100238812e+00,-3.094025472332938342e+00,-8.423412286052153419e+00,2.053369273839343645e+00,3.524772232494577384e+00,-1.525784558765050036e+00,-6.762264856090888232e-01,-1.772328758249566150e-01,-2.712329811986085026e+00,-4.616449514900549111e+00,-5.010584203463808173e-01
1.000000000000000000e+00,-4.957044400160028896e-01,4.844682175208309793e+00,3.329123840626241559e+00,4.638822795642112418e+00,-2.543784609369545979e-01,-2.715755954889663037e+00,-2.438345503118713342e+00,2.700772141367852264e+00,-1.315068378924789894e+00,-4.538899540569214519e-01,7.188458429542050609e-01,-5.035989816304851097e+00
0.000000000000000000e+00,4.942282296175502410e+00,1.633988981541879992e+00,-7.508790003357939113e-01,1.304274467337010801e+00,6.278277516795449653e-01,2.691888580296632139e+00,-2.602869636028631639e+00,-1.927251136590030889e+00,1.509395701317585381e+00,-3.916498082652708490e-01,-5.991176731376155473e-01,-2.999420032128199409e+00
1.000000000000000000e+00,-1.522239818587316718e+00,6.967933770677758876e-01,-3.157933771054349581e+00,-3.460037972484399926e+00,-4.107793324080396546e-01,3.422021649695142997e+00,-8.102478801352156479e-01,-4.563350418583944634e-01,-1.542634185171227745e+00,-9.341962714640091869e-01,-6.728604413361907177e-01,-4.204687549793260093e-01
1.000000000000000000e+00,-1.037330539953692510e+00,6.107055650885141240e+00,3.650738767582210720e+00,1.159694613211381453e+00,-2.417249186376546177e+00,-3.009473510729384849e+00,-2.505886721340853551e+00,5.544726182824673000e-01,6.366779964280322446e-02,1.110179379708772451e+00,-1.458833300900677532e+00,-9.116248537720728073e-01
1.000000000000000000e+00,-1.583224118413833814e+00,5.356519337405294401e+00,1.305307178701991866e+00,-2.496114215943257886e+00,-6.245714501281940390e-01,1.150071655001917881e+00,-1.436747694448738955e+00,-2.872724543313279533e+00,3.262057110687202055e+00,-3.431618026581823022e-01,-8.970941247614172553e-01,-7.628415327551691938e-01
0.000000000000000000e+00,-6.363922772408631134e-01,3.665281581986421955e+00,6.222708209440266369e-01,-1.991555142558101288e+00,2.224412968536303437e-01,5.333459121761108257e-01,8.832331719357137123e-01,9.270589758681366810e-01,9.790426240328106156e-01,8.238936805534819996e-01,-2.538610100643754919e+00,-1.125935213505009358e+00
1.000000000000000000e+00,-1.112227137285680678e+00,3.687690667191518390e+00,-1.455611590982706982e+00,-8.152698633283629093e+00,4.892186744013506949e-01,3.150941701568211739e-01,-2.435110683199083859e+00,1.652763806987187944e+00,5.180041699077400086e-01,-1.364860573373177788e+00,-4.578630127989695708e+00,-8.318643245156410737e-01
0.000000000000000000e+00,-1.249280632517284939e+00,1.360999798356820722e+00,-1.090668646239193240e+00,-7.499247605582032294e-01,1.134729810841051290e+00,1.021318938122429909e+00,-1.956618276821695757e+00,-1.681632433498626789e+00,-2.376625413208685700e+00,1.545496790828825295e-01,-5.159652256915596702e-01,-2.027069921810370268e+00
1.000000000000000000e+00,-1.664830697818221905e+00,-7.511717276412320787e-01,-3.980437988777014713e+00,-3.443672748714839305e+00,-1.482028559635670151e+00,2.016647429269673442e+00,-2.908158012633796474e+00,-2.617255083134314653e+00,1.252278919347364017e+00,-1.155150993940732507e+00,2.242964960318346801e+00,7.446150799462907255e-01
1.000000000000000000e+00,-1.867886057205671246e+00,2.372178176096286339e+00,-1.134053109122853620e+00,-4.249549041530006122e+00,-1.477244252989046602e+00,4.738400838644475144e+00,-5.740031319236869045e+00,-2.540013124312028303e+00,-1.721564795294786787e+00,1.717403704085792349e+00,2.679567206112170474e+00,3.768741437333722466e-01
1.000000000000000000e+00,1.139360285081703061e-02,2.292142248798888726e+00,2.276579426253912075e+00,-2.582713081563605240e+00,4.641102959345779766e-01,-2.122841315631740500e-01,-2.281205504216869961e+00,1.042585051838975652e+00,1.251882350560220569e-01,2.355431868229835857e+00,-3.932026913656974099e-01,6.497657753230634547e-02
1.000000000000000000e+00,-1.070988304973647942e+00,1.165884338096945028e+00,-2.357421232639743680e-01,-4.397238989187528091e+00,1.803563542434774458e+00,1.313738337676190859e+00,3.155571433718418195e-01,-9.683078652863922331e-01,2.900588380957858092e+00,3.838395758368826627e-01,-6.583025542721029355e-01,-7.922749681326746174e-02
1.000000000000000000e+00,-4.925903858848463823e-01,5.144439156612961028e-01,1.366177147048828200e+00,4.412268568602954133e+00,2.135629759785734549e+00,2.590236090983406125e+00,8.835895332949085246e-01,2.190483330495813341e+00,-1.900522148481428086e+00,1.934298712438107248e-01,3.437541890661556465e+00,-4.470418931673465934e+00
1.000000000000000000e+00,2.140225850437932120e+00,-1.922093157023660570e+00,-4.189592931875405490e-01,3.566317681396130035e-01,3.051503273260435467e+00,6.531819966242926601e-01,2.761644583907946870e+00,2.460817984929764002e-02,7.734480532186585044e-01,2.860047911850162050e-01,-1.484810266365561127e+00,-9.666472052162915496e-01
0.000000000000000000e+00,-4.203485019975561343e-01,8.431264233218764836e-01,-5.230710985642932354e-01,-3.434876371993449862e+00,7.444260479140389908e-01,5.666644204705710841e-01,-2.080654454316163360e+00,4.989257417367398695e-02,-2.231206203811750832e+00,5.222751627286479348e-01,-1.939669518553375882e+00,-4.886301282466665175e-02
1.000000000000000000e+00,3.908106964456431687e+00,-6.332459649693597536e-02,-3.453355103940727311e-01,7.756525068595185424e+00,-2.130471111352709723e-01,-1.279185277731502701e+00,-1.157362765078126188e+00,-1.857426330927634872e+00,-2.941190543133346935e+00,-7.783277011458151762e-01,-7.140734449515133697e-01,-3.317133180360515521e+00
0.000000000000000000e+00,3.075076852602483424e+00,2.024601265477127487e+00,1.753316588118782438e+00,1.542822894548261603e+00,-4.950100681995868168e-01,-2.043099091376646026e+00,-5.390360151187083559e-01,2.501844494348925085e+00,2.983528584504002712e-01,7.413891627115307692e+00,-1.022264962595093474e+00,-2.592865773946900765e-01
0.000000000000000000e+00,3.952350271042145646e+00,-1.382001597969744644e+00,-4.451480164392640493e-01,1.088931544489749159e+00,2.681591131291575225e-01,2.073231711523921383e+00,-2.199837903878306022e+00,-1.217875603824093433e+00,1.170979606527550398e+00,5.574059810589446773e-01,1.779503036979392494e+00,-4.876870067449049495e-01
1.000000000000000000e+00,6.162325429031867419e-01,3.708057746939937838e-01,-2.980653573041530002e+00,7.336911048821991299e-01,-1.208467185777223118e+00,5.169526951070145593e+00,1.146590788592791732e-01,-2.781042567601462956e+00,1.353208089487932586e+00,-1.283818369121630720e+00,1.960991999667269337e+00,-9.544755204876795851e-01
1.000000000000000000e+00,-1.524788306922896908e+00,-2.684417850786120940e+00,1.249803382505995764e+00,-1.320710095550011287e+00,1.507216584894448097e+00,9.791079948954561907e-02,5.236162737464651329e+00,1.838951784915721976e+00,-1.595975514839254483e+00,9.094872350403615524e-01,-1.789608174210534752e+00,3.117354113131095339e+00
1.000000000000000000e+00,-2.236449106761123407e+00,5.279226956600091114e+00,8.439420227096070537e-01,-1.324850163685929727e-01,-2.300928302653256985e+00,3.200875488266713198e+00,-5.492597384697639473e-01,-1.467992933035898506e+00,8.524831665873872089e-01,7.791604923276067574e-01,7.993928888893022666e-01,-7.646995059998569211e-01
1.000000000000000000e+00,7.240564973020676698e-01,1.626313064324510727e+00,2.148765281111008285e+00,4.768304905994637188e+00,1.311698047931112665e+00,1.929716981761746553e+00,4.521825578386488687e+00,-1.205281889423921449e-01,-2.630087495011428800e+00,-2.329091268430039108e-01,-2.450700063051316047e+00,-1.810742939015244524e+00
0.000000000000000000e+00,-1.475345807294808020e+00,1.293221990919787956e+00,2.878561006316332715e+00,1.784398660766120193e+00,1.253072476532958834e+00,-1.695039175761754446e-01,1.603957925300769860e+00,-4.655619707423706011e+00,1.430072080304739313e+00,1.670532207798862689e+00,4.322388269919723580e-01,9.267379096182793985e-01
0.000000000000000000e+00,-1.389528753000780048e+00,1.747355916475761939e+00,2.796720801328135053e+00,-1.607960752271589522e+00,1.985685407869489882e+00,-1.116872983997214241e+00,8.681629863802200475e-01,-2.053176946853630280e+00,2.933418411336585763e-01,-1.837621669203930441e+00,-2.811181265958034192e+00,3.465489797341795297e-01
0.000000000000000000e+00,-2.274923395391178715e+00,2.354086112127619757e+00,-3.730959843841243906e-01,-5.355564364426755652e+00,1.735094803659993801e+00,-8.934889245457281470e-01,-1.185331866819155255e+00,-2.217556290200140001e-01,1.063725816880273900e+00,2.598520149956640601e+00,-1.816959590352212883e+00,-4.440269432118397752e-01
1.000000000000000000e+00,-3.712046990128471169e+00,4.454665336706297829e+00,4.585940744161633997e-01,-1.035242244283078650e+00,-1.333727935838747714e+00,1.652768063413263766e+00,-5.520673799145141558e-01,-3.882935985428244141e+00,3.137112807394114800e+00,3.925629103572669809e-01,1.673952675453155958e+00,-2.964316216372664403e-01
1.000000000000000000e+00,2.989849088766566076e+00,-1.572828143279074720e+00,-1.820004323282715664e+00,-2.787675903778219499e-01,2.755374287786808374e+00,-1.471373706898337907e-02,-9.139741436155701670e-02,5.222921349819047432e-01,1.976176311101031757e+00,1.539936495946616191e+00,-9.175876007507033361e-02,-2.380211716995688676e+00
1.000000000000000000e+00,9.010405187177188413e-01,-2.376987521976357820e-01,-1.461311404831872274e+00,2.446635653567659663e+00,-8.188515927976842690e-01,2.186592324438156876e+00,3.656667227722341984e+00,1.904624741061109461e+00,-6.508326978383864869e-01,-6.997326653874580416e-01,-7.522213481633657217e-01,-8.542788436468785607e-01
1.000000000000000000e+00,-2.840234080828893060e+00,6.287158842057045227e+00,9.348498054802258928e-01,-2.902870858584203795e+00,-3.179854688691556852e-01,-2.314484386018642592e+00,-3.216041013519298275e+00,-1.279278335809462819e+00,1.407494441372734606e+00,-4.427454022767973729e-02,-2.190538178741544328e+00,-2.331926488084632432e+00
0.000000000000000000e+00,1.365126140920943643e-01,1.111008559583974042e+00,1.010560752198317980e+00,1.029958364866349063e+00,8.792721332119393107e-01,-2.547090549346021859e+00,-1.888225555570135494e+00,-3.953691119322276792e-01,-1.445242704216322061e+00,3.015065667875487687e+00,-5.761355071567808572e-01,-1.139002631756480755e+00
1.000000000000000000e+00,-7.697082632276730507e-02,9.655086135520825508e+00,5.785224899651573160e-01,1.984614881541675313e+00,-2.078908566992123230e+00,3.664738281232233774e-01,-2.748759624118460865e-01,-2.207310131245189933e+00,2.613427150189842507e+00,-3.445526224123728554e+00,-4.601408421703991891e+00,-5.020988620023069338e+00
0.000000000000000000e+00,5.377627058281777561e-01,1.753146646536088094e+00,3.706469249934908117e+00,2.498772672677412321e-01,1.701477142796171460e+00,5.625495528330513029e-01,4.042969978046295765e-01,-2.108549026383618852e+00,1.006681217676787643e+00,3.543016514131985595e+00,-1.603997557939397245e-01,6.504166806869216000e-01
0.000000000000000000e+00,-3.913948784711118734e-01,-6.035768612563495061e+00,-1.360191922444029533e+00,7.760946130168359935e-02,2.224530336122088947e+00,-1.149262615105538288e+00,1.599925006323884125e+00,1.887758465865505553e+00,-3.131128427324578745e-01,1.300314862154521744e+00,3.078779555230804377e+00,1.063367293370483413e+00
0.000000000000000000e+00,-1.116521515541482934e+00,6.133424479638755145e+00,2.831938757896216963e+00,4.567180197695231314e+00,8.843137931399073226e-01,5.204549168724084129e-01,2.198122704126896032e+00,-3.546011557306929518e+00,-2.144271634527026738e+00,1.055644430038639170e+00,-3.638874488832413601e+00,-3.177394069876865679e+00
1.000000000000000000e+00,2.964009199848634868e+00,-1.325147374303708769e+00,1.263517448986000158e+00,1.843443259663615441e+00,4.820168249281516770e-01,-4.526337836965774741e+00,-1.053904154665071147e+00,-9.987579104335853053e-02,-3.259716694391975533e+00,2.661562444368946512e+00,-3.586815872254314641e+00,1.221596059415347657e+00
1.000000000000000000e+00,2.617784214170288060e+00,5.092731001409499525e-01,-1.730570845020421800e+00,4.336886790165739747e+00,-4.785051980158665508e-01,-1.740707362567392336e+00,-9.037431854273778598e-01,-1.119473789029386879e+00,-1.597753487387376214e+00,-7.540027981943022706e-01,-1.878466972842129268e+00,-2.716350881119369731e+00
1.000000000000000000e+00,2.999445404638366064e+00,-1.129350339289323379e+00,-7.388507832200281733e-01,2.090225131322365648e+00,2.829449750526502605e+00,1.387083162577372963e+00,1.025602622147370635e+00,1.314695182325161804e-01,-2.393334219870599799e-01,2.008237287360754131e+00,-1.808378926115763452e-01,-2.675333571459878712e+00
0.000000000000000000e+00,9.546260835352409213e-01,-3.108958815300347123e+00,-6.613449958210866342e-01,4.133256612366068339e+00,-1.350994807733581382e+00,8.264309513835852439e-01,2.825271753306740408e+00,-7.892191668074539646e-01,2.390951930349993315e+00,3.077285713959211133e+00,4.205248735113974234e+00,1.899493685634702000e+00
1.000000000000000000e+00,-1.103450696431454547e+00,4.838472754162864042e+00,1.543317243843946862e+00,5.720175705542438482e-01,-8.202637449825805893e-01,-2.079818924943886316e+00,1.154854860813596673e-01,2.542600983296505746e-03,1.704456447976404831e+00,-3.289169535839380210e-01,-2.158077437072498661e+00,-1.819327993468687676e+00
0.000000000000000000e+00,1.058859298186706432e+00,1.890944639672942129e+00,1.794188574285488835e+00,7.243289431197089456e+00,2.438246238483124939e-01,-6.548239190626370387e-02,9.754738708595771524e-01,-1.188325739349770815e+00,-3.499928139603997401e+00,4.336683211405459870e-01,-5.548368057981984958e-01,-3.044900588635270910e+00
1.000000000000000000e+00,-7.466078638668925960e-01,4.341070546095972205e+00,-1.302328780641083483e+00,-3.333368986103408371e+00,-4.780814410721769825e-01,2.910500732826504677e+00,-9.787430247742161527e-01,-3.396656579723551506e+00,2.658872714566224538e+00,-2.603941505971004489e+00,-2.176077784191877473e+00,-1.263976768973221310e+00
1.000000000000000000e+00,7.186720919417208808e-01,9.662420641981935843e-01,1.418648922022807124e-01,-5.142473836821880306e-01,-6.055010022191804619e-01,2.421167106822614379e+00,-1.278780647426931871e+00,1.877158597451500377e-01,-1.179207902777915873e+00,9.627582633138429546e-01,3.510227125918561342e-01,-6.739451544370944625e-02
1.000000000000000000e+00,1.205226300775901427e+00,-1.432330594474727770e+00,1.658192646156902983e-01,-1.040976155883224452e+00,2.607183679665386666e+00,1.091128986312975169e+00,1.746537891648992868e+00,7.902792323464140622e-01,3.968916866164635682e-01,1.022270898417106277e+00,-6.661362533581942635e-01,-3.615741954422277971e-01
1.000000000000000000e+00,-3.678758508877201461e+00,4.607364700998550333e+00,1.422362622934238541e+00,-2.818261312173828692e-01,-2.041579805759761612e+00,3.219684059731572345e-01,-1.342042666663880501e+00,-3.899090723638806377e+00,3.348068652827097758e+00,8.360361214998219825e-01,2.244517982912157095e+00,2.637487691892370645e-01
1.000000000000000000e+00,3.610899767668949156e-01,2.827363062455933163e-01,-5.964769188578302739e-01,2.745396368893928241e+00,-1.453691659578161710e+00,2.374038101650309152e+00,-8.376111639576404588e-01,-8.277071877636998920e-02,-1.164077551704754576e+00,1.609393763956365575e+00,2.803293209335370850e+00,-8.079597236898807822e-01
0.000000000000000000e+00,1.811355208507754666e+00,-9.206259633786370022e-01,-1.802048646360349782e+00,3.259727205446391718e+00,7.502469639423646752e-01,1.944979464310839790e-01,-1.708625536781498644e+00,5.319750998079633142e-01,-2.756388739606111749e+00,1.270859108337019983e+00,1.011599987329630412e+00,-3.087769287901452220e+00
0.000000000000000000e+00,4.254078427686099673e+00,-2.190077011026236864e+00,-4.065240458073354546e+00,-1.025489072106945621e+01,6.873533059569585379e-01,4.761945064682204354e+00,-6.271518445682853660e+00,-3.975343744083665865e-01,3.993407162508179731e+00,-6.603407818912221394e-02,8.463553899806088854e-01,1.531765604482851373e+00
1.000000000000000000e+00,-9.820252621817834315e-01,6.097719913287772187e+00,-2.173388700226212222e+00,-3.064675178858487503e-01,-2.729118727338764039e-01,3.642834350433155066e-01,1.815847443824305962e+00,-2.881351978249694135e+00,3.432164197743946765e+00,-4.890750503522562020e+00,-4.917565487042206307e+00,-4.145491160838092881e+00
1.000000000000000000e+00,4.000292613492600680e+00,-9.487447428373924074e-01,5.177495743333007105e-01,6.684980763539788429e-01,3.332381437189418705e+00,1.435883622476199939e+00,3.115553872782885758e-01,-6.983847078751534987e-01,1.855255655812753091e-01,1.820906045165065157e+00,-1.271144298702412412e+00,-1.672701572286716232e+00
0.000000000000000000e+00,-2.332051512144794003e+00,3.050041022177631511e+00,9.872798464925135464e-01,-6.822701845719150171e-01,-1.738228970600395051e-01,-1.031248778871556526e+00,3.229944722574873417e-02,-3.820047262748754502e+00,2.083225298430450678e+00,2.677944195725006082e+00,-4.262729733116861208e-01,6.511247465932823442e-01
1.000000000000000000e+00,3.423546232359802044e-01,-1.262889063104538634e+00,1.959352833998739829e+00,1.747748243343417274e+00,1.355893635764693794e+00,-2.035506750921581620e+00,-5.676502677698278543e-01,1.650041944821934781e+00,-2.558411726638619932e+00,7.682048479305358946e-01,2.957414147632866364e-01,-4.744457074174337485e-01
1.000000000000000000e+00,-1.557235005318444943e+00,3.219225639179295051e+00,-2.935168983432318024e-01,-7.472224568271530476e-01,-2.016213041774851167e+00,2.218784703790579904e+00,7.270522469537130661e-01,-2.099796446785817672e+00,2.107187749507877683e+00,-1.269707321295413305e+00,-2.721101166698817186e-01,3.271346163013679753e-01
1.000000000000000000e+00,1.556288792155273715e-01,8.047892131770976176e-01,-2.609074194774507305e+00,-1.449367775906976359e-02,-1.172619429466168706e+00,1.421047833540124872e+00,-1.391221852023332595e+00,-2.488583426827144063e+00,2.298883120858996154e+00,-1.558455005698930806e+00,1.191877483803146287e+00,-1.123609944482631295e+00
1.000000000000000000e+00,-9.324831707912532019e-01,6.444636612447383506e+00,-1.179891162935849946e-01,2.518749812126105603e+00,-1.763284980271934366e+00,1.144909182548663917e+00,9.839195056476821577e-01,-1.655290024459485476e+00,2.058746673041358832e+00,-1.772231035575821068e+00,-1.772832430366334089e+00,-3.612270877018792792e+00
1.000000000000000000e+00,-2.198143752185965472e+00,2.999139146542995960e+00,-2.538069081586935116e+00,-4.412673066790920196e+00,-1.065684289372755611e+00,-1.604005479079511520e+00,-1.106121519471026549e+00,7.426349811514487698e-01,2.386790796854656449e-01,-2.698743972385730494e+00,-3.848222177676957845e+00,-9.889066785107021307e-01
0.000000000000000000e+00,4.253716049177111991e-01,-3.026906941422090380e+00,1.773338189141672849e+00,4.341625519542730016e-02,3.459024987874713686e-01,-1.953044511312500564e+00,1.937235919147605845e+00,-8.771033477543503931e-01,5.659167391358320032e+00,2.766713541757471084e+00,3.397488584014693558e+00,3.453797468014714322e+00
0.000000000000000000e+00,-4.233310351035736829e+00,4.382181334565117048e+00,1.603270253517141253e+00,-2.363516809634958804e+00,-3.463122181571189895e-01,-3.972818712878576353e+00,-1.466123682462419531e+00,-1.018575281038764935e-01,2.776572521934708604e+00,-1.804346858851608726e-01,-3.579093155905171963e-01,-1.035671940666809565e+00
1.000000000000000000e+00,5.081856397539168402e-01,4.850363462479761800e+00,6.884977683099171575e-01,1.282941089725341044e+00,-1.446684111366686398e+00,2.616411457297762588e+00,2.599888211995526444e+00,1.240336727745780188e+00,-9.732305497459574628e-01,-1.519300779299472159e+00,-3.891811505579847896e+00,-1.834087580459609068e+00
1.000000000000000000e+00,-7.109145422182825413e-01,4.283616535075381648e+00,5.966652024918026598e-01,-1.771298447151018751e-01,-2.638601550547932995e+00,-2.140735314816960777e+00,-5.968564775112996657e+00,-1.208551435964688059e+00,9.600995721186632581e-01,8.143407963803039884e-01,1.352691999124639111e+00,-1.360794642636005802e+00
1.000000000000000000e+00,-3.362966955138368075e+00,2.251203062848367686e+00,-3.662472543562707017e+00,-1.179669737800768203e+01,1.344141855624873649e+00,9.873923166779389193e-01,-4.150069773356533709e+00,-5.496177032464873990e-01,1.498413330920040476e+00,-1.334043160526500404e+00,-2.760497464846390692e+00,-1.136455894886552187e-01
0.000000000000000000e+00,-4.345171100740441439e-02,1.313360336799844319e+00,1.077101831441968027e+00,-2.621494575067046640e+00,2.176845122802888000e+00,4.662556645468098893e+00,-1.138903458473521146e+00,-3.471767357178914715e+00,-5.242525353971847490e-01,-2.366706662700683861e+00,-6.340746292877130763e-01,-5.430693252270872851e-01
1.000000000000000000e+00,-1.529458807497001027e+00,2.747925599756709136e+00,9.750587891067938884e-01,-8.473494229040843706e+00,2.421168503881912404e+00,5.330009583781191163e-01,-5.413376526033011338e+00,-4.311690493684221970e+00,2.251301259791258502e+00,3.693468095757241887e-01,-1.289664955697834792e+00,6.664926278699232487e-01
0.000000000000000000e+00,1.187020285988304336e+00,2.834318900825311349e+00,1.921047209476294704e+00,3.308707035115315609e+00,3.791115059803196186e-02,-7.418851188958321963e-01,-3.643372777742583946e-01,-2.412387163849269989e+00,-5.037177326888140350e-01,8.394864118256610830e-01,-1.565245383112478184e+00,-1.427929851991205368e+00
1.000000000000000000e+00,1.055305911876381897e+00,3.589344986224597189e+00,5.204845510826832999e+00,4.260164270899599259e+00,1.082995710301947412e+00,-2.258884329161754856e+00,2.372471845675038882e+00,1.492839543487599840e+00,-2.287816152234623868e+00,2.239544699353737123e+00,-3.524666834185267383e+00,-1.415033528367812821e+00
0.000000000000000000e+00,-2.887821080621911785e-01,-2.190816965409100536e+00,1.538406411655765194e+00,-3.675130042509817230e+00,1.541053146501311311e+00,-2.581769466833803151e+00,1.108660412851222965e+00,1.726077007071272540e+00,3.387309900139013674e+00,2.087508893823995404e+00,3.930694396876914798e-01,2.740385833730887732e+00
1.000000000000000000e+00,1.538741897584222418e+00,3.201452040329928916e+00,2.634546873840621473e+00,6.891029084187995091e-01,1.790025082742181972e+00,1.184203768693401937e+00,2.077556491137218408e+00,2.311089999976122522e-01,2.076105174343023663e+00,-8.295825080634255944e-01,-2.315796020297685942e+00,-2.190549240156942634e+00
0.000000000000000000e+00,-1.015266990225337951e+00,-2.409686407462507507e+00,-2.958400825920566302e-01,6.396520138451071702e-01,-4.592308754030043350e-01,-3.147491624206700145e+00,8.455169592841370596e-01,1.590026423672947331e+00,9.140505474911098105e-01,-6.673044624880017928e-01,1.319113160292139764e+00,1.072909037585218162e+00
1.000000000000000000e+00,-3.162557144898725525e+00,3.113920255536578807e+00,-9.162017165830750320e-01,-7.493077105930833204e-01,-2.880103704724821689e+00,-3.360934499214382143e+00,-2.083951770357373778e+00,2.175317993277686046e+00,1.526938287858807586e+00,1.116220463719260092e+00,1.285811312935821960e+00,-9.598287094145695475e-01
0.000000000000000000e+00,1.622299141167672376e+00,2.632425728891566674e+00,-2.954000227983271110e-01,-6.993358818396759879e+00,2.758121890454881431e+00,8.389880248166964316e-01,-3.803734876680298083e+00,1.076920992595338689e+00,1.121034883548095440e+00,4.648622466693269395e+00,-2.379848892227654833e+00,-1.497433392642088634e+00
0.000000000000000000e+00,-1.629340927774786563e+00,-4.203651207441554405e+00,1.495430726885495609e+00,-3.532639423874683438e+00,4.074952739704057691e+00,-2.656742821402485077e+00,3.285950605046910056e-01,-2.290757810141869077e-01,1.143568939536493190e+00,7.532090050877315868e-01,1.218846439144581240e+00,1.992968897841222553e+00
0.000000000000000000e+00,7.159952721129130282e-01,1.685614932597101268e+00,3.527104651974203309e-01,-7.434404449530817027e-01,1.580886710888992130e+00,1.313301104617227821e+00,-1.839940712376862741e+00,-6.749816770906994501e-01,-1.905738889535730340e+00,9.654903780742196684e-02,-1.431948990765939733e+00,-2.060845558751722262e+00
0.000000000000000000e+00,-8.198495269177331624e-01,-2.104615328632989169e+00,-8.190620090634594952e-01,4.084895657948508021e-03,-6.180446335113520817e-02,-8.559297730203088150e-01,1.073035448235768685e+00,4.797275010996466804e-01,9.611230480892929418e-01,2.047849732394786848e+00,1.858006285318929862e+00,1.275247634050226342e+00
1.000000000000000000e+00,8.093960913847478844e-01,3.243292682637952229e+00,4.137776030205476019e+00,-2.365104444798079575e-01,3.681212129189717519e+00,-1.951364520879891984e+00,2.011651290582735285e+00,1.966048580209545982e+00,1.631665741602519315e+00,2.557113428275881173e-02,-3.513074704589041364e+00,-2.815540471727794536e+00
1.000000000000000000e+00,-3.845883244516487665e+00,7.314446880854430511e+00,3.060401059386347100e+00,9.839249598619632942e-02,-4.134970757009478248e+00,-2.229318895946786228e+00,-6.844315206295886744e-01,8.681730495375272749e-01,2.745522218072847132e+00,1.412301806651107494e+00,1.790666892697743151e-01,6.999986707160799071e-02
1.000000000000000000e+00,-5.852940472151533235e-01,4.408480727707181579e+00,-2.135667035446696671e-01,-3.374467196429080662e-01,-1.227613878285860105e+00,1.280764924705843910e+00,1.060026027521991931e+00,-1.108935434141432586e+00,2.612555761279257371e+00,-1.748675835881304819e+00,-1.935314838557340433e+00,-1.512024376499444323e+00
1.000000000000000000e+00,-2.041725312219128785e+00,3.429497142285489630e+00,-1.445958877363830775e+00,-4.089552603621786631e+00,-1.154929956916331379e+00,1.350229384163110780e-01,-1.171432682533337877e+00,-1.463277538911363473e+00,2.511329669069970016e+00,-1.996825655372366892e+00,-1.856433042288636148e+00,-2.789524271487668905e-01
0.000000000000000000e+00,8.397169896670747535e-01,2.982562503127097475e+00,1.957897058810315727e+00,-4.051070899919036350e+00,2.053049075385515732e+00,7.552725153563621951e-01,-1.297659686770202381e+00,3.971788706406933933e+00,-1.953147971333386579e+00,6.248993847860426776e+00,-2.451208743883995567e+00,-1.060296885566627489e+00
1.000000000000000000e+00,7.088958101138831402e-01,3.964635689480080050e+00,-4.847295277674030789e-01,2.664194773956733542e+00,-2.885167303432242036e+00,1.449959076069602171e+00,-2.767676891349674095e-01,-2.862079649999989428e+00,1.810877376182826737e+00,-2.742382153950378765e+00,-8.844778168476502556e-01,-1.348255794231886018e+00
1.000000000000000000e+00,1.321091531834533761e+00,6.672490225565376187e-01,-1.979099849974211622e+00,2.103167221227391526e+00,-1.080568639997059543e+00,1.325349534228100534e+00,1.517149305525916869e+00,6.230865206832727488e-01,-5.619332086684123428e-01,-1.872071981389482831e+00,-1.469667547745498570e+00,-1.631277651588731281e+00
1.000000000000000000e+00,-3.339101923323281040e-01,-6.392625708388616879e+00,-5.816569741323635689e+00,-8.670888811069964675e+00,1.493998441022745816e-01,4.205525852289195399e+00,-3.846174395126100709e+00,2.060480401481774582e-01,-4.527342170375672659e+00,-8.868306278209450166e-01,6.351807059013268031e-01,3.963690942749512836e+00
0.000000000000000000e+00,-1.281143941250480589e+00,-2.215131621648187998e+00,-7.932236811980761804e-01,-4.710531017252936326e-01,1.278972458410304824e+00,-8.226809934996313078e-01,9.141351423083057259e-01,2.039062039003702864e-02,-1.213916907908964227e+00,7.797822867262371727e-01,3.395465787910498801e-01,5.665994172775844495e-01
0.000000000000000000e+00,-9.020786332891261861e-01,2.645514270629636400e+00,3.306413972793929013e-01,-3.872247352751053917e+00,1.018203466801589130e+00,8.416528308361449495e-01,-1.911473406848089418e+00,-3.956961695436546300e+00,1.210553202654326199e+00,1.683281536318783633e-01,-1.993013005257697756e+00,2.983214141725767377e-01
0.000000000000000000e+00,-1.322723545503616371e+00,1.996285042124767095e+00,1.028152334880249041e+00,-1.849549325214732975e-01,-6.816342477189296645e-01,-1.236133789263892169e+00,9.304791225012438716e-01,-1.490447483114958338e+00,2.576872849588978553e+00,2.381154583448085837e+00,-2.578088363274744221e-02,9.715270852060703399e-01
1.000000000000000000e+00,-8.019256802742671386e-01,1.892876158621016325e+00,-3.313027200322093524e+00,-1.474962140492318330e+00,-1.551968316297479999e+00,3.163627328117264881e+00,3.988563331727876804e-01,-1.040624314456713773e+00,1.811024599359356335e+00,-2.035968384526851693e+00,-1.681249993915553409e-01,-1.180981800671826898e+00
1.000000000000000000e+00,-1.129777057273271268e-01,-1.247267346356930151e+00,3.183407307047785295e-01,-1.579301036002476177e+00,-3.383585244287591332e-01,4.079770667467537137e+00,-3.012617701889423572e+00,-4.887089670181038459e-01,-3.246411996599408489e+00,3.204169279046687357e+00,3.186468927350663449e+00,1.749103205250476467e+00
0.000000000000000000e+00,1.758144503050661500e+00,3.071949145128306746e+00,5.858712133400811872e-01,-5.824006917184770593e+00,2.407756155863123304e-01,3.477075617825305720e+00,-2.266397805962760081e+00,-3.947424583111505125e-01,-3.296364684729545802e-01,-9.099746556495738048e-01,-3.967016522952825586e+00,5.827554367009615266e-01
1.000000000000000000e+00,-2.550702834393253404e+00,5.456278812838494474e+00,-9.322565269390303833e-02,3.527180434401910314e-01,-2.552833264646527489e+00,-1.113648374637242089e+00,-2.585665112360076012e-01,1.180233374112323652e+00,4.949432654225432993e-01,-2.791599015758188251e-01,-1.349992030515391184e+00,-2.061990055241145647e+00
0.000000000000000000e+00,1.583642339845094948e-01,-4.400609081641305292e-02,5.439818430004097483e-01,1.396907232990117320e+00,-2.922094530860720685e+00,-2.094767789614309983e+00,2.252345035981610621e+00,-1.988362264129405199e-01,2.949160605832124915e+00,6.268678921939778714e-01,-8.567890404817046779e-02,3.002842221621256247e+00
0.000000000000000000e+00,2.091428413068490144e+00,4.088202232247639678e-01,-9.502385548986442831e-01,2.896645907466007142e+00,1.461626048143488399e-01,2.212522276032052648e+00,-3.757329432973165462e-01,-1.164070715159688740e+00,-2.394477031338178019e-01,1.765656768034772561e+00,1.140529013079231380e+00,-1.980455611172301289e+00
0.000000000000000000e+00,4.743336635891965969e-01,-5.950293150015281363e+00,6.415584279372552601e-01,-1.346133209093346661e+00,2.387990337709546385e+00,-1.602201100576016612e+00,1.997771528932580587e+00,-2.878248169700464931e+00,1.249088828304055099e+00,2.255847571935840179e+00,9.027516414118286203e-01,4.761982030322009507e+00
1.000000000000000000e+00,1.076420923202665580e+00,-2.678794637166309833e+00,2.841097400334668954e+00,-1.186379014812672522e-01,1.377721084632838933e+00,-3.689951641625667467e+00,2.547215626385955778e-01,1.313639818620982558e+00,-4.032857436814691887e+00,3.530770805624958264e+00,-2.484501942965532173e+00,3.163433233415706702e+00
1.000000000000000000e+00,-3.640676176948760556e-01,1.375874276683448638e+00,1.328908294876688823e+00,4.835490787153940567e-02,2.886609793767691556e-01,-4.226237069780742317e+00,1.547737892918699565e+00,2.129388565786530130e+00,-8.759099127778957605e-01,1.416208046117332087e+00,-3.769561957505668026e+00,6.265708874458608690e-02
1.000000000000000000e+00,-2.641603058374383028e+00,7.456483250467360602e-01,-1.227403221924913801e+00,-5.152326594365717050e+00,-1.593930417395807986e+00,2.817734925322014305e+00,-1.179392191985117133e+00,1.249112812995583521e+00,-5.112141404680365930e+00,-2.357318235153386121e-01,-2.236192767117439750e+00,2.422105026217213020e+00
1.000000000000000000e+00,4.056883772648093300e-01,2.344963402345798364e+00,2.028129963956024184e+00,3.449057201906646331e+00,1.465868817276262170e+00,-3.770786396052994149e-02,1.163952901151929842e+00,2.272678342548727137e+00,3.715350614300101384e-01,8.948584473400698069e-01,7.514665377879430341e-01,-3.863784245235652559e+00
0.000000000000000000e+00,-2.843142029657287573e+00,2.923358012093040664e-02,-1.637611542969052536e+00,-1.111142045048846061e+00,-8.966065910429865671e-01,-2.203814239118544904e+00,-6.720279798258712578e-01,-4.892013114951999642e-01,3.970161531343562311e-01,2.522111536954416700e+00,1.149126145539946187e+00,6.958373650038113256e-01
1.000000000000000000e+00,2.007560461061664192e+00,-7.902496564089345199e-01,2.691055587754371814e-01,1.923705734262340483e+00,1.101765834984406611e+00,8.464259231319140042e-01,1.383067086527831613e-01,6.214996884373641395e-01,3.123403293171986839e-01,1.144654344818442526e+00,1.193447124762656131e+00,-1.387098533837096692e+00
0.000000000000000000e+00,-1.152771722634374330e+00,5.403280472383948485e+00,-1.038763782907533795e+00,3.621887792636822034e+00,-4.831922779669849177e+00,5.338176567872787714e-01,1.877144268611161460e+00,3.089594502950283594e-01,-1.238190602120755379e+00,-1.957049244599987858e+00,-2.879592805094519647e+00,-1.304323797517134231e+00
1.000000000000000000e+00,-3.502171872335375635e-01,1.892663410267958701e+00,-3.604375936599056196e+00,-3.174769186893702244e+00,-6.562715009581698844e-02,3.171340804094888721e+00,-1.090318246478592323e+00,-2.255267671602141810e+00,1.001415406192669888e+00,-2.700821168408726436e+00,-1.577966659924069148e+00,-1.775321762698782724e+00
1.000000000000000000e+00,4.106031425529730328e-01,2.508169488689828253e+00,-7.711460311225848407e-02,5.462995385362294343e+00,3.906168544436859902e-01,1.292246130928518255e+00,2.489204598655304856e+00,1.620530733905937382e+00,-3.322086725402871865e-01,1.119706127172972909e+00,7.344316810215767433e-01,-4.603330318961920575e+00
0.000000000000000000e+00,-4.752947984853651553e-01,9.780136345642664875e-01,2.365610863369895789e+00,7.352046998458913185e-01,2.893717229800497615e-01,-1.598288939485819959e+00,2.253465426114090064e+00,7.971873018623651941e-01,4.619875477453885271e-01,-2.638342553800107737e+00,-2.101406610592558177e+00,2.293375934222702250e-01
1.000000000000000000e+00,-1.045991489539951358e-01,2.837278654071780704e+00,-4.597038672991462516e-01,-3.524809014254526307e-01,-3.279650446295222288e+00,-1.424315301550434842e+00,-1.637401733001262460e-01,2.725220939870550030e+00,5.790188610034605610e-01,-1.274518001831171476e+00,-1.953308701093616317e+00,-3.785074710525349051e-02
0.000000000000000000e+00,-3.294627517061092803e-01,-2.343475907603794095e+00,-1.282842154369244980e+00,-9.640537513290329485e+00,2.610877173319354316e+00,1.294367752852587206e+00,-4.943508430101573481e+00,-2.007742458227158799e+00,3.267322908623380151e+00,2.521347743246903139e+00,2.049781361913604272e+00,2.554241906262998185e+00
1.000000000000000000e+00,3.718376894711552083e+00,7.119350522863130415e-01,-4.030108772250924343e-01,3.825492376199582267e+00,3.663853296559919093e-01,1.089751856804417329e-01,-1.978481269119559904e+00,-8.989540363140391399e-01,3.748003095920953154e-01,1.301098077141421561e-01,4.158849072079713327e-01,-3.223280923543227594e+00
0.000000000000000000e+00,2.785843482005302629e+00,-4.270303017469385676e-01,3.671189281426833873e+00,2.206587905169488106e+00,1.657868023359624132e+00,-3.904808464126507950e-01,1.117764236944975842e-01,1.279352039648238293e+00,-8.271861118919664468e-01,3.790351576959487545e+00,3.442194171890302634e-01,1.254759954661475163e-01
1.000000000000000000e+00,-3.910462272141542961e+00,1.723541654645655896e+00,3.909441396258963142e+00,-1.277505966021541761e+00,4.329214302385488988e-01,2.241031049824675492e-01,2.289400920022755415e+00,5.052863401633832297e+00,1.165317756179066411e+00,8.483948192498516061e-01,2.681836829854339133e+00,3.017454103196448578e-02
0.000000000000000000e+00,4.495457372544253261e+00,1.785119697809073980e+00,2.461416040130875338e+00,-3.445685573708538563e+00,5.795262922642441250e-01,1.267959509366463067e+00,-1.468219576375958013e+00,2.582036569472720977e+00,1.400208989398580517e+00,4.697052934422556447e+00,-2.246251199531366538e+00,1.044266433534483784e+00
0.000000000000000000e+00,8.817885076692268953e-01,1.361061581127581466e+00,6.096034411367213801e-01,2.795978420806045861e+00,-2.221331896457320099e+00,9.177027004632192231e-01,3.283602879700592059e+00,-1.550375364552196711e+00,1.654305968210999955e+00,1.722796276518464564e+00,-8.053348408504690248e-01,1.730912622848791660e+00
0.000000000000000000e+00,1.011929840652896706e+00,-5.933109462167567294e-01,2.530211092832681530e+00,2.418375467814032564e+00,3.829626174913187686e-01,1.634605894013366090e+00,8.472667518083365490e-01,-3.906871779214503793e+00,-1.172574008417600400e+00,-3.333935253072618288e+00,-7.085366683940022003e-01,1.435566653996340758e+00
0.000000000000000000e+00,-8.481699361985166608e-01,-2.671757957384514270e+00,-6.149556963623326045e-01,5.758768592902962363e-02,1.694479897108515765e+00,1.751493103222312442e-01,1.503568389100979452e+00,-4.124466963126245389e-01,-4.095427437005956239e-01,1.873809559412400905e+00,1.415787598409543158e+00,6.504004199547651632e-01
1.000000000000000000e+00,2.240297447464677738e+00,3.437015405168962978e+00,-1.446280961132311527e+00,-1.876007935934746185e-01,-3.040125000308949721e-01,7.490497908232278679e-01,-5.640689537473265736e-01,4.106998448670569068e-01,2.785284239790778216e+00,-1.910973347856094851e+00,-2.227466211195191725e+00,-3.410872996077485286e+00
0.000000000000000000e+00,-2.977086080369584220e-01,1.434511471453670639e+00,4.333613477409899994e-01,-7.349087176925053200e+00,2.290906291230819569e+00,2.198720342757984447e+00,-3.083019485274091753e+00,9.750022028887166403e-01,-1.218998305341854715e+00,8.548528852390441246e-01,-2.088440878549652879e+00,9.834325599377136129e-03
1.000000000000000000e+00,-2.206822477532476512e+00,1.037344927606806522e+00,-1.566335529984700159e+00,-2.590995605402418800e+00,-8.607921733215452287e-01,3.977502560760890926e+00,-2.125401572750940105e+00,-3.008619484629528440e+00,1.465837212984202109e+00,1.146545593911878491e+00,3.430626640512505432e+00,4.718172104112390297e-01
0.000000000000000000e+00,5.862445059703994765e+00,3.427826772256417076e+00,-8.012123702649149859e-01,-3.049502563498982077e+00,1.251679585089342073e+00,2.177209644974952063e+00,-3.268127076004964771e+00,4.499769320025669650e+00,3.650453512440794412e-01,5.565576036050582154e+00,-2.838263447975882148e+00,-3.699845997091514072e+00
0.000000000000000000e+00,-6.984421062976287065e-01,1.181266123493548204e+00,5.287341720856764127e-01,5.166796715979307675e-02,-7.465614943906151435e-01,-5.520308741331653168e-01,1.451844054039016729e+00,3.738131289958572800e+00,3.485964146177735756e+00,2.064201250434468449e+00,2.223516180178606305e+00,-7.943799746812159057e-01
1.000000000000000000e+00,1.020403766758178676e+00,-2.091197008970900217e+00,-5.883360088564342227e-01,2.093205397793937106e+00,6.579416045819410641e-01,8.314371263379320975e-01,1.052288533126116699e+00,4.537447784625445735e-01,-2.050274344140497362e+00,1.217656092551157476e+00,6.144344713934806190e-01,-1.535386554882631760e-01
1.000000000000000000e+00,1.520922986848519454e+00,1.302998501098913353e+00,7.488652831871795978e-01,5.032718416854719656e+00,3.667348693695887674e-01,5.185928446398413438e-01,3.705690085582550974e+00,1.084132475391741401e-03,-1.299737122601969386e+00,7.659893209147337068e-01,-2.053915346051304436e+00,-1.851223455473728352e+00
0.000000000000000000e+00,7.284560745834580686e-01,-5.640841540376542174e-01,3.994830576509760700e+00,-4.632515428180835615e-01,2.939007677219456660e+00,2.733328888584869443e-01,2.558593595419790923e+00,-1.512766377549614738e+00,2.252791133811870683e+00,-2.921048820306506588e-01,-7.295390424021147568e-01,1.389519646174851797e+00
0.000000000000000000e+00,-4.200141362662205502e+00,-3.399839586571675287e+00,-1.997667754929548511e-01,1.577343354998459191e+01,-7.744359715516724307e-01,-9.911797571536329343e-01,4.168658512368175195e+00,-7.176825808809151219e+00,-6.978584846151472121e+00,-5.880176438336191858e+00,4.338465104490379254e+00,-2.329987857500201542e+00
0.000000000000000000e+00,-3.817809344448686026e-01,-4.699328830255187661e+00,1.108516331516059994e+00,-1.291467815178942491e+00,2.248625347000471120e+00,-2.203814577724105828e+00,1.100925200644495838e+00,-2.134718487068497872e+00,2.110035312965070187e+00,1.221115221714799359e+00,1.755369501386116582e+00,3.471778880668709100e+00
1.000000000000000000e+00,-1.054633645235255157e+00,-6.652291503861528232e-01,-3.382828416469407351e+00,-9.397266932332511757e+00,1.360789470873136509e+00,3.856760606718633966e+00,-7.023606091268689289e-01,-1.386327788716600784e+00,-7.107191718657375201e-01,-2.982384502802478021e+00,-3.973901271344221442e+00,2.001506252853733070e+00
1.000000000000000000e+00,-9.539527979207452768e-01,5.772650591191074376e+00,3.316777052712529539e+00,2.034072047118320015e+00,-2.709431497790038890e+00,-2.854225991875387614e+00,-7.753420475023343750e-01,3.342947428524094544e-01,3.602542936181612365e+00,1.126617542777415881e+00,1.893929671988938690e-01,-8.796829645161878819e-01
0.000000000000000000e+00,-3.165882891754667749e-01,3.483954439066327957e+00,1.709808834810649714e+00,1.932793823857766879e-01,-1.522111598360287310e-01,1.418961873680077979e+00,1.533653879542118847e+00,3.732752321422836417e-01,2.155238880612831753e+00,1.179923980130785255e+00,-3.805932409056889121e-01,-1.000933157007258156e+00
0.000000000000000000e+00,1.756189434772252422e+00,-4.977595923294009239e-01,1.338146351330366635e+00,-4.381362814643348536e+00,2.288302969987781488e+00,2.511407376735550478e+00,-2.432723024033900394e+00,-1.211092915638143586e+00,3.566986081627152583e-01,-7.658938913847990193e-01,-6.294667720247566489e-01,8.047633418640092184e-01
0.000000000000000000e+00,2.554580750052419802e+00,-1.398776182861662498e+00,1.614051206786960346e+00,-4.292361995427901533e+00,1.983657308411733045e+00,2.872497351003548971e+00,-1.410234558264444882e+00,-9.089838265339010848e-01,1.039808068096445215e+00,-5.000261850907450345e-02,-4.408631106624564255e-01,2.054882742937755857e+00
0.000000000000000000e+00,-2.726193066106544549e+00,4.019645285189245243e+00,6.958947242015733892e-01,-5.015562423584592366e+00,1.603952620648278815e+00,-7.148689299590755830e-01,-7.497681303132237574e-01,-3.340059032261464278e-01,2.889094029797062424e-01,1.968080965035376773e+00,-3.105958828321479626e+00,-7.919882823157247120e-01
0.000000000000000000e+00,3.859640963124316482e+00,7.809933169316548573e-01,4.574338942478922476e+00,1.531818505793467011e+00,2.037616375540896030e+00,3.229630918446233512e+00,6.856339932558597194e-01,1.137553557463485188e+00,-2.880823666826320739e+00,-1.135615142827837154e+00,-2.316618929093936519e+00,-5.152908484121598853e-01
0.000000000000000000e+00,-3.609552383485770122e+00,1.940900298548834613e+00,6.514673091667584348e-01,5.124512702021321253e+00,-1.640114857539254345e-02,-9.323549726263478110e-01,1.113347477877647762e+00,-4.104669876602198286e+00,-3.755780272526284769e+00,-8.532683446724595999e-01,-2.408131191069681210e-01,-1.678013745294623549e+00
1.000000000000000000e+00,-8.746212174871378364e-01,3.329361869306843857e+00,-3.957219553221771768e+00,-1.882902115141089405e+00,-1.910782950512662115e+00,1.151732855572312308e+00,-1.293645446819116307e+00,-4.428874078686028781e+00,4.977233118846450921e+00,-4.559349393751165991e+00,-8.774477071356747704e-01,-1.827550501493723001e+00
1.000000000000000000e+00,-2.506803513172928710e+00,3.215778191870533931e+00,-1.795666191386571908e+00,-3.305292784440988285e+00,5.632849636423711281e-01,3.199032763917346145e+00,1.836901146635616211e+00,-2.445756002547946117e+00,2.116095017024546721e+00,-1.844260799760522040e+00,-1.934127535014875221e+00,-1.165128609525449832e+00
0.000000000000000000e+00,1.063150161173644914e-01,3.759004359314725097e+00,3.019565795958537358e+00,3.277245866186800693e+00,-4.498401199866512101e+00,-2.030284634611241756e+00,2.889762654054528923e+00,-2.671893319283542567e+00,3.765646069188263390e+00,-9.923406137095809321e-01,-2.067530503309639833e+00,3.220845718568938754e+00
0.000000000000000000e+00,1.100690404627339802e+00,3.566638042270559028e-01,2.913178444221614427e+00,4.796109533942723324e+00,6.829061987389525301e-01,5.721318081464015215e-01,7.496409226636893131e-01,-2.009414652750417751e+00,-1.862468102518954005e+00,-3.217034476587743441e-01,3.196168032707082940e-01,-6.388229682261277187e-01
1.000000000000000000e+00,2.623208715293084303e+00,-4.111656958354506508e-01,2.645933406570973867e-01,4.876038022706872810e-01,1.748227615727966811e+00,-1.094630602182705026e+00,-1.326797966056034728e-01,7.239338950105278503e-01,5.558393083762958042e-01,2.196087763835294915e+00,-1.070514474119532267e+00,-1.175455309231737466e+00
1.000000000000000000e+00,2.325807979923029567e+00,1.009514652784349042e+00,-7.022806246079691395e-01,3.820533615184626086e+00,8.359863842096173503e-01,-1.168505450641045273e+00,3.331094996499125216e+00,-6.243511104489212205e-01,-1.886358474473651681e+00,1.410907091084967480e+00,-4.712407567544995679e+00,-1.739588816617381184e+00
1.000000000000000000e+00,-7.439945782789265660e-01,4.621356432441561246e+00,3.117707559899035363e+00,2.377126230214699820e+00,1.582754136150965607e+00,-1.105364146454159702e+00,2.885162624425960942e+00,2.012918709168989295e+00,7.453881714387378121e-01,-1.551603857787958507e+00,-2.713494170047006548e+00,-3.857242168339634958e+00
0.000000000000000000e+00,-1.203564316533037193e+00,-1.717873097824277329e+00,-6.989524715544546130e-01,-2.872160413428209047e+00,2.418030329890659136e+00,8.285263958000887996e-02,4.889065395059923880e-01,-2.695018072232305606e+00,-2.066059048150691080e+00,1.793189482738192009e+00,-1.933081993505143092e+00,1.662200061956341735e+00
0.000000000000000000e+00,-7.376942805711212969e-01,-3.119757854599424451e+00,9.262955028962501780e-01,-1.489116526470394941e+00,5.170847711352770659e+00,1.165407902151551767e+00,1.178002745184787647e+00,-5.127242115177423898e+00,-2.537864282307600305e-01,3.649887015019758429e+00,7.221731638115327367e-01,1.299411839622235831e+00
1.000000000000000000e+00,-1.915420872263917218e+00,1.040256693038980496e+00,-2.340080364781259803e+00,-4.908810028218576704e+00,1.741496229562773390e-01,1.496825983985649255e+00,-1.128887306009876079e+00,-9.509711898022651377e-01,2.204149263047486151e+00,-4.603545112017991547e-01,6.857138104612681140e-02,-8.115021334947325471e-02
0.000000000000000000e+00,1.799352827835845492e+00,5.843646530008584916e-01,-2.275056689044789859e-01,-6.623288426689843966e+00,2.400232006909529758e+00,2.460676438787945841e+00,-3.805108505197756230e+00,-1.262716082726829558e+00,9.568225770977167866e-01,-7.928631698766781533e-01,-1.755817722631536126e+00,-1.328820149002202244e-01
0.000000000000000000e+00,-1.203785973747030891e+00,7.095372516944231656e+00,3.653651798163558340e+00,-4.079440571802652293e+00,4.111788836619915122e-01,-9.197735382964493667e-01,3.871194461923035401e-01,-2.878289376826617563e+00,2.748555230979571107e+00,-1.418997398410755117e-01,-6.009194663170126738e+00,4.237392457910780230e-01
0.000000000000000000e+00,-8.079843544453042536e-01,5.292511317772307322e+00,5.233888945348262212e+00,-6.947154608619299232e-01,1.746902688101972245e-01,-1.677067810763025246e+00,1.880221787749716267e+00,-2.681249277329038172e+00,4.622056655362026589e+00,1.246614365539075564e+00,-2.655196111682950111e+00,1.273490339924453041e+00
0.000000000000000000e+00,1.436736542698258567e+00,2.146144419825710248e+00,2.664077895446068212e+00,1.318762953976102992e+00,-2.185523122696278353e+00,-4.310058552206428306e-01,2.858662687014756898e+00,3.279088429861919174e+00,6.754532982794287044e+00,1.797595848105589589e+00,1.893408478128002059e+00,8.151819832865051518e-01
1.000000000000000000e+00,2.285389356668042105e+00,3.420145712726319065e+00,2.807657681838627184e+00,4.107183828008985849e+00,8.824237009503480555e-01,4.522415478826729007e-01,6.029185450952638803e-01,8.722802926258043099e-01,1.348117801689197925e+00,1.102552699514828927e+00,-1.621396756188930866e-02,-3.575160318530203440e+00
0.000000000000000000e+00,1.750300950205518458e+00,8.389951880459464162e-01,4.703922974522875222e+00,4.119457745087632183e+00,7.245126907716077369e-01,7.748493620272292048e-01,3.837098095463673975e+00,-3.464337430363524373e+00,2.766212993064425696e+00,-1.628203998046493073e+00,-6.711555282273702350e-01,1.318184966330613772e+00
1.000000000000000000e+00,1.550682657794701935e+00,-2.524856424906955166e+00,5.423921488704541716e-02,-1.773569813522208216e+00,3.794783935030514588e-01,-3.808278081183579022e+00,-2.109121108588662086e+00,1.292660439209758483e+00,3.844732054799875343e-01,1.782565617912249101e+00,-2.695685248173442794e-01,1.722041329169334389e+00
1.000000000000000000e+00,-8.928115821008220099e-01,2.719242745380017645e+00,2.355786125133095155e+00,3.761826435521937739e+00,1.905893152321944228e+00,2.189043734986706902e+00,4.935035721910972839e+00,1.548786684050096341e+00,-2.361380288195431554e+00,7.905536734143480126e-01,-1.792987472761187639e+00,-2.864551830581940628e+00
1.000000000000000000e+00,-1.195455522849983909e+00,1.245110448138518233e+00,-1.732080748095415457e+00,-1.023578179549194545e+01,-1.574032703369385722e-01,3.497486237606693305e+00,-4.725814494499497087e+00,-2.114371583129415200e+00,1.810700425484724985e+00,-7.371312427776848253e-01,-6.753693993841056731e-01,2.472809029322510010e+00
1.000000000000000000e+00,1.165064481160567933e+00,-2.743499628799859646e+00,-3.625862523640865032e+00,-6.464930416852795680e+00,2.076436263581871611e+00,2.337296944377945884e+00,-9.548000030154599749e-01,-5.547389107549676179e-01,2.626181347324063609e-02,-2.159344896676893555e+00,-2.311012739347699352e+00,8.211007210343641560e-01
0.000000000000000000e+00,-1.832172019732543955e+00,-3.918071772521722007e+00,5.540458900635256700e-01,2.647897581853746019e+00,1.490169678521839680e+00,-3.448187234296917758e-01,-1.266678814853350987e+00,-5.701100399958054510e+00,-1.359150695520004559e+00,-3.198823008391785017e+00,3.592916831818931733e+00,1.102515145647983807e+00
1.000000000000000000e+00,-2.308879347657243564e+00,2.095549456692846313e+00,-2.304424622040750492e+00,3.378628276822075449e+00,-1.934738510464948380e+00,2.864824496113854480e+00,1.490349938715926470e+00,-6.081856784843810537e+00,3.221302533857473449e+00,-2.210044935217774675e+00,2.561518625892222900e+00,-1.186775023534200502e+00
0.000000000000000000e+00,9.142550033976455381e-01,4.006052086957343938e+00,1.449086998437792762e+00,8.843074165577323953e+00,-3.653541794587404912e-01,4.656193752644647299e-01,1.600451029601649200e+00,-9.111015908521419293e-01,-4.305975644206473163e+00,5.686396326508311727e-01,-1.529121039696496709e+00,-4.711225351086369528e+00
1.000000000000000000e+00,2.165154515098542953e-01,-1.426833278166008023e+00,-1.138212525597313007e-01,-3.960505077658370288e-02,6.244209159467679626e-01,-1.943303162456480493e+00,-2.652292382949570371e+00,3.644785732369844933e+00,8.973301267933682102e-01,3.109712519789023411e+00,3.986518324424469739e+00,-1.475381022150728638e+00
1.000000000000000000e+00,7.604088919002707225e-01,4.647379874057132376e+00,3.694036327688776655e+00,3.442760892566769648e+00,-8.544267892335288828e-02,-1.156010689308459627e+00,-1.515983382099270305e+00,2.400453177432164242e+00,9.157166494003723400e-01,1.149757893047542723e+00,9.957595914661980796e-01,-3.825038683492981928e+00
0.000000000000000000e+00,-7.030562789560885761e-01,6.022400288089746923e+00,1.720634414122231615e+00,-1.645704422624578056e+00,-3.025456107324044908e+00,-1.830360126719429159e+00,9.682731767626252539e-01,1.224356109830620820e+00,4.678465659618162853e+00,6.074281244961461379e-01,-2.726469542413696878e+00,4.265362304351562051e-01
0.000000000000000000e+00,-5.865526828968545825e-01,2.282179352916911264e-01,9.114639131924773263e-01,1.207196751216486952e+01,-1.137937087178881868e+00,-4.021177362896106722e+00,1.755256163504414602e+00,-2.540425148994598814e+00,-4.499738765733056312e+00,5.809218484021194673e-01,9.691250143137060125e-01,-2.843183677329999881e+00
1.000000000000000000e+00,1.420929582875630093e+00,-1.533990990190127857e+00,1.073892189856786583e+00,2.111217085460298237e-01,1.105316562801911706e+00,-7.303493685543116509e-01,-4.936367176210150198e-01,2.382720963241357071e-01,-1.300954382302874635e+00,1.957016985527048059e-01,-5.577376823651341020e-01,5.629057241236135045e-01
0.000000000000000000e+00,-5.206463423070073482e-02,3.540763926538620154e+00,5.651368925765589246e+00,-4.130205203598610986e+00,2.906888883071566454e+00,5.045477472671927588e-01,-3.801858136058955395e-01,-4.986879642097413745e-01,-7.744287616430587384e-01,1.810953232142834768e+00,-3.873911869966724097e+00,1.072949857179547273e+00
0.000000000000000000e+00,-8.579633413077007997e-01,-2.179827802265698056e-01,1.616615234272123391e+00,7.709779500686366305e+00,3.999492468871516104e-01,8.002106308800760459e-02,1.352268047004454576e+00,-5.903216566202083904e+00,-2.761816390113223108e+00,-4.199264508871155321e+00,6.953855502658978782e-01,-1.344317091583557389e+00
0.000000000000000000e+00,5.496937166081826698e-01,-5.376383521842328372e-01,3.387282663066612187e+00,-8.645937667573399210e+00,4.125068487361276404e+00,1.439532662922762274e+00,-3.154365494156414762e+00,-1.428772923071406353e+00,1.390803863360245529e+00,2.623636012736856316e-01,-1.299667733134915792e+00,2.555906990660774536e+00
0.000000000000000000e+00,2.314051361827057729e+00,4.314408782487656246e+00,4.926916128282250007e+00,3.692340186481433584e+00,-2.495085739636804245e+00,8.418989146040658511e-01,4.838154649395110418e+00,-4.163722603432480796e+00,4.478254179366366827e+00,7.263803052449469000e-02,-3.288948800884972545e+00,3.157280498610742558e+00
0.000000000000000000e+00,-5.357901091632550905e-01,3.840034896295763556e+00,-1.408455875325087092e+00,1.289071943033676559e+00,-4.034355837308373438e+00,8.152006893639314189e-01,1.031629358895612025e+00,2.244680197160466406e+00,2.004967833121278353e+00,1.472545626628082971e+00,3.274446523251886010e-01,-8.544335320763238872e-01
1.000000000000000000e+00,-4.082329526078297910e+00,6.901769440266078526e+00,1.854947320023024204e+00,-1.396173071219228845e+00,-3.107508453106603064e+00,-2.752624981922570324e+00,-1.832415422319950693e+00,6.404674848137181797e-02,1.516170537842135513e+00,3.640372684959694016e-01,-1.196634985115003547e+00,-5.346046612881538707e-01
0.000000000000000000e+00,3.125500183715041125e+00,1.753555521760438829e+00,7.631590786667419302e-01,4.023993425700139070e+00,3.148487109450605059e-01,3.112534181273903577e+00,2.534338354930003590e-01,-2.871110773857780130e-01,-1.198306308335842729e+00,1.591494276029436605e+00,2.515445539978355960e-02,-2.615114228021229614e+00
0.000000000000000000e+00,1.279504053468591307e+00,3.333921969456152823e+00,1.359469843347615781e+00,-7.419560935458905604e+00,2.758192294954603607e+00,1.641887445496697850e+00,-2.723064946667525632e+00,8.276926348152071622e-01,1.117416459513740801e+00,3.871108698515613344e+00,-3.170226175342932606e+00,-4.939429032089254212e-01
1.000000000000000000e+00,-7.279743803823530701e-01,1.406837228455923849e+00,1.214358843971652391e-02,-1.803215379984819844e+00,-4.604094886306986378e-02,2.387482217787122440e-01,6.292849805977904776e-01,1.272474126285711993e-01,1.535799863036048096e-01,-5.248195717987909070e-01,-1.869981393931403613e+00,1.875952426365528058e-01
1.000000000000000000e+00,1.675908936265603444e+00,2.772307171449333030e+00,1.527385215733334523e-01,3.185929078631924316e+00,5.252342100427357385e-01,1.023754440112573327e+00,1.587752299803715683e+00,-3.624501385940717135e-01,8.437356710459948950e-01,-1.126949831419955306e+00,-1.682583926440887945e+00,-3.406428716113861999e+00
0.000000000000000000e+00,1.033394625667897637e+00,-3.214960449633361694e+00,1.075843618044383554e+00,6.768398371054424878e-01,1.559561387398630483e+00,1.403206732240270815e+00,-9.336856302067592095e-01,-1.684522748347886179e+00,-1.847025241400520823e+00,-2.157259243597585030e+00,1.452512659537302575e+00,9.671980509061757214e-01
1.000000000000000000e+00,-2.262148171095126337e+00,9.689006835081551472e+00,2.518172738643161601e+00,1.091863426721476182e+00,-1.680363949487769126e+00,-9.843011382491468897e-01,2.729498530057385519e+00,-3.079001362430959343e+00,6.451701477384046868e+00,-2.774883743972938355e+00,-3.855554505451876501e+00,-2.874981339019630155e+00
0.000000000000000000e+00,2.074398242598567421e+00,1.170028805730142230e+00,8.940843094830104310e-01,-1.607780351770652927e-01,1.032989490851440095e+00,1.918850667712071356e+00,-1.133094818849319951e+00,1.428898016452511133e+00,-2.261638021171324731e+00,1.624511972805984472e+00,-1.177186561116541075e+00,-1.450401168647005301e+00
0.000000000000000000e+00,-8.087412210699584936e-01,1.453126213069581452e+00,3.248142280584565444e+00,-1.628839174282278313e+00,2.351374566920309217e+00,-1.564705919510038790e-01,-4.668270233650901879e-01,-2.177224245784311840e+00,-1.153807954080653175e+00,1.889990207336395001e-01,-1.979456666839194190e+00,4.815247759165017793e-01
1.000000000000000000e+00,-2.208392017816714237e+00,2.822541415769491913e+00,-1.075567053356645264e-01,3.302766234277276780e+00,-1.690372403205218532e+00,2.046776510410825978e+00,3.816723198632814729e+00,-2.614104289158690975e+00,4.256268531910327724e+00,-3.156776068084318210e-01,2.108563420153751089e+00,-7.841280859050170360e-01
0.000000000000000000e+00,1.313222175977308837e-01,-2.006489687268214084e+00,8.334460915876229503e-01,-8.269493591879213401e-01,8.063844025925382963e-01,-1.563153027598830569e+00,1.366690453447421127e+00,1.455377575343447472e+00,3.542072027014854463e+00,1.409453113592797902e+00,1.931408902864814703e+00,1.306838666424910977e+00
0.000000000000000000e+00,-2.713872355299955963e+00,-1.005588622846870450e+00,-3.741505739490116333e-01,-1.293090663142757002e+00,1.771783777801789972e+00,-2.600068684587837353e+00,-1.241204108160578468e-01,1.592373947055443217e-01,-2.843243217706034276e+00,-1.114688593700586150e+00,-1.442544215557515885e+00,-3.858032951587790915e-01
0.000000000000000000e+00,3.271055366155971811e+00,1.452773846700183835e+00,-1.134785488267157305e+00,2.450497029811902483e-01,6.702250999397201259e-01,1.547048399419211240e+00,-1.765969503279382735e+00,1.620096280139070366e+00,-1.272699802097552402e+00,2.530042655055443568e+00,-1.307997227964893261e+00,-2.819317247980328123e+00
0.000000000000000000e+00,2.882791674460432496e+00,3.700437215330524277e-01,8.277407982548912191e-01,-3.986780362628796759e+00,1.684758775437542822e+00,3.558791430170560321e-02,-3.329772400973913360e+00,8.964637177213663488e-01,1.023165415114978494e+00,3.528869805075598443e+00,-8.501519548770710699e-01,9.024281634082886860e-02
1.000000000000000000e+00,-1.664129827399645212e-01,-5.704264234004333689e-01,2.922741529386137849e+00,3.941619583387467429e+00,9.064608526042615688e-01,-1.820855823734637280e-01,3.280731857669657803e+00,7.871135288383818152e-01,-5.707093840942595975e+00,1.672747965360269484e+00,-2.177020120584188589e+00,8.259279348652601715e-01
0.000000000000000000e+00,-1.724582400943471816e-01,-2.101439244629223158e+00,2.350444563552776422e+00,1.756753879904515425e-01,-5.196521099282869205e-01,-3.154350455595432479e+00,1.960881498117158284e+00,-4.697453180972114284e-01,3.767264300406032884e+00,-1.550134023601320798e+00,7.416735407086221255e-01,3.441597798788317952e+00
1.000000000000000000e+00,2.008546533085327379e+00,7.561564183336150435e+00,2.976729730476727287e+00,7.032441312072675643e+00,3.150529437608011740e-01,-1.165180536667814071e+00,1.023223721119772334e+00,3.329976027729201205e-01,1.148568160710675023e+00,-1.356015911915475769e+00,-2.869612084541303787e+00,-7.027424898059206448e+00
0.000000000000000000e+00,3.536918204717941272e+00,2.608474975683205077e+00,2.363333684585835925e+00,-2.472323715852285275e+00,2.080675680051060628e+00,3.048791257940031585e+00,-2.057904367779736177e+00,1.175810987414348308e+00,-6.733336375041046873e-01,8.601923344935707982e-01,-2.464316695207079633e+00,-1.675284348022187508e+00
0.000000000000000000e+00,-1.204339353397771539e+00,4.109450820176200558e+00,-4.724127707088707773e-01,2.050478112753428839e+00,-6.065461108439329507e-02,-9.327747381593911591e-01,-1.044598021804520327e+00,7.364899854706838944e-01,-3.178590717303825475e+00,4.387694390813583922e+00,-1.373062002929144709e+00,-3.516403927990744194e+00
0.000000000000000000e+00,-5.203417480798522288e-01,2.553100434355874970e+00,1.608305954762111023e+00,-3.786576961082205983e+00,1.704619157597067947e+00,9.081921987262153717e-01,-1.278598734969594863e+00,-2.719335504085817146e+00,7.065400685684848359e-01,1.228111061240404478e+00,-2.160227871235650632e+00,4.281077545642948401e-01
1.000000000000000000e+00,-5.917304528177402823e-01,3.521715416073576410e+00,-8.057320093663399296e-01,-1.438810388902372894e+00,-5.919892933605961360e-01,5.748613344423405547e-01,-1.792508631818191311e+00,-1.518020148999385643e+00,1.732551464976175293e-01,-1.419252887299224719e+00,-1.968362210139993795e+00,-1.700023711350775457e+00
0.000000000000000000e+00,-9.554987895110991225e-01,-5.291688139769678223e+00,-5.081089530437610691e+00,-1.694532875857197807e+00,-7.152009317294663049e-01,-1.838330106036065503e+00,1.819213927773360995e-01,2.318302865132811252e+00,-5.693848020500085205e-01,3.410851928126791055e+00,2.339166545621038651e+00,1.849823000068249179e+00
0.000000000000000000e+00,-3.598396779508181709e+00,-2.549058766191280689e+00,-2.566957181524314180e+00,-2.200122134874744895e-01,-1.510943183209850105e+00,-3.763842053886492955e+00,-8.496189933329110211e-01,-7.963418512778839276e-01,-9.765263499998881880e-01,9.597266567494164846e-01,1.933833336974677852e+00,1.883982356785212531e+00
0.000000000000000000e+00,8.782823547267402109e-01,2.396189958220520833e+00,2.191218048761604198e+00,-4.540906895859877501e+00,2.841423572324131008e+00,4.273503291911786128e+00,-1.532217293275127901e+00,-8.206713610088908206e-01,-3.246538317654801276e-01,4.386949455253225105e-01,-1.643822425694682732e+00,-7.099668055205078376e-01
0.000000000000000000e+00,-1.249573480012778237e+00,-6.689807437441616100e-01,3.786435453284122676e-01,1.553668285752676459e+00,1.355174478777254610e+00,-9.437062170225509750e-01,-1.010730686451341009e+00,-2.511581680661294946e+00,-2.401316903883178533e+00,-4.870741860305733972e-01,3.611682015038863991e-01,-7.042777992589768221e-01
1.000000000000000000e+00,3.128797153666826425e+00,-4.311835956899884970e+00,-2.004613656913381003e+00,3.427298009530538092e+00,2.511596489852332859e+00,-1.525192977736169242e+00,5.512890442534769120e-01,1.234877629826095502e-01,-2.078562644285654848e+00,1.990835979382028498e+00,4.854535939858783955e-02,-1.547584680269557644e+00
1.000000000000000000e+00,-1.099120681104452046e+00,-2.328281652498943810e+00,-4.018997593699797921e-01,-1.661486431798851582e+00,8.680945512765083638e-01,7.793969312515014458e-01,1.155305946910081039e+00,3.501294275225987018e+00,1.376203278282253084e-01,3.755107869042020763e+00,2.873208974284183093e+00,8.379255113713701686e-01
0.000000000000000000e+00,8.360375877788879251e-01,3.346824734396520729e+00,-1.998137039279198834e+00,-1.340159545631822979e+01,2.369436724534208061e+00,3.134164718304245589e+00,-5.486114366827361088e+00,9.730325062403728520e-01,2.621914820078178554e+00,3.757247650740444200e+00,-3.234202257861287233e+00,-1.148079593694785183e-01
0.000000000000000000e+00,-2.316528027095298370e+00,5.986787837673407608e+00,3.066445917125608212e+00,-2.307372178257044659e+00,1.228794280065972799e+00,-6.333698845105553143e-01,3.578054291595150760e-01,-5.147906604809695530e+00,-1.079383157329058207e+00,-1.007694780795665768e+00,-6.420675416034151262e+00,9.307463096617651921e-02
1.000000000000000000e+00,1.196872906070792553e+00,5.762534337031024911e+00,8.774024872289740706e-01,5.031165510734052049e+00,-1.933030112285911706e+00,9.163070838014464314e-01,1.544574417858133319e-01,-2.690956865001097320e+00,2.337209370688609233e+00,-1.666952749867260275e+00,-8.534752622565561220e-01,-3.603444334681260131e+00
1.000000000000000000e+00,-1.274919281644887104e+00,2.731021413491915961e+00,2.765541709447417063e+00,1.910366176127782367e+00,1.045748036469564823e-01,-4.606888945777484423e+00,1.822025192383041059e+00,2.404398635355268432e+00,-8.723678001261301329e-01,-7.978017152292944392e-01,-3.315787518918966725e+00,-1.217582149589234275e+00
0.000000000000000000e+00,-1.681647417292755353e+00,-3.821485647177227385e+00,-1.581196021534378549e+00,-2.630193050594745952e+00,2.595508224369477368e+00,-8.985861063893850753e-01,-2.273475062747420949e-02,3.302997249417860548e-01,-1.448616239677205098e-01,3.405010055491052956e+00,2.244567201007304114e+00,9.023080777292258325e-01
0.000000000000000000e+00,1.710289714719114063e+00,1.770365829663180568e+00,4.868962697727547972e-01,-3.856971113051940403e+00,1.398503726833824734e+00,2.295279251092305017e+00,-2.718412676124432714e+00,-7.934359509708919234e-01,-6.363323519617551938e-01,-1.378197082638260795e+00,-2.538952366612318823e+00,-7.676369862469769600e-01
0.000000000000000000e+00,2.195318601235797251e-01,4.282854815470927612e+00,1.494699496878645117e+00,-8.631555237163004435e+00,2.414209986580019951e+00,1.349058746977789935e+00,-3.049685387432711892e+00,-1.722417546646275444e+00,1.474459148362247340e+00,8.747948344074216731e-01,-4.787902570722835094e+00,2.580646342602899157e-01
1.000000000000000000e+00,-1.380247726039752099e+00,4.673208850141111093e+00,1.701858426664493606e+00,3.844191420248218805e+00,-3.534924902735439467e+00,-1.468717556385796374e+00,5.399195896400477146e-02,2.602787421836381565e+00,-1.998512065296165652e+00,1.128637153160561013e+00,-5.236722412968239926e-01,-1.380771026902891885e+00
1.000000000000000000e+00,-2.482615565339028052e+00,9.001362203117409422e+00,2.590306937380921770e+00,3.456666102437270460e+00,-2.474298041245416968e+00,-1.483458396010592928e+00,-1.515145464550105014e-01,-5.000577809409348928e-01,-3.332504322845215583e-01,-2.770428486068421403e-01,-2.791328637309608673e+00,-3.738566825970364604e+00
0.000000000000000000e+00,4.336372406321221673e-01,9.257612627046671872e-01,1.300609718489958766e+00,5.242281277260842032e+00,-4.964719522540295138e-01,-2.045489964923859816e+00,1.619108582049006984e-01,-1.188517002636231945e+00,-1.249182374362698633e+00,3.627284106255946217e+00,8.173934974803502840e-01,-9.126977938868506834e-01
0.000000000000000000e+00,9.892665860653977461e-01,-5.923160375424137314e+00,-1.127777839588152364e+00,-7.586076810027080342e-01,1.468594184215313181e+00,-4.928265186961094946e-01,2.080980394814667012e+00,8.558924755788044347e-01,1.602291868426723109e+00,3.047052127739882543e+00,2.662286565136873673e+00,2.913873094148495824e+00
1.000000000000000000e+00,9.171873548330959913e-01,8.197071491072700500e-01,1.659492820375172650e+00,4.726070413902530021e+00,7.601991672668106936e-01,4.795655507443894461e-01,2.074886189948594861e+00,1.351416366075399722e-01,-2.777169937751377216e+00,-1.359515506346689051e-01,-1.107735523331977889e+00,-1.848551211904230662e+00
1.000000000000000000e+00,-1.301888854149421793e+00,5.362559314670284571e+00,-8.784076620596051876e-01,-3.216273551390282925e+00,-1.024778589284611519e+00,-1.722617378421711809e+00,-2.737493347565731039e+00,-2.966408940242383885e+00,3.326524849817069640e+00,-3.199292833892237287e+00,-3.239436777473588602e+00,-1.803370440464109326e+00
0.000000000000000000e+00,4.634129443517126745e+00,5.605590985554836925e-01,9.490123246091667353e-01,2.756415313424710245e+00,4.686175355865273007e-01,3.215427609819384358e+00,-6.294313412752194914e-01,2.564124804549793524e+00,-2.210583444047351076e+00,1.881940922092633972e+00,-1.415542547111455773e-01,-2.264950194982794152e+00
0.000000000000000000e+00,-3.985653130543130640e+00,4.823463011430238367e+00,-6.776124259995148780e-01,-6.498704431413048432e+00,1.047083994473178903e+00,-2.326018757187885200e+00,-2.153710805360488312e+00,-1.805577147544997985e+00,-1.901287816983817880e+00,1.272346461729140010e+00,-5.700790307409349111e+00,-4.744492815183110057e-01
1.000000000000000000e+00,-2.819995575755856798e+00,6.025333398002792329e+00,-3.591797002689725016e-01,-5.336214948566385452e+00,-1.245540016344872658e+00,-1.237153230683787353e+00,-3.662676206503590048e+00,1.499821910343186016e+00,-1.508508333034485283e+00,-5.540964470865068492e-01,-3.953481841092858495e+00,-1.678350307528300389e+00
0.000000000000000000e+00,4.752217156094744599e-01,-2.040722584742688639e+00,1.073615483569386075e+00,2.602173378418451311e+00,-6.013415776929087464e-02,2.793741728891951936e-02,2.622537361631098740e+00,1.910390127713026409e-01,8.197932352735932682e-01,-6.996913796605113145e-01,1.352856141221896014e+00,1.155633204915518908e+00
0.000000000000000000e+00,2.293525556003254140e-01,8.515084521334070899e-01,7.716989572343084802e-01,6.962770016266897066e+00,-9.578739299198606449e-01,-9.982627784918602920e-01,8.869847123692180535e-01,-4.673117513848328297e-01,-3.774570159179325923e+00,1.695925889511791684e+00,3.295365231981342014e-01,-1.802111960615355279e+00
0.000000000000000000e+00,-1.277216353074613675e+00,8.817797511630806606e-02,-6.579196057336593739e-01,-2.332134868818260376e+00,1.789945083980308826e+00,-2.568189477905169493e-01,-2.304436027641841189e+00,-3.148270443952721820e+00,1.377516550194457512e-01,3.535204779285344712e-01,1.759325329958789652e-01,-4.600314224319697054e-01
1.000000000000000000e+00,3.278871221776895606e-01,1.360663801992518351e+00,2.068156866603586774e+00,9.669717090282889949e-01,1.613599680865414054e+00,-1.168352486592723727e+00,-5.737289449598335089e-01,2.108021646469627974e+00,4.637702863291257582e-01,2.551983418599501618e-01,4.706106011316302240e-01,-2.538855941305481423e+00
1.000000000000000000e+00,-2.612680696916430678e-01,3.770534381108999966e+00,-9.994746279664681321e-01,7.875204523062662165e-01,-2.301149302466629631e+00,-2.809657680625112786e-01,2.060679713984866712e+00,4.785925535815367393e-01,1.319513870222031704e+00,-3.150021568630637425e+00,-3.485190112202224189e+00,-1.318733645384842834e+00
1.000000000000000000e+00,-6.104115581492717268e-01,5.878522504842056406e-01,3.095111314642362110e+00,1.091980125363711807e+00,3.798231144239869739e+00,2.017878399514512200e+00,5.304376730547832430e+00,2.325109279621727421e+00,-6.248126437771839292e-01,1.280643079975977150e+00,-1.072371800059542357e+00,-1.607910371932898208e+00
1.000000000000000000e+00,-4.480130698014006541e-02,1.883784395321750571e+00,1.395414861783647265e+00,2.252246421601045601e+00,-1.061945541355498790e+00,-3.124662336459559153e+00,1.875095122299313299e+00,-5.196350380063718966e-02,-3.165007823947277643e+00,-7.081089230582322536e-01,-5.100385163590403614e+00,6.001332500723419727e-01
1.000000000000000000e+00,-1.363198845820805971e+00,2.445917123079278443e+00,-1.477263689372129818e+00,-2.917842907092179416e+00,-1.300194394101325868e+00,2.755841094155873527e+00,1.274465573798688744e-01,-1.875126928173727503e+00,5.730826284406068671e-01,-2.188864326021034756e+00,-1.825159887563811312e+00,4.358425438536468466e-01
1.000000000000000000e+00,2.677101258895866032e+00,-6.647909138796391559e+00,-1.322303373501729773e+00,-1.856801913526618053e+00,2.411583356859052785e+00,1.314321524623875526e+00,3.752670398908309224e+00,-8.956627903130682800e-01,-1.521649035706799769e+00,2.879869004954134226e+00,-1.777060371825622154e+00,4.617072829922772570e+00
0.000000000000000000e+00,-1.468200552866835373e+00,-1.138862557408109932e+00,-1.229071404660913025e-01,-1.287518357016172343e+00,3.081351225826812090e+00,3.446149037636700996e-01,8.870617139397304340e-01,-1.980853569178068874e+00,-2.642230792343047252e+00,3.554518586249498791e-01,-1.604766545634737973e+00,-1.700916006512134260e-01
0.000000000000000000e+00,4.264204368042960880e-01,1.243978216323287311e+00,-9.524141716105332112e-01,5.644218819731352532e+00,-1.510680745975513606e+00,-2.217463375479646892e+00,-1.062377352663906871e+00,-1.420831727199668437e+00,-1.771918501554472503e+00,2.287305160689003802e+00,6.474989606241186024e-01,-2.159590177603170957e+00
0.000000000000000000e+00,9.436630888913101201e-01,1.261297734128758119e+00,2.292098276845879301e+00,-7.907247290133426532e+00,3.100634694287691229e+00,1.610846535387543632e+00,-2.227116752412993783e+00,3.170931774947631787e-01,1.236883726436459163e+00,2.743634444251884297e+00,-2.287970482275483608e+00,1.432284498614731838e+00
0.000000000000000000e+00,-1.245639751054931965e+00,-5.711525052859926094e-02,1.907460170652465647e+00,-8.230674568586412443e-01,2.889977100602545423e-01,-2.935566952543420705e+00,1.881806359184741151e-01,1.628680798955991715e+00,4.278782971263175305e+00,-3.285962986509645134e-01,2.163287431029178975e+00,3.476358826696064330e-01
1.000000000000000000e+00,-3.428225289829494038e+00,-2.015880912594261609e+00,1.788338042367580760e+00,-3.336495640995210454e+00,2.628730581782499076e+00,-1.140191265676605337e+00,3.040201739110063084e+00,4.786586850545278438e+00,-9.118482651821393503e-01,1.846358299729842889e+00,5.754547572345851680e-01,1.247389392785388740e+00
0.000000000000000000e+00,-2.347903422973959486e+00,2.152316054515840626e+00,1.850036662425778022e+00,-4.811486320677544448e+00,2.513757128529547469e+00,-1.442075553410028022e+00,-2.828415447400098870e+00,-3.310306321414382413e+00,1.148236636294490687e+00,2.330577384704485056e+00,-8.755445027403530034e-01,4.755573406983746310e-01
1.000000000000000000e+00,-9.287659037821887065e-01,2.313368164711288255e+00,-5.211502444622199137e-01,5.633879491614001561e-02,5.278111054006298097e-01,1.342924412782608767e+00,8.428885110831469962e-01,-1.973805694981334735e+00,6.313577388671902657e-01,-8.267277453303567558e-01,-1.148457348326784588e+00,-1.616760052905612532e+00
1.000000000000000000e+00,2.038360016305877487e+00,-5.105617350007245925e+00,6.194459412270252319e-01,1.107500948071317159e+00,3.578621679057889526e+00,1.199982365682609853e+00,2.132581585486485132e+00,1.627888543043142011e+00,1.770890908512621209e-01,2.721949449247788255e+00,2.918490171258667942e+00,2.436515623385278051e-01
0.000000000000000000e+00,3.364261695187030110e+00,7.942682299734208362e-01,-2.431737464136041638e+00,-1.881462784076687544e+00,-6.541399225310406962e-02,1.888606762046026288e+00,-3.830766679066187397e+00,-5.634870724344434034e-01,7.805940485113029847e-01,2.849490101452070157e-01,-4.910843525799539755e-01,-1.832418547349768279e+00
0.000000000000000000e+00,2.001371172917672858e+00,-2.082355279090638334e+00,-1.080946546745519488e+00,1.735138640779994468e+00,-9.803424897291890261e-02,1.079775467993297822e+00,-2.275095918692059627e+00,-4.517082401245318124e-01,-1.415405858412801976e+00,1.415241923410615055e-02,2.116642968967722194e+00,-5.949805180593814580e-01
0.000000000000000000e+00,-5.836880604947226603e-01,2.477852803728564091e+00,3.131560705930248378e+00,-2.723695680448118939e+00,2.818028577126158396e+00,-4.351838803678051981e-01,1.247176558073839203e+00,-8.189982060595855096e-01,2.127467482210692928e+00,2.618244777219926878e-01,-2.575433460745491399e+00,-2.747507134782294358e-01
1.000000000000000000e+00,5.104881218348924499e-01,2.266553326939241941e+00,-8.377856744663524369e-01,3.368404448457214428e+00,-1.352316043983840643e+00,1.294906138514823057e+00,1.902131947204653173e+00,-3.492164886682618263e-01,1.172781315374938904e-01,-1.406126769558373901e+00,-9.934289779396696662e-01,-2.029228921380152872e+00
0.000000000000000000e+00,-1.503066170509794075e+00,1.681890232689135845e+00,3.925193984159757177e-01,-3.148909665222049625e+00,1.989611586653781794e+00,3.047243265838999182e-01,2.561796435416140438e-01,-2.093468208640278050e+00,2.460587816525835692e+00,5.330400454029514457e+00,5.098691179679959440e-02,3.205396391597584715e-01
0.000000000000000000e+00,-8.808556564936529387e-01,-4.632125751624917243e+00,-1.450095273052806721e+00,-9.476115592191256098e+00,3.406772215762300160e+00,2.260069364679839321e+00,-4.227421505183269090e+00,-4.131047710931853523e+00,2.193051248724276370e+00,-2.196562641013508177e+00,1.927469019378770909e+00,3.395058982309976159e+00
0.000000000000000000e+00,-1.176272887722533689e+00,3.691173788648448806e+00,4.742542066045427163e+00,-2.541059961196744599e+00,4.400034658245520758e-01,-3.535457921698111683e+00,9.050093094859480436e-01,-1.687686486910568329e+00,3.077992584797506925e+00,-3.049529048936277853e+00,-4.403760059446796049e+00,1.768358998719866904e+00
1.000000000000000000e+00,-1.976542675812100303e+00,3.197300810168667518e+00,5.622376205945591288e+00,5.974881430432811280e-01,1.165282415187730347e+00,-2.976349418652320722e+00,-8.333349958377216371e-01,4.722396625002749815e+00,-8.886338469565705500e-01,2.123992572901091780e+00,8.857602720150459241e-01,-1.692800420519541493e+00
1.000000000000000000e+00,-2.841200360047499984e+00,-1.289483345557614624e-01,-3.950910962643340518e+00,-6.366529778226862391e+00,-1.295228510854394832e-01,-7.068914168743913873e-01,-2.427418802913399620e+00,-4.815772723886636575e-01,2.878133280129260285e+00,-8.057753713813912144e-01,6.415575726933318013e-01,1.674379827359397943e-01
1.000000000000000000e+00,4.558681813036546959e-02,-3.532007286636027477e-01,8.418086744792160347e-01,-2.631757693047178659e+00,1.205253472909374901e+00,-2.463574252978683266e+00,5.620475233858233111e-01,1.840459018300279803e+00,1.436182840911579994e+00,4.053713634427791312e-01,-1.694003218157094093e+00,7.137374754793290865e-01
1.000000000000000000e+00,-3.536584997551739384e-02,9.097413379515044696e-01,2.161124002916999132e+00,1.986884592575993480e+00,1.360581292546111154e+00,-1.774904117909607004e-01,-2.213004381125444286e+00,3.388377771504767377e+00,-1.812422487099545787e+00,3.548264265401218420e+00,3.210532938058674901e+00,-2.958693496326955330e+00
0.000000000000000000e+00,1.033402011280930788e+00,2.076857006982415932e+00,1.548447824154995711e+00,7.442092002002492990e+00,-6.600816295774503129e-01,-7.324497046662565847e-01,1.628739780846435004e+00,-2.085949878745804398e+00,-2.130020985582707915e+00,1.055990913952421950e+00,-7.365157384371597837e-01,-2.050209589501394092e+00
1.000000000000000000e+00,2.694047029776351909e-01,-2.761930218137919724e+00,2.583406219606242615e+00,6.705398341759840619e-01,4.390171496488551872e-01,-4.828705291994098481e+00,1.551610306819220853e+00,2.227749939268121260e+00,-3.139664141259645103e+00,3.396191896769054086e+00,-2.138946209345060634e+00,3.499025935722886338e+00
0.000000000000000000e+00,6.914681024874419490e-01,-1.258507482542846168e+00,-2.568195972039233332e-02,1.986162514197256312e+00,7.267946472898767496e-01,-1.320201807811705041e-01,-1.751215274068982808e+00,-3.034553869711839713e+00,7.369334442486215053e-01,1.306526953742467523e+00,2.678867531138970914e+00,-3.474002123007130516e-01
1.000000000000000000e+00,-9.264133124071266545e-01,3.165607297889553085e+00,1.601482101748649800e+00,2.091011658332460055e+00,-2.412380398766941880e+00,6.860560607814577549e-01,2.227891730168460871e-01,7.632680814942496283e-01,6.689833631586472595e-02,1.489994920758046959e+00,1.002073805315621957e+00,-1.703513331532481301e-01
1.000000000000000000e+00,-3.161555979106360770e+00,2.077299650634844674e+00,-3.411258404474662775e+00,-4.594385023363868115e+00,-9.260265663176570072e-02,2.583205657464149319e+00,2.883029487417785308e-01,-1.487185465154736930e+00,-1.928868041376605724e-01,-2.192776987253822973e+00,-2.128075424258795145e+00,-7.248435351263311510e-01
0.000000000000000000e+00,3.306657883554462440e-01,2.326535453310467183e+00,2.030281855375119182e+00,6.878004889728932092e+00,1.475558855894643084e-02,3.700263529133851481e-02,2.677892722081482102e+00,4.188914536842343050e-01,-3.377420025275019722e+00,3.952654552143603617e+00,-4.415319479681544257e-01,-2.324951696129408774e+00
0.000000000000000000e+00,-1.812337726605701693e-01,2.028821010459328278e+00,-1.047005327696055588e+00,9.430545871401774249e-01,-2.761624670305288021e+00,2.293140352415061756e-01,1.639579015922974836e+00,-2.841071684052998148e-02,3.262750085457225779e+00,3.622931914354527994e+00,8.650964826365912241e-01,8.053661625410604152e-01
1.000000000000000000e+00,4.973619172867370652e-01,2.429780186624794336e+00,7.511573331796983499e-01,5.274980899340562246e+00,8.200401509478205675e-01,8.172555660384639431e-02,3.147345232506347124e+00,4.489939519098703480e-01,-2.159145195262727857e+00,-5.218967359932642491e-01,-2.360869701569091816e+00,-3.590558500832453426e+00
1.000000000000000000e+00,6.055516333693091724e-01,3.752673587151003964e+00,7.672934343873727414e-01,-6.196702798589835304e+00,8.513933586675075382e-01,1.977169479207523395e+00,-3.909731996243912544e+00,-2.132565950288631829e+00,1.897081297374206832e+00,-5.463918341303963810e-01,-2.356556922604077897e+00,-2.216332884827745264e-01
0.000000000000000000e+00,4.442386370491345993e+00,9.594161041389334121e-01,1.990232735156218347e+00,7.655919219694243161e+00,-5.050115206665777290e-01,4.712561258322293112e-01,4.051578397792190422e-01,5.526683355525716657e-01,-1.355080292530539854e+00,3.009608675275877943e+00,8.195481127131720722e-01,-2.389433326462850893e+00
0.000000000000000000e+00,4.169116271862765011e+00,4.374223285325724159e-02,-8.366799150471051494e-01,-4.886506234287687711e+00,1.326557368916430724e+00,2.980228776874621843e+00,-3.524328727306458742e+00,-9.364824917803908910e-01,1.322601025251383344e+00,-2.112088034304433037e+00,-2.132523804674095302e+00,-2.393677578565359676e-01
0.000000000000000000e+00,2.439844075670645651e+00,-8.474238569371390917e-02,6.212599382446615248e-01,1.382392357964138951e-01,8.873998425065550144e-01,2.529957821460185663e+00,-1.911277584519784689e+00,-4.085243182765497805e-01,-1.950477801779045395e+00,-1.855835693022921618e+00,-5.284234470751720814e-01,-1.043663185327721177e+00
0.000000000000000000e+00,-8.124531090929015820e-01,-1.057986270544533314e+00,1.262237117961017674e+00,-4.937325187631000034e+00,3.858375524501509890e+00,-2.017891242479432190e+00,9.380397102568299728e-01,-2.060955466793320312e+00,9.036943581251599689e-02,1.288014985425318004e+00,-3.850660419759367681e+00,2.030881456917660088e+00
1.000000000000000000e+00,2.209416792705820587e-01,2.073659584632897790e+00,-1.506280862668291753e+00,3.382680446679926956e+00,-3.444199102344458030e+00,4.730317721532677488e-01,1.152279958732947751e+00,-1.385980902856716490e+00,2.089612115996338115e+00,-2.581463400426378563e+00,1.198056682413717322e-01,-6.600289650765069904e-01
1.000000000000000000e+00,1.049321440175181586e-01,4.156596644722868383e+00,2.179944959034997520e+00,-9.047866527745233867e-02,2.327750242744066611e+00,-3.610376142422622170e-02,2.233895055286795328e-01,2.422021829440207608e+00,1.829067099996211532e+00,3.367234644086782858e-01,-9.496229792135725267e-01,-4.371339526798804442e+00
1.000000000000000000e+00,9.173221919516172385e-01,1.643785028267796600e+00,1.535699770008897680e+00,2.483852871904788984e+00,2.309378509090972642e+00,-1.201209245779155665e-01,2.221270485203295841e+00,1.943981302231936770e+00,-4.260581209449809670e-02,1.829212310825883314e+00,-9.476931015212491927e-01,-3.189399140898441232e+00
1.000000000000000000e+00,7.685631978900848704e-01,-1.684524020193217231e+00,6.413786052219117018e-02,2.382871685256711114e+00,1.880152340675752320e+00,-3.622529074959190964e-01,2.455514140158820080e+00,1.679631839889092371e+00,-3.205538514597372490e-02,1.257870555146226810e+00,7.001856451090640032e-01,-1.422025738332645339e+00
1.000000000000000000e+00,-1.787703653528119219e+00,1.093925718382266821e+00,3.970051874425672978e-02,-2.010109834366162126e-02,4.175155026914456613e-03,2.113522843651022276e-01,-2.163732205584193435e-01,3.428284586575711668e-01,-9.989153157310783904e-01,1.677638759656093992e+00,7.823544378205744554e-01,-6.575076501058629841e-01
1.000000000000000000e+00,-1.242609455078731440e+00,2.764843835496171298e+00,2.920026192712042779e+00,5.256320286425403943e+00,7.629885535444891342e-02,-6.225850976346976040e-01,2.591519510092342493e+00,1.611271066199946755e+00,-3.437278254502227348e+00,-5.821219290240300381e-01,-1.252482073164381315e+00,-2.448634073596791971e+00
1.000000000000000000e+00,-1.424329870228946415e+00,6.619846542580234861e+00,1.048024434782528935e+00,5.120598476880022787e+00,-2.794156249041522155e+00,-1.572650991996487058e+00,1.557607076221874554e+00,-6.702097373293086635e-01,1.767786125576051859e+00,-1.239621953793283105e+00,-1.437796145403398285e+00,-3.423735509067930671e+00
0.000000000000000000e+00,-1.542366478618669712e-01,4.437380123531012188e+00,5.574550173284081644e+00,-1.239811154234757629e+00,7.274258417562049495e-01,-2.348017909357427158e+00,1.933017947135869274e+00,-2.946686466619112821e+00,4.213813575210695106e+00,-1.652892975610129600e+00,-4.253919354819725385e+00,1.663080432724177715e+00
1.000000000000000000e+00,-2.409318829620247904e+00,-1.804582831871227866e-01,-2.222132007842630319e+00,-6.377210223103055853e+00,1.149483145125010264e+00,1.322753595260384163e+00,-2.064344214881752571e-01,-1.385206845048048585e+00,2.598679717753029195e+00,-5.832727538956608004e-01,-3.238936730293257016e-01,1.070884790826616584e+00
1.000000000000000000e+00,-1.460624647803591358e+00,6.845598056746899474e+00,-1.757987359377732872e-02,3.596214152627328797e+00,-3.863600987530980468e+00,5.063578292402795000e-01,-4.587973755262443332e-01,-1.187668585563454116e+00,2.623768921483743632e+00,-8.016356393639305633e-01,5.645810801158457348e-01,-3.108440453543369397e+00
1.000000000000000000e+00,-1.023076888115502125e+00,1.569604511866266705e+00,3.057489635721951426e+00,9.370297204741050434e-01,1.120546001423223359e+00,-1.238159241031141722e+00,3.712933615600962911e-01,2.865052155933877742e+00,6.010591341260371756e-01,-4.142181362100878506e-01,1.010515180226827070e+00,-1.818372242599357147e+00
1.000000000000000000e+00,-1.256739649792739666e-01,-1.013146899790450695e+00,4.823207247772648421e-01,7.483421891170620732e-01,1.992686706613500336e+00,6.896093918643926290e-01,3.878366700092067632e+00,1.169866396629438920e+00,-1.146116670289490047e+00,7.816091456323625009e-01,-1.467020618402193222e+00,-1.932626105752045520e-01
1.000000000000000000e+00,1.000661400460745920e+00,-1.306630889058426170e+00,1.020452178997182768e+00,-5.227207185812619006e-01,2.435247955500670969e+00,-1.178796178602585787e-01,3.831012301975382783e+00,4.489576728031864361e-01,-3.879748574400253558e-01,8.211610214803117813e-01,-3.088304188461307387e+00,9.434759950822815266e-01
1.000000000000000000e+00,-1.226537775282856790e+00,4.285740140773628859e+00,8.118329833278357111e-01,4.298903312632269547e+00,-1.072891635020815304e+00,2.208306201535425117e+00,1.224082756849762532e+00,-3.115643366948117166e+00,5.532732288951649480e-01,-1.453701278929853125e-03,6.860543089742889844e-01,-2.430576406294534308e+00
0.000000000000000000e+00,3.194000953453025593e-01,-1.478123927940787619e+00,-5.498784029968861731e-01,5.340283885677040487e+00,-1.754167533220551523e+00,-1.765807477083940924e+00,-1.402643944325088876e+00,-3.410903230778012052e+00,-1.561368316511569265e+00,-1.825679003692167957e+00,1.783889304242606055e+00,6.641669327718391358e-02
1.000000000000000000e+00,-1.288382075846059571e+00,4.677770811090224967e+00,-1.340136431733708999e+00,-2.887316753447003226e+00,-4.596247092279913682e-01,-5.253394711337155965e-01,8.488400599987733219e-01,-2.256630965041567904e+00,4.639068708519991979e+00,-3.745953067492518329e+00,-3.757689683191024699e+00,-1.681731666228550637e+00
0.000000000000000000e+00,-3.152442066375365837e+00,-4.223489976790725464e+00,-3.148005258405944140e+00,-4.769651024724015365e+00,3.031595212247077953e+00,-2.681453748262652592e+00,-8.290733507408147851e-01,7.171439429714945302e-01,-4.706316754237180433e+00,5.603705195609787193e-01,-1.754511890649411043e+00,8.321813475449660880e-01
1.000000000000000000e+00,9.873417837974991507e-01,-1.953920455379198895e+00,-2.344655300718600177e+00,-7.925839259186782115e+00,3.695209812819591377e+00,5.745171360239386793e+00,-2.741887972570988818e+00,-4.754011745402840106e+00,1.348517283166504210e+00,-7.985008115852298971e-01,-2.007683549953983571e-01,1.024700748874368461e+00
1.000000000000000000e+00,-1.380579383593888432e+00,1.171474769392210069e+00,-1.569634602575932680e+00,-7.673130458994716907e-01,-1.055442984179533639e+00,1.421944915459368408e+00,-4.903372953234228504e-01,-8.055601386457000856e-03,-4.911697763549853768e-01,1.169453298094511595e-01,4.861268726962821862e-01,-5.742929279254781472e-01
0.000000000000000000e+00,4.858617354822516887e+00,2.560335815779966939e+00,3.002206686260096014e+00,1.947621004261086197e+00,-2.445499155293568982e-01,3.255732424869789199e+00,4.250348302170467996e-01,1.602932759550335984e+00,-1.874065110740164464e+00,5.705180176691149185e-02,-3.126279416740036954e+00,-7.947802410313190569e-01
1.000000000000000000e+00,-1.509803030605814556e+00,-1.299079475354974367e+00,-3.202374256413143883e+00,-2.595666141033957430e+00,-4.482253151578895478e-01,-3.425779904555295019e-01,-1.203497704796677947e+00,2.424839424846846114e+00,-2.710761115844095848e+00,1.555391540420469898e-01,-3.180352521025575641e-01,-2.103042289857003366e-01
1.000000000000000000e+00,3.969947162019505704e+00,-3.796182492151525256e+00,-6.043369942981344778e-01,-1.774463962360958158e-01,3.057859797019843118e+00,3.620704595704605566e+00,-1.765249203387870836e-01,-4.475011834117306186e-01,1.764570046162582173e+00,1.971513655268140486e+00,2.839258406002510782e+00,-4.803194838591308136e-01
0.000000000000000000e+00,-1.154483974524055823e+00,-7.134138067401510241e+00,6.112693448524694206e-01,-4.186346648077758026e+00,5.847292090522918429e+00,-2.695678027857361325e+00,6.487564548687627664e-01,-8.319235132090406770e-01,3.660866668184989958e-01,2.029290163311141981e+00,1.594536441706422725e+00,2.728622362503230647e+00
0.000000000000000000e+00,1.595101780494946109e+00,-1.159321994072735951e+00,-1.211395013865129489e+00,2.609943721670243022e+00,-6.943208459149208256e-01,1.523196784639891943e-01,-1.075633124476658598e+00,9.090075148128711202e-01,-3.202959714172484151e+00,-2.967257408029810861e-02,1.170749320302462149e-01,-9.927468234897479649e-01
0.000000000000000000e+00,2.528618462572569392e-01,-3.048900277460562802e-01,3.981516301010696868e-01,4.631266311854084883e+00,-2.474659682587950993e+00,-2.402385792484857951e-01,2.792757534350549520e+00,-1.853203752713373564e+00,1.051047349504403927e+00,-1.790067863929849512e-01,8.732226869879147202e-01,1.617574633277294005e+00
1.000000000000000000e+00,-2.802787461481965892e+00,4.713491921901537651e+00,2.446543550065998218e-01,-2.249734699433329155e+00,-8.367157879464812709e-01,1.394595839037165774e+00,-3.152256039731888837e-01,-9.883183457590334342e-01,1.110134760794617259e+00,1.532287223219293004e-01,-9.002722627650283638e-01,-9.963711693552997906e-01
1.000000000000000000e+00,2.774073541568067292e+00,2.973458450190765490e+00,-5.433837120607702964e-01,8.727262790944582349e+00,-1.117359834663323337e+00,-8.487288767026393010e-01,1.746248791235210263e+00,-1.806808742402565837e+00,-3.246662697298432487e+00,-8.606086267361581221e-01,-3.518344272979040621e+00,-4.127824819375996768e+00
0.000000000000000000e+00,-1.659822286141784176e+00,1.763163310556954633e+00,-2.698834816822474725e+00,-4.481931339540166925e-02,-1.356993601601980348e+00,1.549847432370335287e+00,1.375291431906458195e+00,-2.060918580870233274e+00,-4.454777115152493749e+00,1.007702140992526862e+00,-3.808498947076973895e+00,3.095647752063128699e-01
1.000000000000000000e+00,-2.267603763169119269e+00,3.415638179194363744e+00,1.385401536393743527e+00,-2.648333869110242933e+00,-2.757335681053527665e-01,-3.554030584566175932e+00,-1.531607758292965471e+00,8.604977431957843148e-01,-3.324196111729171843e-01,1.808226930187544212e-01,-2.858353946755602948e+00,-2.526987917912287829e-01
1.000000000000000000e+00,3.983263128388970564e+00,-2.812161038974695382e-01,1.046265352602564480e+00,8.962485182158367536e+00,2.852928080455095827e+00,-7.431094020708628456e-01,1.375689822089695369e+00,-1.167450588315079862e-01,-3.747036555476594977e+00,2.016068455660236847e+00,-7.230676836591410916e-01,-5.120637307652068593e+00
1.000000000000000000e+00,-4.292285635237513830e-02,2.719958240170347707e+00,1.291511576273279616e+00,1.105724573562230750e+00,-1.653310849656888903e+00,4.065638358809779085e+00,-1.050415541668095365e+00,-5.156923404938396072e-02,-3.930038665577427537e+00,1.434328107145779629e+00,5.186912750156191798e-02,-8.931262536538320251e-02
0.000000000000000000e+00,1.261674142226717699e+00,1.759187147897033343e+00,-5.273827773481296610e-01,-8.939919822585105535e+00,3.008079480754182633e+00,6.140741129233906470e+00,-2.227602746657318278e+00,1.571053611642758252e+00,-6.090937661280980686e-01,9.737822849351094323e-01,-2.524480942928519767e+00,-6.878162895894784912e-01
1.000000000000000000e+00,-1.931840948017307991e+00,3.530890623900801994e+00,-1.163288848558991839e+00,-2.150771108584986990e+00,-2.791815268587460874e-01,4.389444049801163317e-01,-7.320731764286277921e-01,-1.119433215738535603e-01,-2.084919863650187555e-01,-6.972290366586675336e-01,-1.974764285465313574e+00,-1.887732504784294552e+00
1.000000000000000000e+00,3.271949886730662893e-01,1.636285806377357099e+00,1.337179406161995043e+00,-5.577647142183665530e+00,3.819132721476770076e-01,1.077971085119483474e-01,-2.497564004319996478e+00,1.654525460793343949e+00,-2.275929903377078123e+00,2.328690421641821384e-01,-3.715085550175677209e+00,1.386850716570354969e+00
1.000000000000000000e+00,-5.132219300958207331e-01,5.939081047030571048e-01,-2.309056762715415267e+00,-7.510894313301388903e-02,-2.661185727502124898e+00,2.071330906077852418e+00,6.461004189073873416e-01,2.328147783717850139e+00,-2.703979535715751670e+00,-8.979823947706412346e-01,-8.915581251164361731e-01,1.264959513565981908e-01
1.000000000000000000e+00,-7.194418046657696797e-01,-4.106931114120186965e-01,-4.154538482620412587e+00,-7.737134212159609170e+00,8.676484774957149426e-02,-7.066544635485569881e-01,-2.937019952114757970e+00,8.684204309071645866e-01,3.184813895830072017e+00,-1.657814877370471063e+00,-9.979026376149312538e-01,1.520211629399250697e-01
1.000000000000000000e+00,2.457542502070371171e-01,2.499215884997134651e+00,-3.866602775037923934e+00,-5.102399855339123214e+00,-8.663353949352629035e-01,1.430165661167274171e+00,-2.237184500805001974e+00,-2.092210267579201144e+00,5.240031230337940382e-01,-5.080766973714506918e+00,-4.659899587957574418e+00,-1.029051621935634042e+00
1.000000000000000000e+00,-1.408590095162729261e+00,-2.281158108651055283e+00,-5.622952850902996680e+00,-4.198091302626039578e+00,7.204268011767631652e-01,4.259823845519219443e-01,-1.344644532316946250e+00,-7.895438558689100716e-01,-1.159515563999337751e+00,-2.516402695446640081e+00,-1.129881095451333195e+00,-6.560424777260550622e-01
1.000000000000000000e+00,-7.456799036541740255e-01,1.968130680890378237e+00,-1.351534184305358322e+00,-3.549263362064588589e-01,8.137956338959937419e-01,4.342852318375363119e+00,6.392538593168528571e-01,-4.353870570725508315e+00,1.115921020135189012e+00,-1.211418281262981234e+00,-1.286483571614194243e-02,-1.478168159048730779e+00
0.000000000000000000e+00,-2.041345305948563116e+00,-3.066284576679288776e+00,-7.271320744362701483e-01,-1.205604630704018687e+00,3.772669828187250385e+00,-8.661831189495239336e-02,4.403142595006948046e-01,-1.741896679166781592e+00,-3.004988468575718663e+00,1.134153899857374803e+00,2.520823490800339073e-01,-9.743758465560570237e-02
1.000000000000000000e+00,5.690730648883005616e-01,-2.182592570619745320e+00,-7.952899444612018254e-01,-1.454874896732297973e+00,-1.134193153747903970e+00,-4.035863298232705176e+00,-7.032380994170823740e-01,7.467619363766619944e-01,-1.959232144791339891e+00,1.924271415458212342e+00,-2.500483193986322128e+00,3.176881786215722592e+00
0.000000000000000000e+00,3.224780507817867292e+00,1.564474211821281102e+00,1.075716854185171822e+00,-6.456324200376282185e+00,1.900724384034397918e+00,2.633518311651742216e+00,-2.861826513030273134e+00,1.029906571770762280e+00,9.132210234085871292e-01,1.231471773322502461e+00,-2.833886762279504534e+00,2.721985475750599015e-01
0.000000000000000000e+00,1.901058528051267515e+00,3.241905745734060762e+00,1.091256444607537457e+00,-4.339317170978362448e+00,1.790568436653242834e+00,3.509868202651855285e+00,-2.112565241323245413e+00,-1.367123924946719304e+00,3.210664846403781247e-01,-1.073443706101171458e-01,-2.997999679274959917e+00,-1.018556269057010244e+00
0.000000000000000000e+00,2.348906339917737895e-01,2.861868703490534571e+00,1.886389955073263458e+00,-2.059511653974807288e+00,4.597731808117763164e-01,-2.152113924644210918e+00,-1.142671678430919657e+00,2.817525453101727972e-01,-4.347169270878925573e-01,4.088111224286116396e+00,-3.000582456549367727e+00,4.159614602115859761e-01
0.000000000000000000e+00,-6.857092095769320439e-01,-5.037073209230769066e-01,2.783612464950627530e+00,-3.301448737487637342e+00,3.126829014387186856e+00,-1.895871962369218622e+00,1.101774140889076659e+00,-2.323661438289702730e+00,2.625155926886958646e+00,1.463517726746565994e+00,-1.475079506136874663e+00,2.153409648194656079e+00
0.000000000000000000e+00,-1.457829253422964211e+00,-1.376579153189306348e+00,5.732631716140341727e-01,2.769835374537820694e-01,-8.641717282999374916e-01,-2.880528080070873465e+00,7.189188103609569502e-01,-2.544991090140884538e+00,3.048912715799137363e+00,2.141909202052560524e+00,1.813691408674528383e+00,3.056247540614722258e+00
1.000000000000000000e+00,-4.948859139265471274e-01,1.697603875892574887e+00,2.918063944701834167e+00,3.063506872446020601e+00,3.316852150425100287e+00,5.611648490620859242e+00,2.756855486062743665e+00,1.676660712159552258e+00,-1.275946719601649404e+00,7.554911001430053563e-02,2.558267085700979493e+00,-4.152057295528511105e+00
0.000000000000000000e+00,-2.320484851773609858e-01,3.989859407995355323e+00,2.505010660786746612e+00,1.788993141951140953e-01,2.035534639802826895e+00,8.055171478407556762e-01,7.554589006489242919e-01,-1.679621231369867296e+00,4.299550302227772569e-02,4.595773290912127607e+00,-1.781310075966766604e+00,-1.521544549627533716e+00
0.000000000000000000e+00,1.317857776722183072e+00,3.937499185960185333e+00,1.697451701824311598e+00,4.521571602293549930e+00,3.787787076347715054e-01,6.682443467884705557e-01,8.017689941571399803e-01,-3.910688056741873364e-02,-1.992779510919751029e+00,3.951046235314371380e+00,-1.396001003327762779e+00,-3.155916594296095390e+00
0.000000000000000000e+00,-7.238118129636741394e-01,3.698533600550591438e-01,3.884291536137230993e-01,-2.009221083387750628e+00,1.519665293720609878e+00,2.297057129551516752e+00,-1.021374525668042210e+00,-1.681505614638449941e+00,-1.335346551328907116e+00,-4.203559265208234308e-02,-1.369368469641254471e-01,-1.156620950905005163e-01
1.000000000000000000e+00,-8.536431488258637845e-01,-7.715721083301855243e-01,3.212683381317929854e+00,-2.698819910717841886e+00,2.036610294815805133e+00,-2.657246108924388395e+00,1.048771814437156058e+00,3.076467975838558910e+00,-4.317574860853129470e-01,2.126400457204232985e+00,-1.272535078031567402e+00,1.745317694335286163e+00
0.000000000000000000e+00,-7.555692118631567311e-01,-4.566328923755337277e-01,-7.864016246120366649e-01,-2.062528705950894992e+00,8.230248245254341288e-01,8.943068736013761733e-01,-1.526387078213497173e+00,-2.795256713052559849e+00,1.124614125055907188e-01,3.848677304858697523e-01,4.788645138716731697e-01,6.252111041550409976e-01
0.000000000000000000e+00,-1.916495816401047714e+00,8.551971204512830438e-01,-1.302161199915462753e+00,9.575111245554726036e-01,-1.656900908877223078e+00,-3.795809133665889457e-01,1.062084943806269610e+00,-2.601764180912337299e+00,-1.522543906488660337e+00,1.062169700991885346e+00,-1.225292943618687458e+00,1.246391288099539807e+00
0.000000000000000000e+00,3.466907015974585171e-02,8.151676246440742180e-01,-4.088937847501223910e-01,-4.782495771427844211e+00,1.635339448970828391e+00,6.071366871127312770e-01,-2.705510221721220798e+00,-7.212316221867909327e-01,6.273147052710896787e-01,2.820963054656824287e+00,-5.809492955714502527e-01,5.657367223295595160e-02
0.000000000000000000e+00,-8.382630111404760775e-01,-6.740414139474678601e-01,-1.241956625364521116e+00,-5.496243258795706410e+00,2.117230802890885499e+00,1.611242061015234706e+00,-3.068496596067017190e+00,-1.928716271420867212e+00,-6.233430811861502274e-01,-1.049913314322263425e+00,-4.889358850165842485e-01,1.975633645680046069e-01
1.000000000000000000e+00,-1.939911382449294175e+00,4.302340175477176842e+00,-7.519854613546905764e-02,1.682540677820923536e+00,-1.467415795450535576e+00,9.606980482672607957e-01,-3.141524717970156644e-01,-1.541375091863415259e+00,-2.739697438797898954e-01,-1.800721868933420344e-01,-2.170864821535376521e-01,-2.113450575230669148e+00
1.000000000000000000e+00,-1.962643538914080832e+00,5.636055482241265402e+00,6.617925194259417498e-01,-1.098753270785718383e-01,-1.431346746401142900e+00,-4.796191864422467699e-01,2.050388690386228507e+00,-1.308335232240655399e+00,4.033190944321122018e+00,-1.841823973363138967e+00,-2.345791748476440119e+00,-1.447371019248133717e+00
1.000000000000000000e+00,-2.042891618091267958e+00,-4.573893059124819693e+00,1.033067628140640570e+00,-1.204720458392423366e+00,1.833183078782855358e+00,-1.928542765741937171e+00,2.460721819710601999e+00,3.407418578030607215e+00,-4.029269538056616362e+00,3.108662078137530926e+00,2.987882018309193644e-01,3.004837517027395322e+00
0.000000000000000000e+00,-1.681481110484542851e+00,5.788086339721480122e+00,-6.110610208716149572e-01,-3.923860504101770452e+00,-2.178746078741284453e+00,1.750368398042225770e-01,-1.103020437696759615e+00,2.979148933022451207e+00,3.996622394678671419e+00,3.144523145417006393e+00,-2.432503240967660574e-01,-1.439318028014602735e+00
1.000000000000000000e+00,-7.292329594075528387e-01,1.836481815796803918e+00,-2.813842518076189236e+00,-1.600562936889517340e+00,-4.287753528432121097e-01,4.443433556419957853e+00,-4.624166457283827025e-01,-1.004400768130612187e+00,-2.568486141517861476e+00,-1.408710810571985661e+00,-1.457131253493566092e+00,-1.592428139863616643e+00
1.000000000000000000e+00,1.918854245265176228e+00,1.649227851903545039e+00,1.242112933074987158e+00,-4.641881151680493089e-01,2.112664316579924595e+00,-1.533916466558806757e+00,2.952430232703850965e-01,1.413395424173549131e-01,7.830039387485629998e-01,-2.005595839729585883e-01,-3.500429715097570060e+00,-1.725035243407887053e+00
0.000000000000000000e+00,-9.147787062636203448e-01,3.300581165486473623e-01,1.942957386368674655e+00,-3.520477983069897565e+00,1.292401337521860594e+00,-2.356624977350325167e+00,5.242311272335709038e-01,-1.764314442754083556e-01,2.170701422104385436e+00,-2.179216818384779319e-01,-1.938809462490877156e+00,1.784489419666562604e+00
1.000000000000000000e+00,-1.612651617724322861e+00,-1.150541215688765773e+00,-5.289756458372074199e+00,-9.762724499364130892e+00,2.209573742903303550e-01,2.885438707203917374e+00,-3.763187313748081131e+00,4.649988275568219809e-01,-1.021448392745315736e+00,-1.482529934712177866e+00,-1.265400277647940497e+00,9.837371300618089620e-01
0.000000000000000000e+00,2.684330073695549990e-01,3.378557803041924990e-01,3.093482143569836307e+00,9.574502782053007977e+00,-3.775356778510399192e-01,-1.604760307605799241e+00,1.749729760970655246e+00,-3.092680304281040016e+00,-3.713913562314708372e+00,-1.254200913743404033e+00,3.658194604738500555e-01,-1.271619608468000262e+00
1.000000000000000000e+00,-3.477375982952433997e+00,6.575928145710460804e+00,-8.494828148187184569e-01,-3.619102428089145729e+00,-1.715340075129676123e+00,1.748414219829004468e+00,-2.901867954784685955e-01,-2.280015177303948981e+00,3.487923438688117272e+00,-1.814915524182728834e+00,-1.786653216022681789e+00,-1.400824709041742722e+00
1.000000000000000000e+00,-1.082207134654724623e+00,1.719541858455579053e+00,-4.439457072848004948e+00,1.934946114126113281e+00,-2.090217046337071505e+00,3.579334499087509336e+00,1.000926781168163249e+00,-2.273353939312691807e+00,5.771093994963079066e-01,-2.677450047287099899e+00,6.772680334159695281e-01,-2.476067932072219868e+00
1.000000000000000000e+00,2.008711966278410976e+00,-1.166261103264487398e+00,-7.610604835886258801e-01,3.632100947397906676e+00,2.036907928301612269e+00,3.020402524644801190e+00,-3.314857034653162504e-01,5.185173490172527710e-01,-3.092086624957005814e+00,2.863760234709706420e+00,2.141634385950105024e+00,-3.192989271294575104e+00
0.000000000000000000e+00,-4.693584567937626462e-01,-3.705996049548585525e+00,1.778448698112920390e+00,2.197889590741947341e+00,2.410679403820733313e+00,7.469194634084574957e-03,2.157625419529750843e+00,-4.656372882954093129e+00,-2.613293226327699781e-01,3.517778900376855589e-03,1.449253972604724439e+00,2.345493390676729462e+00
1.000000000000000000e+00,8.064610599820835057e-01,-5.416006301570562620e+00,1.272364047121804509e+00,-1.424794468890569155e+00,1.473914620089307181e+00,-2.448500518374078005e+00,1.460184928669192583e+00,2.950439977836682104e+00,-9.042941128964926412e-01,5.289356582057736844e+00,1.230320215188009048e+00,4.154633005455660388e+00
1.000000000000000000e+00,5.277949401185679790e-01,-7.141396107180840724e-01,-1.544358411956699761e+00,-4.407159780274214178e+00,-9.613329167812864062e-01,7.817930116397713292e-01,-2.437615870319006728e+00,1.806524925534691572e+00,-9.328345736592422721e-01,-1.142219418642499429e-01,-7.478204363033282842e-01,1.459651932678794228e+00
1.000000000000000000e+00,-1.834237905139747271e+00,2.700586145011655059e+00,-1.424663236144712908e+00,-3.682976378935723383e-01,-2.140574396958365710e+00,2.016217121008239133e+00,-8.544760923741059333e-01,-1.988191979102296392e+00,-1.000674698259285123e-01,-1.131704116025974871e+00,1.140242609179920041e-01,-4.051914794558949540e-01
1.000000000000000000e+00,-8.931723150609183204e-01,5.396746028465718936e+00,3.563171885661285287e+00,-1.763386923088690938e+00,-1.996607846652598051e+00,-2.618925522870766187e+00,-2.735901332283896537e+00,2.708399050360558391e+00,-1.097799015502813891e+00,1.590443624599688910e+00,-2.569164983205343589e+00,5.992623121883777770e-02
0.000000000000000000e+00,-1.081559896165105839e+00,1.585693605067111545e+00,4.277988613985790778e+00,-5.990303937959796654e-01,1.640866363048373078e+00,-2.257831262535126005e+00,1.827867654434077060e+00,-3.017530094801967433e+00,1.519408108843689709e+00,-1.581139577529780738e+00,-2.909677085169232846e+00,1.745158959952244349e+00
0.000000000000000000e+00,5.908380456519748414e-01,-1.240629938126680765e+00,3.635791483003732338e+00,2.721685937330949878e-01,9.102196885342342947e-01,-2.447502486239797825e+00,2.735611808656685628e+00,-1.383094567381036422e+00,3.406383110373520484e+00,-1.546894226629387692e+00,-9.210801380825219820e-01,2.952840921398241836e+00
0.000000000000000000e+00,1.316163271111240984e+00,-3.224873661254349155e+00,1.717222345122661809e+00,1.579064618433668521e+00,-1.777938766808058180e-01,-9.318615677148988086e-01,3.043057877018998436e+00,-2.645774014858659484e+00,3.840381952763822770e+00,1.100209529765929117e+00,1.497992521322474957e+00,4.175612096655378025e+00
0.000000000000000000e+00,-9.389893902709577356e-01,-2.608361981663967377e+00,1.036817477862625125e+00,-1.311949681079348506e+00,2.721414021511574965e+00,-1.206497827868976414e+00,1.543717103997653162e+00,-1.336881625265001317e+00,-2.539513619753717144e+00,-1.840503219386810052e+00,-2.416982938778665435e+00,1.586879873980702627e+00
1.000000000000000000e+00,8.479494867473993391e-01,1.183964347372850945e+00,-2.150076404312690759e-01,1.355703411810342374e+00,5.904578641131594807e-01,7.790089319408965984e-01,3.406961941997908028e+00,-1.453773893905330183e-03,-1.092638211576102414e-02,1.456014420605584725e-01,-2.867384276326894188e+00,-9.061444536451898069e-01
1.000000000000000000e+00,1.941845932279893105e+00,-1.184455512984924075e-01,1.425524447100352088e+00,-1.551211376298977873e+00,2.341803104851422290e+00,-2.087691972925482808e+00,-1.647053204664203907e+00,1.717040191338004895e+00,3.552193502642368550e+00,-6.314751938137264098e-02,5.316777267356138648e-01,-1.681138431508395925e+00
1.000000000000000000e+00,1.187551871970985218e+00,-2.224487357769805662e+00,2.217465830794270065e+00,-2.845631804619120242e+00,1.699254797927453264e+00,-4.353941291988327578e+00,-1.785722573588047979e+00,2.481892449785354060e+00,1.116873244686767741e+00,2.309726582305065001e+00,-1.499768740350334584e-01,1.848127746441920127e+00
1.000000000000000000e+00,-8.616297996893071964e-01,2.520088432633388109e+00,-9.666933137829512024e-01,-4.992079718818241751e+00,-6.398810181545395714e-01,1.761232082635909357e+00,-3.537301304586791595e+00,-2.502144419001622877e-01,-5.883546500284120295e-01,-7.872451500864185991e-02,-1.133161601437897792e+00,-6.048330527504675036e-02
1.000000000000000000e+00,-1.301083340761338469e+00,5.578494784128852579e+00,-1.918878258211289545e+00,-3.626022100546186788e+00,3.789068675893250138e-01,1.939002983348273368e+00,-1.368638061605094158e+00,-2.509267881788204591e+00,1.537990757235478512e+00,-2.747747387507793349e+00,-3.665194422229290705e+00,-3.295013380467226582e+00
1.000000000000000000e+00,-5.389544808185942060e-02,-2.335118104474926959e+00,2.279510375807598521e+00,-3.358588501873835397e-01,1.167530467756230150e+00,-2.950969064629050287e+00,-9.466220342910247609e-02,2.525160091505928239e+00,-3.146865248794648906e+00,3.408121744563494371e+00,-4.028407944985226141e-01,2.070556848543528616e+00
1.000000000000000000e+00,7.261110627427131980e-01,-1.500142027776943721e+00,2.423491394924978781e+00,5.404257433783579145e+00,8.586238803733394764e-01,-1.142580565274850635e+00,2.201871732491642142e+00,1.440559191597056143e+00,-1.535649569976327733e+00,6.224063803949131390e-02,1.436371670153678171e+00,-8.885123588936709726e-01
0.000000000000000000e+00,-9.191611758801241372e-01,7.249166999335880490e+00,4.687342693800040649e+00,1.027578614712216121e+00,-2.648865261450709330e+00,-1.685551572013652244e+00,2.105813342099147611e+00,-2.403584137990023795e+00,4.491901091270994684e+00,3.754595236579069129e-01,-3.243101652538374680e+00,1.207051444298426146e+00
1.000000000000000000e+00,3.565371963319174498e+00,-5.352171363740684917e+00,-2.325649552335093961e+00,-2.920344264102531784e-01,2.340366612318377726e+00,3.080811026202212588e+00,4.565795199189868203e-01,-4.349934197887328491e-01,1.594827881113281443e+00,1.879183438913646143e+00,2.970958122567223914e+00,4.598872902216202263e-01
1.000000000000000000e+00,-6.512229698449911730e-01,6.087170058522286986e+00,-5.024451173668171844e-01,-6.870411698882617380e+00,2.653289765858035665e-01,-2.916149112468652937e+00,-4.710097148563551883e+00,2.093970141378364236e+00,4.893389508694665491e-01,-1.421656822647188179e+00,-5.717066554802408440e+00,-2.925385045839127063e+00
1.000000000000000000e+00,1.649985113288066518e+00,1.139609911832112132e+00,4.379881618007008814e-02,-9.766790913291110154e-01,7.295609921851970991e-01,-1.255435270866164910e+00,1.615178442145225546e+00,-4.296512462302357616e-01,5.926381569349243872e-01,3.430671611928415299e-02,-4.546433404619410368e+00,1.424921791367665946e-01
1.000000000000000000e+00,2.535625946957630994e+00,2.212811521576652840e+00,5.448497232496088971e-01,3.980754821241336838e+00,1.040900831491661238e-01,-1.043735433841281424e+00,-3.920131405834879068e-01,-5.343782178944480599e-01,1.269136165395635896e+00,-1.817938742778068661e+00,-1.019731019733822519e+00,-3.432093789994851818e+00
1.000000000000000000e+00,-2.037300090136933139e-01,-6.577460107449627225e-02,6.834987428113381558e-01,4.339303635922530766e+00,5.752010783080994116e-01,-1.555611464214200490e+00,1.629873786230057853e+00,2.368303816825096497e+00,-2.722762146444437814e+00,2.086543183508106303e+00,3.155551676491634705e-01,-2.047002747554495627e+00
1.000000000000000000e+00,-7.277750023162272708e-01,3.247123687964164063e+00,-9.169058215130332368e-01,-2.296369728409607625e+00,7.114282260007276371e-02,9.803619192868487930e-01,3.755006148658810439e-01,-8.207161915874940927e-01,6.578313668161344108e-01,-1.987159881415330842e+00,-3.273755068522707923e+00,-1.392521289316641653e+00
0.000000000000000000e+00,-1.853729360213816513e+00,5.527709151779601759e-01,-7.389783130160090252e-01,9.188115661840912551e+00,-1.227226216980441986e+00,-2.283784653035658252e+00,1.237474641673206310e+00,-4.495414137430875812e+00,-3.659610160137020340e+00,-1.676726245878731980e+00,5.669203904402666527e-01,-2.457522201142988472e+00
1.000000000000000000e+00,7.993986240672075194e-01,2.017146207899588539e+00,-2.036105461437414554e+00,6.523140477614737698e+00,-2.760015918869977547e+00,5.816115343049057529e+00,-5.931884008996377577e-01,-4.846095665079195314e+00,-2.032801487596511247e+00,-1.357726606807018621e+00,2.677492746089816134e+00,-2.396436662400530881e+00
1.000000000000000000e+00,-2.023852310178009706e+00,2.896974972437581730e+00,-1.615253889305542589e+00,-1.633041409217805162e+00,-2.033265308822163497e+00,9.195676212173956587e-01,-5.756317221208424595e-01,5.830362537598832162e-02,2.373504168649681390e+00,-1.793893484686007733e-01,8.193955212672807686e-01,-7.663801656507223115e-01
1.000000000000000000e+00,-1.524081385111703657e+00,1.753033567098497114e+00,-3.953817267652769196e+00,-2.253602637240750273e+00,-1.893151690544979893e+00,2.801388213208560352e+00,-3.309459770867829054e+00,-4.436964407527272947e+00,2.605360445950139159e+00,-2.060314128311828696e+00,2.050086674088180239e+00,-9.189270136234511943e-01
0.000000000000000000e+00,1.122444436117869593e+00,2.033168386306665631e+00,3.636688802640099194e+00,-1.380105609688519808e+00,1.372615281344822913e+00,4.556372225090492556e-01,2.655142392814496155e+00,-2.428080773681129845e+00,2.967527552875526720e+00,4.235573749145048472e-01,-3.165523502928805577e+00,1.928333408044701658e+00
1.000000000000000000e+00,1.293705368910705866e-01,7.717608945591448055e+00,2.896689304317034530e+00,2.285401354697161214e+00,-7.847177090779471342e-01,-2.461182018177456410e+00,2.322768536066864620e+00,7.974942646048444050e-01,2.836601781985375936e+00,-2.334831096728306132e+00,-5.237739075985851755e+00,-3.619884766780482988e+00
1.000000000000000000e+00,3.253954573795784011e+00,-1.535636658590808556e+00,5.078188194531008115e-02,7.657134138190958561e-01,3.807002425670246160e-01,-2.596062296969575467e+00,-2.545357357783099683e+00,-8.418004824844766976e-01,-3.357890036026397240e+00,2.339378864175132300e+00,-2.629554936164672618e+00,9.160557088453460395e-01
0.000000000000000000e+00,-1.446403227563466398e+00,3.275325787546722989e+00,9.841673267414714488e-01,2.985596954856597041e+00,3.697494640490837092e-01,1.099379765901765671e+00,4.633859236587802855e-01,-8.249445890160571615e-01,-3.004218377766798120e+00,2.747419430009590435e+00,-3.773030898622474760e-01,-2.453854546909158607e+00
0.000000000000000000e+00,-6.007389898459785105e-01,2.353109772197951255e+00,6.929520409048754992e-01,-4.326039001969280484e+00,2.896927855868020707e+00,1.114932764467614357e+00,-2.459285318724818037e+00,-2.300076629465532818e+00,6.791271183524787425e-01,1.305660253726235842e+00,-1.315498550868452021e+00,-1.333806314062339293e+00
1.000000000000000000e+00,3.112117337986969101e+00,-3.214099009187125322e+00,-1.080569597330547360e+00,2.816022634350376475e+00,-1.200121708296646439e-01,-4.422633664590044589e+00,-1.603468955455580769e+00,2.481026838181413785e-01,-2.350174935811602417e+00,2.969489630309841033e+00,-9.043080178215933129e-01,6.638982763558451961e-01
0.000000000000000000e+00,-3.236954293854295006e-01,2.178447910505656310e-02,-1.911612256089618711e+00,-6.563955960200887674e+00,3.249751193883856804e+00,9.568874482182634367e-01,-4.853456986796880201e+00,-2.086655380937201265e+00,1.020546241220928074e+00,1.231852292844098029e+00,2.318449956195698380e-01,-1.382089531124786275e+00
1.000000000000000000e+00,-1.921119924739732809e+00,4.760528754256887929e+00,-9.923768349414548995e-01,-3.154246910045719332e+00,-1.932615833730136234e+00,-1.920790843897437927e+00,-1.778174730005816606e+00,1.405722874123612964e+00,1.150574068817544759e+00,-1.387628872277240522e+00,-2.840555581550304520e+00,-1.471704383899038016e+00
1.000000000000000000e+00,1.850631247078986963e+00,-8.105631190460206303e-01,1.309438459104098396e+00,6.457822870276223703e+00,1.105616160656804459e+00,-2.682101665738868768e+00,2.950669798664575794e+00,6.081277634165287438e-01,-3.838941424823257620e+00,2.062346627313699443e+00,-2.340661047240831572e+00,-1.353324077097546319e+00
1.000000000000000000e+00,-1.738104860048658162e-01,-5.006112875372015214e-01,-4.443143772763530563e+00,-5.856780384452510368e+00,-1.138482731547405979e+00,5.822223148941471749e+00,-1.903192657290750933e+00,-1.706765471627056163e+00,1.138684359829754467e+00,-1.817020683103026002e+00,7.542171237985053622e-01,1.098165546717339236e+00
0.000000000000000000e+00,-1.871514367700275905e+00,-5.281988320021711036e-01,-1.324772674865948296e-02,5.682955444215183338e-02,1.376373370317937272e+00,3.693924807172948022e-01,6.820397402371205509e-01,-5.279001937522665777e+00,-1.279449963227116793e+00,1.337570007102530045e+00,-5.466651230304241382e-01,1.380596638442608937e+00
1.000000000000000000e+00,-9.165897899796742188e-01,3.523073111463337348e+00,6.038357973679897572e-01,2.125644361132982940e+00,-3.592436142790655929e-02,-8.573017074127060599e-01,3.982879467375100901e+00,6.428987413972990783e-01,-9.650927720856458114e-01,-1.318269759787630502e+00,-4.552641541468602782e+00,-1.885429467455165042e+00
1.000000000000000000e+00,-1.478166066892768082e+00,1.863828394875576722e+00,9.407639873785101914e-01,9.189484818729516391e-01,-6.966130394796876679e-01,7.745003946968060937e-01,6.884838923813918488e-02,2.548911867902754036e+00,1.370705964317893155e-01,3.963916701772107753e-01,2.022621553962597130e+00,-1.582760235956113704e+00
1.000000000000000000e+00,1.224165824747712961e+00,-4.545303434830038070e-01,5.689391310216710407e-01,2.719641845936801250e+00,-2.270722545265737580e-01,-2.078554896816399822e+00,5.529132533647668213e-01,8.909100476792051193e-01,-2.180571999203158029e+00,2.079684716053912474e+00,-1.218101849536970205e+00,3.786152978264345492e-02
1.000000000000000000e+00,3.630957325402438762e+00,-3.470675257908824918e+00,-1.540656948186718722e+00,-2.105615193344783531e+00,2.883598192739854404e+00,2.902085326782164465e+00,-1.266699083685398630e+00,-2.739612389666179482e-02,2.047595970580813773e+00,2.556928176516310547e+00,2.325926365825587983e+00,-4.271166391092420245e-01
1.000000000000000000e+00,-3.156744010198141659e+00,2.331664960126847319e+00,-7.562992567742040650e-01,-1.990771975222693335e+00,-1.606467990076732022e+00,3.494040562766683733e-01,-1.623564993129082534e+00,3.326534720453711014e-01,3.287486702326765098e-01,1.530445047048540008e+00,1.646315145478587372e+00,-1.298652427816326949e-01
1.000000000000000000e+00,-2.630726046653410144e+00,6.391681648070115074e+00,1.498700462692341251e+00,-6.027710044025028857e+00,-1.071872295193175839e+00,1.093175247613160650e+00,-2.250036387312443154e+00,-1.396974824683459016e+00,4.518473507894356089e+00,3.567316373959250608e-01,-1.007211166020715698e+00,1.194868165247899849e-01
1.000000000000000000e+00,6.981492335851604558e-01,1.003405848148292145e+00,9.040775846609169220e-01,4.128749770252635898e+00,1.792313771203871253e+00,3.236112558712602727e+00,7.645089738523504153e+00,-6.199785366817205379e-01,-2.208744522424866297e+00,2.407398046022860560e-01,-4.057995428221438772e+00,-1.018519107300390969e+00
1.000000000000000000e+00,1.195626423671597660e+00,4.629517345712947374e-01,2.329468568374116089e+00,2.335569336406396967e+00,2.090868294533924754e+00,2.761916892408319502e+00,1.852629279044455402e+00,1.010555958226603046e+00,3.839704569935795675e-01,5.475462937349904191e-01,1.447659670788236319e+00,-2.001698551964036898e+00
1.000000000000000000e+00,2.062729623845843685e-01,-6.905921448631913151e-01,5.799489154578196803e-01,2.709193657923544052e+00,1.025226263482715172e+00,-1.550478994886828721e+00,1.520640428976808955e+00,1.880025374328869292e+00,-4.724647429113901786e-01,5.489719212707997453e-01,4.267026482787013020e-01,-1.547128423844172262e+00
0.000000000000000000e+00,-3.265472835482703395e-01,-1.939341483123736332e+00,2.953691482854284622e+00,-1.767626660835437846e+00,1.850834838459688214e+00,-3.145140856715134881e+00,1.503420500304291973e+00,-2.843615282972685065e+00,4.672789703213131141e+00,2.375261685980488036e+00,5.737158800171486828e-01,3.786540317789262033e+00
0.000000000000000000e+00,-3.233323399014346400e+00,-7.083701795631789366e+00,-2.277975849207772630e+00,-4.916365143585780473e+00,3.242394421175090358e+00,-4.639334624717897704e+00,-1.870930586971387033e+00,-7.094144562961665068e-01,4.056389230717926120e-01,3.418102263986776190e+00,3.468861772719705527e+00,3.077308935589786909e+00
0.000000000000000000e+00,3.042952335650357831e+00,1.765876307439168791e+00,-3.517731364354550472e-01,-9.173575576260825315e+00,2.086110224951707171e+00,1.773766048499694215e+00,-4.786751517009316892e+00,1.243070277538151025e+00,3.180079393567713630e+00,4.544117514368112509e+00,-1.665117123449575187e+00,1.957484441505126238e-01
0.000000000000000000e+00,-1.130938774571048633e+00,5.958291518331130021e+00,-2.438598354737473883e+00,5.565844448833937586e-01,-3.976163928081771992e+00,2.288088393185096603e+00,6.771527823149767755e-01,1.730609201782542961e+00,6.346863339659175596e-01,3.836960579643491354e+00,-7.525731506011312799e-01,-1.990190485485377359e+00
0.000000000000000000e+00,-3.986546289836169210e-01,1.114822041154368976e-01,-7.025940038191009762e-01,2.936469520434344727e+00,-3.271825348404615141e+00,-2.431764644739069503e-01,1.826683489796492088e+00,-2.434668626947853465e-01,1.568288419820393020e+00,1.550509302954549584e+00,1.757819600565909912e+00,1.604547071327600216e+00
1.000000000000000000e+00,-2.899824288960508145e+00,1.731355449320276518e+00,-8.515630906546297618e-01,-7.571013471031227127e+00,1.206291359651560757e+00,8.105103876283966668e-01,-1.791182832379110357e+00,7.702811470819626027e-01,-2.414056649973626012e+00,8.878917588293777641e-02,-3.323182127595451618e+00,6.717621364590737887e-01
0.000000000000000000e+00,1.614590858149921093e+00,1.636463988814614412e+00,1.414572351724086019e+00,-6.242469823692254671e+00,2.689307344425877488e+00,1.725271727089747742e+00,-3.395696043669408581e+00,-1.577840299524975176e+00,2.448944991058274123e+00,2.032245961589056460e+00,-1.143056904663791062e+00,2.128994968250681463e-01
1.000000000000000000e+00,1.599432426677717789e+00,6.378851077301306294e-02,1.872962642191398519e+00,1.565465292715376988e-01,3.817629223099403557e-01,-1.872559320995130561e+00,-8.804079184925652779e-01,1.664491536942719563e+00,-7.488818303456905578e-01,3.704827671849900916e+00,-6.091461398100763702e-01,6.240072221586174805e-01
0.000000000000000000e+00,-4.822638421147459331e-01,2.150589164812117371e+00,4.910066520249563027e+00,-4.198324159775913778e+00,4.027020430170660248e+00,-9.568971314174268272e-01,1.267217200027094481e+00,-1.887449247560189614e+00,4.215923433664004349e+00,1.722043070716129609e+00,-2.097496810692033975e+00,1.076333589719413286e+00
1.000000000000000000e+00,-3.883789667046435579e-01,3.334420937731104484e+00,-3.511239739939080007e+00,-2.946423462323126685e-01,-4.755352728293130715e-01,4.372499148622139842e+00,2.286192873280140425e+00,-4.646467237953473273e+00,4.210100109080083364e+00,-4.428693408669000853e+00,-1.592027327698529504e+00,-2.553563508587089359e+00
1.000000000000000000e+00,1.578062570586131752e+00,-1.401818085650718082e+00,1.913558334980122178e-01,3.262790908091034670e+00,-1.583591982811383136e+00,-5.031729770126317725e+00,2.178932408181212921e+00,-4.635368404024353683e-01,-3.616978808782766119e+00,1.320795295445432060e+00,-5.049472807323887480e+00,2.790536434309331959e+00
1.000000000000000000e+00,-1.554886136956231457e+00,-7.243638552948598874e-02,2.102959431508999444e+00,1.337100414754005318e+00,2.793562801729045475e+00,2.569526291930207318e+00,4.325813766393512338e+00,2.713179301473977567e+00,6.775969458459569772e-01,-4.470601195707726294e-01,1.875766495317920501e+00,-2.041458588255476325e+00
0.000000000000000000e+00,4.464430038390791111e+00,3.280856377342518559e+00,3.903915756422761341e+00,1.006468631784535361e+01,-5.875006840379812800e-01,1.681687432880206723e-01,1.604977463180979225e+00,-1.408714541541548737e+00,-1.163422896523737871e+00,1.395965016364463906e+00,-8.574554714319199133e-01,-3.096513297834476042e+00
0.000000000000000000e+00,-3.102207177762884571e-01,5.548395502998415552e+00,2.481851274736639024e+00,-1.151218167759889388e+00,7.498843366940621813e-03,2.063158643016335780e+00,1.446949673121561863e+00,-1.620637708926452980e+00,3.997528914040542336e+00,3.304728399963902774e+00,-1.125112503291916699e+00,-5.006697968263811305e-01
0.000000000000000000e+00,-2.548365367698158579e+00,2.395637160902788665e+00,-1.588806357312673168e+00,-3.549880330011061957e+00,-1.316080839938341907e+00,-2.570654883248400857e+00,-1.370175778817260603e+00,2.999128042433700347e+00,2.467650630799870015e+00,2.869504923049240208e+00,4.630443714121263987e-01,-6.693296926363030419e-01
0.000000000000000000e+00,1.729494520292937931e+00,2.559248500809835569e+00,1.538749048158439603e+00,3.560574789127439743e+00,1.592103859574800495e-02,2.929704034297825332e-01,-2.741597736940727392e-01,7.209028824824346149e-01,-2.204526414323474626e+00,3.098172485431506917e+00,-8.662303243213060888e-01,-2.216089265097558325e+00
0.000000000000000000e+00,-8.592201811038795434e-01,7.804299833079921811e-01,7.005349965841147775e-01,-3.502924630975955189e+00,2.520673250774925656e+00,1.798598181583384914e+00,-1.368319411959883158e+00,-1.208790638252263738e+00,-7.800176136652875458e-01,1.523907674896455511e+00,-4.539397250649532811e-01,-3.638066823741686884e-01
1.000000000000000000e+00,9.317526524021915169e-01,1.348267009606241018e+00,3.552465187668130131e+00,5.267527683956999773e+00,1.185275312339992837e+00,-1.793782443339279720e+00,5.484583455239522287e-01,1.997763543453293433e+00,-1.522673655842120333e+00,1.125562514634467659e+00,6.401173018812569282e-01,-2.784130368456088966e+00
1.000000000000000000e+00,4.509435091643638760e-01,3.540086869294901906e+00,1.211252526631673820e+00,2.578186709936712173e+00,-8.537149539370115781e-01,-7.845000166902857952e-01,-1.479493747550334248e+00,-1.244530136863375436e-02,-4.229348559324090928e-01,7.131558347708035761e-01,-4.422984493349225721e-01,-2.421028518425715426e+00
0.000000000000000000e+00,-1.693239467835617962e+00,1.209570221113463351e+00,1.145136181079908777e+00,-3.615618493362424690e+00,2.757907561794863405e+00,-5.342890436282775601e-01,-1.830798740227230770e-01,-1.792957286274484696e-01,2.413882724355830511e+00,3.233258141887980663e+00,3.366949453795329283e-01,-5.012049551867192587e-01
1.000000000000000000e+00,-3.642313112733781555e-01,-4.721382961627105246e+00,2.121766249607516919e+00,-9.234871341047173887e-01,2.969799225071693805e+00,-9.304325173611627253e-01,3.478466042553291171e+00,2.772941737769080373e+00,-3.633854137691945319e+00,4.641288051331716957e+00,-4.517815989598336079e-01,3.358346155256062282e+00
1.000000000000000000e+00,-4.594632564173197764e-01,1.841636876210969387e+00,-2.308265839161907529e+00,-5.264811145929621183e+00,3.230024866759466651e-01,1.457325111736770706e+00,-3.660440076908278328e+00,-1.194540773071081752e+00,-8.601434270418171213e-01,-1.479811102501215947e+00,-2.241078391992059160e+00,-9.260516929284865473e-01
0.000000000000000000e+00,8.405162068841931511e-02,2.324456441058417866e+00,-5.717916796215849473e-01,-5.569480444137693276e+00,6.161336963596328875e-01,-2.971860771473890939e-01,-2.935456007599466233e+00,9.525159536175276109e-01,-1.597579007805574047e-01,3.476717276249603028e+00,-2.439455137585943678e+00,-1.197708456840751445e-02
1.000000000000000000e+00,-2.702587943407811277e+00,1.718107412823594693e+00,-2.223743310147075380e+00,-5.545409189370731795e+00,4.303816333420806828e-03,2.865878920031935451e+00,-3.053512876146659227e+00,-3.952297207727666351e+00,2.556794518579523334e+00,-3.307058659905786069e-01,1.498891026841769669e+00,2.740934026679398006e-01
0.000000000000000000e+00,2.273733456849337031e+00,-2.466707628646405137e+00,3.068025345890582622e-01,-1.454395810836797409e+01,3.805696401194078593e+00,3.971900349956380527e+00,-5.059439487059343321e+00,-1.811579291750639475e+00,5.127386776488733311e+00,3.604865473185971947e-01,-3.968989833283528279e-01,4.529578098721193768e+00
0.000000000000000000e+00,-1.859921613200412605e-01,-9.694010739040882785e-02,2.024865443957492683e+00,1.873516030442384572e+00,-1.143296318997107264e+00,-1.797591881963017446e+00,2.683891248830044152e+00,-2.741358116545970169e+00,1.451377816611202354e+00,4.965220904779321653e-01,-1.148651210943013146e+00,3.197407377340076184e+00
0.000000000000000000e+00,1.196503943953649785e+00,-3.741987166272286558e+00,9.316506184694489656e-01,2.551159838993465989e+00,3.980932602650936181e-01,-4.846102904443442272e-01,3.034142670185453916e+00,1.305922308691549460e+00,9.508612148900619232e-02,-2.649491841215309229e+00,7.553289779025016415e-01,1.391628740084872362e+00
1.000000000000000000e+00,8.535614823628239201e-01,2.423519085372098480e+00,-1.871132165632706235e-01,-5.479353318297963682e+00,-8.114746016901575043e-01,-6.642493447646669047e-01,-6.806535118154643627e+00,-4.595763717882737076e-01,-1.758237713179360728e+00,-7.585580667728774040e-01,-2.518791710117675109e+00,2.147748407661085324e-01
1.000000000000000000e+00,-1.910098880654432341e+00,1.713427669806183662e+00,-1.591469663576569715e+00,-2.118046444937569550e+00,-1.071940048861242945e+00,2.040934901356568076e+00,9.077260787771361805e-01,-1.384576443955846115e-01,1.586110365969121583e+00,-3.643927941765850997e-01,1.527986040028970205e-01,-4.128841628278379083e-02
0.000000000000000000e+00,-1.565203094427822128e+00,7.999902406853278691e+00,1.409557871943421414e+00,-1.534637457128082083e+00,-2.750111188314643407e+00,-7.771518824612886345e-01,1.256620610044953956e-01,-7.033559659950585630e-01,3.284094564771716573e+00,1.216645127167217844e+00,-3.487249876033192475e+00,-7.804921076474948816e-01
1.000000000000000000e+00,3.024252789534958907e+00,4.684379121849977068e+00,1.324474625482682688e+00,3.200503476643584477e+00,1.494156064131279660e+00,-2.969057920102663450e-01,1.973678947625566060e+00,-2.255766599742718537e+00,3.401173461727646785e-01,-2.986237307440410937e+00,-6.309166750164415305e+00,-3.934923289756827369e+00
1.000000000000000000e+00,-3.483166600445994465e+00,2.637966156025376652e+00,-5.550692390222666805e-02,-2.789643429664591334e+00,6.746057909761360438e-01,3.690726825680904488e-01,2.054986834793877115e-01,-3.535661084978606317e-01,1.707425672144595952e+00,1.637560438008398123e+00,5.650891878223387454e-01,-8.282689480816523009e-01
0.000000000000000000e+00,-8.567041539199188316e-01,-1.315507535019814211e+00,-9.796110990982953570e-01,-2.234991481358650223e-01,7.025646376484739886e-01,7.198635005086804206e-01,6.323398093313484791e-01,1.123941796629052803e+00,1.149531865841799450e+00,2.389802403875128434e+00,2.810896137475464851e+00,-3.858603719809583499e-01
1.000000000000000000e+00,-8.427179928592720692e-01,2.011255419210405293e+00,3.847990445036217011e+00,-2.729574335627979131e+00,1.020732612610617762e+00,-2.563327698772702501e+00,-1.166994867909865174e+00,2.860401068787847834e+00,9.974343111984902421e-01,5.232153409719666470e-01,-8.324236487064223811e-01,1.922736729678755641e-01
1.000000000000000000e+00,2.175954097299299228e+00,-4.893270531848630256e+00,-7.605532727757944311e-01,2.669018402874705043e+00,2.388795365101663570e-01,-2.872628194392176759e+00,-1.745515250216169267e+00,7.434936816859947228e-01,-3.587265465707614620e+00,3.011974544764957518e+00,1.409304758132459146e+00,1.338463085477738623e+00
1.000000000000000000e+00,-4.267333419119614391e-01,1.433308616441329120e+00,2.401927019825797593e+00,2.407851239943946009e+00,8.613213646133250911e-01,-2.326640447582361659e+00,1.119361682794646207e-01,2.416179821961673024e+00,-2.073478630533331035e+00,1.034028346578875546e+00,-5.691191186523120171e-01,-1.914882928445697186e+00
1.000000000000000000e+00,-3.747116388003473020e-01,-1.824959664803094794e+00,5.163333716723446098e-01,4.251166129326942489e+00,-6.948283736771587726e-03,-3.188955975563962486e+00,2.654106353183383504e+00,1.315640820054462257e+00,-3.074602398796786318e+00,-2.215302466678319426e-01,-1.153111519548427832e+00,1.144838284664075889e-01
0.000000000000000000e+00,-6.585352309579665109e-01,4.921563457769129180e-01,4.769633242567241638e-01,-1.331456121957222738e+00,2.052132828548705490e+00,1.784729171685237592e+00,1.221988034598004091e+00,-2.227069469629936904e+00,-1.135509205959484902e+00,9.238294701359949235e-01,-1.723722148592699233e+00,1.662745742136580995e-01
0.000000000000000000e+00,-1.442785901892279732e+00,-2.754909529222798525e+00,-2.925086350546879821e+00,1.020135392270854480e+00,-1.460620749459266232e+00,-2.713886618250126448e-01,7.252765398059890511e-01,1.975463732413994311e+00,5.981134041898217291e-01,2.890947805332665599e+00,4.147440765414882158e+00,5.621262546807570537e-01
0.000000000000000000e+00,3.403445702525468297e-01,2.342996706556911946e+00,1.761651876836813013e+00,-1.326229260799274723e+00,1.675946216938049460e+00,-2.173126756294314177e+00,-1.917302643453528965e+00,2.201921389231931148e-01,-1.700018988090568062e-01,4.807741430858897047e+00,-1.403397232247545645e+00,-1.021017523983818398e+00
0.000000000000000000e+00,3.207145461970901668e-01,-2.734135385461359036e+00,2.641110738736614394e+00,-2.716464758822207948e+00,2.284707886685476197e+00,-2.359276896225556364e+00,1.899282275165287803e+00,3.127255592191637845e-01,2.620817675198131802e+00,1.263332375862129098e+00,-4.940265485937956891e-01,3.301703923521130957e+00
1.000000000000000000e+00,-7.152640470386901761e-01,3.331107348085274200e+00,-1.301821115247201677e+00,-5.298661104447857095e-01,-1.902323129952748548e+00,-1.771467179654102608e-01,-5.583189325442083906e-01,-1.158181792417570577e+00,3.855809840658090959e+00,-1.599074909463384264e+00,-1.674849181014153032e-01,-1.317315268324731115e+00
0.000000000000000000e+00,-1.507631038739416507e-01,2.246067928703117556e+00,-3.961569985702049213e-01,-3.368136853515085183e-01,-1.225252107272231328e+00,1.611210070046272147e+00,9.072687225748693463e-01,-1.802861970378620171e+00,1.695150461654464813e+00,1.460086967304358607e+00,-6.411557643825120945e-01,5.158870369380353926e-01
1.000000000000000000e+00,3.095550222157133380e+00,-2.013727559487651142e+00,-1.141850297106771883e+00,-2.704846860395229147e+00,2.274197686335101665e+00,3.325418662593651042e-01,1.010535287544470862e+00,-7.626797396653077765e-01,3.193642570926064295e+00,-2.038035698481066582e-01,-1.907640439640028607e+00,5.104046150501124757e-01
1.000000000000000000e+00,1.930742986262715677e+00,-6.161214243787778599e+00,-2.027188601394141365e+00,-1.678718626159871219e+00,2.755525959482397536e+00,2.180303498652174099e-01,3.617608334084557509e+00,-3.887425284989420859e-01,-1.207761869672510313e+00,1.637281436292583825e+00,-1.961401719795085707e+00,3.079238176157683249e+00
1.000000000000000000e+00,1.199584723492284066e+00,4.957747302246666266e+00,-2.810849081897897506e+00,4.678534122844387966e+00,-3.193733828114056816e+00,2.259310919527693251e+00,1.707665683484942853e+00,-2.359965302564896561e+00,1.834673229182759879e+00,-4.909744301024030477e+00,-2.419097268403429979e+00,-3.963680306228407169e+00
1.000000000000000000e+00,2.210108023728319271e+00,-3.265114208999051026e+00,1.336217430758246394e-01,-4.791281047339805421e-01,2.077415570858304861e+00,-1.322372344165885005e+00,1.707647477742006092e+00,-3.645369368294326673e-01,-2.160510177500614137e+00,1.856761901627401290e+00,-3.077643625471640387e+00,2.092660895154065948e+00
0.000000000000000000e+00,-1.299714632422300342e+00,2.198048614460097472e+00,-1.479611678198400782e+00,-2.418170762262648932e+00,-2.142497033224361580e+00,-8.522821979876433751e-01,-3.993965447414244974e-01,2.812225996587254251e+00,2.620316436323851583e+00,1.667060856968050508e+00,4.095297080380735366e-01,-1.983399462390234014e-01
0.000000000000000000e+00,-6.626573186318696074e-02,4.088804556720204708e-01,-8.680405994021889171e-01,1.655191749346432761e+00,-6.599925224753131481e-01,1.537817426648155017e+00,-6.801694541450452602e-01,-1.764752873247588116e+00,-2.243527048017227798e+00,-1.044862406194189131e+00,-5.847930614366414481e-02,-6.853857836300842887e-01
0.000000000000000000e+00,3.046496119987383455e+00,4.113007776074830701e+00,1.457166384785497204e+00,-3.888256821694686255e-02,8.840053922788081442e-01,1.667632033911642608e+00,-9.915643143871648579e-01,-4.777233770334976537e-01,-3.700532280803945362e-01,5.910031120650127701e-01,-3.709531854578418830e+00,-2.405985800270807218e+00
0.000000000000000000e+00,7.465328782850040312e-01,3.631027555754631653e+00,2.166054599810917303e+00,2.222388129743951612e+00,-2.725161033052005521e+00,7.818858324282151884e-02,2.277477737194434582e+00,-3.668665626856709716e-01,5.043893677381017682e+00,1.042517933755278792e+00,3.032388844613991274e-01,7.317276554857176096e-01
0.000000000000000000e+00,6.143266013309309770e-01,2.241324487462148074e+00,-4.322234672802656164e-01,-3.132091614338067265e-01,-4.693816008680884444e-02,1.884771571192363604e+00,-8.393282962734629482e-01,-7.482141062238898410e-01,-2.241230691659757968e-01,2.860225344959256510e+00,-3.974434748570848663e-01,-1.099499893120487792e+00
1.000000000000000000e+00,-1.577613009693445534e+00,3.702413381942976756e+00,-8.602814527086869445e-01,-5.991326845102932452e+00,-1.397772621609161270e+00,-1.535315416906797736e+00,-4.367464508724403061e+00,-3.277504667749453482e-01,2.260573109886391485e+00,-1.012894581809348660e+00,-1.688820949645754244e+00,-8.060176218716796903e-03
1.000000000000000000e+00,4.892522629697250380e+00,-7.948681657809266721e-01,-1.168339018336443047e+00,6.890830937109791776e+00,3.363784310836914759e-01,-4.972028310884767377e-01,6.904012373622220311e-01,-2.489818874126175974e+00,-3.547699649305233294e+00,1.327103068870801650e+00,-2.851602113324400722e+00,-2.046174472063619465e+00
1.000000000000000000e+00,4.771678177388216646e-03,4.571239768201256659e+00,2.823436282308991796e+00,1.530953858652229771e+00,2.806125537861707819e-01,-2.687658212348481790e+00,-1.414833055657831906e+00,1.604581509852138321e+00,-5.983779492546359435e-02,-8.283088745686817411e-01,-1.980415429228200130e+00,-3.293328547488878044e+00
1.000000000000000000e+00,-3.423426383558023645e+00,6.685337576521017677e-01,7.992817100999749513e-03,-8.428208435893472128e+00,7.094539552729131060e-01,-1.220869238776425281e-01,-2.281583283200399492e+00,1.962417696086682817e+00,-3.835864093443765999e-01,2.248121116070888714e+00,-6.032322073841116516e-01,2.230723065858826182e+00
0.000000000000000000e+00,2.133057342007192325e+00,-1.896381663413904128e-01,2.585243849224818646e-01,4.873828408388311217e+00,-1.424862776939078923e+00,5.920273358399217312e-01,-8.697674981437477637e-01,-7.411835870914625923e-01,-2.958017546483610261e+00,-1.589749628562667549e+00,1.649230313221798916e-01,-9.381819036072229778e-01
0.000000000000000000e+00,-1.590577625620503976e-01,2.074447497701501497e+00,3.942838245789765050e+00,-5.517171599934043158e+00,3.240268594607401464e+00,-8.146552782516673918e-01,7.959455082762790790e-01,-1.575871914624022541e+00,3.721763264353120881e+00,2.000868248847068820e+00,-3.037483662516347049e+00,1.868552590097441346e+00
1.000000000000000000e+00,9.956845364170365809e-01,2.401025514908242009e+00,-1.354746197636742089e+00,-4.781710599726487487e+00,4.924702496310731092e-01,2.129849267382405431e-01,-3.204307550747579114e+00,-7.961481470731852639e-01,1.100141627257343879e-01,-2.324546722389618569e+00,-3.877549623471423068e+00,-1.138551073271943492e+00
0.000000000000000000e+00,2.071311732766501379e+00,5.881110796270972330e+00,3.215951638905120813e+00,3.028551151134043717e+00,-2.207009512399241480e+00,2.989312081541403376e+00,3.607172150992390858e+00,-1.768300394894774197e+00,2.803776090051675496e+00,-1.553710711594913807e+00,-3.371786326706962988e+00,-2.370421092177499300e-01
0.000000000000000000e+00,-1.488769389945600929e+00,1.977479052746994759e+00,1.928780673073468899e+00,-1.780570796550718038e+00,4.335969881102441637e-01,-1.725778244615376655e+00,6.591230839494119920e-01,-1.585328519932851510e-01,1.939868394158301257e+00,1.690103351293370526e-02,-1.322958571441299469e+00,5.551393808475701963e-01
1.000000000000000000e+00,2.227074388365977597e+00,1.706329570235388005e+00,-3.937240400432488130e+00,-1.362783834249970738e+00,-1.328794800580372915e-01,-2.620049511569718437e+00,1.265121655585624172e+00,7.180704171620950760e-01,4.151877599984301614e-01,-6.954748518703477878e+00,-8.064749822641395838e+00,-2.841618750412177263e+00
1.000000000000000000e+00,-6.208164342969475502e-01,-7.649838990606977474e-01,1.452515825802644933e-01,-6.770647777298033354e-01,-4.771518398715696163e-01,-6.661452053470080514e-01,-5.006628845748832823e-01,7.881924501505543912e-01,-1.411995077139831078e+00,9.121347498910628016e-01,1.519622191036844594e-01,1.218189968508373688e+00
0.000000000000000000e+00,1.890819728444070869e+00,8.890675492886291886e-01,-2.640892044067288946e-01,-1.433759513043075984e+01,3.385835020129320139e+00,4.385127863199840270e+00,-5.662627409020845271e+00,-1.712692764478151553e+00,4.589975737797682420e+00,5.548185133387552037e-01,-1.982103195233120729e+00,2.173829081718416933e+00
0.000000000000000000e+00,5.627880181271640581e-01,2.814788002420858692e+00,4.622276475565432197e-01,7.720580472069873856e+00,-1.970398449633634197e+00,1.189314520420453603e-01,2.634944811953754407e-01,-3.333485629210085843e+00,-2.456626290353197462e+00,-1.600707838573063313e+00,-4.164724242063586601e-01,-2.588318612263006635e+00
1.000000000000000000e+00,2.541554921958396385e+00,-2.370530974288756809e+00,-8.625497541056379447e-01,-8.022855327893876343e-01,1.641370944249815222e+00,-1.231411097783157604e+00,4.924759917468880532e-01,-1.830984409276832370e-01,4.343750284710092835e-01,7.982760193857368902e-01,-1.846048290077701548e+00,5.878997894095179255e-01
1.000000000000000000e+00,1.675354060750289253e+00,3.380645505264924910e+00,2.875319132126569865e+00,8.851257733643588921e+00,-2.035252176830241844e+00,1.351696618908981851e-02,2.063973711274253553e+00,-1.679434644810540611e+00,5.333500368036141470e-01,2.262060107364525230e-01,7.606601398580838946e-01,-2.113293671963232701e+00
1.000000000000000000e+00,5.230108291051684954e-01,2.592083672843840780e+00,1.391845084766614837e+00,3.419403832055015968e+00,1.501178078249596926e+00,-5.424949499429694288e-01,4.203575759613188190e+00,-2.594201977768164635e-01,-2.118697475259870622e+00,-1.364686093303748571e+00,-5.142825748301937061e+00,-2.332007679704815928e+00
0.000000000000000000e+00,-8.680364329320497951e-01,4.578852434679561711e-01,1.121842962475377181e+00,-4.123725787577267710e+00,2.099504562610127856e+00,-1.340034559227904154e+00,7.037771100816367920e-01,-1.441015586890074474e+00,3.118643002137348574e+00,4.364435030212101552e+00,-1.006226310777067479e+00,1.841620810292537325e+00
0.000000000000000000e+00,2.800026305428243045e+00,1.800197420396738135e+00,1.615925081546176756e+00,-1.224522701236823252e+01,3.241100699164550569e+00,3.141133360305409461e+00,-3.822925566117492124e+00,3.561045243751495448e+00,4.053820592609043150e-01,2.362128074020700907e+00,-4.594814491242786403e+00,1.344252723551283335e+00
1.000000000000000000e+00,3.601319009444814423e-02,-2.778279076761760891e+00,4.555022314083713164e-01,-2.620107099611324930e+00,2.302874307314242142e+00,-3.934044108677531293e-01,-5.352320496998357324e-01,2.380047900259479654e+00,-9.315493364978770785e-01,2.651358678791132739e+00,1.125328619099022820e+00,8.370237428243090250e-01
0.000000000000000000e+00,3.973658327573837745e+00,-4.154544802649822621e+00,5.939242718886506012e+00,4.683004788355765058e+00,2.115501000170850521e+00,1.071181575171069156e+00,5.804022464952858229e+00,-4.193320254722534557e+00,4.685682980757604810e+00,-6.164159370430268847e-01,1.461077040689270135e+00,4.569908373111100985e+00
0.000000000000000000e+00,1.203112848388525391e+00,7.060296458533381614e-01,-2.201038494825313663e-01,2.185470771892714659e+00,8.381032742766036936e-02,1.197689216883723429e+00,-8.689958280329773688e-01,-2.207763944779007392e+00,-6.393839198836970272e-02,1.344242463535817667e+00,8.214573895491081856e-01,-1.155949859117827661e+00
0.000000000000000000e+00,1.047569593415314637e+00,-2.658728110630698693e-01,6.751636101379747679e-01,4.828335252711142722e+00,-4.954212665756128064e-01,1.372603782632576763e+00,3.041337580278868913e-01,-2.073484189671418676e+00,-1.962638597933432649e+00,-4.907581186526055461e-01,1.154279365386353895e+00,-7.002804747536299779e-01
1.000000000000000000e+00,6.508408894490547159e-01,4.763707835768508758e+00,-1.325666161205128812e+00,-1.371839525784386560e-01,-3.986687403184251410e-01,1.267822987036407500e+00,-1.074321688112709339e+00,-1.209500872141756389e+00,1.794610838249095952e+00,-1.952515724555576426e+00,-2.237087035961536685e+00,-3.761655012152592015e+00
0.000000000000000000e+00,1.526285467427280107e+00,6.993543443760341649e-02,1.470479648902663472e+00,4.968409709355048887e-01,1.780303695134466402e+00,2.091167115962724310e+00,-6.739418429484060891e-01,-2.229201564527336643e+00,-1.308567302143177624e+00,-1.448261825636616429e+00,-7.986606731868888254e-01,-6.220419552574893984e-01
0.000000000000000000e+00,-2.470073189630572763e+00,-3.645958002813749488e-01,-1.936358623262233181e-01,-2.408796037189651962e+00,2.265380403914897478e+00,1.020767403078111535e+00,-1.626171041389206096e+00,-4.182284453362196786e+00,5.688462040901682837e-01,8.717657856802186744e-01,1.807930974215325559e+00,1.102523633864267438e-01
0.000000000000000000e+00,1.137487919573614281e+00,-5.139104516132442235e-01,3.865983273244461227e+00,-3.638103510878631930e+00,4.191978835313365792e+00,-4.520883543033221708e-01,1.917143129352393505e+00,1.577869751609049853e+00,3.158946392580030071e+00,7.866076435988933468e-02,-1.528256603959350812e+00,6.107866130400769755e-01
1.000000000000000000e+00,-6.639824953121806761e-01,2.050016690488805082e+00,2.526524469996313638e+00,4.433874912547387304e+00,4.887637864848595193e-01,-1.516539667407389436e-01,5.309421369157385939e+00,4.995039139216126411e-01,-3.533147178542293876e+00,-3.987751626824758144e-01,-4.022565868170197234e+00,-7.142933745077487684e-01
0.000000000000000000e+00,-1.636674335633546695e+00,1.417056856792649366e+00,3.251788916008782948e+00,-4.293641903894992673e+00,2.641640738510051101e+00,-2.777877136444988793e+00,8.635450888346429821e-02,-1.544670343256815404e+00,3.340441673066711914e+00,1.372027659759357032e+00,-1.658962942092837789e+00,1.473563743683545368e+00
1.000000000000000000e+00,-4.849046970093562337e-02,2.092953186196794046e+00,1.554916515484497719e+00,1.470538282799558560e+00,-1.420969848665656343e-01,-3.668193633615509874e+00,-1.972038822544011083e+00,2.052662688254391465e+00,-2.447945617361869886e+00,1.403275619063687252e+00,-1.549224370862423594e+00,-1.711709472934967557e+00
1.000000000000000000e+00,-1.640434278280402225e+00,7.805128485536051430e-01,-2.544689977493078459e+00,-4.239863632832767237e+00,1.933507153644880461e+00,-1.136454627092120973e+00,-1.489205137632970910e+00,-1.879872096548615090e+00,2.555022992257427017e+00,-1.164759387888902431e+00,-1.095331273429766439e+00,-1.675286130977268417e+00
0.000000000000000000e+00,3.970130864616270294e+00,2.310155608918071368e-01,-1.429775785612887873e-01,5.854844309318912643e+00,-1.021147947795303601e+00,3.380206030494816716e+00,5.987688710367899958e-01,-1.793670818785358279e+00,-3.148825628585364411e-01,-2.327594710497318253e-01,1.088302454275006159e+00,-1.658652351029936023e+00
1.000000000000000000e+00,-2.713966069174967188e+00,4.195315088124690561e+00,-1.293540426024279988e-01,2.209640022594988595e-01,-7.665243578677820580e-01,6.330730125256029961e-01,1.196445173149994989e+00,-1.139650352109142561e+00,1.846766015972144404e+00,-8.782653747438884384e-02,-3.249939357744118240e-01,-1.799179623167938225e+00
1.000000000000000000e+00,-1.715886336843920112e+00,8.660144575059277594e-01,-1.407826796210394305e+00,-1.768465075905254202e-01,-2.606610484573235187e+00,3.305763975582294734e+00,3.617557863282669928e-01,9.441526312724546344e-01,-1.176686462260351451e+00,9.353410852472854309e-01,1.887296233193259010e+00,7.365410273625525583e-01
0.000000000000000000e+00,-3.380807164701725709e-01,1.015572811322153157e+00,2.597273990178005310e+00,8.715293283094036059e-02,1.362116418294424092e+00,-1.927287349556433549e-01,2.061897544756085665e+00,-3.294503681013222440e+00,2.619608519669566427e+00,1.978022210532377922e+00,-5.811110846372462557e-01,1.456488544300040822e+00
0.000000000000000000e+00,3.561314383495918001e+00,2.798636390847857758e+00,7.576610239954842951e-01,-6.857465245300890189e+00,2.188755804904537250e+00,2.457839051102604699e+00,-3.384808971722548243e+00,1.082772933586111819e+00,2.235383406038822685e+00,4.023877915387706672e+00,-2.577071196350356974e+00,-6.206414607495671643e-01
0.000000000000000000e+00,-1.781172607299750910e+00,-7.822229521706294264e-01,7.795430622423187295e-01,-8.239250464905305549e+00,3.295231185718725531e+00,-4.351326217992021128e+00,-7.930957901382231778e-01,9.644314364922750293e-01,1.237420049389190924e+00,1.433407419042177722e+00,-3.812198435197961643e+00,2.225463010125936059e+00
1.000000000000000000e+00,2.444627174015679749e+00,1.059210336525068241e+00,1.583373698087993997e+00,4.723379680167024475e+00,1.421234902917930754e+00,-1.243916569882659751e+00,1.488669026996872535e+00,4.325159709070228731e-01,-7.840634084227556810e-01,1.095147533608265222e+00,-1.513308416800537515e+00,-2.728854755492848394e+00
0.000000000000000000e+00,-1.154034789355435242e+00,-6.686772486945919525e+00,4.640875174528760194e-01,-9.435671598926595460e-02,4.080773602353479745e+00,-1.535184692679540275e+00,1.009233420129412639e+00,-2.171036505271877637e+00,-4.782816192122876231e-01,9.619408146550330052e-01,3.167018065156939066e+00,2.134635365326686962e+00
0.000000000000000000e+00,3.706664996447686988e+00,3.300107565218767913e+00,1.109680163488463212e+00,6.113788924748813969e+00,-3.576273686976640942e-01,2.527962430869664656e-01,1.191082896404174196e-01,-2.140333226183288584e-02,-2.207322083764749365e+00,5.513265864270980865e-01,-2.509100161883764279e+00,-3.789291392994176721e+00
0.000000000000000000e+00,-1.814416464016658459e+00,-1.546814430811568108e+00,4.457332341043041879e+00,1.827902092310711435e+00,1.252329861619416063e+00,-3.788705809389005363e+00,1.353945519219505345e+00,-5.318323019237266358e+00,1.761082922597980271e+00,-2.496591517446572706e+00,2.438327280848717749e-01,3.352615567835394828e+00
1.000000000000000000e+00,-1.379606816394559843e+00,-1.619884412133015594e+00,1.181695019807790459e+00,-4.691289820946272116e+00,6.551975649141690283e-01,-2.979359189214929593e+00,-1.119438950916135322e+00,2.888840325880509319e+00,8.561764527750090892e-01,6.558305926142471431e-01,1.100338190658780579e-01,2.386838310159250298e+00
0.000000000000000000e+00,-1.121785690403621638e-01,-8.410674121977076423e-01,1.917039875458635301e+00,-2.657905236266620563e-01,1.018999082615848817e+00,-2.069277353521438378e+00,2.172921955033872976e+00,-7.316026523810961191e-01,1.824095637740678733e+00,1.415970912655868608e+00,-8.451518383438004767e-01,2.033310500454466485e+00
1.000000000000000000e+00,-1.819700362894156598e-01,3.400724311776981867e+00,2.563448961346696642e+00,4.528639451946824934e+00,1.845351551520798328e+00,-1.192410590174678431e-01,2.023173362952004339e+00,2.675623117913454418e+00,-1.498353897076001529e+00,1.731668401970169135e+00,-3.586381436780571308e-01,-4.689455078831686663e+00
1.000000000000000000e+00,-5.616394003797922085e-01,2.698438034364715410e+00,-1.320184679709485387e+00,2.614952062233501628e+00,-1.822444109981803617e+00,2.087408742082002000e-01,2.052105654172278193e-01,3.599032459419515551e-01,-2.756353636943294383e+00,-1.471790317386162616e+00,-1.962230415005535189e+00,-2.226064188538193100e+00
1.000000000000000000e+00,-2.248425852866732244e-01,1.998668808873723890e+00,-1.927712838196607992e-01,-3.907381515211181711e+00,-1.233882372875641842e+00,9.455844722814911174e-01,-2.534889793107835132e+00,7.134747737375577437e-01,-3.820106247533520794e+00,-1.246067291128225785e+00,-3.732790924720835068e+00,1.005889630513870259e+00
0.000000000000000000e+00,-2.480890263453014555e+00,1.496121097157054658e+00,1.154355108737044500e+00,5.320596260584602888e+00,8.298163777306244437e-02,-2.380690237466882575e+00,3.827054425026477080e-01,-3.939013009504497731e+00,-2.013609214820163196e+00,1.611268278249827102e+00,7.269041785138043998e-01,-1.261495997150261283e+00
0.000000000000000000e+00,-1.877883565990452031e+00,-1.779151444900485712e+00,-9.958271920424435208e-01,-4.098812793301276791e+00,1.343261119996168595e+00,-2.742647237791526749e+00,-3.965284428096527147e-01,9.745984620581027436e-02,-2.231012265524900950e-01,1.697263595458971430e+00,-1.138154579084016849e+00,1.802175030837796843e+00
0.000000000000000000e+00,-2.216259005955662609e+00,1.189884987325655896e-01,3.146943114024424837e+00,-6.121784982045046952e+00,3.031105810880843077e+00,-5.016077586517623033e+00,-3.926923987626389501e-01,-1.714348961344104527e+00,3.812031976422740609e+00,1.236776286740863817e+00,-2.204560830870232024e+00,2.855467399420839048e+00
1.000000000000000000e+00,3.098575753198762328e+00,-4.672267376576574982e+00,1.560789614998465691e-01,-1.362677506134788996e-01,3.047748571766042858e+00,-1.038668115322169072e+00,1.940011299342813356e+00,-3.506290335588806428e-01,-2.177728665964316690e+00,3.015226008631222587e+00,-2.390236960281967526e+00,2.205641331223830548e+00
1.000000000000000000e+00,-1.814283430248284645e-01,3.737762275104773213e+00,-1.572370149389254568e+00,-1.904543833919391416e+00,-1.830238706727155051e+00,-7.386284585918729828e-01,-2.824514499774695153e+00,6.292170428924819259e-01,8.233884715122796738e-02,-1.679881425747695722e+00,-2.315291652972415903e+00,-1.909365746793848739e+00
1.000000000000000000e+00,-1.515715098301583907e+00,9.840715616027649881e-01,-2.723870208811484339e+00,-1.730934425285460265e-01,4.105137247205781215e-02,1.741416132726986365e+00,2.351073200195820778e+00,-1.197126702122434994e+00,-6.920139976969383877e-01,-2.371815697009065360e+00,-2.110408855041826293e+00,-1.374535743503276564e+00
0.000000000000000000e+00,2.747633605073293239e+00,4.419773733076172162e-01,6.997421006919045672e-01,3.031805374363090722e-01,7.243766558800436295e-01,4.319736117326470115e+00,-4.757601707312872907e-01,-1.249162959677801554e+00,-8.789681417235704064e-01,-1.203518693940162532e+00,-5.128302037886557363e-01,-6.250187636317043882e-01
1.000000000000000000e+00,-2.168091104271811620e+00,1.590719637066218439e+00,-1.469476650072160773e+00,-3.141708520033387408e+00,-2.107442785269481256e+00,2.869175646703011395e+00,-4.448720190159524135e-01,-2.488237286767742695e-01,-8.333899124078067988e-01,-5.578793203732936856e-01,-2.605982792938542625e-01,1.357517448792375347e+00
1.000000000000000000e+00,9.802046575907569226e-01,2.765031600049342231e+00,2.585597839612326254e+00,-5.490200975648613646e-01,2.528610638910388175e+00,-3.215293280732137715e-01,2.988860095706820985e+00,-6.266675654690534447e-01,1.933414799062348699e+00,-3.793256599780605143e+00,-4.916680933201879711e+00,-1.611836742289514568e+00
1.000000000000000000e+00,-3.353506306791209646e-01,-2.258809610094933418e-01,-4.442856922481725590e+00,-2.281139524522677764e+00,-1.116738400763380712e-01,-9.526879548933564479e-02,-2.406408503597419202e-01,-8.313869091033176950e-02,6.368502640320330421e-01,-2.914119618068541584e+00,-1.884396815630914546e+00,-1.584605761405528002e+00
1.000000000000000000e+00,-9.856582666609166044e-01,4.193218002622283613e+00,-9.473081375833214413e-02,-4.487206343467858183e+00,2.884814113055080842e-01,-2.770663166067142136e+00,-2.295234746419963834e+00,1.599277183031607485e+00,1.137909279424846876e-01,-1.101233305862168388e+00,-4.606141207822791905e+00,-1.794177586510930844e+00
0.000000000000000000e+00,-1.831851664495433019e+00,-2.354979051046625707e-02,-1.038142015079359659e-01,-2.384307503925189753e+00,1.745620928596021137e+00,-5.182266983150376483e-01,5.490792933508350515e-01,-2.397062106165845030e+00,-1.163693056970342532e+00,1.480147800624357579e+00,-1.979119966985952939e+00,1.039072219467640723e+00
0.000000000000000000e+00,3.719429374670999877e+00,9.842288180665195174e-01,1.341663080370516292e+00,1.210766273824776862e+00,9.346460949575078336e-01,5.272040818389741368e+00,-4.848584285261304805e-01,1.153483229242871833e+00,-2.481235653559545007e+00,1.381221593929521374e-01,-4.609466038375552577e-01,-1.782221878605193099e+00
1.000000000000000000e+00,2.732846413552525000e+00,2.277996618658995054e+00,1.930214534460207076e+00,5.755720006732422789e+00,-7.416881058574302799e-01,-2.020621220123696382e+00,1.075378346160111853e+00,-1.421003953039879253e+00,-2.151912858830125508e+00,-8.725978550633053388e-01,-3.836391550159076846e+00,-1.382250715038919608e+00
1.000000000000000000e+00,3.589354856178186282e-01,4.263331230558908835e+00,-1.222652665007059936e+00,-5.251113326164595918e+00,-6.419452291463311200e-01,1.831893725975111131e+00,-3.591421243967647392e+00,6.584468622888579592e-01,-6.712957453869048408e-01,-1.376513743666020861e+00,-3.538361262291767062e+00,-1.561770866684323522e+00
1.000000000000000000e+00,-1.727389247993778021e+00,4.105224714074330095e+00,1.079747023419608709e+00,5.423535358233575465e+00,-2.649146706955122887e+00,-1.247847030754396513e-01,2.398615475937458719e+00,-1.525233567073930985e+00,2.410256179873424998e+00,4.394489182628702473e-02,1.413796027865664495e+00,-1.597486024218405909e+00
0.000000000000000000e+00,2.052840644334901210e+00,4.469945725614848930e-01,3.134080377914415294e+00,-1.576893146754216435e+00,1.865752189210650780e+00,2.914632100877177834e+00,-5.737632835034189860e-01,2.114008129143765125e+00,-2.245234908881217795e+00,1.895911819328597314e+00,-7.454859912119617960e-01,1.980432141653605260e-01
0.000000000000000000e+00,-7.605108982503698822e-01,1.964981811450753568e+00,1.907290626036898917e+00,-1.310921916178228175e+00,-1.368387938956586058e+00,-2.230783182217085603e+00,1.300623668804599120e+00,-1.341827800288112327e-01,2.634778910560905629e+00,1.165602788894158470e+00,-1.700916053158016084e+00,2.336076951913035771e+00
0.000000000000000000e+00,-1.419215467033907885e+00,6.848455725319804177e-01,2.839365978733103812e-01,-3.662578322656475649e+00,6.463664266415110049e-01,-6.936396139859439813e-01,6.688718413530925222e-02,-1.432641786416181784e+00,2.023686552042427866e+00,3.305473464049343946e+00,-5.753856112149002833e-01,1.928143435415331064e+00
0.000000000000000000e+00,-2.089179320874152701e+00,2.483911306425462318e+00,3.290205373960541912e+00,-2.100458172579315885e+00,3.147833116569063616e+00,-1.287850300890172051e-01,9.156013692126296899e-02,-5.399653553282225182e+00,2.460873784889030524e+00,2.889711906974985478e+00,-4.899395970439848202e-01,6.158415559277743423e-01
0.000000000000000000e+00,-1.848459019069076614e+00,3.220523698518941158e-01,3.069232309705282269e+00,6.074243746072856887e+00,-9.035376511138615285e-02,-3.371007456573150485e+00,1.235116630825007444e+00,-2.934898970719811651e+00,-3.088136237464492950e+00,7.841404719037362581e-01,5.892013706466792122e-02,3.812127036474823871e-01
0.000000000000000000e+00,-9.550549402286823142e-02,3.900448296147256855e+00,2.122915084890081960e+00,-2.360469320118988801e+00,1.415647518556361062e+00,1.751564364257398587e+00,1.605027192495117383e+00,-1.959099803634207326e+00,-2.808531837983005985e-01,-1.366708908655329680e-01,-4.861494770763515660e+00,-1.676701276359038317e-02
0.000000000000000000e+00,1.416722933109659799e-01,1.154056611949054068e+00,3.568477103215522472e+00,-7.301866087256794757e-02,2.424859878268031732e+00,2.123233821714509695e-02,2.843932659878691815e+00,-1.077617722025043134e+00,5.615253594721134611e-01,5.030524811237655491e-01,-2.449815585915554372e+00,5.791904874616398136e-01
0.000000000000000000e+00,-4.660845062670060379e-02,1.967948080804013511e+00,5.909494351781336974e-01,7.381304623286025768e-01,1.665716506203624991e+00,1.786729127615603652e+00,-6.492377729118314900e-01,-2.452043857939132820e+00,-1.143902149526168754e+00,5.576240078867011896e-01,-6.053399032216452147e-01,-2.074138068190285011e+00
1.000000000000000000e+00,2.035514845399916339e+00,4.608337767966852461e+00,6.901077222184397453e-01,-5.344799997845306905e+00,-7.459073994729877866e-01,-1.706366369961700435e-01,-5.533318366787256970e+00,1.485863254110311615e+00,9.555689262381339422e-01,-2.758233995116545767e-01,-3.052822063013077791e+00,-1.244977656473837957e+00
1.000000000000000000e+00,-2.289473990420657579e+00,6.026017345475631615e+00,-2.151333467784324327e+00,-2.685534959934455568e+00,-1.792905934398129730e+00,2.124957864502277083e+00,8.977280872296788949e-02,-1.143204669500732740e+00,-3.780782765580898985e-01,-3.583637489490420158e+00,-4.574721340138175663e+00,-2.231595911858266668e+00
0.000000000000000000e+00,-2.192066025286869113e+00,8.564407508828164595e+00,1.601577782976721487e+00,-7.377415067305651775e+00,-6.226856487477947510e-01,-2.074367877743704902e+00,-1.299153732291892904e+00,5.969513600961388278e+00,4.567632847187008238e+00,1.392191616047072422e+00,-3.911842210992748203e+00,-2.706019366647496316e+00
0.000000000000000000e+00,-1.701753791753741751e+00,-2.392309497408221297e+00,-2.194679576425382805e+00,-1.279871071260510140e+00,-8.658053536386902671e-01,-1.964990719577728528e+00,4.326024725087883605e-01,-3.156762147339189362e-01,-6.196195923096072811e-01,2.194913519129347179e+00,3.319240673339118874e-01,2.434299722703481272e+00
0.000000000000000000e+00,1.495636681106302657e-01,-3.557310466137493243e+00,-1.592201839579078460e+00,2.833892730589604447e+00,-2.690368036113139905e-01,1.787490512372761575e+00,2.342181109671211292e+00,-1.902773008306224423e+00,-2.993689724146566533e-01,2.712273798964873972e+00,2.966327179156603489e+00,1.761798484339680559e+00
1.000000000000000000e+00,1.475453377302618829e+00,2.433328047304466946e+00,7.080787788381930348e-01,9.023491455223499713e+00,-1.466453912815373961e+00,1.512801376888630589e-01,2.817090243105673686e+00,-5.831984350780994308e-01,-3.768970726828044349e+00,3.799578784525884378e-01,-1.597820660959235362e+00,-2.966847460841886441e+00
1.000000000000000000e+00,-2.939519167324431859e+00,6.996115352683447419e+00,2.464722423144325880e+00,7.081521715374559101e-01,-2.725138448282368397e+00,2.350545038179773449e+00,-5.325582415773877365e-01,-2.931469143468905081e+00,3.191964979588242546e+00,1.197062357870834148e+00,1.625341830342405203e+00,-6.691369066627852469e-01
1.000000000000000000e+00,5.670974171747353854e-01,3.410643923808595712e+00,-1.936563159000346257e-01,2.612451827825486017e-01,-5.422708704629818355e-01,6.510945159884222733e-01,-1.121630368718947723e+00,-2.528723246943382463e+00,2.152589511105372555e+00,-1.582295413678890483e+00,-1.179033085358251798e+00,-1.851237055239140838e+00
0.000000000000000000e+00,-1.142109807067870353e-02,1.996915240913916534e-01,4.638534405009878681e-01,1.755671481817570045e+00,-1.305968294277382480e+00,-3.003770714160403088e-01,2.722753288127540916e+00,-9.772813117976282271e-01,-1.164845268305419346e+00,-9.237387673938446397e-03,-2.240130435667099462e+00,1.842915476932790231e+00
1.000000000000000000e+00,-1.970561713410361016e+00,4.053188151295203490e+00,-2.032382332187652629e+00,3.475412387738717079e+00,-3.343401409601443053e+00,9.894537614542117110e-01,1.272108842920980365e+00,7.052169396227614406e-01,-9.908524969984151554e-01,-1.218118024243350028e+00,-3.726594343685721844e-01,-2.706515471273117868e+00
1.000000000000000000e+00,-6.860244343902390796e-01,2.464631528115183379e+00,1.671697207344645442e+00,1.798124344317779955e-01,7.823168948524841237e-01,-8.094466448176208528e-01,-8.450100363413772797e-01,2.705795004766603284e+00,1.876714928283482298e+00,-2.585821835905541821e-01,1.376197578039813685e+00,-2.947094103068407467e+00
1.000000000000000000e+00,-2.882946259833889968e+00,-1.045226166805263590e+00,-2.615463211663080489e+00,-4.602500311811650313e+00,-1.265854751800573608e-01,1.023604062942175208e+00,1.503558977786298989e-01,2.240802809576914356e+00,-5.074192640879449101e-02,1.330208121110020514e+00,1.097667713712878079e+00,9.347069543053914131e-01
1.000000000000000000e+00,4.179659643982299499e+00,1.156638514321045363e+00,-1.200145968636323612e-01,3.887226498539327668e+00,2.782710844069348211e-01,1.108345534922579478e+00,-5.117736736816520526e+00,1.046379916144416500e-01,1.457801520398520623e+00,1.761997179972286665e+00,4.174989482162700050e+00,-4.729387691720585707e+00
1.000000000000000000e+00,-1.926164877361740135e+00,6.080193567939137900e+00,7.828633930561701426e-02,2.606614185818044049e+00,-3.513028320970853713e+00,-1.288302173884972923e+00,-6.127850578612898946e-01,4.116617550606396225e-01,2.950813843918150603e+00,7.438770600767874441e-02,7.853948537433210753e-01,-2.777124707309866825e+00
0.000000000000000000e+00,5.283145261674422333e-01,8.429245844063644189e-01,6.068177865719936115e+00,-5.452436471338276136e-02,4.523216560553910526e+00,-7.842437356698765960e-01,3.029546116534139077e+00,-1.695932055388930770e+00,1.995249503876615371e+00,-7.962892611903544804e-01,-2.275596685761758664e+00,3.045985682458925980e-01
1.000000000000000000e+00,-2.042863838077659366e+00,5.447522351987235112e+00,3.040983265114454159e-01,-2.840564617490971333e+00,-1.154663635968107505e+00,-7.872878152873217239e-01,-6.282947600762633922e-01,1.244594626820939354e+00,1.212676642460284615e+00,-4.694577642959435471e-01,-2.849327050045668663e+00,-1.561509161406323454e+00
1.000000000000000000e+00,7.756868054172050275e-02,5.188853691531905454e+00,3.788641784026729908e+00,1.831411735708815991e+00,3.768284000688584268e-01,-3.915482612288654352e-01,7.118807012762206066e-01,1.471696084321190368e+00,2.029167543135940832e+00,-1.314792022633272328e+00,-1.184638712348890621e+00,-3.119990048910230129e+00
0.000000000000000000e+00,-2.051767648934281763e-01,-1.473509802806758140e+00,-1.856723415369218255e+00,1.206934407421462740e+00,-1.012161433597203786e+00,6.200348189657405307e-01,1.641591837228261852e+00,1.990380331725538188e+00,-1.264943541932277427e-01,6.881826838159780246e-01,1.439040303500042750e+00,-1.310808554688769334e-02
1.000000000000000000e+00,1.624127689666557295e+00,1.711309713554548528e+00,3.562055075894023926e-01,1.450738628245035633e+00,1.225658119789958311e+00,-6.869714281912686626e-02,1.137969099435653941e-02,2.799469344655026726e-01,-1.172674130181117214e-01,2.238599850239041400e-01,-1.566941181077721179e+00,-2.676706298615576962e+00
0.000000000000000000e+00,1.664948096045751447e+00,4.110484071139663409e-01,5.073414755875855775e-01,-8.341107268387954576e+00,3.201044108324288651e+00,1.680806925426025167e+00,-3.830814459695561780e+00,2.343235204938001637e+00,3.367055381180825702e-01,3.578218879428592292e+00,-1.387534716073814955e+00,7.566396396520702616e-02
0.000000000000000000e+00,-1.090209094042881910e+00,5.447294196806118372e+00,-3.135495876466345422e-01,2.516026472425848759e+00,-4.636035874641259547e+00,-2.098431676413058389e-01,1.938414015504755117e+00,-7.161963973827752961e-01,-8.296007717133502268e-01,-1.271511174909136344e+00,-3.954645969280659479e+00,4.816984130797397068e-02
0.000000000000000000e+00,2.360704704577177182e+00,8.878688744252623000e-01,4.284733274486428600e-01,1.121971353609637845e+00,-9.709392706068387113e-02,7.776351210666232472e-02,-7.676580217365279735e-01,-1.041995515190252020e+00,2.278887383684908841e-01,1.612489279458684477e+00,-9.809416113531240766e-01,-3.181038811359667706e-01
0.000000000000000000e+00,9.494933816371419200e-01,7.817190591239585595e-01,3.669891830590830129e-01,2.096518672695593943e-01,1.614800734881130850e+00,1.369329062587800738e+00,-1.224815045148044623e+00,-5.646172846685377777e-01,-7.988312013390215238e-01,2.382844578528912738e+00,3.936608122013320887e-01,-1.672010126642050398e+00
0.000000000000000000e+00,-4.535870780704013283e-01,-3.749386995928714605e-01,1.541188124239623036e+00,-2.335013868538506454e+00,2.228611315649897229e+00,-7.049163806367864105e-01,1.328355923988219889e+00,-2.434058299783029788e+00,-3.602544679370933700e-02,-4.485307697746732103e-02,-2.856578214482563549e+00,1.790238185245725422e+00
1.000000000000000000e+00,1.966340509439460593e+00,2.253711876890394983e+00,2.118321064061555070e+00,2.772727627070288303e+00,5.405190453220652946e-01,-3.542746302760761967e-01,-1.655101495211894758e-01,2.121751548160192291e-01,-1.133958395649790729e+00,1.241058366202847152e+00,-1.565232575935474824e+00,-1.833790257028587778e+00
1.000000000000000000e+00,6.764073589532842989e-01,-7.686838029590058463e-01,1.256401964967207352e+00,1.384967021530064013e+00,1.165558265382562686e+00,-1.914839293632891515e+00,2.326470911649327622e+00,5.034872406170390891e-01,-1.737294324868135398e+00,-8.564446801405334320e-02,-2.848994756685431895e+00,4.429490014642560869e-01
0.000000000000000000e+00,-1.017124436688155775e+00,1.850068568797588631e+00,2.999306064481312539e+00,1.306176093755286205e+00,1.183049439554944682e+00,-1.439291117212295301e+00,-3.809018138456576885e-01,-3.693244526005803774e+00,-2.331284047248456393e-01,9.356588381609759475e-01,-7.706960844808574684e-01,1.859300942947603730e-01
1.000000000000000000e+00,-2.062561118986489639e+00,2.999113144002822917e+00,-1.888796006973916697e+00,-2.509190676667514719e+00,-5.115493559309310934e-01,3.784924055668233311e+00,2.410845808835422321e-01,-1.989250547548253145e+00,3.922573862993938842e-01,-1.196550133789365145e+00,-8.888039706417675268e-01,-9.923650021402776744e-01
1.000000000000000000e+00,-1.236868520613821909e+00,4.641855263048512370e+00,-3.890566762692037051e-01,-5.746952002659802439e+00,3.267609357239311674e-01,-3.968741372073925078e-02,-4.592660453244364227e+00,-2.278938369409794884e+00,8.521603575892073845e-01,-1.265697810120157918e+00,-2.908568999085169526e+00,-1.347960416063545663e+00
0.000000000000000000e+00,-5.207834277917824384e-01,3.768946359639336219e+00,6.539445484651040807e-02,1.950052617325885640e+00,-4.223861944135769875e+00,-1.578749528789968881e-01,1.281767341495104739e+00,6.965412995507505034e-01,4.054668653746448470e+00,1.499933624896838680e+00,1.136755310341312164e+00,3.196350500911202541e-01
0.000000000000000000e+00,-5.921218041847420288e-03,2.789963091298074627e+00,2.351386621593757109e+00,6.998861146848933679e-01,1.479346633791071230e+00,1.907328608512024015e+00,2.072846765299161120e+00,-2.577149686494535352e+00,5.592710660790167765e-01,9.303417402873492836e-01,-1.837127846198586489e+00,-5.442309850443145525e-01
1.000000000000000000e+00,-1.513235524575140545e+00,6.108536667235791917e+00,2.579543938649218937e+00,-2.942548987726740783e+00,-1.733767652996722752e+00,9.472659599432093902e-01,-1.847435597511409844e-01,5.709677880062984379e-01,-1.750382797561338410e-01,-3.782833238460013847e-01,-3.801592787047295641e+00,3.902589609944591142e-01
1.000000000000000000e+00,-2.499547580381900058e-01,1.954801846879792082e+00,3.420637854946789513e+00,-3.599520351408235230e-01,2.307112141292377405e+00,-1.050689155052317414e+00,7.782268400014412668e-01,2.880039049466824874e+00,1.810428411234575652e+00,3.613980190898387068e-01,4.435263291177404810e-02,-2.043206339442761088e+00
1.000000000000000000e+00,2.070100595988151326e+00,2.086183074495093770e+00,8.569617833085511061e-01,2.224558782350285480e+00,1.787396341450143478e+00,2.271345039539873323e+00,-1.217873539055545073e-01,9.591936813569815756e-01,2.358780619969101711e+00,6.953103913396360136e-01,1.777951273727559567e+00,-4.289596268144446611e+00
1.000000000000000000e+00,-1.575304958595081795e-01,3.871856555773508290e+00,1.963578808380062046e-01,-2.930838148572152413e+00,4.593343760906987150e-02,3.724947166255292430e-01,-2.029488222433704081e+00,5.859623391840795836e-01,-1.948244685992678082e+00,-7.885215079136712601e-01,-3.909620397171432060e+00,-1.524079052633817044e+00
0.000000000000000000e+00,2.694719470124761429e+00,2.340744221306886530e+00,1.136737613280527803e+00,5.498271071150916178e+00,1.283410603379543380e-01,3.034042170425558460e+00,8.396504629690697552e-01,-3.270898586869031011e-01,-2.894124683786439167e+00,-1.457675681945920232e-01,-9.703180139750857691e-01,-3.273745272201659784e+00
1.000000000000000000e+00,-1.073395377261461725e+00,3.600077033096350299e+00,1.047361604959445192e+00,-3.629844531273639596e+00,-1.078736858240721741e+00,-2.070359898855845149e+00,-2.666880298403602634e+00,1.165048315616177277e-01,-1.632670517798233245e+00,-1.354221026682879803e+00,-4.260768352325861485e+00,5.046050015964893554e-01
0.000000000000000000e+00,3.928761639513367321e-01,-3.997259797761907318e+00,2.236512959105857234e+00,-4.117099639158220969e-01,3.581488572604882847e+00,-5.522807803341049926e-01,2.055759424328799767e+00,-1.587905922367301104e+00,1.672549673537751191e+00,4.531722246225917683e-01,1.340800093075387167e+00,1.974140337987305482e+00
0.000000000000000000e+00,1.296946190327150195e+00,-4.286583751129064090e+00,6.322073952837174993e-01,2.859146379074501976e-01,1.351640486625519166e+00,-3.204504322362325963e-01,2.819116404070785009e+00,2.278910740244824762e+00,1.650776452415827933e+00,-7.797279913372017202e-01,1.467058058653621266e+00,1.602533224230443976e+00
0.000000000000000000e+00,3.375445025428796431e+00,4.780259756014402228e+00,2.351609485370241615e+00,-1.122150590801055392e+00,2.076754858758662614e+00,2.248544845621107235e+00,-1.230202447756515438e+00,2.019993762243112556e+00,-1.258043489134068604e+00,2.584710314791920371e+00,-3.895336081857708521e+00,-3.404935347391893963e+00
1.000000000000000000e+00,-1.474728771432320951e-02,6.473082279538227901e+00,2.039389985538399674e+00,8.014864012081166500e-01,-1.182796133383254400e+00,-1.638402515861099307e-01,1.474010841285311457e-02,-6.067872724549316921e-01,6.284073500935782874e-02,-1.557656333891344946e+00,-4.241576202374533366e+00,-2.205745279730945363e+00
0.000000000000000000e+00,-1.278560153859197079e+00,4.317282063665075498e+00,1.802265864937369955e+00,-6.320501755353723716e+00,2.732732392239668684e+00,-3.390512433551571281e-01,-2.710149634694006160e+00,-3.420245208191510233e-01,4.109214124679665403e-01,4.734449743323116522e+00,-2.801357452972323081e+00,-8.431071889020476107e-01
0.000000000000000000e+00,-2.004401063071830524e+00,2.002267742782018356e+00,-4.342995973776662133e-01,-4.318130619917853963e+00,3.826170701189426815e+00,5.119450012776252112e-01,-3.477253515029639086e-01,3.869087754303985882e-01,-5.645754317528126620e-01,3.164312936916541030e+00,-1.728528663858595493e+00,-2.483181461024791759e+00
0.000000000000000000e+00,1.768734578155691572e+00,9.664672906404174757e-01,2.495698513864814672e+00,-1.000188666727131803e+01,3.199821230351124424e+00,2.608025913197393297e+00,-2.376071995450155239e+00,4.286799441590657622e+00,5.018476124589874576e-01,6.398868287899078133e+00,-1.901020360627811767e+00,1.917822317467812621e+00
1.000000000000000000e+00,-7.311547193219991581e-01,2.820102235237885946e+00,-2.105196506623639774e+00,3.344172928473874595e+00,-2.253151127555429234e+00,2.999566595191582863e+00,1.634984318337707965e+00,-5.817480027710977275e-01,1.512544649204511371e+00,-5.265077322531900306e-01,1.643327846188189056e+00,-2.589156110490752560e+00
0.000000000000000000e+00,-7.241564256971314562e-01,2.152997847596235026e+00,1.815830840788866585e+00,-1.460472550435861216e-01,7.140850762878910851e-01,2.661618271895591636e-01,1.304471912285467550e+00,2.951486752059939711e-02,6.604051294567061525e-01,-2.981365624006440118e-01,-1.190567737256278180e+00,-6.281010573397507457e-01
0.000000000000000000e+00,-2.344740184824445350e-01,2.087757760673162544e+00,4.231222435994447473e+00,-3.004406130153987498e+00,3.294829483140373050e+00,-1.290899399298896855e+00,1.883694395723308768e+00,-1.414469310847197070e+00,3.066845089178604322e+00,5.544717448044107488e-01,-3.103228499826239606e+00,7.963507745705482588e-01
1.000000000000000000e+00,-2.717730482329682173e-01,1.434232723255701725e+00,3.819729930340332036e-01,-1.129911033300108558e+00,-1.772070650537302949e+00,-4.986999543442109939e-01,-1.294649837659871405e-01,1.720842332979561906e+00,-3.078996037765713290e+00,-1.083922349723141831e+00,-3.302156474861936530e+00,1.150609328996654135e+00
0.000000000000000000e+00,-4.530401995578031693e-01,-1.179146766443195382e+00,7.232172441187212364e-01,-2.262988205315874080e+00,9.176448390735939542e-01,-1.140569015486196935e+00,1.163657901368843284e+00,-9.198503919138607543e-01,3.525837086849050284e+00,3.865917695656380104e+00,1.044740289800329514e+00,2.516037422042458616e+00
0.000000000000000000e+00,3.767681342742738249e+00,2.806647694532931059e+00,1.908727101488148836e+00,-5.391130953376713997e+00,5.935878685323638937e-01,3.310349045227444442e+00,-2.365734754015486274e+00,1.327671418535945058e+00,1.088252192321017997e+00,2.116448971222796516e+00,-2.906952283965197559e+00,7.283668258422211217e-01
0.000000000000000000e+00,-4.831058648287122281e+00,1.309196718245777324e+00,-3.414409326893178331e+00,-9.029641099918611857e+00,2.890547757442189170e+00,-1.902746503252697785e+00,-3.754132761687620778e+00,1.875589450395203084e+00,-1.937286270190032411e+00,4.270261965649211788e+00,-1.467768218093435051e+00,-1.708370412064480703e+00
1.000000000000000000e+00,4.241801784385491381e+00,7.819616986011281856e-01,-5.474411021674274735e-02,3.322722185065123401e+00,3.367262361105867630e+00,2.055867116957656560e+00,3.923136885613753844e+00,-2.640600508443980310e+00,2.808555892851019031e-01,-1.404763708200316596e+00,-4.691710497044816464e+00,-3.108459550032474983e+00
1.000000000000000000e+00,1.925426621895872437e+00,-3.942199791876718429e+00,-1.024655617405012542e+00,2.117935998556079280e+00,1.571440023787348705e+00,-1.652400481351556927e+00,-1.449773468989777214e+00,1.135917201151214861e+00,-3.437908391889715087e+00,3.200624427509625836e+00,1.271422642358647437e+00,-4.636132974119326899e-01
0.000000000000000000e+00,2.795395944761724039e+00,3.662182275693282030e+00,1.133236509557421057e+00,-2.676020378583873427e+00,9.658963594744828240e-01,2.981826030547580331e+00,-7.389628378266981379e-01,2.973507840167065819e+00,-1.559923867646112683e+00,3.534511137112176904e+00,-3.483729903130604377e+00,-1.643641843687650983e+00
1.000000000000000000e+00,-5.653953522936117082e-02,-4.449681090035793929e+00,9.417298512688975221e-01,-5.389096067501061960e+00,3.204831616235530145e+00,-3.318387521362168302e-01,-2.175379128969743281e+00,4.088590061372646467e+00,2.310360603075293007e+00,3.468835359284592190e+00,4.755770519262540574e+00,1.360391328865831806e+00
0.000000000000000000e+00,-4.657635818995037313e-01,1.278585929577692015e+00,8.057661272212592873e-01,-1.448456819415844921e+00,2.206112417525631919e+00,2.049654035387052264e+00,1.288916283233896731e+00,-2.610445522651101413e+00,1.122539042283553723e+00,3.085267245296671401e+00,-5.813425654741732895e-01,-1.716553813809729157e-02
0.000000000000000000e+00,9.579573175246146599e-01,3.229150955801626477e+00,3.363790503165056123e-01,2.202896906693619705e+00,5.081031362269827767e-01,-3.034827630034353518e-01,-8.929467923200603563e-01,-1.757911213691786934e+00,8.422902518475079425e-01,4.933691993320457492e+00,-9.910535256050367892e-02,-2.434861425575941318e+00
1.000000000000000000e+00,-2.736932554854914823e+00,1.319763556916572877e+00,2.869645633207833946e+00,1.588500282651258422e+00,6.684729356418275259e-01,1.186660265275740755e-02,3.275642646188350771e+00,3.238685670178007570e+00,-3.422867310770622229e+00,1.580189582952515437e+00,-5.974655529031258627e-01,-2.952567609009241201e-01
1.000000000000000000e+00,7.946343420669352842e-01,1.320078133460687031e+00,-4.516329646939581721e+00,7.849078456909124035e-03,-1.260904665503327804e+00,2.556918772605582646e+00,-6.204433792768463407e-01,-2.269555470276704234e+00,4.914668957396793880e-01,-3.978176716357722409e+00,-1.524089681077821723e+00,-2.434048937707646409e+00
1.000000000000000000e+00,-2.835481807866307769e+00,1.932883263991353795e+00,6.356565774967859461e-01,-6.849253381286322551e+00,1.308021873058779594e+00,-6.219849590517791960e-01,-2.326132193128262582e+00,1.854735149807633654e-01,1.649807798225108035e+00,1.920271858747252924e+00,-4.215601998801125072e-01,8.074746081569708078e-01
1.000000000000000000e+00,-4.905830364070340455e-02,3.013871261759835996e+00,4.415985966209188263e-01,4.805638970699423140e+00,-1.968403085601175606e+00,5.031935919522103617e-01,5.015697177583180455e-01,-1.020628856465174872e+00,-8.850527684394313699e-01,-3.141055899733968815e-01,8.273373215197654673e-02,-1.954985144146432985e+00
0.000000000000000000e+00,6.422749301301640124e-01,-1.119371469168362498e+00,3.483467259985197906e-01,7.029961014307150258e+00,8.497749530330667156e-04,-1.333686212122005887e+00,4.939410724387249818e-01,-2.388300415148708611e-01,-2.509802013570238799e+00,3.296209849249449597e+00,2.648962877661547921e+00,-1.816098883634358341e+00
0.000000000000000000e+00,-1.542460366380309811e+00,2.920027807956892651e+00,9.301454354082122622e-01,-1.704301549518687953e+00,1.304421419895073209e-01,-4.704485029332591273e-01,7.831897316008169518e-01,-2.683432311032156292e+00,-1.384550231156578270e-01,1.462316221936838634e+00,-3.238249600525500593e+00,9.720104975774371825e-01
1.000000000000000000e+00,-2.161693978457373433e+00,1.041692208196346447e+00,2.362681629019066865e+00,-2.404972364216857172e-01,1.127992645029659791e+00,-1.756668229306509676e+00,3.046922331770881787e+00,3.325783421102753934e+00,-1.841221093915859530e+00,1.843059419565227230e+00,-1.930266042912529567e+00,1.410576843690141136e-01
1.000000000000000000e+00,-1.000069334730711024e-01,-6.902725824242102348e+00,6.618015955106546500e-01,-3.947948622845586009e+00,2.398511433176334862e+00,-1.625339563669198739e+00,-7.377177547865065854e-01,2.630682972481814375e+00,-2.741773133817715369e+00,3.875127959721265114e+00,1.910873977560125336e+00,4.505864823775275418e+00
1.000000000000000000e+00,2.249423694926669270e+00,-3.924080667989639615e+00,-6.760584104542148864e-01,1.618701503378583206e+00,1.764742313294226372e-01,-2.966565570189505507e+00,-5.853313432000462058e-02,-6.411119578932253926e-01,-4.099666134824918373e+00,1.909751080680831770e+00,-2.338051436436669572e+00,2.467468461711260996e+00
1.000000000000000000e+00,1.073205690519718480e+00,-9.779936251911742762e-01,5.125598086897096284e-01,1.768579617081575073e+00,1.303741437457335062e+00,-1.182470981062815341e+00,2.458528605591530081e+00,1.024637180833688488e+00,-2.526764091812110813e+00,2.927208685531084598e+00,-2.328259856149251572e+00,1.771426495163923587e-01
0.000000000000000000e+00,7.229038511125670530e-01,-4.272188351592422606e+00,-1.437315213997617747e+00,-3.967498797573328240e+00,1.169180288644562138e+00,2.565348299803789978e+00,-3.443282704528543903e+00,-3.335668278593397762e+00,-6.864600059936751819e-01,-5.243108077974109271e+00,1.292522938028898949e+00,2.135314205305069102e+00
0.000000000000000000e+00,-3.878493036321339460e+00,5.265487214310656583e+00,9.583747835520481928e-01,-6.050247620428929274e+00,4.531341968547736299e-01,-2.717361761739026438e+00,-2.230518057635546114e+00,-4.486585978012722631e-01,3.263988709905444541e+00,3.310360508333823670e+00,-1.534155257104651282e+00,-3.728322804329686768e-01
1.000000000000000000e+00,-8.112896357897368960e-01,4.775799188047391119e+00,-1.262721956884464536e+00,-3.679412621649677639e+00,-8.535858333482082561e-01,5.793764668140318763e-01,-4.581394229395735707e+00,-3.014353844086686607e+00,2.525671812640774228e+00,-1.519107702034578011e+00,-9.893237764141284973e-01,-2.012801887255480260e+00
1.000000000000000000e+00,-1.668620400382501590e+00,2.187145515762723313e+00,-2.922451175927837319e+00,2.565708198829692588e-01,-5.268580663182742541e-02,2.126169750085232124e+00,4.151373924098835211e+00,7.956938405601148290e-01,1.421893193846970327e+00,-1.653368393595551211e+00,-1.644631357467307264e+00,-2.692125657793745575e+00
0.000000000000000000e+00,-3.657591358250767311e+00,-1.335312254800383513e+00,-1.667212582863847103e+00,-3.218333659596489316e+00,1.027742608594848672e+00,-2.970092661122984978e+00,-1.022765762863617311e+00,-3.466069020611655116e+00,-1.427436470539686031e+00,2.545585136495894574e+00,-8.739818750012267046e-01,2.164848450954970804e+00
1.000000000000000000e+00,-2.380159359307437050e+00,3.903432389356601639e+00,-1.160664734572728563e+00,-2.316381926166704019e+00,-4.325814560102864137e-01,8.650983166024264204e-01,-2.421898092818367321e+00,-9.058140587094343221e-01,-9.480046557925301265e-01,-2.730929216795052739e-02,-9.928580045418978761e-01,-2.081195131051474689e+00
0.000000000000000000e+00,-2.100267664289356517e+00,-1.343282759817603922e-01,-1.456439348021258962e-01,-4.883560995250164183e+00,2.993191614507870746e+00,-7.207443556854786770e-01,-1.433508893686203933e-01,-3.360993393412708752e+00,-1.418951162440403646e+00,2.965101535002932387e+00,-3.065262554950462626e+00,1.712059390019042393e+00
0.000000000000000000e+00,7.367396692641769995e-01,1.795681387307857202e+00,1.629961827157885734e+00,-3.209092693459910883e+00,5.372739002698844191e-01,-2.802779846694858357e-02,-1.382043708052247855e+00,-5.724070473613427357e-01,-2.308457212886023679e-01,1.006111902094831034e+00,-2.738810082068805496e+00,1.102880888523563474e+00
0.000000000000000000e+00,-3.448288267814518804e+00,3.993840271877692860e+00,1.214349162159748197e+00,6.432026968596986194e+00,1.293179411744000973e-01,-5.276594107349567686e+00,6.215311990502592199e-01,-4.222351401072963029e+00,-8.594910251201721696e-01,5.700161745508814271e+00,4.452758430358327857e-02,-2.610366649469384459e+00
1.000000000000000000e+00,-1.760057354593433709e+00,1.958886255225203765e+00,-7.694115063026524259e-01,-3.011844125513155834e+00,-2.180043066221129422e+00,1.032682428347684755e+00,-1.203278099392303124e-01,-3.121716797823242961e-01,9.897504545710343882e-01,-1.170013383332788370e+00,-9.620004215744536458e-01,1.544622833436788856e+00
1.000000000000000000e+00,3.376967925145459404e+00,-1.122042969860810452e-01,-2.780890704437306571e-01,3.032130351760552678e+00,-3.389314356546597740e-01,-2.168971579910368153e+00,-8.841498764478490369e-01,-3.897645509302587463e-01,8.971412955003095213e-01,8.826408727658907605e-01,-7.637921759772416941e-01,-1.131099001699868101e+00
0.000000000000000000e+00,-2.609895477922344220e+00,2.461186117024018127e+00,1.228696694319804994e+00,7.897589830754046858e+00,-8.086113783007495837e-01,5.756211666107743374e-01,2.705771996102255716e+00,-5.194890325782730578e+00,-3.008256187345177857e+00,-1.180254906868270837e+00,2.195703340215304777e-01,-1.734380276546964028e+00
1.000000000000000000e+00,-1.162220351987578448e+00,-5.887344306569969321e-01,-3.778361171376940053e+00,-6.521058748995162802e+00,9.301374943807450002e-01,3.671175515284766711e+00,-2.612384462966757859e+00,-4.710558735900669980e+00,1.830397906606977543e+00,-2.305475092020089267e+00,-1.236405507472970733e-02,8.289565209465459272e-01
0.000000000000000000e+00,7.865061762567662207e-01,2.685048741897642088e+00,8.925798065731871400e-01,4.467716245786111373e-01,-9.942129303789746242e-01,2.285729308704186113e+00,2.668580114463720676e+00,3.417731804987833577e-02,-1.924879658479894395e-01,5.909403591293502789e-01,-2.791642474667366702e+00,4.135049401232507860e-01
1.000000000000000000e+00,1.687188094467919175e+00,-4.387431017318332849e+00,-9.336625862307967871e-01,-2.926797881973348225e+00,1.093691737201572201e+00,-4.365468452986089432e+00,-6.542611471604018458e-01,8.822716704675692689e-01,-1.322566688233709042e+00,2.815596426794539475e+00,-2.475027123358088499e+00,3.415445235312859040e+00
0.000000000000000000e+00,-1.035558705897809961e-01,-1.918256533908583306e+00,1.429179126333828265e-01,-6.583573912747278101e-01,1.311201969937893397e+00,2.856753685335653437e-01,1.708842141222706168e+00,-9.004702573541620847e-01,-1.482066913453130130e+00,-4.913590425203011591e-01,-1.461146488645110209e+00,1.466610944498882851e+00
1.000000000000000000e+00,4.046980699054835151e-01,-8.249601433135779482e-02,3.846567289347428087e+00,5.205924128348058844e+00,1.319629393091309666e+00,-3.247515422615020686e+00,6.943420504463082565e-01,2.919451570184556477e+00,-5.263800288762523927e+00,4.272387288400912198e+00,-3.878504172096651770e-01,-1.082436624165096450e+00
0.000000000000000000e+00,2.923610686807960324e-01,1.246115733292775252e+00,-6.990811684838946771e-01,-1.868108717370283056e+00,-3.685437048517130609e-01,1.034361404890454583e+00,1.386456443421113738e+00,1.258550321357115198e+00,-2.366310467935184292e-02,1.185717657085950671e-01,-2.513777471373402683e+00,2.030158456041084580e-01
0.000000000000000000e+00,-8.044919690160863279e-01,2.292438939445776480e+00,5.923221042669513103e-03,3.575350767702070165e-01,-4.596812937026044654e-01,1.355553164456110959e+00,1.691173583195898278e+00,-1.746151600974200857e+00,-1.437509187023126689e+00,3.771222603836654752e-01,-2.609501755977371218e+00,9.244402853781574780e-02
1.000000000000000000e+00,-5.191775426817695216e-01,6.093797884682644828e+00,-5.632919874038136987e-01,-2.681025271398850052e+00,-1.174843447186709966e+00,-3.426672593889388274e-01,-1.892764306286143006e+00,3.007711889432485020e-01,1.483254741113794184e+00,-1.940484215464619133e+00,-3.773725331127362637e+00,-2.778703825709707864e+00
0.000000000000000000e+00,-3.667637470556903700e+00,2.394620315037687686e+00,-2.299918363102398722e+00,-3.683149818478783644e+00,-5.278357117125043185e-01,-2.093881645850965256e+00,-1.591999630409833610e+00,1.999149865224231437e+00,-1.062250185486680376e+00,1.789003691649897476e+00,-1.179326927334395592e+00,-1.278852403298980089e+00
1.000000000000000000e+00,-3.544181476305824363e-01,6.005796226919488667e+00,-2.998425431623569226e-01,-4.022762282543673074e+00,-5.612681363999794115e-01,1.873273105732241373e+00,-6.646295224168794480e-01,-6.435276072064094466e-01,1.025575433092039468e+00,-2.684213341497459382e+00,-5.039086361496130095e+00,-1.831902755284322115e+00
1.000000000000000000e+00,9.048746663429492187e-01,-3.186475035193466532e+00,-1.503437878360589508e-01,-7.262702076090390424e-01,-3.867692864342298087e-02,-2.284469296342942712e+00,2.493681280474980611e+00,5.034559473119037953e-03,-2.361228527511998188e+00,1.623560311916634635e+00,-3.480835163825870993e+00,4.046778435286811693e+00
1.000000000000000000e+00,-3.024941069500295399e+00,-2.134120905950051550e-01,4.420818980200542647e-01,3.488696725790846109e+00,-2.383944924168880597e+00,2.818061810543224244e-01,7.322355017743569228e-01,-3.550567017776908862e-01,1.251168899773031695e+00,3.511148858668461159e+00,6.013860841729178119e+00,1.027140774326805506e+00
0.000000000000000000e+00,1.738056745109690215e+00,2.878041049870174173e-01,3.067612555604247726e-01,7.499637330272705071e+00,-1.568135137105019616e+00,8.285579364695137006e-01,4.936717085112720671e-01,-2.314344487965295460e+00,-3.116109140452925530e+00,-2.272609031752158781e+00,2.234356087348745579e-01,-1.625402802747583753e+00
0.000000000000000000e+00,1.649742932394817174e+00,-9.369451520779567000e-01,-3.272926648774538982e+00,3.379612013058918008e-01,3.049461648981083295e-01,1.787971162018889171e+00,-3.544750363805284188e+00,-3.509846674425598501e+00,-1.860829550886883288e-01,-3.251035328475539998e+00,9.173579386997374741e-01,-2.185844870840556453e+00
1.000000000000000000e+00,-2.100249572308642954e+00,4.805947497685318481e+00,1.339205983752494777e+00,-3.306245256721997539e+00,-1.217189348690437933e+00,2.442960531935904012e+00,-1.267618021880950518e+00,-7.042560963967762211e-01,-1.353196535700370795e+00,1.739247633421521222e-01,-2.162638671116148714e+00,3.483162816422351593e-01
0.000000000000000000e+00,-2.178404312356626793e+00,2.661132234387364903e+00,2.672833372599292545e-01,-6.275532379239226799e+00,2.895723825415997155e+00,-2.025326390151540590e-01,-1.369480163700255826e+00,7.035440771625658396e-01,2.084179151328413138e+00,4.108998722317109831e+00,-8.155524642923382972e-01,-1.175189989429913595e+00
0.000000000000000000e+00,5.540159961396988741e-01,9.625615739979028973e+00,4.753740052742934097e+00,-1.773000598730943844e+00,-1.602095822561251826e+00,6.146224079731945622e-01,2.046802699536375503e+00,-2.483849316509166627e+00,5.015523288773204413e+00,6.199210074577823359e-01,-6.173185074377836479e+00,3.062100832431683406e-01
1.000000000000000000e+00,-1.229175406000204251e+00,5.988189350032195435e+00,-6.405092419709286222e-01,-2.643567298678019206e+00,-1.440088215366907010e-01,1.466531933223182538e+00,-1.269521347306827419e+00,-3.227172689738150524e+00,3.003072162362112607e+00,-2.283456197404465371e+00,-2.686116518127380282e+00,-2.668743412774009283e+00
0.000000000000000000e+00,5.887958274994604668e-01,-2.938380619668290450e-01,-7.538745468059049326e-01,-9.802704471703201916e-01,6.986416106644819379e-01,-9.774709546557538431e-01,-2.073251701655933310e+00,-1.853834314346982648e+00,3.921010118349022022e-01,1.504944970773596458e+00,-4.030309679779131571e-02,-6.813582477541690885e-02
1.000000000000000000e+00,3.191299798229504603e+00,-5.644517181608836864e+00,5.380964261044520747e-01,8.945033462145900449e-01,2.545107570161477817e+00,-9.431577276055640446e-01,2.194335415627184371e-01,2.503863569222603003e-01,-3.136469107986057381e+00,4.067027485447136215e+00,1.292686238579325853e-01,2.339590537339769849e+00
1.000000000000000000e+00,4.074131729800161139e+00,-3.613142144363376218e+00,-1.783080766869982625e+00,8.610359387033061918e-01,3.358543320956191458e+00,2.440564832763560510e+00,-1.788214209276017819e-02,-1.144236217188577598e+00,-1.341789301097328746e+00,2.070060694612143593e+00,5.628964611824671671e-02,-1.275536280529572242e+00
1.000000000000000000e+00,3.948907604392570825e-02,4.358062762881600882e+00,-9.017228452198553512e-01,1.065081315264446937e+00,-1.534303662844327398e+00,-3.319739185998334285e+00,-1.188608280398600670e+00,5.456727578348792296e-01,1.982677642269321527e+00,-2.071215368634406584e+00,-2.592974105853723898e+00,-3.277406802056007429e+00
0.000000000000000000e+00,3.473953763179020271e+00,1.484849166602719706e+00,1.059483632058975777e+00,8.121848164488939759e+00,-1.597940024541627313e+00,3.265343443427903836e+00,1.618032956869744243e+00,-9.581589015217080174e-01,-4.504362735756089364e+00,-3.957210461966993442e+00,-1.758476991345565787e+00,-2.495394905219856518e+00
0.000000000000000000e+00,-7.998558510579414360e-01,8.748447489652776410e-01,1.730312573637419193e+00,-3.334687598868930625e+00,3.331320228310866716e-01,-3.777416643774604843e+00,1.531025331443269799e-01,1.489605251649301909e+00,4.287701216349896427e+00,7.684687276276365164e-01,-8.105165513428360669e-01,1.364702149598375769e+00
1.000000000000000000e+00,-2.430820819526919863e-01,2.450334608813216519e+00,1.471233646130091888e+00,2.590665652280489617e+00,3.171431846055443593e+00,2.785607743521454793e+00,4.169965608502298693e+00,2.077010050041246281e+00,1.128737974173645853e+00,-3.260875954280839650e-02,1.287308502455044579e-01,-4.720167150756196861e+00
1.000000000000000000e+00,2.409442888749264711e-01,2.547292422025164704e+00,1.788916092535963509e+00,1.644336358696339095e+00,-1.267854140149949238e+00,-5.802175525697439440e+00,-3.585817051082704765e+00,2.093031551303043081e+00,-4.613094117507587022e+00,3.407271573297907974e+00,-2.944748849821996028e+00,-7.291677417695510144e-01
1.000000000000000000e+00,1.461636278155658886e+00,1.066373448376091382e+00,9.567761800202168043e-02,4.575652613567480209e+00,-6.928070371052168497e-01,-8.095954148371248271e-01,-1.985316931282435693e+00,2.070143793302245960e+00,-9.722179743714741695e-01,3.337348282683356260e+00,2.748322433563895828e+00,-3.195160025534961701e+00
1.000000000000000000e+00,-2.290386931562333750e+00,4.041359444344820417e+00,5.429970293465098408e-01,-2.784121515230311150e+00,-2.270322254203935852e+00,-2.577999153064793880e-01,-9.813421420619491409e-01,2.111860863877038863e+00,6.769258126821686705e-02,6.704457121721849600e-01,-1.210162257872986924e+00,2.181847499514235622e-01
0.000000000000000000e+00,7.334854574147298134e-01,-6.222463494521014660e+00,-6.012230901952093642e-01,-5.514241643208247501e-01,9.616427562407274809e-01,-1.704938268688514613e+00,1.465165926585051182e+00,2.722944512473395751e+00,3.581076071157399454e+00,1.102683931551700303e+00,4.532569864861789810e+00,2.382027838462755120e+00
1.000000000000000000e+00,1.266865168794570007e+00,-3.476880631956008827e+00,8.094086122883394907e-01,-1.221279034940581966e-02,2.321688594144763584e+00,-1.204900763990308876e+00,6.264915471618378584e-01,9.927805954660875454e-01,-2.564079696274756071e+00,1.889838244871342221e+00,-6.638607171487792558e-01,1.194571465231607288e+00
1.000000000000000000e+00,2.455962725409975178e+00,1.861526263721195784e+00,9.818937437055282880e-01,5.156863830772489443e+00,6.504177343340170614e-01,-2.597080459751905934e-01,1.478908930847686598e-01,-2.418810003225784211e-01,-1.695665079570919165e+00,5.631361314852869615e-01,-1.177549678110301867e+00,-3.391028927009418492e+00
1.000000000000000000e+00,2.111324551706736941e+00,4.498267128622211786e+00,1.594221521927931873e+00,1.116530122993210483e+01,-1.861534332335666786e+00,-7.075597560039381673e-01,2.145762346484362926e+00,-1.737125427952880052e+00,-3.667538806969837140e+00,-2.319520333819720115e+00,-2.856588305257275806e+00,-4.670468917533884934e+00
1.000000000000000000e+00,-1.675201242161253212e+00,5.331431599920303022e+00,2.288862731852884913e+00,-3.525506457086546863e+00,-3.366241825117474162e-01,-1.279448829619882488e+00,-2.505684191371020830e+00,1.541554020571549000e+00,-6.234318262719764636e-01,1.339999731257644378e+00,-2.745230624557362553e+00,-9.190439566870274302e-01
1.000000000000000000e+00,-1.615906171676088299e+00,2.722315047295102097e+00,-2.590613127277569205e+00,-2.980832518183198943e+00,-8.360126644198679902e-01,-9.467891411589317574e-01,-1.274627251953962315e+00,-4.866022434941379426e-01,-1.941581636851519299e-02,-2.795460503700926580e+00,-3.258621470546341214e+00,-1.457784315671151409e+00
0.000000000000000000e+00,-9.843232909341266268e-01,-3.053100742046602978e+00,1.561002883718654477e+00,-1.331227993053685665e+00,2.755542567694011069e+00,-2.075860131742294001e+00,1.457231248622785635e+00,-1.876830893554154667e+00,7.616071209924558660e-01,7.006832296542720995e-01,3.673657015025244554e-02,2.336082082593957221e+00
1.000000000000000000e+00,8.817300672975871834e-01,2.082801835341721586e-01,-5.134790788059850897e+00,-7.247354324650161495e+00,5.669017079383356084e-01,4.838197271874488337e+00,-2.301843680604522380e+00,-2.123233482012847784e+00,1.607273144582128221e+00,-3.563713035780061933e+00,-2.116078541518182199e+00,-6.136253021957962517e-01
1.000000000000000000e+00,4.663604394138632259e+00,-8.641302462427328246e-01,-6.362997067528255446e-01,1.685025356634394234e+00,-4.308529753269536577e-01,-2.443585889665502275e+00,-2.786648756344569655e+00,-1.840173579145826466e+00,-2.136446528353938668e+00,2.442798245932203294e+00,-2.999926122640916404e+00,5.885002204867100239e-01
0.000000000000000000e+00,2.908379560393867802e-01,1.861228814886594307e+00,8.804464123244593043e-01,4.724174729498450631e+00,-1.087357266618989904e+00,-2.951711640903354805e+00,-1.004334497441084606e+00,-2.134131955610207854e-01,-3.409786876369538700e+00,9.823377559487204147e-01,-1.387902508906699639e+00,-1.718573436813397803e+00
0.000000000000000000e+00,1.267797801790975676e+00,2.320996151333320157e+00,1.112024881801638720e+00,6.365169906685809842e+00,-1.158025092757173358e-01,2.079591300902634110e+00,1.530214011382109440e+00,-1.923589083304748204e+00,-2.671981210065170309e+00,1.876509752117706542e-01,-6.026378965819849665e-01,-2.729201037419195508e+00
0.000000000000000000e+00,-1.489104067153063315e+00,2.716431381470381989e+00,-1.451377315780165045e+00,-4.224516223141139726e+00,7.963914652885210055e-01,1.998456437027326116e-01,-2.649027856184942298e+00,-2.530352033206269891e+00,-6.928591042829446156e-01,-1.846737192092517965e-01,-2.772150070859534576e+00,-9.496542617071861425e-01
0.000000000000000000e+00,3.973873580576836151e+00,3.928897386805670688e+00,-2.819812721131831346e-01,-1.134162917261698311e+01,2.038634816248744208e+00,3.904822113813116946e+00,-4.912594150998806697e+00,4.119443588604259077e-01,2.930533796377210454e+00,3.580240463766032333e-01,-5.232433621937025769e+00,-2.702071033455567539e-01
0.000000000000000000e+00,5.347431845797252503e-01,4.041550350936125469e+00,5.603660899718482247e-01,2.849004388542664579e+00,1.112349390783369252e-01,-1.376822972275392409e+00,-1.884755412352780768e+00,-5.445451820217008798e-01,-2.171723376370498393e+00,2.190037927825752906e+00,-1.856803805653670203e+00,-3.572251556567432651e+00
1.000000000000000000e+00,-3.181317919230076452e+00,1.980966524580904276e+00,-3.120272896084685055e+00,7.643433711442338963e-01,-1.448514696296651749e+00,-1.107933363183508657e-01,2.611344017887336388e+00,7.043723089625864020e-03,1.584710487190291506e+00,-1.542861398970487574e+00,-1.893181254742457575e-01,-1.891347154779146944e+00
1.000000000000000000e+00,-1.068924132008681527e+00,5.869932411922283322e+00,1.044902113352385253e+00,5.619423871749628319e+00,-2.701392741243517914e+00,2.502540651962082308e+00,4.945409573470542774e-01,-2.257679806608931194e+00,1.920853143160781373e+00,9.055863339728160710e-01,2.420257992393775037e+00,-3.170560823668369554e+00
0.000000000000000000e+00,-1.192874447313219344e+00,3.728755028201264921e+00,-1.069359647764212440e+00,-1.591082346253676505e+00,3.713511443316216409e-01,3.267281774194946031e+00,7.786564566338833870e-01,-2.079132037005660294e+00,6.005958546713197066e-01,5.783978179513369788e+00,-6.246014355221716219e-01,-9.396881144532913677e-01
0.000000000000000000e+00,-2.893379168199603502e-01,-2.339197817181289718e+00,1.434515518881712914e+00,1.214771810952217868e+00,2.496904254457929184e+00,1.864026365618342229e+00,-2.450454417104780402e-01,-2.746023932990945937e+00,-2.170975933529253332e+00,-2.022592285446858984e+00,1.553723900737073560e+00,1.097199722117014886e-02
0.000000000000000000e+00,2.223949909736459674e+00,-4.302376971154423524e-01,4.857699760998375194e-01,-2.347410936428202977e+00,1.809341426893444904e+00,2.300255122419585518e+00,-1.262170601529274405e+00,1.760180003631083512e+00,-6.064273081261706277e-01,3.331732366794290634e+00,1.751559427612801034e-01,-3.189398416940055769e-01
1.000000000000000000e+00,1.010172289172631910e+00,2.653165978753457388e+00,-1.283187102077005370e+00,3.767705664144845645e+00,-3.677009479129601743e+00,1.759923853923239356e+00,2.130235808777733109e+00,1.101956890157886004e+00,1.826600176899394912e+00,-1.597035367927206462e+00,1.443860073959153389e-01,-1.332561068411009186e+00
1.000000000000000000e+00,-1.725434840201724995e-01,7.933120023441603275e-01,-2.491013306292322316e-01,2.494702016036200565e+00,-1.097769568355411174e+00,2.056147173174243115e-01,-1.563533244966164304e-01,1.397993086920419792e+00,-1.939271697672632078e-01,2.014682253338531126e-01,1.749455199593861643e+00,-1.590018454954541749e+00
1.000000000000000000e+00,3.304431744859913644e-01,4.382989246167723785e+00,2.373788177369026364e+00,5.346490345626023100e+00,1.776200672377068246e+00,2.789760077997943455e+00,3.077577024368096659e+00,1.467558151355626395e+00,3.018932801850235936e-01,-1.493518834716538457e-01,3.543664564106709935e-01,-5.708361380006079067e+00
0.000000000000000000e+00,7.076697298574181616e-01,1.824124988621683707e-01,2.155029493947530295e+00,8.802623025663752543e+00,-2.357048293449148790e-01,1.805725382044398586e+00,2.121467688624326442e+00,-1.814304464542049189e+00,-6.434254322942763338e+00,-4.983920115537282314e+00,-9.165110052579191757e-01,-2.219591554227704044e+00
1.000000000000000000e+00,5.514717773944859402e-01,2.375035110642334413e+00,4.640875430976976190e-02,-2.478386474946456808e+00,2.048637095182981316e-01,2.963608601784986085e-01,-6.564288137983549376e-01,-1.106700312223132254e+00,1.856422846418199324e+00,-1.484871867855551253e+00,-2.481411820668435908e+00,-4.874710058299774884e-01
0.000000000000000000e+00,-2.622966970145306220e+00,8.421236377051741773e-01,6.017833397215150981e-01,-9.755157265662530719e-01,1.566406081232164738e+00,-2.127221753749996669e+00,-1.359965176593926461e+00,-2.959035348963010126e+00,-1.986226605426923530e+00,-6.563878969662939600e-01,-1.510644242049684394e+00,-3.318274017600837400e-01
0.000000000000000000e+00,-2.740997332227003813e+00,-1.689952373737849234e+00,-4.294939055263815586e-01,-3.221367060465736287e+00,2.868836286197677943e+00,-1.780669436236248071e+00,-5.690870083217465236e-01,-4.474644686939836191e+00,-1.612204560428577960e+00,2.307177745583746997e+00,-1.307876199525837224e+00,1.913029261594564767e+00
0.000000000000000000e+00,1.410802439048693291e+00,2.199253806109523257e+00,1.984976875237045357e+00,3.712749288541186687e-01,1.496906835755187570e+00,1.639765513736362035e+00,-4.250395034216190027e-01,-7.300841294307404139e-01,-3.342563317352786889e-01,2.228886218995008939e+00,-8.397754331308308062e-01,-1.330057919061334193e+00
1.000000000000000000e+00,-1.448476242476332665e+00,1.760841426854285574e+00,-3.540902340146097504e+00,9.293496785732600074e-01,-2.817988107912832163e+00,-9.080933403045712282e-01,-2.076034587320680469e+00,-8.229040589855521892e-01,5.894939960353475783e-01,-1.803969170676417155e+00,8.054140097860593706e-01,-1.887970217432716424e+00
1.000000000000000000e+00,-2.308564328640702268e+00,-1.637671678127766484e+00,-2.037541694522923663e+00,-1.619214797972213127e+00,-2.687038256793551128e+00,1.044734541089564539e+00,-1.032763887392383673e+00,1.706965952977343992e-01,6.744510137189280163e-01,1.177634245664391788e+00,3.848767783606787063e+00,2.549629669854002412e+00
0.000000000000000000e+00,4.908397042905427998e-01,-5.984689811429166895e-01,2.074961391917813813e+00,3.739271438230351574e-01,1.345402114712872077e+00,-1.862077300628496301e-01,2.369802540830042936e+00,1.037762669914332747e-02,2.392441489530839238e+00,9.486719742001913369e-01,3.920757848047273786e-01,8.531968508706438969e-01
1.000000000000000000e+00,-2.713483608035938133e+00,5.066596044635106821e+00,-1.890684445441771722e+00,-1.253258366633665188e+00,4.931793064413967365e-01,1.685173938339620925e+00,-9.567043526268881326e-02,-2.372189003058048140e+00,9.133501860260151428e-01,-1.362233791440200292e+00,-1.826883032190612210e+00,-3.821777640668528431e+00
0.000000000000000000e+00,2.953474796556477822e-01,3.388394397355543930e+00,2.018676224061170643e+00,-1.243272011311677083e+01,2.762189268000614817e+00,3.021308867346528704e+00,-3.575762428469780652e+00,-1.160376651760242517e+00,2.717582978540483030e+00,7.083813461537840084e-01,-4.237066072314338072e+00,2.204060722696319363e+00
1.000000000000000000e+00,2.283126581117862486e-01,-2.212187540038323963e+00,1.006438504631465003e+00,-1.060987567454137803e+00,2.201917413323123185e+00,-1.473490429116784961e+00,-2.359919525463728185e+00,2.883242337191092020e+00,-1.455310021568401613e+00,2.687485046088655238e+00,2.265056792140255570e+00,-6.315159684648072869e-01
1.000000000000000000e+00,-4.826422745976850504e-01,6.179984527001011863e+00,1.407565504949266799e+00,-4.033783804243857296e-01,-1.772565656566788883e+00,1.922016631673098885e+00,-2.578953197839370048e+00,-1.979789879738336644e+00,6.454419150130168426e-01,-1.612575543302937620e-01,-1.034320433188590682e+00,-1.694307662884359633e+00
0.000000000000000000e+00,-7.577071579686489589e-02,6.007365722340276548e+00,2.126296739309562422e+00,-1.684044739192176010e+00,-8.706097713086780043e-01,9.542101344492299742e-01,8.545877873161139560e-01,1.360189874405698163e+00,3.278608770411843398e+00,-4.113405436765726897e-01,-2.535802499430322765e+00,-1.530489144778780286e+00
1.000000000000000000e+00,-2.715837610771810517e+00,4.381442585762211017e+00,-1.765611925893785461e+00,-8.725495323556874183e+00,1.553736661905442684e-01,1.320974608777240045e+00,-2.529758039843317707e+00,-3.313111631995932171e+00,3.363809803369406826e+00,-2.957592121936701623e+00,-3.488176869461997232e+00,1.478605348919388440e-01
1.000000000000000000e+00,-3.986392778149041582e-01,1.875132814163078976e+00,1.295830844690983197e+00,2.578875438022139921e+00,9.211778703284545511e-02,-2.142262186917144540e+00,8.365688876132517660e-01,2.311950274069425770e+00,-2.679295059763619591e+00,2.609294308607691182e+00,-1.538446318766066412e+00,-1.621082821812124264e+00
0.000000000000000000e+00,-1.136852657204303618e+00,8.542921129204817277e+00,4.011090986077817888e+00,-1.707600758603663893e+00,2.970120857893991939e-01,4.848249831845774516e-01,1.134864843698272452e+00,-1.644403683324073828e+00,2.039337652254221922e+00,2.935129483631124803e-01,-5.230391397631745320e+00,-1.654756716394270910e+00
0.000000000000000000e+00,-1.347544053080289128e+00,-3.252358873166041331e-01,9.445310214337200305e-01,3.172559903646890445e-01,1.523532062688223832e+00,1.022887049832144069e-01,1.265269611714591846e+00,-2.333910401902890897e+00,-5.103108794591801889e-01,7.182827505741237184e-01,-1.290831377314290984e-01,5.244652375025846691e-01
1.000000000000000000e+00,-8.835840384024175043e-01,2.884341627409725994e+00,-3.767679529442486519e+00,-5.652496412145974425e+00,5.883415632798714157e-01,1.592686736513619472e+00,-1.172451411073233585e+00,5.968166956246570010e-01,7.400416860606284786e-01,-2.434525403216873052e+00,-3.603334869340839131e+00,-2.589351756308181152e+00
1.000000000000000000e+00,2.513505197642838418e+00,-1.664192414191524971e+00,2.844440247729328464e-01,8.382551940790478051e-01,3.368143878047288542e+00,2.752257868872836966e+00,-1.720096173487783986e-03,4.021645078456669298e-01,-7.596319707078723615e-01,1.881992219721746018e+00,1.296034983745411040e+00,-2.139102877239234424e+00
0.000000000000000000e+00,9.522708261629622140e-01,4.186210117424366550e-01,-1.533618625638776045e+00,1.237001153573237255e+00,-1.914167304321096275e+00,2.343604002703334022e+00,2.308401682929410725e+00,-1.681684537159271020e+00,-3.005544670657431805e-01,7.986337009802623177e-01,-1.463921670977251122e+00,1.382698109508588180e+00
1.000000000000000000e+00,2.717554872276171096e-01,2.929631178607810860e+00,-6.636709689499724618e-01,-2.268020053961532945e+00,1.968171402044289753e+00,8.145071097465989007e-01,-2.209357621366435431e+00,-3.867073939572226227e+00,3.379844047165864840e+00,-1.015940824743569948e+00,-9.110450845909319195e-01,-2.686254734154215562e+00
0.000000000000000000e+00,1.136382394915251615e+00,2.770841605707346500e-01,2.224164145172137008e+00,5.474362488373398783e+00,5.969262659739081878e-01,-3.479002943141490611e+00,4.190094341098526964e-01,-6.299225436796340727e-01,-1.775307448588477444e+00,2.996287902765033984e+00,-3.573937157038136192e-01,-1.053981999405462888e+00
1.000000000000000000e+00,-1.895315873255962735e-01,4.298282053329421259e+00,4.719950985309807612e-01,3.926150056059698912e+00,-1.314147324225058977e+00,-5.856512856732185579e-01,2.564526138852550874e-01,6.683784255544773512e-01,-8.562681609475355504e-01,-1.345151757537739190e+00,-1.415711009272201837e+00,-3.606122436987494240e+00
1.000000000000000000e+00,5.246933526164343498e-02,4.480186199229837740e+00,3.439569386817355579e+00,5.893146800053897572e+00,-9.239586692361725362e-01,-1.775292057025935843e+00,1.950274776880098759e+00,-2.537216854769619445e-01,-5.797556057362506898e+00,-2.441590602994649917e-01,-5.231913364026661739e+00,-1.625404919364935807e+00
1.000000000000000000e+00,5.490659501432194611e-01,-5.676738404907972324e+00,5.111127993636783717e-01,-2.939804457505401647e+00,4.865565303234740568e+00,2.614307901513793997e+00,4.838193087336110310e+00,7.695056568104522432e-01,-1.060677388910710173e+00,1.251808453732480952e+00,-7.105146016275714071e-01,2.598705673820911777e+00
0.000000000000000000e+00,2.413457622939412239e-01,1.147267428078418749e+00,3.581097368062794439e-01,1.402531647929740943e+00,-6.412105207850740118e-01,1.071039273919406565e+00,1.599468408587578105e+00,2.508480909416526572e+00,2.766305129532002471e+00,1.879411768338776767e+00,2.290508319249161762e+00,-1.219295788227115818e+00
0.000000000000000000e+00,1.336039397820993457e+00,-2.016624298362468704e+00,-3.102489940473623697e+00,6.108712659297299119e+00,-3.045639721199456140e+00,2.988537692036659532e+00,3.810082560542924046e+00,-2.399829096462362532e-01,-4.590517363146104923e-01,2.229182278103007953e+00,2.672739347600247672e+00,4.893722099547838100e-01
1.000000000000000000e+00,3.548455655210066784e+00,-1.643394846885761762e+00,-1.904761641144078421e+00,2.465672334017956047e+00,1.478870321542884447e+00,-7.119305671616258380e-01,2.033031458418313786e+00,-1.518389458374740375e+00,-8.418634379349169139e-01,7.269336989525740922e-01,-3.393820943874642726e+00,-9.045094714659215329e-01
0.000000000000000000e+00,3.867722857796898062e+00,1.222289380132216774e+00,-3.280443583791755380e+00,-6.612607183980105496e+00,9.848548577434174112e-01,4.170720331460136876e+00,-5.755957672432511885e+00,1.440060673731893282e-01,1.424733521389640156e+00,-4.489927928961114922e-01,-1.089106507456800488e+00,-2.171477806104861408e+00
1.000000000000000000e+00,-2.186519819499848527e+00,7.862675265711018824e-01,-4.272220835344555212e+00,1.245269473408169070e+00,-2.972502264617183698e+00,-5.800776997305914229e-01,-2.139329650910477998e+00,3.496833608470022448e-01,-2.509323420385556780e+00,-1.227812367281228445e+00,8.990251149361954131e-01,-1.812494273150789814e+00
0.000000000000000000e+00,-1.643029172356806011e+00,2.378603003380204139e+00,3.071057789484218370e-01,-1.475016089114693063e+00,-2.361347155535950648e+00,-2.752771967940760511e+00,3.853533052294465522e-01,1.297298879631363366e+00,3.929124296975848196e+00,3.297516410723794866e+00,4.576570056623092686e-01,1.428297372756443862e+00
0.000000000000000000e+00,-5.805477320749921066e-01,-9.708932692985389190e-01,-7.365236519104909618e-01,-5.801074690624792751e+00,1.101248862037080833e+00,4.374041108231329078e-01,-3.217426154591925158e+00,-1.333420184844047007e+00,7.495632705995525225e-01,1.760414265419335322e+00,4.609955093416029381e-01,1.859892475079815810e+00
1.000000000000000000e+00,-7.573959893223978224e-01,-1.251594871184923186e+00,1.510595991934852833e+00,9.257996506154239080e-01,2.448220513460076742e+00,-3.320154971145649281e+00,5.463283645325502924e+00,1.284016662578637336e+00,-4.317554063828508149e+00,1.070739166206991611e+00,-6.065529632443611874e+00,1.308488096429252678e+00
1.000000000000000000e+00,2.061334015788959917e+00,4.115952886668138966e+00,-2.775024831932096703e+00,2.544516715565033060e-02,-2.346116113646847801e+00,9.390378787589603871e-02,-1.837121906291784068e+00,2.213538794906678486e+00,-5.941825137694973780e-01,-3.171622258606454192e+00,-3.911979221511794336e+00,-3.678883140023678777e+00
1.000000000000000000e+00,-1.786396289577792507e+00,4.669839219298334676e+00,-2.756978747387950346e+00,2.155259192006758528e+00,-4.436453505592100832e+00,3.278594833839220346e+00,1.563974717617082622e-01,-3.421730308684413746e+00,1.518365967016176654e+00,-3.368445058042040863e+00,2.396018645252155910e-01,-1.471826529811419260e+00
1.000000000000000000e+00,-3.450097516648688245e+00,5.463525154432713471e+00,-2.435979306680752243e-01,2.033851450161340502e+00,-2.051369252207297045e+00,4.127682512136409798e+00,1.666092963347352907e+00,-3.622923951128928621e+00,-2.900335046412383377e-02,-7.869549647724844998e-01,1.677231959806564365e-01,-1.672498181489374236e+00
0.000000000000000000e+00,3.053695950217258925e-01,-2.482397589868749144e+00,2.409069032167174385e+00,2.689336113625346414e+00,7.904100907388827979e-01,-1.194386297402022290e+00,3.378426598124969260e+00,-1.208851445299882643e+00,7.411516404952078751e-02,-2.886043261242715374e+00,-5.763856402366769327e-01,2.021203449356416826e+00
0.000000000000000000e+00,2.453772238813932915e+00,4.408311150060425732e+00,4.925646615074315449e+00,1.725610967579856769e+00,2.061782221257394632e+00,8.401665306871384242e-01,1.362735520827093261e+00,1.501928992208072966e+00,-1.903228332790599664e+00,4.069377166572248683e+00,-3.709568862831114533e+00,-1.841484454342171340e+00
1.000000000000000000e+00,1.434554747951706677e+00,-1.355544156306147885e+00,-5.733627438405330956e-02,-1.176537428941775376e+00,1.821453279390519819e+00,-4.569522547348766617e-01,-3.204129777481247388e+00,1.223797852626507643e+00,-1.410461300473185853e+00,2.021860378275740278e+00,1.059004776202039810e+00,-1.129028331978601640e+00
1.000000000000000000e+00,2.469560681498572663e+00,-2.902983476668678620e+00,-2.042050545785994320e+00,7.257353790078865607e+00,2.196000237955264556e-02,-4.860245057052996476e-01,1.006647906459490427e+00,-1.569123525824887011e-01,-4.409996612413393358e+00,2.246005881633298173e+00,8.267254140606752344e-01,-1.889625873173441661e+00
1.000000000000000000e+00,1.534754299286718915e+00,-2.572536200834515174e+00,-4.060122752794030898e-01,3.442175133265845677e+00,1.391945255711536822e+00,-1.696842115036047982e-01,4.426523706797656388e+00,-5.791597897957128094e-01,-2.192462150267997067e+00,9.604078827811768360e-02,-2.423936630291777306e+00,3.988766133408838677e-01
0.000000000000000000e+00,-2.829030119440813618e+00,-1.960509445837073095e+00,-9.357247034667317553e-01,-1.517915132326447480e+00,3.289611673977675954e-01,-3.200336059635244368e+00,-7.910273632717605974e-01,1.504722340726892593e+00,1.430363519915443860e+00,1.707495683804909348e+00,2.998696331439807850e+00,5.014370527883783568e-01
0.000000000000000000e+00,2.283635546718691067e+00,6.398428994668412528e-01,4.199542335523745784e+00,2.254049424469983354e+00,-8.283681992780220771e-01,-4.526269548817800636e-01,4.096475241558459324e+00,-1.123009441045067502e+00,4.958814464578489734e+00,-2.587752479826725960e-01,-7.700694492026006754e-01,2.928011951661024348e+00
0.000000000000000000e+00,1.447635181716008912e+00,-4.833340738500290779e-01,4.590991590969082381e+00,2.312276964802596257e+00,1.039228930717721378e+00,-6.436474815696883178e-01,3.589698065557276330e+00,-1.130740478918322411e+00,3.366994195354207520e+00,-1.248284427474631642e+00,-1.558148345671472867e-01,1.935013528810492600e+00
0.000000000000000000e+00,2.539089069427648004e-01,5.552505875268054503e-01,4.290689565405334527e-01,3.350583914570943733e-01,1.392793088939463297e+00,1.641973147562832303e+00,-1.861925220316313689e+00,-3.139440312531103228e+00,-1.220325613298194778e+00,-1.660733449555148677e+00,1.574844441541700668e-02,-1.275775344655003973e+00
1.000000000000000000e+00,-1.092210279457074273e+00,2.046887177398761359e+00,1.868628937245979671e-01,-3.370650390439026811e+00,7.411462393169983009e-01,3.997664199740813551e-01,-6.870170817142137176e-01,-6.734882579947281123e-01,1.335071282941257653e+00,1.522616499158964132e-01,-1.245075070509294557e+00,-2.138931350689922128e-01
0.000000000000000000e+00,-6.738391258973430720e-02,2.644125251708486779e+00,1.858438780137563917e+00,1.215155202770055398e+00,-1.109001770084653060e+00,4.866523254910504193e-01,1.728626123483778754e+00,-2.132890741706811255e+00,3.915201909642472611e+00,9.976563563594071926e-01,3.374429118509914005e-01,7.457882033179228376e-01
1.000000000000000000e+00,2.225460132813851910e+00,1.964071035829575207e+00,2.062024848894689288e+00,5.921000992377126515e+00,3.388834726938763975e+00,2.406016861900678983e+00,3.253078370335884539e+00,-3.781432816247716211e-01,-4.054028956566988029e+00,1.312589925047200623e+00,-2.652208616255181894e+00,-4.455601976969133737e+00
0.000000000000000000e+00,-6.809735564329013613e-01,-7.463761730902573888e-01,2.387003215067235118e+00,9.727436637331762226e-01,9.271326234310806047e-02,-2.883510456852666159e+00,1.820062707488270703e+00,-1.028670446192968324e+00,3.303853736560953713e+00,6.369224373544749573e-01,9.507771524359209803e-01,2.088073259596744613e+00
0.000000000000000000e+00,-1.312849491248516465e+00,1.501071245640091867e+00,-4.287915817096332738e-02,-2.829189977234379150e+00,4.875170589622110917e-01,-4.326353641883743384e-01,2.495042818216948177e-01,-4.263416645257477322e-01,3.594847223124091329e+00,4.267205431920616299e+00,7.685767770767306661e-01,5.354335462399995027e-01
0.000000000000000000e+00,2.729342225318607262e+00,-3.979808192217307306e-01,-2.430151853192747957e-01,7.855576797777827913e-01,4.676405924704660766e-01,2.134456139054822454e+00,-1.192630695184956569e+00,-1.672841281938908242e-01,-9.089159441889766988e-01,3.992405267468643881e-01,1.290776661808181736e-01,-8.941751122256895723e-01
0.000000000000000000e+00,-2.664393867637554481e-01,9.503323075137135589e-01,2.900200875265928069e-01,-2.572012137639311025e+00,2.115676279062940868e+00,1.091010803515393590e+00,1.653800648794328865e+00,-2.486734228190076834e+00,-1.149927169548041306e+00,3.243330868111733878e+00,-3.580823238800790342e+00,1.112344019673557227e+00
0.000000000000000000e+00,-2.042188521396779421e+00,-4.871804308558586705e+00,-8.319150838743694099e-01,-3.836927774554197423e+00,4.323918543364527522e+00,-2.600290133967785522e+00,2.291495203389646296e-01,-2.466352451854694205e+00,-2.865553203565039286e+00,1.765319212463205334e+00,-1.535187972430835934e+00,2.436996813953618002e+00
1.000000000000000000e+00,-1.300123657757269235e+00,-9.208200353049476039e-01,2.062656604266433824e+00,1.399090604314914943e+00,2.410525712133638976e+00,6.256385710692788926e-01,3.277768953704847554e+00,2.933593808799137559e+00,-8.242311628585191619e-01,6.691962503092834247e-01,1.279498604708408038e+00,-1.123569350951521884e+00
1.000000000000000000e+00,-1.074165851437337782e+00,4.124353544816796280e+00,3.141123424637184414e+00,1.243382913001980006e+00,2.767709565369992353e-01,-4.521722119067831613e+00,-2.700132918453105546e+00,3.636726419091758089e+00,-3.374369837078877721e-01,6.243105644286188749e-01,-2.701832665429889646e-01,-3.559824167126228289e+00
1.000000000000000000e+00,1.333132652926014128e+00,-2.656856000542156870e+00,-6.336016869124962980e-01,-1.777926857502702074e+00,1.949666592843007695e+00,-1.418762494664781437e-01,-1.458170964273095560e+00,1.260515892210691602e+00,5.635950049102336212e-01,1.085050049368216918e+00,1.503858198279721226e+00,-2.511991444215996294e-01
1.000000000000000000e+00,-8.189263754995309563e-01,5.470035606634039205e+00,1.794280984792322453e+00,4.768791283310282125e+00,-1.910958515338711194e+00,-6.379585288997096093e-01,6.177149537615216346e-01,-1.222483121819398555e+00,1.539840740035222311e+00,2.140801842050052972e-01,2.991586953934266546e-02,-2.814086344753327751e+00
0.000000000000000000e+00,9.083007161524430106e-01,-2.053417625012706971e+00,3.936780296875169949e+00,2.074420268313118765e+00,2.519206945488984939e+00,-9.783893207096605593e-02,3.884397996019788302e+00,-3.976542773142476062e+00,6.276295485167797672e-01,-1.844386477624157639e+00,-1.548891751336145095e+00,2.638552156231494195e+00
0.000000000000000000e+00,6.753887804207190371e-01,-7.348695758612195483e+00,3.348144712388401167e-02,9.680680387862579117e-01,2.398570768872049896e+00,-1.301089068677285576e+00,2.619098514372108166e+00,-1.534853791295238246e+00,7.783562735824000045e-01,1.066400233689510202e+00,2.679642000891824694e+00,3.568583446989410657e+00
1.000000000000000000e+00,1.320360141454406167e+00,-4.725072924473363578e-01,-3.370565618922776174e-01,3.151462948144817311e+00,4.453506061360906765e-01,3.152216013535875661e-01,-1.255619915024255295e-01,1.761935424745215695e+00,3.855644403558464717e-01,2.179848708093364618e+00,2.720533864701486060e+00,-2.407720637404236363e+00
1.000000000000000000e+00,6.976385186618316858e-02,3.390569012081202427e+00,-6.342861934534236301e-01,1.421040144754502244e+00,-1.519442026302769477e+00,-1.899556471897268395e+00,1.906348842390972909e+00,2.804686613016671437e+00,1.284909993116407634e-01,-1.814688000167771653e+00,-3.667008020893695708e+00,-2.326412868026253022e+00
1.000000000000000000e+00,2.187173225182349690e+00,-8.070359778383994209e-01,-2.057749412760168095e-01,-2.071587816019521799e+00,1.904101903132222606e+00,-2.330846885482606989e+00,-2.308020631398901568e-01,-6.737261415209656601e-01,-1.889160367652388706e+00,7.641639494564917978e-01,-5.119754658613650200e+00,7.566120451163027560e-01
1.000000000000000000e+00,7.759563954934851626e-01,-3.366584114838217623e+00,-2.981906579139144142e-01,1.517311852719552379e+00,1.482521048111110185e+00,-3.497932821130311787e-03,2.287973167789521867e+00,1.814081973171459250e+00,-1.054775135655107166e+00,2.657199701774067169e+00,1.273437803262044810e+00,4.522754244405178259e-01
1.000000000000000000e+00,-2.279773578820643021e-01,2.065604634008460394e+00,1.299090704450264422e+00,-3.010112447489037835e-01,-1.422897260956978993e+00,-2.780872683354168373e+00,-2.124162834813510869e+00,2.015546203845645756e+00,8.533858318313047864e-01,3.771730531789412311e-01,1.172459308771256481e-02,-3.928885414072649240e-01
1.000000000000000000e+00,4.010812840993178696e-01,3.845098175664956486e+00,-2.423434411217798568e-01,3.719056781090619879e+00,-1.463961610181313766e+00,-6.879121642882921606e-01,-7.431389257529041892e-01,-5.223844285541914267e-01,-1.263872976808488868e-01,-8.323344375511886328e-01,-9.140627453450487216e-01,-3.350700340855422787e+00
0.000000000000000000e+00,-2.334649290565915525e-02,8.971729225949459652e-01,1.903598601260704015e+00,2.255864540035628973e+00,1.665151019767504570e-01,5.946023600585019775e-01,2.293033361024872541e+00,-1.039832530289663604e+00,7.019311245015553702e-01,-7.797393466439830334e-01,-2.709862616341872643e-01,4.573378427514318556e-02
0.000000000000000000e+00,-9.187854091694096503e-01,1.594586397254760479e+00,-7.077329415761579590e-02,-2.353754186264155557e+00,-6.505715957437006036e-01,-5.843529196309856788e-01,1.052821696072332891e+00,-4.443717952552181494e+00,3.223837586491948848e-01,1.722563398799111578e+00,-3.861888958530972360e+00,3.088327509445279340e+00
0.000000000000000000e+00,1.373410159740167114e+00,-3.920084025841406472e+00,3.623944220842121311e+00,1.373401019639503451e+00,2.170097083039107311e+00,-1.987281736651575592e+00,3.141612720994196639e+00,-2.287961062413708113e+00,2.869182254352439898e+00,-2.369201984788187776e+00,1.931131810079367295e-01,3.290093867556461049e+00
1.000000000000000000e+00,2.082906872863276249e+00,2.979636103675753489e+00,5.281293843961692991e-01,2.119421443860558529e+00,7.721484881630593655e-01,-4.459759113895777061e-01,-9.607322374644113872e-01,3.487581525713469022e-01,1.705814918759714249e+00,-4.570566558746136376e-01,-7.835926516940407982e-01,-3.953833869754760144e+00
0.000000000000000000e+00,-1.112588697755179767e+00,4.815519584126932706e+00,-3.375963100396228711e-01,1.023150468682259229e+00,-3.543115118449829737e+00,1.110271430736133880e+00,1.221373386158465468e+00,-2.977629700459447193e+00,2.196489780654836466e+00,4.290638592022656184e+00,-7.552347499842673173e-01,1.159422771793055640e+00
0.000000000000000000e+00,2.193878731708639229e+00,1.778541028549691205e+00,1.049567218671562330e+00,3.921505147094834332e+00,-8.730711490552756082e-02,-3.965128705460851943e-01,-7.690368042259347892e-01,-2.209755094251225405e+00,-1.135069327208829471e+00,-8.990680483468067585e-01,-1.576776635231638135e+00,-1.836739592477112604e+00
1.000000000000000000e+00,5.581363128764613712e-01,1.407546818884728435e+00,2.950670884306987762e+00,2.615247317634865620e+00,1.710339753870258939e+00,-8.344023449701538642e-01,1.298987618620358386e+00,2.050271572529145381e+00,2.499955279750820658e-02,7.842267826952101784e-01,1.657000798523022844e-02,-2.268927716074756518e+00
0.000000000000000000e+00,9.217184055378371266e-01,-8.464994557534440744e+00,3.481436893708045766e+00,-3.449992200129625264e+00,6.435840041229565323e+00,-3.754751548715715259e+00,2.350027557075119233e+00,-3.854958904625731986e+00,3.058600942074678475e+00,1.433168082777525942e+00,5.422529353395537655e-01,5.808585904273421363e+00
0.000000000000000000e+00,1.392804110485092561e+00,-9.380090130957610128e-01,2.978787093088137272e+00,-5.529285981404618022e-01,1.813442857599977920e+00,3.246859060726988044e+00,-1.375062843387608869e-02,-1.836971642135251326e+00,-7.289472886014897179e-01,-1.068091508362117636e+00,3.602125098560799987e-01,1.369276938773461350e+00
0.000000000000000000e+00,-4.617714199415291487e-01,2.864608771961716371e+00,-5.604099065733345597e-01,2.015680067928183217e+00,-3.548713214139933569e+00,-7.279532494223587280e-01,2.042917219772155235e+00,-8.289776541066902205e-01,1.723116595818897867e+00,7.270667850809493515e-01,-1.405216015679712438e+00,9.485671183839967657e-01
1.000000000000000000e+00,1.346386894600723361e+00,-4.190765913757731553e+00,7.946949803048166672e-01,-4.036019637530151805e+00,2.162447501564263685e+00,-2.940403577114576450e+00,-4.908116027697367656e+00,3.102547483633809389e+00,-1.440691834823671247e+00,5.326716517131842465e+00,2.492450652811297296e+00,1.814853437920719514e+00
1.000000000000000000e+00,2.700978107395108019e+00,6.881034076248058184e+00,3.449657718664707495e+00,8.185093966606542537e+00,-4.814842877949376820e-01,-2.936874955239057616e+00,1.716599408286475503e-01,-8.693851730981487780e-01,-9.296661084262592967e-01,-2.173109498839780773e+00,-4.386224575488452793e+00,-5.752665763721341641e+00
0.000000000000000000e+00,2.622705622005045534e+00,-1.031383967601825047e+00,-1.408149274057099998e+00,-1.824850080929850460e+00,-4.033916698405302093e-01,2.287770809482040590e+00,-2.818455341075405407e+00,-2.553598179880696151e+00,1.096126018794854939e+00,-1.516254837433126834e+00,3.259108850487304476e-01,8.323803016535498145e-01
0.000000000000000000e+00,-4.252349225689462386e-01,1.062129741575743164e-01,2.125098509132907765e+00,-1.380460409912756869e+00,3.373163299748146216e+00,8.620495548808657649e-01,1.479310694082823563e+00,-3.502265874191283768e-01,2.944315707048643649e+00,3.234901327875258303e+00,1.512340167806442981e+00,-5.054279094783087345e-01
0.000000000000000000e+00,2.303782252379635853e-01,7.339778748024715638e-01,8.815614527952454482e-01,-5.610219350706550756e+00,2.371530408205319240e+00,-4.531077965872729596e-01,-3.992537480017708251e+00,-1.973896569906526510e+00,1.904101465505414925e+00,2.304407459534336233e+00,-2.979830312791442726e-01,5.166213223602840188e-01
1.000000000000000000e+00,-3.194920546855707588e+00,4.994181225801390234e+00,-2.471766007012639932e+00,-3.342353359430223492e+00,-3.255321057208290236e-01,1.429317982374609830e+00,9.126092351248089596e-01,-3.077653203088354106e-01,1.307625463153542000e+00,-1.963602087366988602e+00,-2.988116230523489847e+00,-2.749296747135331564e+00
0.000000000000000000e+00,-7.697742545628490918e-01,-5.276308604100109712e+00,-2.001593875031620229e+00,-9.289278049246639801e-01,1.559940362327002727e+00,-9.300250850941600422e-01,1.253790226593982648e+00,-1.445635145186035864e+00,-1.266375219094167281e+00,2.853904181809882701e+00,1.178518441202699663e+00,2.802078298576557991e+00
1.000000000000000000e+00,2.509273359668036107e+00,2.051323597947225075e+00,-1.433159534715001016e+00,5.760098525631121902e+00,7.310125253914041554e-01,2.228424898922590103e+00,2.856880922490847130e+00,-1.474308033347446756e+00,-5.503904094000562353e-01,-1.174105625151371957e+00,-1.994734519008894758e+00,-4.498501606862305380e+00
0.000000000000000000e+00,-2.185342785310520508e+00,-2.308608778514569249e+00,2.332637615327903813e-02,-1.545894348066393142e+00,1.084843389021043381e+00,-3.191958154817668980e+00,6.271200255825426506e-01,-9.800369655556242510e-01,-2.066859411106698463e-01,1.325871087147086680e+00,-1.322603067565432111e-01,2.223445860539167818e+00
0.000000000000000000e+00,-2.430468106779297699e+00,2.535272734132768324e+00,-1.648843689678586077e+00,-2.707950112918865226e+00,5.535896246270478605e-01,7.686705352179563633e-01,-4.479402016251745611e-01,2.237597627362325259e+00,1.076757370322272589e+00,4.890051076138590247e+00,1.321091566771279702e+00,-2.173736873541673997e+00
0.000000000000000000e+00,-1.943398662164022017e+00,-1.771268471953963308e+00,-2.223507394616250465e+00,-2.263719047846309174e+00,1.925595403791625859e+00,-2.881413633145893938e-01,6.088993162124823888e-01,-7.329652935975072836e-01,-1.606827444228696056e+00,3.886674554029144080e+00,-1.554228638064588663e-01,4.699726187168346003e-01
0.000000000000000000e+00,1.934985534224747061e+00,1.763041096616969616e+00,-3.514005000000399725e-01,-2.989539375359194118e+00,2.041831793792059369e+00,1.832364927623362671e+00,-2.172869138514611276e+00,8.594197126199258907e-01,-2.107704410582211807e-01,2.957242616989054884e+00,-1.372395819209564438e+00,-2.077297403227359673e+00
1.000000000000000000e+00,-1.955411098197811892e+00,-2.650492643315527364e+00,-5.715646420548758933e-01,-6.095220163087216037e+00,2.262347648901335440e+00,1.274947426989319066e+00,-2.297483329024642806e+00,8.232093424863085040e-02,-1.210906281970839160e+00,3.055195089491509641e+00,1.816260749293475474e+00,2.143600748666159017e+00
1.000000000000000000e+00,-1.494029780591468626e+00,-1.533123477500330845e+00,1.447405353741007872e+00,-1.025049603616427829e+00,-2.050150446181184805e-01,-3.215987635722755478e+00,-1.865709136642033528e+00,4.939326940117628517e+00,-1.734984853923283721e+00,5.453482786819207284e+00,2.918671625022124960e+00,1.228554045911554038e+00
1.000000000000000000e+00,-9.233008768352812812e-01,1.632980478858632845e+00,-1.243884966277360116e+00,-6.975180056214453472e+00,4.707914270224262676e-01,6.851412361561295405e-01,-2.296923250593605026e+00,-8.444875849274749990e-01,1.604321408240262148e+00,-1.315518014317903717e+00,-2.418099062696320800e+00,7.306725362641723898e-01
1.000000000000000000e+00,6.472891249110033218e-01,3.421179637517433481e+00,-3.745960480329751263e+00,-4.155566629341721274e+00,3.807566106940187822e-01,2.128196729798510045e+00,-2.096947263794938898e+00,-1.359152327885242872e+00,1.928532975742127231e+00,-3.346958272262210432e+00,-3.247165870027828305e+00,-3.365404112756326338e+00
0.000000000000000000e+00,4.822121952010266499e-01,3.790129809567002184e-01,-3.913982397310178385e-02,2.882046757732658615e-01,2.813359775188258860e-01,3.236220903556017436e-01,-2.002853965502017886e+00,-2.205442269268147015e+00,-1.633051876056718754e+00,-1.304624579693760111e+00,-7.310127323905271091e-01,-5.438863062006840110e-01
0.000000000000000000e+00,1.174466442484443984e+00,-1.454682579621425553e+00,4.583080380268791387e+00,-1.808609178445990118e+00,4.321552413529792247e+00,-2.618000183608342191e-01,2.353871871586039166e+00,-3.341317180358617023e+00,3.053720507144396468e+00,4.627777590471910951e-01,-1.303266576107753316e+00,2.475838119370970425e+00
0.000000000000000000e+00,-8.379059924601843790e-01,2.811684923520942458e+00,1.474784779605728291e+00,4.896829931075940556e-01,-5.549218407211409243e-02,7.447287081637610218e-01,2.835766379320208141e-01,-1.583520429433642684e+00,-1.753852215285789384e+00,1.105647415810193657e+00,-1.892925301166509922e+00,-1.960802540128967486e-01
0.000000000000000000e+00,1.199979410080707076e+00,3.470592184255747892e+00,2.506047899594791017e-01,-7.262818335100831746e+00,1.759024771759734485e+00,4.080770614701236809e+00,-2.577522095593674845e+00,1.871789709933898482e+00,-1.635903135038777156e+00,8.596072062251021162e-01,-3.997873398774172582e+00,-1.047793182942570622e+00
0.000000000000000000e+00,-8.011758967164166467e-01,2.344206970419937974e+00,-1.030769908071862417e-01,-2.140908288161064377e+00,-1.882292311482014480e+00,-8.160600884972002422e-01,6.386090724424592358e-01,9.221020475008563366e-01,2.643000740521813441e+00,7.258899042928670386e-01,-1.220861589223955823e+00,1.068625840815411454e+00
0.000000000000000000e+00,1.679502454927266353e+00,2.403073653414922184e+00,4.526800849658268788e+00,3.378077591864353524e-02,2.238419889204887436e+00,1.800000854855460908e+00,7.246176530632617574e-01,4.173256074901015023e-01,-1.468009202214656250e+00,2.488217025705580898e+00,-2.113512578663468311e+00,-3.165106632489332883e-01
0.000000000000000000e+00,2.553391128953246714e+00,5.539297192071972908e+00,2.394039030101035692e+00,6.503059721818202021e+00,-1.992587003119370426e-01,4.824331033903622057e+00,2.812535920928037392e+00,1.252336151204049841e-01,-3.377156966541186023e+00,1.211734499512557406e+00,-2.609093565017960969e+00,-4.180721645734761793e+00
0.000000000000000000e+00,2.757632546492762238e+00,3.781177079535105734e-01,-1.196428921601948581e+00,-5.542655196076770041e-01,5.124381891830043223e-02,-9.085922416195610918e-01,-2.954126679487466767e+00,-2.102337114124664730e+00,3.193346240695574600e+00,3.160398913727610282e+00,6.896411915549762739e-01,-5.283964729244152725e-01
1.000000000000000000e+00,-1.190183429632859502e+00,2.302793683326601393e+00,8.928190032388754194e-01,2.990246326263052090e+00,-2.728142021035846909e+00,1.674497447193681321e+00,1.388942234161005818e+00,9.492184813343080840e-01,7.551480492598461325e-03,1.663225108863073398e+00,2.029042386548478127e+00,4.387516961405601990e-03
0.000000000000000000e+00,3.133186100360052961e+00,-2.174646656390088140e+00,1.778241131362015004e-01,2.846192887747691191e+00,1.448500320307363420e+00,1.309577896734129610e+00,-1.472635962304516211e+00,-4.471088178554051273e-01,-1.201207485685654497e+00,9.971612966403631262e-02,1.834742900981419123e+00,-1.499819546471295117e+00
1.000000000000000000e+00,3.041361557941937743e+00,2.103961638433714310e+00,6.884095184464849027e-01,5.205497257830176139e+00,1.180199920449227280e+00,8.999191811918949568e-02,-3.402200416812959372e-01,-5.996693278401239446e-01,-1.205842877110707700e-01,-6.931972513065027819e-01,-6.166196927281637485e-01,-4.622140588541195250e+00
1.000000000000000000e+00,8.711652148053989908e-01,5.321839224066892804e+00,-1.498786809048604285e+00,1.131588120079223270e+00,-2.609045910759625997e+00,-2.948845026194379937e-01,-6.933839167016367933e-01,3.100293313564610465e-01,1.877752409744824380e+00,-3.012387070292306568e+00,-2.913775952907132982e+00,-3.338105555126095414e+00
0.000000000000000000e+00,-3.112478049936133750e-01,6.225053925971638646e-01,-1.425483628958845728e-01,4.066944571961993660e+00,-7.111031446747464457e-01,-3.433315870645412549e-01,-3.511165334750635525e-01,-1.435095890231560034e+00,-2.767384787549070246e+00,8.106075404808432694e-01,4.329057843626058499e-01,-1.228303101964380195e+00
0.000000000000000000e+00,5.347894936556516488e-01,2.124063107967467445e+00,3.892475684632241695e+00,-2.137281858767548504e-01,-4.550413460799518361e-02,-2.117699765167173620e-01,2.371178223437113264e+00,-2.697011897377546319e+00,5.692718341713015384e+00,2.318686923829120339e+00,-4.741744481622245377e-02,2.584855304879702054e+00
0.000000000000000000e+00,-2.708531147612878165e-01,9.624189813683291517e-01,-4.197849670644075992e-01,-4.090190985753161534e-01,-1.626484224222255914e+00,-4.127917835084450315e-01,1.456537434220933624e+00,1.511372448438110361e+00,1.187022001905615687e+00,8.032470800724251792e-01,-7.601460985327292974e-01,8.171536795491365357e-01
1.000000000000000000e+00,-5.469647056666733231e-01,4.158978607620614554e+00,-1.941021712308526936e+00,3.395440014471756474e+00,-3.365854862134109116e+00,2.618098523171822123e+00,4.034861962325677620e-01,-2.215218243445644219e+00,2.219205778320653799e+00,-1.925038704190955796e+00,1.029488683443267050e+00,-2.421418214380915757e+00
1.000000000000000000e+00,-2.184027108754571067e+00,1.785778519336368664e+00,-1.497928409256673365e+00,-1.096666551628846964e+00,-1.358882636308060166e+00,8.509133004753870466e-01,6.002726662839708016e-01,-3.037716836487126537e-01,2.440318412341576426e+00,-3.156089832690400776e-02,1.103673436127741159e+00,-3.708784488532410606e-01
0.000000000000000000e+00,-1.857541112898571711e+00,-2.144705039753792342e+00,3.357545603972889037e-02,-3.309924710390037994e+00,2.121247220461119021e+00,-1.832426722295427357e+00,2.251773184497447566e-01,-3.287895538575250853e+00,-1.722722620038585006e+00,-1.672892778576218209e-01,-2.529012644094700057e+00,2.765751937983816688e+00
0.000000000000000000e+00,-4.241905151535900309e+00,4.972183256713440969e+00,7.949209703413130379e-01,-1.015352038501873011e+01,1.939547403963490790e+00,-4.254948825500120435e+00,-3.419572159274171241e+00,2.407833523146939658e+00,4.503658246437868939e+00,3.776011108163732199e+00,-1.958512908635346328e+00,-7.822659018280848642e-01
1.000000000000000000e+00,2.940053897238157354e-01,1.518385475623950764e+00,-2.115584587374500503e-01,4.429221254993009893e+00,-2.518077816997597473e+00,3.304507025596573611e-01,-2.087538397072630225e-02,-4.490861668112441363e-01,8.754229852901815878e-01,4.046103412290760204e-01,2.265836265227342494e+00,-1.161309608989939957e+00
1.000000000000000000e+00,6.753952776041982631e-01,-3.182606846687795255e+00,1.594294951421504347e+00,1.103611191956589188e+00,7.334986911261198728e-01,-2.959730788664656220e+00,5.984219879749230753e-02,2.660942659922132414e+00,-2.221442482506749805e+00,3.958622760182073375e+00,1.034618761321906000e+00,1.824000711800631613e+00
1.000000000000000000e+00,-6.670505079645310254e-01,2.570961862312634683e+00,5.943233938948487172e+00,-1.169715636421082006e-01,2.427790724496704300e+00,-2.790539945186436555e+00,-1.487319654929974977e-01,2.798328271378088594e+00,-9.436776340902702787e-01,-2.502172960708382021e-02,-1.646683544848959624e+00,-1.120808939100940593e+00
0.000000000000000000e+00,5.183488593367109321e-01,-6.058762162113567884e-01,3.920319401176298069e+00,2.651091781714282281e+00,1.283422537034675903e+00,-1.206574900985655230e+00,3.303427181154523939e+00,-2.384546380806560339e+00,1.510052880468049530e+00,-1.458247441676328915e+00,-9.425581501046742527e-01,1.750634457374082409e+00
1.000000000000000000e+00,-1.129124972153513928e+00,2.469707922065315309e+00,-8.699351391654284171e-01,-4.915287899091086210e+00,-2.373497960698072173e-01,1.040835628526837420e+00,-1.769637145994390703e+00,-4.475006570873625300e-01,2.254130500130225201e+00,-3.491247334202938202e-01,-8.976472722141185523e-01,-4.047686099355563005e-02
0.000000000000000000e+00,-1.141866064433475270e+00,1.458792600946372531e+00,2.786642885201663145e+00,3.930852550784313060e+00,9.410492013483537921e-01,1.001800280848484936e-01,5.206672954925315455e-01,-9.692424084417946561e-01,-4.248932179207275617e+00,4.798456721210675457e-01,-3.635080997157096316e-01,-1.342650945633261372e+00
1.000000000000000000e+00,2.119171530191963804e+00,-3.463240566951378163e+00,-1.078660425560272085e+00,2.916689482575909320e+00,3.160261943920770200e+00,4.595418354626792379e+00,2.400312338448778782e+00,6.209295255776553502e-01,-8.748238778365056145e-01,2.326320958556958640e+00,3.316965444477604663e+00,-2.135622961405122755e+00
1.000000000000000000e+00,2.195800601454223067e-01,-2.053252142972589400e+00,1.629752197711054063e+00,-2.959142509760247230e-02,2.294142064523758684e+00,-1.335626436124231597e+00,1.821146935633743968e+00,2.742988456883102444e+00,-5.307712616478741374e-01,2.704164044754851837e+00,3.290110381255415550e-01,3.738939371637126641e-01
0.000000000000000000e+00,2.030702555600347736e-01,-4.468722889008075461e-01,2.624753300390422872e+00,-3.255344744841410787e+00,2.614040282766771917e+00,-1.702470141537590020e+00,1.577541350706550771e+00,2.504233347464619897e+00,3.822384027167467835e+00,2.324538281582422705e+00,-7.573442878294511793e-02,8.951800195496902868e-01
1.000000000000000000e+00,2.629937470323974180e-01,-2.022056769349581451e+00,1.596097677036220297e+00,-1.652536747469134593e+00,1.486703488440775933e+00,2.227699802931981665e-02,2.518493768541912203e+00,1.005510114889826667e+00,-1.135063545859215983e+00,1.684327535687679234e+00,-1.624067742974558026e+00,2.676062027116052899e+00
1.000000000000000000e+00,5.951060151138798382e-02,1.193944084901698455e+00,-1.735905479204280510e-01,-1.728292328122651877e+00,-5.482730787773156811e-01,-3.140552055826921762e-01,-2.020385237521632682e+00,1.546971474663731527e+00,7.172182961604667284e-01,1.344472667789278653e+00,5.510369794913743124e-01,-5.141154642408976017e-01
1.000000000000000000e+00,-1.925852623003880382e+00,4.316720765941134630e+00,3.941521071851379787e+00,4.759150458632606551e+00,4.455048722748533585e-02,7.013397999464219268e-01,2.681323619929652402e+00,3.741936445113626775e+00,2.214391702055936051e+00,-9.238178765671252179e-01,3.021215868966022455e+00,-4.228637792053552502e+00
1.000000000000000000e+00,3.924341140285228846e+00,-1.955196168460421990e+00,8.891621668670990353e-01,1.156783987620540799e+00,1.375663481950188061e+00,-3.550392372902388516e+00,-5.256185563304631714e-01,-8.294436993891156629e-01,-2.810022748572538198e+00,2.825716988975612409e+00,-4.182894813282004520e+00,1.395317276535990469e+00
0.000000000000000000e+00,1.223735706893204878e+00,2.446997678162500023e+00,1.604198185813404010e+00,-5.065151359344362447e+00,2.268276148294210870e+00,2.709705930836940890e+00,-2.151136721688980735e+00,5.135723478470961556e-01,-9.064437177538315904e-01,1.357584039219814409e+00,-2.635862286051511294e+00,-5.852574242611883193e-01
0.000000000000000000e+00,3.910534460650817223e+00,1.462576856629230981e+00,2.351145847510834663e+00,1.389140824968238652e+00,-2.629762376451827421e-02,-1.106842659354375424e+00,-1.177566089544626493e+00,1.288657146139832843e+00,1.672779433245485947e-01,4.110070067627474621e+00,-1.374292256563741432e+00,-1.729656852640856224e-01
1.000000000000000000e+00,7.164161074180772637e-01,2.357015930852615959e+00,-3.531183765020420307e+00,2.589931305888293789e+00,-2.441507575225461579e+00,2.752863757981725890e+00,-1.727006227737846178e-01,-1.009666216622155055e+00,-3.267777355026857400e-02,-2.590514247122018610e+00,-2.424673600144335861e-01,-2.954910476928264806e+00
1.000000000000000000e+00,3.467003952862395266e-01,-1.483799847511593772e-01,-3.365779192448294044e+00,3.066532090897486018e+00,-3.363982338619559531e+00,6.186470448566955938e+00,2.695551825399555845e+00,-2.586733614141722981e+00,1.252861545530529863e+00,-2.319685829877998096e+00,2.414534229426558376e+00,3.801233491520903396e-01
1.000000000000000000e+00,5.903338964526048116e-01,-1.044554761415774857e+00,-6.256483923964240024e-01,8.339515701285289406e-01,1.342406818516835854e+00,-2.392005077999655782e+00,2.951376653274614403e-01,1.994877238882923454e+00,3.599990188231894095e-02,1.130483929267684928e+00,-1.394222162751109773e-01,-1.590625036054114982e+00
1.000000000000000000e+00,-7.322501702484576214e-01,4.602688204243056802e+00,2.003685887334110127e+00,-4.604104012873854401e+00,-3.973108025483896855e-01,-4.537035081601192843e-02,-3.918312181242387116e+00,-1.768663283321933566e+00,2.424039463789333215e+00,5.019797631760658518e-01,-1.129325480090780376e+00,2.070061354691092870e-01
1.000000000000000000e+00,2.805980004961757146e+00,-3.132162741525785776e-01,-5.268697321776771858e-01,-2.791203474526901651e+00,3.662497698583885075e+00,2.258501328571082212e+00,-2.747135839936317048e+00,8.581173331301437113e-01,2.438395563455120207e+00,1.666031340063080179e+00,1.603093945817965604e+00,-3.171546381093238498e+00
0.000000000000000000e+00,-1.942122737276782418e+00,2.435750823698924261e+00,5.742851415406244886e-01,-4.580166018815525319e+00,3.317611140343535769e+00,7.882710171146198874e-01,3.778638774634912600e-03,-8.715750209768822199e-01,-3.049729070437241507e-01,3.722464989901730359e+00,-2.282709324671753581e+00,-9.504575422445808996e-01
0.000000000000000000e+00,5.285362984490026506e+00,1.828391661307966709e+00,-2.228827046468495610e-01,1.056318733956671529e+00,1.238287328434878320e-01,2.037344008057115907e+00,-1.577609824446676079e+00,1.269218182990783816e+00,-2.716254939063355023e-01,1.130613158033844101e+00,-2.136028147674834621e+00,-2.491478175933090178e+00
0.000000000000000000e+00,1.414875923433465132e+00,-2.404759759202961256e+00,5.957456325496410798e-01,3.048409193127930461e+00,-1.289410908218899365e+00,6.151318654263362440e-01,3.110362003293852151e+00,3.962972784932379255e-01,2.628798860592340247e+00,1.424383651914381543e-01,2.428980534482259035e+00,1.996952928231731539e+00
1.000000000000000000e+00,3.054768282265684309e+00,-1.801692044032024764e+00,-1.557817382850473997e+00,6.364007424171145288e+00,3.266007232497605273e-01,-1.058462424934488055e+00,5.760153437624762951e+00,-2.370148304621266355e+00,-3.075818506619019121e+00,-5.015293866740186957e-01,-5.324692697406824493e+00,-2.408111000827428683e-02
1.000000000000000000e+00,2.106539756479222536e+00,-3.157280216941070972e+00,2.873324124155983705e-01,1.008625234707428042e+00,3.183871452171508132e+00,2.011147188592236734e+00,1.514357125997606079e+00,1.410964409488356885e+00,9.334792323415774806e-01,2.407915436437322754e+00,2.689233029524277008e+00,-1.084361235417295566e+00
0.000000000000000000e+00,4.576475701362070492e-01,-3.358643689060394344e+00,1.193315575584500188e+00,1.974220493324853276e+00,-1.159032896448225269e+00,-2.327433993525605871e+00,3.274397227392582543e+00,-2.018199263190729731e+00,3.325241424084175446e+00,2.179748049672597165e+00,1.540928677966592275e+00,4.755204492376297942e+00
0.000000000000000000e+00,-1.722099450389684705e-01,-8.715992039798886593e-02,1.825250781591584825e+00,3.833481946548770725e-01,1.324643960888235883e+00,-1.808849610501595873e+00,-5.155956661572513866e-01,-2.967439941539672610e+00,6.970389664653540152e-01,1.558523260522907350e+00,-7.047733332146521867e-02,8.744328052600589540e-01
0.000000000000000000e+00,5.025064022296485966e-01,-4.287977305108837123e-01,-1.006508061043706714e+00,-2.872151342667243146e+00,7.564022896918047856e-01,1.220253658156928100e+00,1.167231847085275165e+00,8.745556069055184789e-01,2.740298045555481288e+00,3.684793271149813254e+00,4.392615134801487464e-01,8.435477923075529461e-01
0.000000000000000000e+00,4.916720727117351863e-01,-2.689903913046204131e+00,5.537071960676620552e-01,1.827375992724695974e+00,1.421406649389302945e+00,7.181935255912597071e-02,2.867757609705785971e+00,-3.054238491228070007e+00,9.570188160676429412e-02,9.282166174803998526e-01,-1.118929018236411999e-01,1.966398915748044818e+00
1.000000000000000000e+00,2.239602907347237881e+00,-2.206558284705988804e+00,-6.522593528414843966e-02,2.316725867440795117e+00,2.063636891734364376e+00,-1.640291037903641280e+00,3.713822020555548331e+00,-9.229917912474465691e-01,-3.299952453331475688e+00,9.078806491533545353e-01,-4.923491125691322523e+00,7.255775423563770588e-01
1.000000000000000000e+00,-1.376554907304742281e+00,7.612807339982609278e+00,2.802830065279374061e+00,-2.212797468837035098e+00,-1.329058645532521510e-02,-2.559911257892011349e-02,-1.592602270581569446e+00,-1.831886949640674889e+00,1.789754037057521119e+00,-2.625889456257166632e-01,-3.425659507222621691e+00,-2.129629570231955427e+00
0.000000000000000000e+00,-1.779118437323145674e+00,-6.512635224171976767e-02,5.101817451932348924e-01,3.455171458861537315e-01,3.847352165051942663e-03,-1.466775928452841882e+00,9.620954784972969298e-01,-3.760758827574113727e+00,-1.972747644398950229e+00,-5.897239631120723136e-01,-2.333120389673495776e+00,1.998582071215525335e+00
1.000000000000000000e+00,5.895293267603574083e-01,4.675049322568551879e-01,5.739603186024335724e-01,1.183064280976314553e+00,-1.239107521450351523e+00,-3.048937246654794375e+00,-9.270828262139847453e-01,8.896038025526541437e-01,-2.857719290932760003e+00,1.980918393701826430e+00,-2.210669128621767676e+00,8.315407170712272311e-01
1.000000000000000000e+00,1.860981562050781468e+00,2.645500902332434290e+00,2.664428446872738832e+00,6.923578270717767325e+00,-1.049531821449678937e+00,-2.868080773540242046e+00,-1.066242008278730502e-01,-4.880596185643917284e-01,-1.710258421453586308e+00,-2.077831934061793451e+00,-1.748976900618590236e+00,-2.571620228846968281e+00
0.000000000000000000e+00,2.400307217641325153e+00,1.366079160802899262e+00,-3.624178191584297437e-01,-7.428910792713633304e-01,1.109882929180651123e-01,7.418227805055712665e-01,-2.523854602330493524e+00,-3.314880483383928045e+00,2.049977544378763561e+00,-5.969577483473254009e-01,-8.979335671506520899e-01,-6.055795738625593394e-01
1.000000000000000000e+00,-1.917398449996436494e+00,2.132724834720783225e+00,-1.843239077914981427e+00,-9.284018402547813409e+00,1.070125594277423264e+00,2.499615250639553921e+00,-4.163287527410231448e+00,-2.839604727906899662e+00,4.283842050472024265e-01,-1.411308408257292424e+00,-2.413073528200542661e+00,7.840940479582068079e-01
0.000000000000000000e+00,-6.714459018571794502e-02,2.556808342032245829e+00,-7.487120205018118480e-01,4.705605816797685748e+00,-2.326609056613919702e-01,-1.501969400359213225e-01,-2.525211878746589367e-01,-4.424470145218689865e+00,-1.102328333860821852e+00,-9.860850355981369830e-01,-9.973649208078491091e-01,-2.893750449817373394e+00
1.000000000000000000e+00,-4.109649548655486262e-01,3.069816592170253156e+00,-2.209757973843866630e+00,-3.368605546454150890e-01,-1.261406596234123878e+00,2.317055238033025155e+00,-1.368595422953438945e+00,-2.582692829171207904e+00,1.895984356336232857e+00,-1.690746317870504001e+00,1.205990646209051942e-01,-2.091972109922855871e+00
1.000000000000000000e+00,1.233382989851332212e+00,7.011465372771133353e+00,2.875350081817344083e+00,5.793161720491149858e+00,-1.938377964043213719e+00,-2.844833569661405104e+00,2.044528694828670723e+00,-4.341433672231276297e-02,1.141136401348905149e+00,-1.660604610279046600e+00,-4.598465145793523945e+00,-3.459844302049589260e+00
1.000000000000000000e+00,-2.434838314478334542e+00,2.618915993131874398e+00,-1.864030551037645367e-01,4.776353025133414754e+00,-4.043678288675906174e+00,-2.761094103735977079e+00,2.894167455784424803e+00,4.623339187648971560e+00,-1.896083637662449028e+00,5.392922950376148883e-01,-3.330689874332400935e-01,-1.058015903373366928e+00
0.000000000000000000e+00,2.397502208170379401e+00,-1.001140844039011490e+00,1.035117568784242881e+00,-1.178593953145837370e+00,1.854445286584890606e+00,-6.716604780992532220e-01,-2.788096306125785517e+00,-1.653414120413487565e+00,5.859491063680943856e-01,2.252054300608563597e-01,-1.936858124186414676e-01,4.183608345319678179e-02
1.000000000000000000e+00,-2.710153166935405977e+00,9.868614918591656071e-02,-1.458195303827810152e+00,-7.511528385054802470e+00,4.501692179795244719e-01,-2.139819669923821444e-01,6.716843052735512742e-01,2.607934536566502537e+00,-4.325190905387965579e-01,-4.702675504324237421e-01,-3.174954627676795482e+00,1.964704020971582921e+00
1.000000000000000000e+00,-1.120892149912792846e+00,1.711906386175812367e+00,1.465438499111038073e-01,6.194699225236992568e+00,-1.714873112752559159e+00,-4.114016852956616788e-01,3.055301722874074866e+00,6.946490971122194491e-01,-4.814713814558498228e+00,4.316538357636379164e-02,-1.740066085277831576e+00,-1.512728439639701605e+00
0.000000000000000000e+00,8.535455876941824283e-01,2.730853141326257116e+00,1.556644500081297178e+00,-2.295405023967204805e+00,1.914342126909563291e+00,1.234549925915324531e+00,-6.689957094674781057e-01,1.570798191152536827e+00,-1.624865187803647082e+00,3.492476854137277709e+00,-2.491990092839752258e+00,-1.376918844158181887e+00
1.000000000000000000e+00,1.837657289634181623e+00,3.595240139411280289e+00,1.500717550373110054e+00,3.452836737463254035e+00,-1.750999751240433167e+00,-4.064797767481792334e+00,8.445814687070568594e-01,-3.300609142205608304e-01,-1.820902117426557165e+00,1.270963703258767286e+00,-5.644099001538092963e+00,-3.297197010124049976e-01
0.000000000000000000e+00,2.869797862145795353e-01,3.885207650505495991e+00,7.365960199503185368e-01,3.114205319627529001e+00,-3.014336664409354327e+00,1.529093074990194090e+00,2.466631721079548534e+00,-1.743182239808042322e+00,9.510215513602989779e-01,2.068629323112788354e-01,-1.678897973782659925e+00,3.219456729644890602e-01
1.000000000000000000e+00,-4.609230337848756465e-01,4.353198673538734909e+00,-7.692045874794752880e-01,-7.583607049521029486e-01,-2.247894528135315761e-01,2.908177781513502147e+00,-1.375723708067275730e+00,-2.658394805022259888e+00,1.922820488657795757e+00,-6.112148362699978410e-01,-2.133307121289430563e-01,-2.647624301648573208e+00
1.000000000000000000e+00,-7.331778996018261108e-01,2.075617751857937954e+00,-2.982551052300663308e+00,1.915165135796407903e+00,-1.703111819062526955e+00,1.505723427090673638e+00,1.572691833929445338e+00,-4.068176226175049592e+00,4.968754818680761076e+00,-3.233533131769290581e+00,8.705817186100022198e-01,-1.761590072599630297e+00
1.000000000000000000e+00,-1.769756941572129261e-01,-8.173961301772979526e-01,2.425479657576944170e+00,-3.577209015200777831e+00,3.993752162877122203e+00,-4.373491738792226746e-01,1.212203378482594740e+00,3.302535245043798362e+00,2.092376527427033395e+00,1.990413774478703157e+00,3.340705138919539685e-01,-4.658298884524373351e-01
0.000000000000000000e+00,1.057794366753327608e+00,3.490291027008407099e+00,1.322043835986281168e+00,-5.159132719990894067e+00,2.587417083953865493e+00,8.461019797685972454e-01,-2.299000819947287777e+00,5.859005622654267498e-01,8.584228019043365077e-01,4.787093229623581081e+00,-2.504792111200342397e+00,-1.266926905927610481e+00
0.000000000000000000e+00,-1.241058994865215315e+00,-3.807181768951065637e-01,-2.020222699771891950e-01,-2.689555773370032377e+00,1.620859983631067758e+00,-9.521515528197330713e-01,4.922115747025309629e-01,-8.945645514120514896e-02,-7.235385066856954150e-01,4.514842298679072607e-01,-1.858388017423197702e+00,5.042576653406705134e-01
0.000000000000000000e+00,2.245114600009302519e-01,1.336508904794297958e+00,3.226267872170745399e+00,-4.656248735333750943e+00,2.156094541393262176e+00,3.184529013864386027e+00,-7.087270906268758885e-01,-2.219706457461617877e+00,-7.953890684152991053e-01,-2.218494128528759379e+00,-2.785020564560444001e+00,1.736213884340462421e+00
0.000000000000000000e+00,-1.336845977291635901e+00,2.652712305424201666e+00,8.157749871320941759e-01,-5.500654842189955929e-01,1.163910268534579462e+00,8.700689279632625173e-01,-4.638455510159166240e-01,-9.210416599841586560e-02,-2.801086596236299187e+00,1.862615795726459744e+00,-1.590701045534818725e+00,-1.622296755170623328e+00
0.000000000000000000e+00,4.164647089600824748e-01,2.479243091739158356e+00,1.782149492607249419e+00,-2.440386602894705437e+00,2.917253025002347400e+00,2.903479782062178494e+00,-1.151138081818175563e+00,-8.067761205827441717e-01,-1.115195352770365078e+00,1.333615136231326659e+00,-1.479757035968379819e+00,-1.796135936556908952e+00
0.000000000000000000e+00,1.555936659299311131e+00,-4.698150515023576723e+00,1.224933163920428836e+00,1.028093599391454838e+00,2.756364720837619409e+00,1.311832223503719419e+00,3.690086239084958919e+00,-5.780048834886454934e+00,-7.254907083085833097e-01,9.025123996411933414e-01,-1.250112654945909174e+00,4.206271048725460204e+00
1.000000000000000000e+00,2.394892334449250093e-01,4.724792850894998786e+00,1.855335543855901381e+00,4.737553342141839430e+00,2.873787868198547368e-01,-1.039883089315318587e+00,3.200158577300181495e+00,9.755750487724753617e-01,-7.994502153879595729e-01,-1.210790430609121060e-03,-3.485668540573703122e+00,-3.784913168889629365e+00
1.000000000000000000e+00,-4.115297622760261120e-01,2.473922712258641354e+00,-3.248444318805943087e-01,-6.391299734016298029e-01,-1.210601002225027534e+00,-2.869872479907373819e-01,-3.830893506039008134e-01,2.790942431881092478e+00,-3.737701461575726469e+00,-5.022131073285515113e-01,-3.399577395781193445e+00,-1.024853176470256866e+00
0.000000000000000000e+00,-1.373500734559500058e+00,3.754948300482620294e+00,2.996434051249919905e-01,-2.777379632800572207e+00,6.869519862075744721e-01,1.046190703133590638e+00,8.540648891476534388e-01,-2.355794302175049815e+00,2.428481770986711252e-01,4.401225068149715369e+00,-2.998747476257570987e+00,3.623641923336587967e-01
1.000000000000000000e+00,-2.452548520897839701e+00,6.004796910296458234e-01,-3.335144558481156540e+00,-1.271596120930134743e+00,-1.613321873224666358e+00,1.138553632307808039e+00,-3.597699298385370614e-02,-1.141670791508017757e+00,2.962141495088161491e+00,-5.739268948905970058e-01,2.370045225781813425e+00,-4.692970505256919278e-01
1.000000000000000000e+00,5.954715355451523084e-02,2.743512249185049434e+00,2.493669320718152616e+00,3.082408062338846566e+00,7.915671786137468136e-02,6.366896756089110987e-01,8.588430786267963191e-01,1.350374647854153620e+00,-1.396990033892344885e+00,6.863452987131857252e-01,-2.032309610819772461e-01,-2.048614632144074577e+00
1.000000000000000000e+00,-1.290560815555520158e+00,-1.674347024455062005e+00,-1.265328126432669453e+00,-8.729461151051127743e+00,-6.497336377582563216e-02,3.037071157262253518e+00,-3.859987445338457501e+00,7.803967503758002522e-03,1.466414351112393932e-01,1.663458863767246942e+00,1.629839278720011997e+00,3.732346587888776490e+00
1.000000000000000000e+00,-3.089581167674039008e+00,4.731645309971627356e+00,1.024028329834945072e+00,-2.056585030500291289e+00,-5.050831315754974460e-01,8.318845150445293157e-01,-7.087678195777115109e-01,-2.210775432201611324e+00,6.118528809905887655e-02,-9.432704844241013298e-02,-1.549199915222629009e+00,-5.414035522395854727e-01
0.000000000000000000e+00,1.376924163555610425e+00,-9.348848636052570216e-01,5.733210770541161683e-01,4.576404991738110550e-01,1.209867742608065955e+00,3.234133875472142261e+00,-1.042505043129364095e+00,-1.392194381632617883e+00,-1.967077649717042798e+00,-2.314858660847054495e+00,4.867895093239325011e-01,-5.754700248548683117e-01
1.000000000000000000e+00,-3.220085577488163153e-02,-5.036647656214111590e-01,1.856894601491054786e+00,-4.793899747167394976e-01,2.282254893446293842e+00,-2.472725753139082272e+00,1.857011233670461392e-01,3.132622836988906645e+00,6.514158786156536429e-01,1.720077970019855851e+00,4.649042802510086059e-01,-1.129356164880795932e+00
0.000000000000000000e+00,2.048622091703123260e+00,-7.272576080437791191e-02,-4.446737191746445994e-01,1.647270070247909723e+00,-4.132301482229510103e-01,1.353120443096812453e-01,-1.113129580815801711e+00,-1.133725400318750243e-01,-6.390530159462268767e-01,2.005943828110841487e+00,2.514041083600191406e-01,-5.611709554469830330e-01
0.000000000000000000e+00,-2.582526340804314202e-01,2.777654301707116247e+00,4.069546355805199189e-01,-3.984752996629473021e+00,2.054855318629759342e+00,2.858817868010347318e+00,-1.633846265106683182e+00,-2.597772642392330411e+00,1.046657669184818840e+00,1.896778588418035705e+00,-1.050979645275872176e+00,-8.714698200869417377e-01
1.000000000000000000e+00,-1.393585564379842268e+00,-2.959251598577508968e+00,-5.402348287424868722e+00,-7.282770588274545709e+00,7.846324470226995196e-02,-1.353704578564894234e+00,-3.498141297761903967e+00,2.307439865331275097e+00,-8.760566662046560538e-01,-9.869533416644723500e-01,-5.625668768866339819e-01,6.514747940628367040e-01
0.000000000000000000e+00,1.893306505484544822e+00,6.487081494286009997e-01,3.795931671559019449e+00,2.632944210946237984e+00,8.883703523270666258e-01,-1.657585718228633986e+00,-3.989911172527969008e-01,-1.370943721557383421e+00,5.111261310830044202e-01,3.218504819922376470e+00,2.095271249155505888e-01,5.665622312262550420e-01
1.000000000000000000e+00,3.707321129242189262e-01,2.680075568458069046e-01,-3.204103165350874693e+00,3.625690807886263745e+00,-1.103543633398973656e+00,3.717253031433349619e+00,2.474221998706045866e+00,-1.803761948926870806e+00,-2.218834358834365084e-01,-2.077448008687583503e+00,4.872495864084287476e-01,-2.063264235418372117e+00
0.000000000000000000e+00,2.219907904774292895e+00,-1.505290182581026315e+00,-4.806051689638244362e-01,-1.257614144849478244e+01,2.987903817011799745e+00,5.006831385930989420e+00,-4.900328316884772661e+00,-3.660649112812099926e-01,4.101116119843895014e+00,1.760968121000602515e+00,6.628485565063158003e-01,2.885013846192038933e+00
1.000000000000000000e+00,3.255616084670369670e-01,1.913213468370174863e-01,-1.984701152494529275e+00,4.073725460991839409e-01,-5.678282660710765040e-02,5.575560840327944412e+00,1.816367801866189957e-01,-3.774299841380862386e+00,1.305914790645790413e+00,-4.192761666506332752e-01,2.304436839026976269e+00,-6.810720291140877070e-01
0.000000000000000000e+00,-9.036920162156569791e-01,-5.228767154339971635e-01,-1.184149213725262495e+00,3.178536986340287473e+00,-1.631263806891070534e+00,5.179739342468341334e-01,2.114745401109533240e+00,-1.471454174422222261e+00,-2.582621216728146152e+00,-7.859539709786191874e-01,-6.202487222496846364e-01,7.213566561055938520e-01
0.000000000000000000e+00,-2.013814594049008200e+00,1.448608984857989057e+00,2.149959073044104052e+00,-6.425785541999550432e+00,4.869146285925476825e+00,-1.229465792472528074e+00,-8.179668465625935525e-01,1.418220815002568358e+00,6.083776179398321382e-01,2.132257049311246933e-01,-2.441683160381331597e+00,-1.407968698644218364e+00
1.000000000000000000e+00,-7.011639122216657416e-01,3.654750365257795508e+00,2.761764864851841583e+00,2.431129890547313543e+00,7.213541453752476684e-01,1.445831596314965051e+00,4.234655389564176531e+00,9.019086756661822690e-01,-1.152248857636672064e+00,-4.749589585679727666e-01,-2.951960523633208489e+00,-1.652613016941389512e+00
1.000000000000000000e+00,-1.560010315643173495e+00,4.922635228934688634e+00,-3.252678775589349147e+00,-4.424970122459574995e+00,-9.732612133842213353e-01,1.674490964134867754e+00,-1.237599120725318969e+00,-4.861650787788604156e+00,3.920643125570138388e+00,-5.327382657964322199e+00,-3.670926327623257546e+00,-1.740460884190104807e+00
1.000000000000000000e+00,7.964140331822899821e-02,3.938278672080140819e+00,2.665144413135906554e+00,3.497446061887131918e+00,-3.315618916828564355e-01,-2.024745134318932660e-01,-1.106685959234573691e+00,1.969788750996747773e+00,-8.377977480709735136e-01,8.807190791222978543e-01,8.516877128599433799e-01,-3.441283483476612393e+00
1.000000000000000000e+00,-2.603949705042484020e+00,9.136091311814928950e-01,-2.335335896174828285e-01,4.351452741155651532e-02,-4.663782243369420932e-01,1.226171099099626627e-01,-3.647260404141465795e-01,-5.841473326483059836e-01,9.665645454581870410e-01,2.099037052320226859e+00,2.715826494216466713e+00,-2.771917509252909140e-01
1.000000000000000000e+00,-2.432410637624106364e+00,2.656042740034478822e+00,-3.101113684847305763e+00,-7.393501744881627147e+00,-2.197870805994267762e+00,-3.338131518326730163e-01,-5.550503063778247537e+00,-6.334174841692622460e-01,8.758513833389899306e-01,-1.643073220256530131e+00,-1.008376218642975219e+00,4.651816150879444223e-01
0.000000000000000000e+00,-4.135461881401226725e-01,-5.732218661356284883e+00,8.751262054483384123e-01,-1.587191502436284374e+00,4.351897485030795210e+00,-7.635759865827780324e-01,1.747742755488725486e+00,-5.188101616232201785e+00,-9.623911197841898968e-01,2.257253269919435201e+00,-1.015368549390202046e-01,3.998978305967951119e+00
1.000000000000000000e+00,-3.674062277129097609e-01,4.843127319595021518e+00,2.496667744695524327e+00,3.569329664330645357e+00,-5.272591125777801313e-01,-2.490269257475832276e+00,1.868847100380223836e+00,1.522845004869923358e+00,-2.710780560527482841e+00,1.539609192682263483e+00,-4.288688831030547988e+00,-2.224049721142969283e+00
1.000000000000000000e+00,-2.484868545405412910e+00,-3.176590689834576597e+00,-1.325288736188940719e+00,-1.037940569830231397e+01,1.985889190908693980e-01,1.042470540468781515e+00,-3.021775517648013665e+00,5.027148249454131967e-01,2.017120962081517810e+00,1.918864016352534119e+00,2.167467932986533174e+00,5.304011547628746825e+00
1.000000000000000000e+00,-1.757578077318724841e+00,-4.076503216506601746e+00,1.402869592630603623e+00,2.698221245353484843e+00,1.153149794011053775e+00,-8.143272916277264351e-01,2.068172401602394572e+00,3.139978007670305438e+00,-4.796041718372077156e+00,2.368096001020081776e+00,2.551832827548888627e+00,1.198808264899910547e+00
1.000000000000000000e+00,1.519943212962459267e+00,1.694271548680432060e+00,6.904474966467581964e-01,5.924688651176823306e+00,-1.039097526118684112e+00,-1.423340873802414475e-01,2.390819014247392182e+00,6.674715477893888860e-01,-9.622960340712949368e-01,1.917912098984292157e+00,-4.657295098298647185e-01,-1.878599346444561613e+00
0.000000000000000000e+00,-2.274206346825195180e+00,3.593126240267476401e+00,1.066649728598628721e+00,-5.995735255001194197e+00,7.657246636826823272e-01,-2.148726343984935561e+00,-6.133264972384384617e-01,-3.737723933545601618e+00,1.366747219727710849e+00,2.390018029875684569e+00,-4.950150828051105734e+00,2.396670323670100800e+00
0.000000000000000000e+00,-2.446475552828629496e+00,-7.787869194635826942e-01,2.603956774773085847e+00,5.955731386140437067e-01,1.541809040646769269e+00,-3.494405479072169030e-01,2.985950304769655617e-01,-2.629003587657481766e+00,-3.224082860205585543e+00,-1.649598079225487623e+00,-2.631521276967564438e-01,1.274485924641124424e+00
0.000000000000000000e+00,-3.568594749946907285e-02,3.518919936976206309e+00,2.688794380544159424e+00,-1.221362860367238845e+00,1.750108959750643844e+00,1.473612235237826251e+00,1.714417025097449976e+00,-1.994165820554350876e+00,2.999287119336567997e+00,2.518255694941932799e+00,-1.424817032948331619e+00,-3.494169606050396837e-01
1.000000000000000000e+00,1.065410380225904730e+00,9.692779767892653053e-01,1.420899270085288046e+00,2.710289052305002055e+00,2.368387348034620699e-01,-1.422292594698359780e+00,4.955572857933641107e-01,1.181082217863794082e+00,-4.982723656868077722e-01,9.925018292441299961e-01,-5.652971225792970955e-01,-1.350270005754111047e+00
0.000000000000000000e+00,-2.051142207974832488e+00,-1.013943743568962041e+01,-1.288099528112152559e+00,-7.014674579955380906e+00,6.132803696297632001e+00,-4.890591023487566247e+00,-1.396521625724553406e+00,-1.967501133068436214e+00,-1.520710282152566428e+00,7.196512322719605947e-02,6.197447549455927795e-01,4.598835349287535124e+00
1.000000000000000000e+00,-2.047813675869925909e+00,3.133596064755465704e+00,5.409044601780097494e-01,-3.558043619350494069e+00,3.690477931576823245e-01,-1.298481410836608063e+00,-3.591448637859081305e+00,1.414458204306950684e+00,-2.016099560172365024e+00,1.937408426347671409e+00,-1.208818385218909386e+00,-1.285167444060198561e+00
1.000000000000000000e+00,4.531090967682985138e+00,4.718526724139084916e-01,-1.081762380545211233e+00,3.044864301973674525e+00,3.555695098528884879e-01,-3.948758052964056464e-01,-3.239285647895775000e+00,-2.314562298464874157e+00,-4.522835437456524943e-01,-9.407545703734829790e-01,-1.209395277810014768e+00,-2.869523998706903889e+00
0.000000000000000000e+00,1.307365282960271324e+00,4.160360553235410208e+00,4.782944734891551697e+00,-5.898605743027246717e+00,3.542553759985931361e+00,-1.315837240236303884e-01,-7.488248324254381805e-01,4.337057989259386126e+00,-1.517623594565606471e+00,6.148035762669572080e+00,-4.971583607516887326e+00,-3.793399623024723555e-01
1.000000000000000000e+00,5.241282890529128657e-01,2.872843143148108958e+00,1.808755911029476415e+00,4.159146272114311316e+00,-1.811717881731975677e-01,-2.726007802665919577e+00,-1.970433812641840809e-01,1.195450221613479691e+00,-3.151991572133900466e+00,1.026323043980031491e+00,-2.399088887581730667e+00,-2.577228009596677527e+00
0.000000000000000000e+00,-8.619780925494069379e-02,-1.535862443665481913e-01,2.893900920028777080e+00,8.247730116002420508e-02,5.378717783525766016e-01,-1.389955963265979921e+00,1.831739679891204897e+00,-1.202508242123541349e+00,3.020921936064516977e+00,2.643392899200956991e-01,1.203139044284087245e-01,2.073115549527003942e+00
0.000000000000000000e+00,1.839802803772794038e+00,-8.715942896906423432e-01,-1.594182612702927049e+00,-9.706497333331755684e+00,1.728508962571697616e+00,2.198212642985021503e+00,-4.329799121822077268e+00,1.004238813056043789e+00,1.333025476915986829e+00,1.897922278234010385e+00,-1.257038684563425157e+00,1.687715560197082354e+00
0.000000000000000000e+00,1.900048644368399486e+00,-3.835591403540817179e+00,5.851712629856839598e+00,2.944890802614636982e+00,2.465253412843694036e+00,-1.734646929835442997e+00,4.394473701946857602e+00,-5.610020823844295457e+00,4.002583205849933989e+00,-8.056473877705527809e-01,3.112338587024481296e-01,5.132464472919360254e+00
0.000000000000000000e+00,1.038819927229727824e+00,1.372475654739177653e+00,-6.254985511417123778e-01,-1.419860872918158545e+00,1.082552174536624223e+00,-4.177785645846172624e-01,-2.017282531302596826e+00,4.396805536260359748e-01,-2.255577655289839889e-01,3.638824401801767916e+00,-8.415928711552369546e-01,-1.566234336015385642e+00
1.000000000000000000e+00,-2.060920350416087121e+00,2.467440190265083114e-02,-3.566131538072401241e+00,-5.202610047158838569e+00,1.741316007524864595e-01,4.100588808933097518e+00,-4.210174262646326326e+00,-2.623990701047487661e+00,-1.308469990785683379e+00,3.192385756969411403e-01,1.825257513868528747e+00,-1.590192839827060389e-01
1.000000000000000000e+00,-5.880229716361509151e-01,-1.452481826807364040e+00,2.825220643879124527e+00,9.470665907669394423e-01,9.510235764682841708e-01,-3.947682596953097534e+00,4.204761208706472075e+00,1.124751166109238865e+00,-3.164637582602178867e+00,2.050632813566869439e-01,-4.668878312184610024e+00,2.933810498399528122e+00
1.000000000000000000e+00,3.782835700206941265e-01,4.692716632718026304e+00,6.571667701451557875e-01,2.235090696940216226e+00,-3.357522348029729820e+00,-1.143095547834789283e+00,-1.000388895033317294e+00,-5.976558090969594783e-01,1.078235872627030467e+00,-1.962879797008967309e+00,-1.808343010399124040e+00,-1.153566727025284289e+00
0.000000000000000000e+00,4.412810273179399445e-01,-2.632698778497400305e+00,2.617090791853268428e+00,6.169341504083982741e-01,3.775972492201152164e+00,1.143831254571789025e+00,2.639560252420022124e+00,-6.723016767166583918e+00,-9.577260863354057907e-01,-6.607416098096465795e-01,-1.864125453806396049e+00,2.714017821071996295e+00
1.000000000000000000e+00,1.586596123605490405e-01,2.528826208852292368e+00,-9.320313336614135524e-01,-1.183979474260242526e+00,-1.013198447052367168e+00,4.632070679363701871e+00,-2.397312565365955495e-01,-2.203301875296209467e+00,1.248800879041789269e+00,-8.796870546147712577e-01,7.403244077587856076e-02,-4.791861192189373897e-01
0.000000000000000000e+00,5.883072829711832874e-01,-1.446082604595981591e+00,-4.616166288172052212e-02,-2.447162399481085160e+00,1.342296845403683658e+00,-1.971688099427619800e+00,-3.006182529948952631e+00,6.570408490989299022e-01,-2.042570982444789518e+00,6.435068191489107248e-01,-9.032367371169537362e-01,3.027138693191921970e-01
1.000000000000000000e+00,4.588556905904574990e-01,8.572693871970576973e-01,3.365201227652781402e+00,1.263483770394289718e-01,3.586551811356041064e+00,-2.482889220729196822e+00,1.427422038222250222e+00,1.368514431661348452e+00,-9.724380262206847592e-01,-6.319533150982941105e-01,-3.292650261117237687e+00,-1.636776289525481154e+00
0.000000000000000000e+00,-2.296613937238409786e-01,1.001578526791156776e+00,7.919149546896460112e-01,4.765265818253476837e+00,1.106259906713155994e+00,7.119721672354996089e-01,-4.937609245131213687e-02,-4.342163442050839706e+00,-1.355240250337466756e+00,-1.130741280379928160e+00,7.173540193264893450e-01,-2.351383005093026224e+00
0.000000000000000000e+00,-1.232193376043366317e+00,1.865013465400103598e+00,3.255345238765032789e+00,4.376693093195131112e+00,1.558678757532407033e+00,1.911561740362315298e-01,1.622885498350977951e+00,-2.859561201510856243e+00,-3.481657379736687208e+00,-1.550641579128948067e+00,-1.503522876287111121e+00,-1.462434909071446132e+00
1.000000000000000000e+00,-1.013672778330054758e+00,6.511431863662342501e+00,1.370676171644970243e+00,-7.781575139983740730e-01,-1.790809403561747670e+00,-2.485681688734735939e+00,-2.919483423373745890e+00,1.742063692784565188e+00,-1.186425150894861336e+00,-1.565752033514911101e-01,-3.492034427747863656e+00,-2.591397087701281521e+00
1.000000000000000000e+00,-2.622274717276142919e+00,-1.929391544991050589e+00,2.758062589615492222e+00,-1.886057633803609246e+00,2.140477785755034112e+00,-8.094607914102791568e-01,6.772592647193323989e-01,4.218013339014502705e+00,-2.469077150354417327e+00,2.228737537890482567e+00,1.893512807727832037e+00,1.036721206489433111e+00
1.000000000000000000e+00,-1.775197114747460780e+00,1.354937794640575177e+00,-7.688933106034488985e-01,5.859380065562875828e+00,-2.428837046083945683e+00,-1.745268140541771817e+00,2.804784726799839589e+00,1.187550858676577281e+00,1.292613719824148077e+00,7.128294487447108807e-01,2.310017264449093055e+00,-1.864389472805484171e+00
0.000000000000000000e+00,-6.886818570113864002e-01,-3.579342652321480855e+00,-3.652803259284480575e-01,-5.560645200437653868e-01,7.479433994199072844e-01,-1.219731725676158840e+00,8.569999533241685619e-01,2.246386071734399525e+00,3.371876092410692305e+00,2.527304675440368964e+00,4.641034694741660971e+00,1.102410983024876501e+00
0.000000000000000000e+00,-1.842466942911200611e-01,-1.079536542712226765e+00,2.494865531670333869e+00,-3.452557800665835952e+00,2.022140801007203947e+00,-3.379738389460239301e+00,1.245525421301617142e+00,1.234210783780885556e+00,4.119237618546094382e+00,8.536306601451473242e-01,-6.817061275863363079e-01,2.074657152326969456e+00
0.000000000000000000e+00,8.919400909993455695e-01,2.092151705761903235e-01,-4.769264885700059686e-01,7.325003145347890321e-01,6.524191954600282450e-01,-2.814008417107793925e-02,-1.020437011326207788e+00,-1.792190505584293714e+00,-1.302835171563879735e-01,1.792407187085297782e+00,-2.836157962146534928e-03,-7.413612960499247340e-01
1.000000000000000000e+00,-8.871059167572038495e-01,7.662943382207921816e-01,-1.339854503446346712e+00,1.816776447029962438e-01,-5.257768505795794578e-01,-3.818533151754839317e-01,3.797075787160213434e-01,5.637124382027449698e-01,2.129962734203172836e+00,4.736448364309475689e-01,1.196718773005300385e+00,-1.178738863297625450e+00
1.000000000000000000e+00,3.224473026782006979e+00,-3.665995369151246130e+00,-1.595166743419035527e+00,-9.309026642671991425e-01,3.309284937229658663e+00,2.825607998750531813e+00,1.863059543238952731e+00,-1.182206798098645706e+00,6.757450672807463476e-01,8.121150620764310268e-01,-5.187957129761371355e-01,4.470210826968035178e-02
0.000000000000000000e+00,-3.540711511311165349e-01,-1.724093852492287082e+00,-6.472679138181547387e-02,-5.759797974525762143e+00,3.931971878542985799e+00,-1.760020407549242050e-01,3.449490641790282641e-01,-4.380817646883939931e-01,1.203515225891848672e+00,3.289326963288295769e+00,-1.350826176171606274e+00,1.298998000561698785e+00
0.000000000000000000e+00,-1.299538687198989795e+00,-2.194086066240435784e+00,-1.278853714210468340e-01,-2.890582624254803612e+00,2.654353070387069025e+00,-2.025688400264193056e+00,8.060134105380915015e-01,1.209848488194210869e+00,-1.538246271474392746e-01,2.711683088727655511e-01,-8.149842058048969440e-01,4.671210368613050168e-01
1.000000000000000000e+00,-6.921672538246079753e-01,5.388698835894483175e+00,3.841830193914440805e+00,4.657203827466928736e+00,-2.883853212696450008e+00,-1.236161578096236280e+00,2.235615157837722577e-01,-2.350438975320008339e-01,5.602919349970434393e-01,1.264127503093786409e+00,1.148349522219509478e-01,-8.140681155169769978e-01
1.000000000000000000e+00,1.301745438942002675e+00,3.581259643754658661e+00,-4.626177967578731787e-01,-5.184428459977406867e+00,1.181158218635057544e+00,-1.107132978576593985e+00,-9.952888471424833350e-01,-5.154795087744870052e-01,4.741419527930253786e+00,-2.778768759560686696e+00,-4.597134785773628884e+00,-1.581522244487251427e+00
1.000000000000000000e+00,2.270339191577676052e-01,2.231445562761423584e+00,1.549369896785267375e+00,2.490173956455163484e+00,7.619009397494189706e-01,-2.055802567594188890e+00,2.648230162732931436e+00,8.537494036240348416e-01,-2.336063880555817818e+00,4.944544169310244319e-01,-4.329514344994757735e+00,-1.376774045412437752e+00
0.000000000000000000e+00,2.383385713535546291e-01,2.786871236584752776e+00,3.471260645982900517e+00,-5.085825579758114223e+00,4.315963216065718200e+00,1.331936858086764763e+00,-1.293483693935552736e+00,-1.762910404087638216e+00,1.343609671642151060e+00,3.153262793530817731e+00,-2.150928891160283296e+00,-4.224194038660653572e-01
0.000000000000000000e+00,1.945522728382655053e+00,8.482739998259063441e-01,5.768250953164217876e-01,8.143046006732472364e+00,-1.230034318621311851e+00,3.748532652598030035e-01,4.582676640653038369e-01,-2.251661089153699224e-01,-5.003455347000707043e+00,-1.641443292754400485e+00,-5.854281941275034651e-01,-2.874335326687989856e+00
1.000000000000000000e+00,-7.596054776805020170e-01,2.295904548908244802e+00,-1.518152113913204371e+00,-4.727207304220350181e+00,-2.143864894683909839e+00,1.441109044593817501e+00,-4.808199885034305510e+00,-1.408621438538542048e-01,-1.014396257828994674e+00,-4.247712426363519089e-01,-4.767547586634991452e-01,5.294705243232176173e-01
0.000000000000000000e+00,1.616394477814408148e+00,6.428103047421521055e+00,5.211062202868056659e+00,1.680483644552072553e+00,1.078644257863350386e+00,3.516665440969975798e+00,3.634013091613411017e+00,-2.134770095021612413e+00,5.920543930164691382e+00,3.257369637345838509e+00,-7.993088920563916622e-01,-1.300246620727491642e+00
0.000000000000000000e+00,-1.234618160734044068e+00,4.782219692283203871e-01,3.078910144322093423e-01,-7.862339761829721940e-01,-1.570465391922781784e+00,-3.220765572971162616e+00,4.999642957015166811e-01,1.586052482823820942e-01,1.564267603181435096e+00,-1.965264433611693562e+00,-1.393454901473497154e+00,1.562924939470020202e+00
1.000000000000000000e+00,-7.132635369320102781e-01,2.619730108747813535e+00,-2.655816330752847065e+00,5.316981636879311246e+00,-2.602076697523586724e+00,4.164161227898615536e+00,4.810915907259210478e+00,-3.042856001520603648e+00,2.891248407277445587e+00,-2.995007651584346675e+00,8.293671551704038247e-01,-2.177719787561261278e+00
0.000000000000000000e+00,-1.336436513338840726e+00,-5.466767548601940696e+00,-1.397660495271843661e+00,-1.959100060984035663e+00,3.773327248169711101e+00,-6.920971525654632250e-01,2.287611287496884582e-01,1.799097823343345670e+00,-1.778244890877944684e-02,4.121790013462244495e+00,4.173325766696640571e+00,2.243305297575394208e-01
1.000000000000000000e+00,4.493151860551725107e-02,2.460969533696135692e+00,-7.941999953477670848e-01,2.161827945902099479e+00,-6.472773358194003901e-01,3.372858976356550187e+00,3.108377278507066244e+00,-4.892353328626580788e-01,7.996995576244391168e-01,-8.961652423410747526e-01,-7.258770631205613277e-01,-1.850853405160672649e+00
1.000000000000000000e+00,1.318760093815113388e-01,3.457436152872372936e+00,4.019524606308484849e+00,4.229549181844146410e+00,4.825349835583303548e-02,-2.260234551548133908e+00,2.895239363446023839e-01,1.536082560692257237e+00,-1.733180502618736574e+00,-3.337879598419293270e-01,-1.409356060635771568e+00,-2.344136105897977718e+00
1.000000000000000000e+00,-1.407800135077095671e+00,-2.108493080508570539e-01,-2.039740812909967893e+00,-1.222859165885039623e+00,4.324959656733939894e-02,1.561309811615223087e+00,1.015437225558324386e+00,-2.422791645042468023e+00,2.519438857505174933e+00,-9.385853644752499836e-01,1.004263260299987692e+00,1.424419261947686977e-01
1.000000000000000000e+00,-1.667803936297711065e+00,2.123549561690361021e+00,-2.719105200422902602e+00,-6.529038665038202183e+00,5.120234985125788896e-01,-5.130168615648251773e-01,-1.089966115689374071e+00,-8.940861415916651067e-01,1.320111593004812178e+00,-3.296660727338918129e+00,-4.370240737752126847e+00,-4.617601526819223867e-01
1.000000000000000000e+00,-1.058373042335545078e+00,4.329413998759568116e+00,-4.646018978954324918e-02,6.839055683660096641e+00,-3.777575282549183733e+00,-1.612394507698752477e+00,-6.706198028271321832e-01,-3.469501266583419063e-01,9.145714953254491242e-02,1.943642059935117850e-01,1.822699426379870591e+00,-3.158628922948623963e+00
0.000000000000000000e+00,-1.534155993024923781e-01,3.533935698227697597e-01,3.293810258624957577e+00,-3.890720148852978788e+00,3.450722891256721159e+00,1.463689598906298128e+00,-1.188304042176701492e+00,-7.062767355890258170e-01,-7.914769379465251831e-01,9.954031731762252866e-01,-8.402732867255251481e-01,6.437523577941854924e-01
1.000000000000000000e+00,1.229037603616258245e+00,-5.651297603482457355e+00,-4.449629489817670258e-01,-1.423082923312580794e+00,4.090960662786015334e+00,1.350671196694772203e+00,5.397367905575157110e+00,7.829228477418024301e-01,-1.245814976807330554e+00,2.598699434271739328e+00,-1.501214005734244239e+00,2.486471037465837419e+00
1.000000000000000000e+00,-9.137358975293530250e-01,3.701231286059682546e+00,-2.352557049145777235e+00,8.118792627521975724e-01,-1.946138992057073303e+00,3.221455541029555114e+00,-2.785214965467807113e-01,-1.826158471029202923e+00,6.285140323946909469e-01,-1.635140947772602438e+00,-6.739065944369981853e-02,-2.437708362728891132e+00
0.000000000000000000e+00,2.330837406320100058e+00,7.596008985927875656e-01,2.177576742076214877e+00,-3.437840435350590640e-02,1.024050527621930273e-01,-1.166572861776288050e+00,-1.671126452513287397e+00,7.694768755716359099e-01,-7.319158518389619061e-01,2.306734053919005767e+00,-1.276515482685911529e+00,5.705599433388619524e-01
0.000000000000000000e+00,8.904405220158237988e-01,9.616904600681086546e-01,3.020007027962686497e+00,-1.950031086111962686e-01,2.324287745425690499e-01,-8.496958503035403343e-01,2.668163527894353848e+00,-1.777320630807164514e+00,2.310263912043676537e+00,-3.093830642249970619e-01,-2.702372709004645657e+00,2.446948633173756882e+00
0.000000000000000000e+00,-2.609949450656401382e+00,1.444767890550535006e+00,8.824061556294990893e-01,-3.051411177858539769e+00,2.488517994496526775e+00,-1.257261062746521940e+00,-1.675176270033704728e-01,-2.931495862863993107e+00,-1.544425979442066055e+00,1.035737722862596133e+00,-3.028043512645000046e+00,3.161384325891243297e-01
1.000000000000000000e+00,1.187567790242180621e+00,1.440054236162675583e+00,-2.309244376990836844e+00,-3.174072827724766288e+00,-1.846731298239664865e+00,7.678062314112797937e-01,-4.273318644544703560e+00,-1.080599197757805774e+00,1.385141578208143098e+00,-1.903282956416773253e+00,-4.679488162821563435e-01,-2.806489889484264921e-01
1.000000000000000000e+00,1.654660138239532063e+00,3.056996311575066461e+00,2.828913754514296386e+00,3.126408189317678499e+00,4.798454119310414656e-01,-3.849036126111999856e-01,-1.633560353417227162e+00,5.026643175757342652e-01,-1.069990047642996656e+00,3.111771206390135935e-01,-4.573646757606942836e-01,-2.871701192624290577e+00
1.000000000000000000e+00,-6.290398618573191936e-01,4.383219203020074062e+00,2.642921633258432657e+00,1.954113275164575558e+00,-1.659797671576025646e+00,-6.484031094073896551e-01,2.116384834243708379e+00,1.339708128645965779e+00,1.087866367577769999e+00,4.705759248250198645e-01,-1.656698636638938016e+00,-6.025222041076040425e-01
0.000000000000000000e+00,-1.427464238026032728e-02,-5.462531753957836855e+00,-7.000865073086908197e-01,-2.926996297625679144e+00,3.696518534158631741e+00,-2.811921536327051108e-01,1.442644988492886249e+00,-2.628396116321272569e+00,8.431247267906183396e-01,4.376865552748368415e+00,1.139276176688720721e+00,3.309035324789550980e+00
1.000000000000000000e+00,4.527236485796581889e-02,5.902206266460987116e+00,1.602344471526508940e+00,2.550514225962839276e+00,-6.738910636856738634e-01,2.015299352295071067e+00,-1.097362503298102698e-01,-1.540651979227413815e+00,-1.389889360435371035e+00,-4.983661633804932212e-01,-2.456604926337885075e+00,-3.103025762164486778e+00
0.000000000000000000e+00,-2.026985759102260864e+00,3.719887653749181844e+00,3.488304380148380623e+00,4.257575973476622089e+00,9.365828145150585371e-01,-6.950321263454766196e-01,1.602658574364911104e+00,-2.149706613458302940e+00,-4.523144535219440598e+00,-9.072904476750573988e-01,-3.028315392827697128e+00,-1.874327189940529603e+00
0.000000000000000000e+00,-1.875071711030323662e+00,2.408356645729282375e-01,-7.041511175846941750e-01,-6.484326294178401895e+00,3.017692088283997709e+00,6.673869074103744303e-02,-3.556679989252907514e+00,-3.997861065742630338e+00,1.402499833713411359e+00,3.022450746729081761e-01,-4.350527947229871906e-01,2.547688817483479973e-01
0.000000000000000000e+00,3.365411062296798095e-01,1.320262187346583405e+00,1.992930749748999197e+00,9.011234253483302314e-02,1.358531277940974169e+00,-3.413422101603178493e-01,-1.691920595725939780e+00,-2.219339947990921047e+00,-8.930629951293129754e-01,-9.592443436925870426e-01,-1.159579925098665143e+00,-7.164983284435244570e-01
0.000000000000000000e+00,-5.195448000183899850e-03,3.641254439142178057e-01,-2.099324916977329814e-02,-1.838179376229543527e+00,1.938691837768321324e+00,7.979449703704786234e-01,-2.764734840524595505e+00,-3.535894850565509895e+00,1.566703501153519085e-01,-1.133049673383933253e+00,-5.588207312037918317e-02,-9.050914035559075588e-01
0.000000000000000000e+00,-5.342265982610804542e+00,1.190044892424531264e+00,-3.586974455479717605e+00,-8.461467453135746553e+00,8.714650210633964056e-01,-4.106078474603290118e+00,-3.749514799824970268e+00,7.299392944039699849e-01,5.451702330293145549e-01,5.576762066924670691e+00,-3.982687167361479430e-01,2.366253520887268147e-01
1.000000000000000000e+00,-8.975150516118264310e-01,2.810014774650212210e+00,-9.908136653645336356e-01,-4.015183113713831631e+00,-2.399505710543781145e-01,-2.754487983430935483e-01,-2.873469871249612950e+00,1.319635850863141169e+00,-7.702876542784091729e-01,-1.830335241885783226e-02,-2.046105873293005750e+00,-1.289977072654203250e+00
0.000000000000000000e+00,4.407877243476061579e-01,1.269634016178992741e+00,1.955646558968266113e+00,2.175772337454242589e+00,1.254519975992867575e+00,-1.519416620258059236e+00,-7.898079252825085383e-01,-4.045161317810284096e+00,9.660081568836289545e-01,6.370698156171581417e-01,-3.093105418906607618e-01,-6.740925254404945832e-01
1.000000000000000000e+00,-1.016174317145354333e+00,6.460286439419091309e+00,4.718552800759083787e+00,2.575875153428595077e+00,6.913655189224585662e-01,-1.800241695045139423e+00,1.744331726645314662e+00,2.040976544253296332e+00,-1.071464995129536302e+00,-6.309594327268108760e-01,-3.876440968661321040e+00,-3.395645627789411147e+00
1.000000000000000000e+00,-1.198813337236936727e+00,4.744567356526603774e+00,-8.831079534454446822e-01,-8.813433596093160460e+00,1.898829573538983517e+00,-1.824142496619120202e+00,-5.440708208260616630e+00,-3.096559752682379152e+00,5.574887538426822609e+00,-1.590558857134192206e+00,-2.776750833954458653e+00,-1.875368994887070428e+00
0.000000000000000000e+00,3.902562997401093803e+00,1.688401328569949067e+00,1.743797020159441935e+00,-6.424066774849653605e+00,2.549405570364921214e+00,6.039462936893861489e+00,-1.741729802759812484e+00,2.431832013416860949e+00,-1.094560077143875265e+00,-9.292037236146444279e-02,-3.321809157846301819e+00,-3.416257047139507064e-01
1.000000000000000000e+00,1.735151980969693586e+00,-3.312260277973113176e+00,-1.934383017741669875e-01,2.704912606713740786e+00,-9.916799809891274631e-01,-6.268063762263147431e+00,-1.594050567731685408e+00,1.398824854859832767e+00,-4.109905499757415370e+00,4.148266062586944081e+00,-1.258836871697515347e+00,2.103104067733010840e+00
0.000000000000000000e+00,-1.684090054857178664e+00,-9.765455408538920024e-01,-1.282450949836408949e+00,-2.435725996775502278e+00,1.467620960324303780e+00,-6.480861931470560666e-01,8.035894553749456382e-02,-1.858142575858620971e+00,-6.819420736496908386e-01,2.386270497210730035e+00,-7.203299421637968658e-01,9.708255156379407280e-01
1.000000000000000000e+00,6.147532439438546881e+00,-1.550250843120982158e-01,-1.766347442556537750e+00,4.571645137543347559e+00,2.867613485727459333e-01,-2.470641363570679871e+00,-2.923252512122598290e+00,-2.135061936522764547e+00,9.281622909028837132e-01,4.003286746247063377e-01,-1.503081989900470372e+00,-3.258829097203778336e+00
1.000000000000000000e+00,-2.647845136972352353e+00,7.003492150058524324e+00,-5.577972101280792572e-02,6.595179221962143679e+00,-4.210366837303139320e+00,1.190208214854446389e+00,5.582008173437245979e+00,3.970124149557772153e-01,2.183409595952117144e+00,-1.651782833624043878e+00,-8.839666769490541753e-01,-3.272218566828654307e+00
1.000000000000000000e+00,2.672082799433387112e+00,1.192112835289465211e+00,-1.110516128591088059e-02,3.769903872422576185e+00,-1.058169575782573757e-01,2.191125898714346043e+00,1.839168438076978607e+00,1.035287848547734590e+00,-2.976206588251109952e+00,-9.079117735894352004e-01,-2.521116152462500537e+00,-2.203271195362282775e+00
0.000000000000000000e+00,1.363351451703982420e-01,7.562760987527199497e-01,2.216658164603317438e+00,-4.253876166086630661e+00,1.207634776893974138e+00,7.089763437594179818e-01,-1.398655014112061057e+00,-1.320658261143495826e-01,-2.118991158555250109e-02,2.323544148602380677e+00,-1.103552503049917366e+00,1.931600410957529323e+00
1.000000000000000000e+00,-4.141534065390464647e+00,2.290863597055365908e+00,-3.149879920383567011e+00,1.589105819089515759e+00,-3.911943809157210517e+00,-1.652012015917733390e+00,2.190357958210021661e+00,8.412801011330968137e-01,2.984770849274847926e+00,-1.245238058027882344e+00,1.573392964246206116e+00,-8.660792772670706796e-01
0.000000000000000000e+00,4.645809821177863341e+00,-6.049109241942128568e-02,3.998609710683717067e-01,4.069490983533962769e+00,-6.336375743184137210e-01,-3.440012354755050961e-01,-1.912071606363116238e+00,-1.591518135763693831e+00,5.336844314454260996e-01,9.294155380721824677e-02,7.507366407333426750e-02,-1.140507707796766024e+00
0.000000000000000000e+00,1.521861940544198433e+00,1.015127040371803346e+00,2.917300565853953920e+00,6.224289825585186620e+00,1.042589563092126026e+00,4.376361715689636167e-02,1.839054823816946183e+00,-1.354945558453809706e+00,-2.007350901105065866e+00,1.195456190357677251e+00,-3.288319027420280038e-01,-1.695371097558933560e+00
0.000000000000000000e+00,-1.157433588151599357e+00,-7.859984429271089645e+00,-2.867395704359598785e-01,-3.805093591944828546e+00,5.394137776397270656e+00,-2.494016243909221942e+00,5.175853940519423713e-01,-2.398921298318215101e+00,-7.981747361463087387e-02,2.209837197672446241e+00,1.698500184609469166e+00,3.458808261585358590e+00
1.000000000000000000e+00,8.021073573239252408e-01,3.137751553499124046e+00,-8.612264545972974084e-01,-1.105021126498051842e+00,-1.229257073198440908e-01,1.654960270191607075e+00,-2.436902105938348662e+00,-7.995103633368150220e-01,-1.581057083699721311e+00,-1.105021855893520311e+00,-2.353538975305490055e+00,-2.304453123794986347e+00
0.000000000000000000e+00,3.825893395341340986e-01,-8.208899021990777589e-01,-1.899825414966433978e-01,-1.846316796723359577e-01,1.625326259148933694e+00,4.278312183693003812e-01,-9.076003308879506681e-01,-1.469057528234751775e-01,-1.456164052185833224e+00,2.144261344525012269e+00,4.907983119937766592e-01,-7.447707936478080715e-01
0.000000000000000000e+00,-1.728047126857585880e-01,1.187691951310534400e+00,1.371054044297775443e+00,-2.479960233970466277e+00,9.097565586743344701e-01,-4.843435451716426865e-01,1.215377693069563225e+00,-6.218189626411627646e-01,2.541314011713404764e+00,2.266676368642136730e+00,-1.400899131431214917e+00,1.317342320100305830e+00
1.000000000000000000e+00,-3.469859676853532804e-01,3.968484446261123733e+00,-1.733969890575853823e-01,4.573724489548220973e-01,-1.013973180168313615e+00,1.876994281133155251e+00,8.514555001782539989e-01,-1.220050494484663295e+00,2.195359066742403442e+00,-1.022948855804827417e+00,-9.439732817579024049e-01,-1.765715439307779633e+00
0.000000000000000000e+00,1.821871484694880472e+00,-2.763491251505795887e+00,1.815151187085961570e+00,6.473001780201153021e-01,3.212885282905242335e-02,-1.114640476527497537e+00,3.280365372850044814e+00,1.482899418021381255e+00,4.680306271967600296e+00,1.027425517917929909e+00,1.659735837854639851e+00,2.788515669016750742e+00
0.000000000000000000e+00,-1.799980128850575678e+00,3.255501580883706669e+00,1.266946033486221257e+00,2.784998135349912474e+00,2.987954456336576747e-01,-1.698871244531030111e+00,6.468495526900446269e-01,-7.244122480507686479e-02,-3.176286665675795540e+00,4.024292990444919838e+00,-1.589048378928969996e+00,-1.878760475831437571e+00
0.000000000000000000e+00,6.019412952205491774e-01,8.247941795413213928e-01,1.607306482629349720e+00,2.599699835335237186e+00,-5.523118958766262132e-01,1.185279118113788943e+00,2.536489912432311478e+00,1.702381315248568505e+00,5.110283476393492341e-01,-1.902631609643910870e+00,9.772511255774452010e-02,-6.815299342663621029e-01
1.000000000000000000e+00,7.450194205785112267e-01,3.273018708165180701e+00,-1.077514873391728134e+00,-5.075000492401970931e+00,3.346278080827080892e-01,1.033789515211244625e+00,-3.255036549214891384e+00,-6.624088466435555933e-01,5.399805720559549549e-01,-1.796561700777253412e+00,-3.473470806433409219e+00,-1.354230354398777481e+00
1.000000000000000000e+00,-1.696114205395710117e-01,4.925696086387954864e+00,-1.084967227197645601e+00,-5.629702925481078424e+00,-1.654219537502820137e-01,2.192228350649076951e+00,-3.058468121852893074e+00,-2.620471994554052664e+00,3.677311630094172834e+00,-2.081937822193593579e+00,-2.331477573955360150e+00,-1.453675866598821642e+00
0.000000000000000000e+00,3.759582151492508739e+00,1.292462945608711999e+00,-1.548049825389991696e+00,6.449494346373734643e+00,-1.674684634914713310e+00,3.110332733589950216e+00,3.271286699899094152e-01,1.473279624718598413e+00,-3.576235837223715741e+00,5.263810624718123776e-02,-3.458748295772309245e-01,-3.689195919496726539e+00
0.000000000000000000e+00,5.397945750736953485e+00,-5.454246331939839321e-01,-2.641310072423701527e+00,-6.469135867516961902e+00,1.418823505894715176e+00,4.289881647255887387e+00,-3.940479517899000861e+00,1.181789421614792612e+00,3.193571333595445871e+00,2.132078586769923234e+00,-2.647827884137673449e-01,-6.441211954451784294e-01
0.000000000000000000e+00,1.990810554783796205e-01,2.173799567721777404e+00,2.711849231384269920e+00,2.555246577549528997e+00,9.435886063256476719e-01,1.852293726697255449e+00,1.488236327525201741e+00,-1.089076321002661052e-01,-4.716328121040382015e+00,-1.520186457393227109e+00,-3.021152144053366850e+00,-1.300050114159605696e+00
1.000000000000000000e+00,1.489369754009278957e+00,-1.616986077931012122e+00,1.643499214078892656e+00,-1.998337323090354944e+00,3.470770480954985526e+00,2.933592428547894482e+00,2.748772196404603019e-01,8.221465701705606977e-01,1.087670353492151687e-01,1.473911767031181430e+00,1.014901541123673478e+00,-2.322111116321283752e-01
0.000000000000000000e+00,-1.423702568926463741e-01,6.980064479561880475e-01,-1.213069898765795074e-02,-1.110431266659705329e+01,2.903888361775087468e+00,-4.978910254264226065e-01,-5.300932451552840874e+00,-1.517464888268710066e+00,3.552383846913575560e+00,3.045963645373973794e+00,-1.338061451162198434e+00,1.874388320113595796e+00
0.000000000000000000e+00,-8.058491161876695230e-01,2.740704040468747049e+00,2.198355115794921488e+00,-1.218087408168545549e+00,1.686368561263472676e-01,-1.491919013239163760e+00,1.137469261945341481e+00,3.819657639150850770e-01,2.776548172107882184e+00,-9.423332716241876739e-01,-1.730321159179947665e+00,-7.416746895183656818e-02
0.000000000000000000e+00,-1.049710651296129171e+00,-1.940874866746593597e+00,9.291325662807958796e-01,1.462290767021962035e+00,9.712091054081655184e-01,-1.120268665670666852e+00,1.899633608875664681e+00,-1.689487726665011902e+00,-1.271338918795861250e+00,-6.280247962309104537e-01,-2.706638188352944452e-01,1.396756519738582725e+00
0.000000000000000000e+00,-3.063242786719027499e+00,4.238259762410592657e+00,-1.477128747147560706e+00,-5.070791493702984098e+00,4.662574715052482111e-01,-2.238976794754286015e-01,-1.896698349621509294e+00,6.010213306905272113e-01,1.112494701999619418e+00,4.422092549547097740e+00,-8.942872614389983932e-01,-1.670144876467394290e+00
0.000000000000000000e+00,-2.017442596032908320e+00,4.716002622652793796e+00,2.458386426664954882e+00,-4.615370474943037316e+00,1.717718152230152340e+00,-1.119595422460681888e+00,-5.711203234858803768e-01,2.268081436661928407e-02,2.851078786105371243e+00,1.995186197567837549e+00,-2.228464037582321478e+00,-8.378026052470952667e-01
0.000000000000000000e+00,1.749677297852282987e+00,5.540921280655658476e-01,-2.242358748114175349e+00,-1.158438334261770208e+01,2.425720979302315783e+00,3.618055631312460996e+00,-5.400171296167445512e+00,7.170554996937352765e-01,2.614746311982592442e+00,3.366632320910714071e+00,-8.191378989213401463e-01,5.021325853065010669e-01
1.000000000000000000e+00,-1.047759899057151278e+00,-1.533759095843382769e-01,-6.229363843225009134e+00,-5.163029596586176773e+00,-2.758483648772837249e+00,6.839112542648766002e+00,-1.940846612849427277e-01,-2.941652094737169598e+00,2.556946771151069164e+00,-4.001708166643279441e+00,7.704060940165737836e-01,1.337204173325365009e+00
1.000000000000000000e+00,-1.882075525183392717e+00,-1.465500982248457262e+00,-1.256418982885559865e+00,9.712554674739984906e-01,-2.910587466424389369e+00,2.530399658983811584e+00,-3.372820112091061251e+00,5.709855795190055261e-01,-2.145462670678563999e+00,4.132851039125186254e+00,6.783205248015338640e+00,1.346557785183907452e+00
1.000000000000000000e+00,6.438827664104775916e-01,3.627391332830126602e-02,8.618170056101660537e-01,4.146794037204963423e+00,4.394802935065522664e-02,-2.549596923215733391e+00,3.273335340652227199e+00,7.665760633638154520e-01,-3.010599229732215942e+00,1.238155010372822495e+00,-3.252322151198295597e+00,-1.593532819071161732e-01
0.000000000000000000e+00,2.036052730638689745e+00,1.003553062873280277e+00,1.815833371890737347e+00,-4.902885076624983185e+00,1.828437027656056202e+00,4.537452431645688122e+00,-1.153873680178813199e+00,3.316741951925043175e+00,-2.120710619900712857e+00,2.815903161626363449e+00,-1.455533648854892892e+00,3.299856817001090015e-01
0.000000000000000000e+00,-6.613236761638647820e-01,3.379415868687599911e+00,2.703574304492013525e+00,-6.856062144410305370e-01,-4.957227719342820471e-01,-9.558960553846361785e-01,1.475482812115985087e+00,5.180116392948277415e-01,3.243653489569823467e+00,1.138814464336871390e-01,-1.247162014775900829e+00,2.520288317817168666e-01
1.000000000000000000e+00,2.712840951400228295e-01,9.765716622863225282e-01,1.856146142042051084e+00,2.126257245209520086e+00,1.267168609079639463e+00,7.275638466234224389e-01,-5.639289190227827486e-01,2.733551536071142873e+00,1.285058733947316068e+00,1.146188634498478631e+00,3.528265099455462739e+00,-3.142253282848601614e+00
0.000000000000000000e+00,-2.462810285589099646e+00,1.797783619161620994e+00,4.643075629164875595e-01,-4.727463290380151228e+00,2.082500293789733448e+00,3.105828675914099612e+00,-9.098113151874387405e-01,-2.863633363601138626e+00,-2.239653236185640495e+00,-2.324328594822562710e+00,-2.468049720081000764e+00,8.559591427415536025e-02
0.000000000000000000e+00,1.174601035664808446e-01,-1.915410754164032836e+00,-2.526165163056750540e-01,-1.357725411038649965e-01,9.219161791809971085e-01,3.344368983678317697e+00,-4.104214237208096971e-01,-3.219701974864197513e+00,-8.772651451754686081e-01,-2.019431324117359150e+00,1.476257756214570893e+00,8.329885970698294173e-01
1.000000000000000000e+00,1.772897195253960945e+00,-6.199505949288723894e-01,1.333129868199314672e+00,-2.891120589693830123e+00,2.636604247759628095e+00,-6.435806644778955254e-01,-9.394380019207926313e-01,1.922456699971434313e-01,1.432652974174059235e+00,-8.236827033820202093e-01,-1.531817919275140660e+00,-1.141175438110495488e-01
1.000000000000000000e+00,-1.473116786225578068e+00,1.209692269179815316e+00,3.360387526952389514e+00,-2.992867749728499671e+00,9.237678261709473260e-01,-2.679293740212187025e+00,2.893799314878663154e+00,1.886654526725017211e+00,1.022469900391014264e-01,-3.622199377745183302e-01,-4.271179320342774588e+00,2.389895699852898847e+00
1.000000000000000000e+00,1.997124621297146074e+00,-1.621693407587135205e+00,1.632451901724886190e-01,-9.619448623460384873e-01,1.840313732994054874e+00,-4.011915269781277660e-01,1.668641800057835578e+00,7.262572119252687086e-01,2.027325528671674260e+00,1.448963771310457060e+00,-8.345831557010111590e-01,4.671251938471217002e-01
0.000000000000000000e+00,2.327590855049939567e+00,4.178893273546226417e-01,2.206775578435787644e+00,5.462184661414557496e+00,1.281840606809120375e-01,6.100096861183310626e-01,8.324245999036243848e-01,-5.142409491630727247e-01,-3.446150458377569059e+00,-1.451904181527096327e+00,-1.255219518387838518e+00,-1.325375340433093241e+00
0.000000000000000000e+00,4.232335441645680429e-01,4.398036235111456804e+00,-9.930059622408182740e-02,1.085180438279479809e+01,-1.993152399354416904e+00,-6.432411211249469130e-01,1.275374645544963492e+00,-3.318225923018889745e+00,-4.121472375982264680e+00,-1.602963014122356533e+00,-1.810579146383459959e+00,-4.999211482112704275e+00
1.000000000000000000e+00,1.017297536407686387e+00,-2.321578793688594100e+00,-5.578457254336178117e+00,-6.486379642719286132e+00,8.066070381902368247e-02,1.117220320663008248e+00,-1.525804318434222040e+00,1.967171489329838430e+00,-1.980577595764334564e-01,-3.068884480805254444e+00,-2.657483672153394316e+00,1.368680448830419394e-01
0.000000000000000000e+00,-6.203398473965342497e-01,4.698704291612192385e+00,1.052940545331455757e+00,-1.757662836789380290e+00,-1.250346186805754378e+00,7.183398624076484662e-01,8.243038915620490847e-01,-1.276092970630177792e+00,3.098985488262325116e+00,1.864308343776952537e+00,-1.973239028971399467e+00,3.446144435164556485e-01
1.000000000000000000e+00,-8.645793357857203265e-01,4.031267916986340794e+00,3.352105140594441313e+00,1.551947799923633964e+00,9.919335119893911701e-01,-1.476255407963546817e+00,1.559961738460912795e+00,2.517940006303488243e+00,5.068855704694830155e-01,-1.547278257132480572e-01,-1.592135438405760883e+00,-2.759132631173286665e+00
0.000000000000000000e+00,4.940270869316851776e-01,1.718802309570284237e+00,3.200459640245087556e+00,1.590623251761315027e+00,1.312651232224220976e+00,1.157211703144406023e+00,3.293396201479021013e+00,-6.237453399968655887e+00,8.194298708622510530e-01,2.481092290704916881e+00,-2.796538693611313686e+00,2.343940666018241359e+00
1.000000000000000000e+00,1.400264596386601168e+00,1.638438436702646994e+00,2.114847674562477131e+00,5.882801463369103701e+00,2.969370294436435298e-02,-3.880318040937654089e+00,6.963573413652970334e-01,1.449945854247017385e+00,-1.623066418099139208e+00,1.034170197680501779e+00,-1.400111127892657681e+00,-2.585452492741482811e+00
1.000000000000000000e+00,1.199273768973834642e+00,-5.672269660986865247e+00,-1.241761094754193273e+00,-3.028648981054748113e+00,3.758384684101110818e+00,2.683885145101167602e+00,7.991623927923510173e-01,1.658374628343762147e+00,-5.069551692250595654e-01,3.669726514243155879e+00,2.687939225235198570e+00,1.226864973471037956e+00
1.000000000000000000e+00,8.890831067422773071e-01,1.383303814012508237e+00,-3.159126561877292794e+00,-5.188259550950317767e+00,-1.514246759941152431e-01,3.905807652180262934e+00,-2.017348936803787574e+00,-1.494863821136045434e+00,1.012083269872698255e+00,-2.608885835784550800e+00,-2.044429921016895690e+00,-5.502920741659855786e-01
1.000000000000000000e+00,1.089906609587854014e-02,-2.198923561646053848e+00,2.680723471841352179e+00,-5.032878713636136148e+00,2.572607521871783209e+00,-1.480886746949478638e+00,-2.113864669441367639e+00,4.108674854936384513e+00,1.382747456406359987e+00,4.193302226021790702e+00,2.471270729746413597e+00,1.685462694656188365e+00
0.000000000000000000e+00,-2.076302710399451357e+00,-1.244117077121597470e+00,1.753405099901443887e-01,2.125914937310416697e+00,7.278083876172813937e-02,-1.388051780542009395e+00,1.093566044459332032e+00,-1.768944764479602139e+00,-2.190176451012390668e+00,-8.808804959932181600e-01,1.899675827843256837e-01,7.333631196653367379e-01
1.000000000000000000e+00,1.438209465335980264e+00,2.033434562633172238e+00,1.483555719821368912e+00,7.448913153627398032e+00,2.010416414742810520e-02,-5.802938931784977772e-01,2.200801184356286022e+00,-2.861754661513329356e-01,-3.978009026132478532e+00,1.351876092364635573e-01,-2.238402743429629638e+00,-3.017484101782502481e+00
1.000000000000000000e+00,1.098891921740473565e+00,-8.444381874364886853e-01,-3.053133227804309957e-01,-1.895412433292468224e+00,3.392860317368200374e+00,1.552647492328129708e+00,-1.732785710926616485e-01,2.634145238327888272e+00,2.789336335035144998e+00,2.468721647825920851e+00,2.518556588307969246e+00,-2.733059606135650021e+00
1.000000000000000000e+00,-1.304836227004641858e+00,5.606391675223629356e+00,-6.251590482219433476e-01,1.518130355656013286e-01,3.206321017215960634e-01,6.189541986635627158e-02,5.733747919609830657e-01,-2.266927135872994103e+00,1.636562406159737471e+00,-2.331056158633681097e+00,-3.420434075227406723e+00,-3.825547138629827426e+00
1.000000000000000000e+00,-2.093943280110073246e+00,5.194446670060648863e+00,1.598153110813155475e+00,-1.210802078580393015e+00,-1.145846980800575121e+00,-1.750767022471888978e+00,-8.314393408834045429e-01,1.939038503393493151e-01,-1.088050955086026228e-01,-2.775954921918799556e-01,-2.899987085314160495e+00,-9.998371285570312184e-01
0.000000000000000000e+00,3.111609232620469179e+00,1.271265188397979307e+00,1.533219431664393007e+00,7.961663226893623602e+00,5.007183963298630358e-01,-6.569089561805114830e-01,8.860732637020911628e-01,-1.313996722454219057e+00,-1.262467392358634033e+00,2.239095270601198173e+00,8.754361067956284437e-02,-3.209410029154976307e+00
0.000000000000000000e+00,-4.809055352081261780e-01,-2.988364300346566971e+00,-5.388786130364744409e-01,3.056155316081758055e+00,-4.929385800375238880e-01,-3.901425409539331923e-01,3.081284742170613544e+00,-1.622270194755404127e+00,-2.514971753630049101e+00,-1.798698631584327856e-01,-3.789585747028606511e-01,2.247516977286796447e+00
1.000000000000000000e+00,1.192221137553313381e+00,9.232175551458642326e-01,9.368412688348922712e-01,2.773402341145679628e+00,-2.862002356576425210e-01,-2.304144394846285415e+00,9.384646986079844266e-01,1.250305081464403223e+00,-5.810816938503138296e-01,1.804750815586459556e+00,-1.413814815323177543e+00,-8.011262871587230272e-01
0.000000000000000000e+00,-1.528368353642310939e-01,-1.197890305931055055e+00,-3.901160698581682684e-01,-6.941229447787541362e-01,1.200577450011939940e+00,4.854546972926940818e-01,1.702695305244949608e+00,-8.387364987826896323e-01,-9.771096821216043171e-01,4.059485350271527793e-01,-1.398213308240179975e+00,8.603572287074386926e-01
0.000000000000000000e+00,1.779419728155190228e+00,1.215762209336061512e-03,2.379034200712065505e+00,-2.494624923994500865e+00,2.175991833751834470e+00,2.998879316892087310e+00,-1.926448407188944945e+00,-2.624189811916765258e+00,5.073483491905994569e-02,-1.978858463286863767e+00,-5.711673084596294858e-01,6.466372003385267853e-01
1.000000000000000000e+00,1.249163684846656963e+00,-3.981081460283343976e+00,-4.385653503113583263e+00,-2.839219693521802590e+00,-5.018405386348026020e-01,2.031761760126850724e+00,-2.016013118718489316e+00,7.917995792132876964e-01,-5.464870817806488645e-01,-5.089582986023261091e-01,1.754779256849371194e+00,9.295554039139430902e-01
0.000000000000000000e+00,-8.118420920283624387e-01,5.887204521060001028e+00,2.371022511951091261e+00,-1.509992584584836317e+00,-1.648515621740412218e+00,-1.312257951821414137e+00,1.330862728357044222e+00,2.114449378971417826e+00,2.326637676430429735e+00,-5.966610837387407162e-01,-3.819489553167521034e+00,-5.811728855204680855e-01
0.000000000000000000e+00,3.515138271225148436e+00,-3.179762778124012090e+00,-1.018765937750484518e+00,-3.837975194409088520e+00,5.741722834676143972e-01,2.973136191749934820e+00,-3.154371920387331052e+00,3.005278157017117202e-01,7.769157338885981368e-01,1.001717559559949233e-01,1.521932714833587941e+00,1.749124104008287883e+00
1.000000000000000000e+00,-1.583671488120951487e+00,7.154977695645873936e+00,1.058469281892926883e+00,3.076765532777635759e+00,-1.500342798951702861e+00,-2.694591555954505946e+00,-2.227086016836735016e+00,-2.568585177015308751e+00,1.820934114674862325e+00,-8.387717244885612988e-01,-1.220222265842186404e+00,-4.279852004918974551e+00
1.000000000000000000e+00,3.371691954140944025e-01,1.222475496984247956e+00,8.964894565934328208e-01,5.620397576614199586e+00,5.725577627735773945e-01,9.143325547846423706e-01,5.345376259844878852e+00,-6.229885989377887956e-01,-1.826563501553071900e+00,-2.480612154491540711e+00,-2.833262577295973195e+00,-1.977541940557920430e+00
0.000000000000000000e+00,2.903587532766292334e+00,-8.517866102984579246e-01,-6.627658853236773062e-02,-2.084453223712237513e+00,9.913831684940973554e-01,3.943678752546031951e+00,-1.652018483654717151e+00,5.570260313344761460e-01,-1.394174823143603303e+00,-8.556091192542187862e-01,-4.297581020059479950e-01,-7.983212592376620620e-02
0.000000000000000000e+00,7.009828336811751992e-02,-2.285632802307249634e+00,5.628517737501121943e-01,-2.532585245209691305e+00,2.583911517024248816e+00,1.390946486593415798e+00,-2.234998496281741076e+00,-1.648851162804496395e+00,-5.217953617687836054e-01,1.545865012400742255e-01,1.740747612500555874e+00,5.864761713854353964e-01
0.000000000000000000e+00,-2.385113171104123797e+00,4.838724698518513279e+00,-1.423222381620226962e+00,-1.189288978218627557e+00,2.496121855301869363e-02,2.679691629749111570e+00,4.550200087901015156e-01,-1.699689811780504822e+00,-3.240156585725784133e+00,2.204440378543942813e+00,-3.402690350671602637e+00,-2.084477263591609120e+00
1.000000000000000000e+00,3.223573241078156570e+00,-1.899558976563273438e+00,-7.384882052262713437e-01,1.768866560674145605e+00,7.971450753495052943e-01,-6.504881702101176222e-01,6.145119976315456256e-01,-8.196753445422886308e-01,-2.782835937395666370e+00,2.831868765540856536e+00,-2.659779024545063209e+00,6.848859829007027944e-01
1.000000000000000000e+00,-9.553956621266782578e-01,7.681890067124549581e+00,3.470183587326873820e+00,2.000300617117091395e+00,-4.371032878837382007e+00,-3.092534797887829257e+00,-3.249477997052664158e+00,1.050149555065029716e+00,2.070304252640812415e+00,1.199677709404757930e+00,-1.087366168087406937e-01,-1.360755825963408272e+00
1.000000000000000000e+00,1.044077826199239389e+00,6.607567530049820448e+00,2.619614107555092275e+00,8.078692450129981495e+00,-2.971867861898023211e-01,-2.436104490266495226e+00,2.163661847140526007e+00,8.787971638852121181e-02,-2.363535002992491307e+00,-1.327565298253547521e+00,-4.755818297775393333e+00,-5.696347595771733552e+00
1.000000000000000000e+00,2.358304432385739169e+00,3.957741387606771077e+00,2.076936814085625471e+00,-1.804945393915392549e+00,1.210383880610737428e+00,3.033734012237822242e+00,-2.433061218241785895e+00,-1.451236391181235819e+00,6.932810528247668191e-01,6.424408959883716186e-01,-1.734178032518277845e+00,-1.734426034017589213e+00
1.000000000000000000e+00,-1.012223384979013430e+00,4.771793272741727598e+00,-2.035201400066242616e+00,-2.710465685775937494e+00,-3.040552332012862458e-01,3.438011748650340760e+00,-3.174901944461758330e+00,-4.982969379264116760e+00,2.703573799561263424e+00,-1.947014344237648853e+00,-2.965622083704085865e-01,-2.634598321749748173e+00
0.000000000000000000e+00,-1.052045652673069487e+00,-6.154378710514494699e+00,2.718752946819873451e-01,-3.351153069525932171e+00,6.650786140408531111e+00,2.624714648309764975e-01,6.301891449298414605e-01,-1.759524656165668111e+00,-2.671932750787303412e+00,1.736808811185151402e+00,7.603611637750566921e-01,1.148132012822853598e+00
0.000000000000000000e+00,7.919408176188007520e-01,-2.816882215541052226e+00,1.038612828232393870e+00,2.981672997668373792e+00,-1.187363977235693646e-01,-6.486163981273429524e-01,3.343704324232201763e+00,1.892483807924734140e-01,1.655557713884990623e+00,4.770364598733017880e-01,1.691608358755468000e+00,1.870431903710784161e+00
0.000000000000000000e+00,-3.062517388253604977e-02,-1.424266919807320786e+00,-1.377940804801243146e+00,-5.461823289961778016e-01,-6.414387963454697417e-01,-1.272629105738660948e+00,1.674752100874556504e+00,1.165906949565146178e+00,-6.372460232409473679e-01,-8.174793780821063560e-01,-1.829736967834630246e+00,1.229251000964862728e+00
1.000000000000000000e+00,1.829718914085513459e+00,2.997169390655896937e+00,5.559135911259799334e-01,1.700764468340552726e+00,1.167662449349632814e+00,4.021783186895101281e+00,3.195782182981827813e-01,-7.240569335612183632e-01,8.467279712707849182e-01,-1.044113851958143435e+00,-1.849599607091865217e-01,-3.634519009682548152e+00
1.000000000000000000e+00,-2.486629461312284128e+00,4.402354869050757458e+00,2.099343072520477804e+00,-2.268419365564571244e+00,-2.126689196773682511e+00,-2.912239794094003020e+00,-3.075650612337251566e+00,-4.354683416964688636e-02,7.662203462452636948e-01,7.904245748955334161e-01,-8.399171999320362847e-01,6.624795855779705978e-01
0.000000000000000000e+00,-3.160206024035215666e+00,-1.341262310898482246e+00,-1.751181019173682518e+00,-8.361971091269744250e+00,5.364871876771184489e+00,-9.370761747503794092e-01,-1.707568208401006871e+00,4.692329858087629368e-01,-3.220529067922817568e+00,2.726158225802871371e+00,-2.860175217017075333e+00,-5.026296002380885586e-01
0.000000000000000000e+00,-2.799827819819771690e+00,7.662503804076542524e-01,-1.205211040241978449e+00,-5.151927924121284974e+00,1.139434840306645214e+00,-2.468511760154618262e+00,-1.298490891292235272e+00,1.493383818869975066e+00,9.464770561150978034e-01,3.291886384430923851e+00,-5.317939140202401216e-01,3.070287045690001104e-02
1.000000000000000000e+00,-9.895248826015571320e-01,5.737431579641685708e+00,-8.175729289768972619e-01,1.505752862142217818e+00,-2.776413918599836439e+00,1.321473475339860260e+00,-1.892949094949453182e-01,-1.358775312415511305e+00,1.986058233862224576e+00,-1.779876657441419319e+00,-9.285754493077933436e-01,-2.624993124846191073e+00
0.000000000000000000e+00,-8.799032888913700390e-01,4.493287832873394394e-01,2.844129565737751886e-01,3.815838314014073251e+00,4.307045888863769711e-01,9.497167304023879097e-02,5.926877571137205702e-01,-2.209639633461486063e+00,-2.188144585692040955e+00,4.650805881033287514e-01,5.177423380322021540e-01,-1.369905187832677118e+00
1.000000000000000000e+00,1.146099442414678649e+00,-2.379067987145286889e+00,4.975980413687549619e-01,-1.448730978759539045e+00,1.072146274869518301e+00,-2.839524306399442644e+00,-2.750107670041400443e+00,1.897000522256329980e+00,-6.843302465284026859e-01,2.231433980687049790e+00,8.974495500584382945e-01,6.963041373247822463e-01
1.000000000000000000e+00,3.564105235851803055e+00,6.016990071643730786e-01,-5.480162813525171206e-01,7.394795583946393691e+00,-6.921628201241634137e-01,-3.275051555787514612e+00,2.151380022202532771e+00,-1.012071241022459933e+00,-2.485330335346039199e+00,1.513723168125634677e+00,-3.912181008298290408e+00,-1.902115382125902254e+00
0.000000000000000000e+00,7.340589418601265459e-01,1.138927447533980786e+00,1.427199078659203701e+00,9.734040181029651961e+00,-7.088462396115131625e-01,-2.123483724784601012e+00,1.057887886606163619e+00,-7.228619214380405111e-01,-4.702978496272008258e+00,2.047464365493765204e-01,-1.685957455571821528e-01,-3.188231969616302397e+00
1.000000000000000000e+00,1.945908358969481000e+00,4.255448121312602083e+00,-1.875548555898339131e+00,1.013679969027540206e+00,-6.856437450750244578e-01,2.993951060178467571e+00,-1.402610709743279394e-01,-1.612532502308316129e+00,-9.000840882056193593e-02,-3.448687380486092913e+00,-3.627605508382298449e+00,-3.686408942281738099e+00
1.000000000000000000e+00,-4.053962241632612873e+00,8.950032106983371594e-02,-3.206908519635153887e+00,-5.555151003460068182e+00,-5.822114227726989943e-01,1.354715840261069282e+00,1.465061964921266835e+00,1.296437493965875820e+00,-4.896658915858653760e-01,-8.292057677717712405e-01,-1.277494500785672837e+00,1.265474053027190848e+00
0.000000000000000000e+00,-1.373027648424043790e+00,4.689186914211683543e+00,1.961557517598787603e-01,-2.127208843851503328e+00,-9.232604338586922754e-01,3.230913113903439715e-01,1.542153974007220985e-02,1.343310244568220568e+00,2.465388132322981818e+00,2.123832686092615774e+00,-9.072484818875838908e-01,-1.392488447289559783e+00
1.000000000000000000e+00,-1.277273023819706310e+00,3.934441877730439074e+00,2.636716759606571259e+00,3.042528584039013051e+00,1.070118050037704993e-02,-1.206919946890518736e+00,3.360234837015227960e+00,1.517137460939497196e+00,-2.825703530330134328e+00,3.894827522392526609e-01,-3.915554202859744315e+00,-1.599850900565047418e+00
1.000000000000000000e+00,5.678673579517405923e-01,1.018020135919823588e+01,1.983538431880206510e+00,3.706019391147625797e+00,-2.335492202371376003e+00,2.160886050872940167e+00,-2.064260728594230265e+00,-4.562180664732268909e+00,5.329880958380343259e+00,-1.105466852130484234e+00,-1.799613120055459925e-01,-5.162382744821357505e+00
0.000000000000000000e+00,-2.040676420322460771e+00,4.235951007045678729e+00,3.831453840484991602e+00,-3.805399443803310522e+00,3.450410088791510343e+00,-2.495766061512554312e-01,2.278560832390377211e-01,-1.763262456714906001e+00,1.306738366819035990e+00,6.743172027791560774e-01,-3.037250327296771690e+00,-9.278816720842375521e-01
1.000000000000000000e+00,1.057127132970866912e+00,-4.821972868013942204e+00,1.213539444358272101e+00,-6.035400073022038292e+00,3.259531520097997515e+00,-7.325246586611877664e-01,-7.797862184663983953e-02,2.436026273277282606e+00,1.458000908563368281e+00,3.632435308344475811e+00,8.427834543676628876e-01,3.688584081149753224e+00
1.000000000000000000e+00,-1.088305642156229824e+00,2.834624186275150226e+00,-2.997236224901066448e-01,-1.312739617739956843e+00,-3.909442629975756756e-02,2.461635900409561373e+00,-3.629728336054682813e-01,-1.172386270101097194e+00,1.292603430246015650e+00,5.465718746480388024e-01,3.268166226465321067e-01,-1.253571658270216105e+00
0.000000000000000000e+00,2.258107063698337136e+00,2.738934295310912148e+00,2.434285925114938465e+00,5.727877176391721337e-01,1.092057792044540898e+00,-3.537764732264525591e-02,-1.610326329972454396e+00,-2.088614745949487261e+00,2.448565111059126664e-01,4.698819457665471822e-01,-2.176618058470404460e+00,-1.175395133748085685e+00
0.000000000000000000e+00,-9.478333326739891707e-01,3.192203980499971561e+00,1.525474279459081650e+00,-1.722888504741146187e+00,2.437292567310612723e-01,-9.352499018355711069e-01,1.225410704103690129e+00,-2.030709150092333548e+00,1.745967593437376175e+00,1.473156158121832426e+00,-3.033269987715225380e+00,8.256243003787281376e-01
1.000000000000000000e+00,1.377639534230401530e-02,2.649289825241275320e+00,-1.953073321332144507e+00,-2.009909857577230508e+00,1.844821876577387165e-01,2.643478435273474592e+00,-5.957583377473530950e-01,-1.336392011830874083e+00,1.826146865959663357e+00,-1.235744707980263479e+00,-9.684749290689749213e-01,-2.156620360569045936e+00
0.000000000000000000e+00,3.732491046359058817e+00,1.895332026036252060e+00,-8.314212744214584117e-01,-5.142168608301106225e+00,1.353861873989127274e+00,3.211865725615527634e+00,-3.096594867448038801e+00,-2.990252259367202070e-01,2.853401238210786506e+00,3.123676434542650426e+00,-1.214233693949194226e+00,-8.266381968963318894e-01
1.000000000000000000e+00,-1.208607896091525635e+00,4.636657067740736160e+00,2.870141169229599942e+00,4.192034962823698585e+00,-2.603027526800119063e+00,-1.475031326338492654e+00,8.375091107517649291e-01,-7.829124651246877065e-02,1.435680193206319011e+00,1.133012399060854047e+00,5.649490841057795976e-01,-8.902423883746813926e-01
0.000000000000000000e+00,3.461382513720689946e-01,1.739809159041481923e+00,3.531392247213917202e+00,-3.597277550487490316e+00,3.233845869901949222e+00,4.714980672734294664e-01,1.130136837938768624e+00,-1.549991481109639135e+00,4.305076454488766302e+00,2.419877223159710766e+00,-1.073998449596116789e+00,7.908675126169765202e-01
1.000000000000000000e+00,-1.317619145628866839e+00,-1.981536917731786529e+00,2.371962362048991579e+00,1.663364093166556090e-01,3.432951496911643474e+00,2.811652553574854885e+00,2.501317046370289621e+00,2.883792073267922085e+00,-1.177025733334523983e+00,8.868710468495123456e-01,2.995572932063308436e+00,-9.140606066359353576e-01
0.000000000000000000e+00,2.012035234618894108e+00,2.443615988019454566e+00,6.445224812438484774e-01,-5.861016527064342618e+00,2.584794939525320245e+00,2.006779578483513404e+00,-2.528065826135139638e+00,9.244481680060601114e-01,7.605791186062209608e-01,3.781765556543497553e+00,-2.413322111759527822e+00,-9.706133768403421014e-01
0.000000000000000000e+00,1.705001108367010243e-01,9.488807347118506375e-01,-1.421676408160587268e+00,-9.551877058730653403e+00,3.159846217827885440e+00,1.997102844934603993e+00,-5.289964513854860328e+00,-1.123564137142217589e+00,1.984235224332395298e+00,1.956329496178643268e+00,-6.535827624206339559e-01,-4.903727616067254935e-01
0.000000000000000000e+00,-1.355703437010117973e+00,4.994828858361226587e+00,3.654390075315216979e+00,-1.412703984383454126e+00,4.442756883734130247e-01,-2.233638856101228587e+00,1.537599499903075762e+00,-1.215918875736804017e+00,-3.471581804166692375e-01,-2.331738488278298771e+00,-6.280411652854017923e+00,1.659340335590913096e-01
1.000000000000000000e+00,-8.346244973796392852e-01,-8.467993033520159196e-01,1.397066512468353450e+00,2.305265835259028950e+00,4.486961412796819371e-01,-1.365937820265938685e+00,7.134742699967344670e-02,2.458076632236310566e+00,-3.769840438973923735e+00,1.916512063627685780e+00,8.441122014462103529e-01,-4.571816630866440967e-01
1.000000000000000000e+00,1.715287314774943228e+00,-3.664833709629508718e+00,8.917366406579103622e-01,-5.886341843552036934e+00,4.170318875996503749e+00,-1.745031290779688993e+00,-1.383199086279258250e+00,1.935457582629241502e+00,4.387757554749688538e+00,2.366304179215132919e-01,9.744982113589948369e-01,8.811113706302085014e-01
0.000000000000000000e+00,2.817570705746072157e+00,2.861846659846453700e-01,7.124981180066585207e-01,3.641653151809861377e+00,8.997123611830905032e-01,1.709850437175385318e-01,-1.361639997596903129e+00,-1.840849970071161135e+00,-1.392233048121148009e+00,-1.339140323862860082e+00,-6.326207170311897166e-01,-2.220803306549361089e+00
1.000000000000000000e+00,2.406904705589858917e+00,-5.915750989509015456e-01,-1.829764107375503102e+00,1.002707202465692671e+00,4.279849068443687399e-01,-2.239692703065001567e+00,-3.334990246359754273e+00,1.044638541600118042e+00,2.217849945191195715e+00,4.414764190583394532e-01,1.841299742794767713e+00,-2.989522114556571353e+00
1.000000000000000000e+00,-1.417056628417282749e+00,4.140378612398172287e+00,3.756319933392656907e+00,-5.357186983109105682e-01,1.870881619134959983e+00,-3.276254730926320136e-02,5.545770515152577129e-01,3.483747912137450609e+00,2.022949476217565490e+00,-4.233416757499020022e-02,4.331240574985020242e-01,-3.296349803097617936e+00
1.000000000000000000e+00,-5.864752533817819691e-01,1.735858211053334488e+00,-2.236474323982029055e+00,-3.249815027536637313e+00,-8.794439866204888379e-01,1.672008193223310846e+00,7.685421756945403082e-01,-8.709966804967949061e-01,2.926202923665152333e+00,-2.474982818854894351e+00,-1.694144115237050663e+00,-6.430720772608689018e-02
1.000000000000000000e+00,3.564129066789031075e+00,-1.352656304112464847e+00,-8.652249163170913082e-01,-1.198238589879719207e+00,1.322332637445038817e+00,-2.492471904894154378e+00,-4.599377496332921478e-01,-1.169587908648480834e+00,-1.625670381720777380e-01,1.099555557687809104e+00,-4.300784361187140803e+00,8.272339798700412139e-01
0.000000000000000000e+00,-8.261793228197447103e-01,3.738873865751121683e-01,3.366232387161564699e+00,-3.143828265786809073e+00,4.008001212444936456e+00,-9.755654845638730421e-01,1.116689859764698589e+00,-3.838641906943248472e+00,4.428396164151428005e-01,8.596731951803837646e-02,-3.398023804842240203e+00,1.595860173993396636e+00
1.000000000000000000e+00,2.903699118194484452e+00,2.992598777839563517e+00,-1.850873068581245562e+00,7.670218058559218344e-01,-8.997923328063873738e-01,3.118601473453979089e+00,-1.787661450586549350e+00,-2.688447608748037787e+00,4.600413718431267673e-01,-3.275749443493359170e+00,-2.260258367901557097e+00,-2.719628351662526811e+00
0.000000000000000000e+00,-6.261557513518956064e-02,4.207671374754502480e+00,5.142689588229433006e+00,-8.937686785672824819e-01,-3.794519143528825023e-01,-2.517948102601923921e+00,1.737319792960723364e+00,2.072831900360678770e+00,7.679708755135918885e+00,9.943408852495164707e-01,3.442743276257473894e-01,4.205200165726470374e-01
0.000000000000000000e+00,-6.540651265588048879e-01,-3.193524735955027616e+00,3.863043132509145217e-01,-2.494069190787754575e+00,2.046507147732947729e+00,-2.476744069824628802e+00,1.403962138771227330e+00,-8.208653352227264222e-01,5.314763644382873853e-01,1.399231587354400563e+00,-9.679610094249869734e-01,2.845678287498921932e+00
0.000000000000000000e+00,1.714828924981794067e+00,-2.869324939082551928e+00,1.605089796735494012e+00,6.531536498704337390e+00,3.210397348818799790e-01,-5.117909665643496364e-01,1.739129654234581324e-01,-1.541939680125744339e+00,-2.605663423797908607e+00,-2.650074920777198972e-01,2.467330107277700080e+00,-1.579709625517602412e-01
1.000000000000000000e+00,1.358317154193469545e+00,5.448810108718340040e+00,1.176211210776282101e+00,4.532503886794255088e+00,-1.172895491866367879e+00,1.394142877428109495e-01,5.537655819237325971e-01,-2.537172601916394044e+00,2.551657980603689424e+00,-1.821169469907853777e+00,-1.664518446644394079e+00,-3.527106866461382051e+00
0.000000000000000000e+00,-1.403815230175255557e+00,-2.791026255895374675e+00,-1.948372637141397412e+00,8.851766527014122421e-02,1.814704377567836424e+00,7.024593003984765938e-01,-1.476221103702513249e+00,-7.587481878850796946e+00,1.927888412928824735e+00,-2.535433166458365584e+00,2.809101068082225261e+00,3.750045591339259410e-01
0.000000000000000000e+00,-8.967703747578263940e-01,4.893973309914015246e+00,4.851780636415371495e-01,2.644288504412196095e-01,-3.252930828589564172e+00,2.211965404101423616e-01,1.068590622258237088e+00,4.096414107586565656e-02,4.354339731836999405e+00,3.427194237938051113e+00,3.907071870416620740e-01,2.735492081248322993e-01
1.000000000000000000e+00,-1.299937439645538095e+00,6.604573335763185282e-01,-3.591416446613135083e+00,-2.255152985479552452e+00,-1.632283355706099393e+00,8.298937180058780783e-01,-5.313153866071733678e-01,-2.825042105573503104e-01,-7.786193007102695240e-01,-2.649244582391762748e+00,-1.669618981852191597e+00,-2.676736813445188545e-01
0.000000000000000000e+00,-7.256501450129529962e-01,-1.689349028251014184e+00,-1.199004563010493296e+00,-1.564538257865447646e+00,6.239487918875785688e-01,-5.402545401887091092e-01,1.178148031645547489e+00,-2.805528719920017400e-01,-3.615318493066983496e-01,2.285503184821424227e+00,-5.354619062915222383e-01,1.565385455364591838e+00
1.000000000000000000e+00,-7.231082685894967277e-01,8.321823846985967332e-01,-2.139339981332815555e+00,1.156221456265531522e+00,-1.827770585826879346e+00,1.937617328251201698e+00,-1.479312920957915667e+00,-2.063433208713553846e+00,-1.679294440573725566e+00,-1.049452424842162834e+00,7.862979130410499007e-01,-6.723899570634079836e-01
0.000000000000000000e+00,-1.880112026444109574e+00,1.494316669270319142e+00,2.110227100935340161e+00,-2.248622717396687953e+00,-8.141469239741558894e-01,-4.783987030712390620e+00,1.909200521558711561e-01,-1.133250260370102236e+00,3.262096230988880130e+00,1.542004129840164328e-01,-1.786525912078669842e+00,2.643106257919764168e+00
0.000000000000000000e+00,1.801838422292167952e-01,4.824833647639838574e+00,2.424333003793468500e+00,-2.409551673130491345e+00,1.212337334439945957e+00,1.517011554931394723e+00,1.794471981509788927e+00,-2.081952557329501019e+00,1.569811837072493610e+00,2.461988021514585956e+00,-4.329943505012221472e+00,1.033205531796282939e-01
0.000000000000000000e+00,-1.687219100815330997e+00,-8.764011197573303713e-01,-1.566018816221203203e+00,-6.897160340904689768e+00,1.699281345733881787e+00,-2.106474534068841109e+00,-6.077294880239927366e-01,-1.912603324732758958e-01,6.420103628191020650e-02,3.172213566266847362e+00,-2.911989242713220793e+00,2.344445132510732055e+00
0.000000000000000000e+00,1.836736311985454506e+00,-7.816504270487129036e-02,5.441757696241775299e+00,-1.655252269128794085e+00,2.196126155611656916e+00,-1.575194504691624253e+00,2.517826113913737007e+00,-2.630680076135369916e+00,6.801934173597733668e+00,7.025641717364252692e-01,-7.677759310215228616e-01,3.493049911178621070e+00
0.000000000000000000e+00,-1.091455842366955364e+00,-1.683428000474304964e+00,2.295781993377068453e+00,1.084186055762518031e+00,2.240880982974362556e+00,-7.133722243575898458e-01,1.749907450962781219e+00,-1.474960224291528954e+00,3.829178894180618187e-02,2.567965477517625272e-01,1.004913285208285156e+00,8.631386254260964286e-01
0.000000000000000000e+00,3.838801231698741878e-01,3.148468244867840493e+00,5.229678523676561941e-01,3.064078185777232122e+00,9.319369410622934113e-01,2.131112594941133587e-01,1.517588567762160334e-01,-1.541908762053702420e+00,-1.443457304982561196e+00,2.296022997416437672e+00,-1.424894922473176617e+00,-3.053351459109614474e+00
1.000000000000000000e+00,-4.759401922787793726e-01,1.099292819596078497e+00,1.100634044911506626e+00,-9.560110160501189558e-01,6.503223930316111012e-01,-2.248082363807932360e+00,1.252444593517930027e+00,1.396322147699297300e+00,-1.611116764117382250e+00,9.638550214177088460e-01,-3.554447903493269667e+00,3.390779719323238073e-01
0.000000000000000000e+00,1.584985394669673031e+00,-4.447892142415692085e+00,1.973158986789918856e+00,3.397932530186273947e-01,3.820560291579135459e+00,1.038100818295532690e+00,3.197311720858917461e+00,4.106197557282047494e-01,-1.017121479879546264e+00,-1.013447938524798975e+00,-2.446785511197970830e-01,1.222549674155921196e+00
1.000000000000000000e+00,-5.340712687446445006e-01,7.410871494191739739e-01,-6.923384826224892041e-01,-2.912977377487106168e+00,-1.472778760629684047e+00,9.012271170026869838e-01,5.916071757775314133e-01,5.445571064395315908e-02,2.489240868271856311e+00,-1.013816588588125178e+00,-5.643670098411177616e-01,1.717129875718223619e+00
0.000000000000000000e+00,1.237000762139008669e+00,5.243645573365648183e+00,2.390236233711692471e+00,-5.278321138178943883e+00,1.901633013727952903e+00,2.313540542495583496e-01,-2.665877118842951532e+00,1.002788133954839900e+00,1.175046941710079729e+00,5.795101651890532501e+00,-3.321596257385290407e+00,-1.155146660450194096e+00
1.000000000000000000e+00,1.966284527059160681e+00,-3.562650334261439955e+00,2.896682952771821862e-01,-1.469928439929118369e+00,3.206803130739357410e+00,9.503478260232107733e-01,3.395436300977844102e+00,-3.165326111685047294e-01,-1.485311869557499165e+00,1.506786083270679644e+00,-2.868557334535092096e+00,2.110549736137291355e+00
0.000000000000000000e+00,-7.682146161878498081e-01,4.592723751825618650e-01,6.401562498997978023e-01,-1.557648141631027938e+00,-1.527926190446668997e+00,-2.748571446584599620e+00,1.094608618281009527e+00,-1.942986201555573889e+00,1.934155428397045018e+00,1.151170933009829866e+00,-2.164102530973959659e+00,3.557110952949022131e+00
1.000000000000000000e+00,-1.849619310646538395e+00,4.029885038555529597e+00,2.345876373820772187e-01,-9.745365710175308838e-01,-1.493769755790528508e+00,1.593712466236486769e+00,-1.412366619018581737e+00,-1.427497128626518341e+00,3.452796667084695237e+00,1.286888729925583785e+00,2.204297414711574365e+00,-9.941373249438899551e-01
1.000000000000000000e+00,-9.120114004584207734e-01,1.228587415215741663e+00,4.069006581337824890e+00,-4.307574489120452377e+00,3.818578776648092088e+00,7.830317623560354434e-01,1.822587152215342288e+00,2.953957398762269371e+00,1.768488019638612574e+00,9.427309302972252114e-01,-9.575656052843020127e-01,-1.723177412500578320e-01
0.000000000000000000e+00,-1.756504943503482519e+00,2.582913002113003120e+00,3.109801679465740154e-01,-1.041644972775540579e+00,-1.150858660942777778e+00,-1.374904769342577993e+00,6.842884053617556139e-01,-2.530603095333072705e+00,6.117600564257164031e-01,1.906688948921041460e+00,-2.327728028866067334e+00,1.560571440905964558e+00
1.000000000000000000e+00,1.139296882595559168e+00,-5.668190671151092097e+00,-1.036993987645428383e+00,-5.701427518403618500e+00,1.323802725575684125e+00,-3.766748752518225274e+00,-3.028696955662481649e+00,2.656740261945604864e+00,5.816023548779121199e-01,4.097224690375661282e+00,1.296869040684829333e+00,3.837566825351900412e+00
0.000000000000000000e+00,2.164969623254425990e+00,3.636173422930200960e+00,2.214338726450922668e+00,-5.046588795438869957e-01,1.197925510917552838e+00,1.649938535753401769e+00,-3.178011714455321046e-01,9.616463554880105846e-01,-3.003626497793761008e-01,4.179104844312989897e+00,-2.149890860800878656e+00,-1.555194927392294257e+00
0.000000000000000000e+00,-7.577843934024612871e-01,1.570894508257393074e+00,-1.869970471309431392e+00,2.875304772548048060e+00,-3.589125847403887626e+00,1.372251150373668960e+00,1.470162111328110255e+00,-2.065549377738986170e+00,7.201656235119511251e-01,3.535063849035472217e+00,1.313881010793760851e+00,1.127450834223513665e+00
1.000000000000000000e+00,-9.152770759507902198e-01,2.126931978470927742e+00,3.145282097384257902e+00,6.011613017305096562e+00,-4.628426849261013665e-02,-2.897957240412718960e+00,2.368327340385741664e+00,2.518520337617506932e+00,-1.998477768682800360e+00,-8.040683428093386986e-02,-4.205583999337444423e-01,-2.524106596290982552e+00
0.000000000000000000e+00,1.936684599643272442e-01,-2.921350733413613288e+00,-6.094532822025104934e-01,-2.629912085551370016e+00,2.867596441094455884e+00,-3.503188606392710902e-01,1.098745581028473861e+00,-2.487470690222096659e-01,6.397339073715010427e-01,1.352872491604411920e+00,-3.953104494480673692e-01,9.846307132024533226e-01
1.000000000000000000e+00,2.130568868548152306e+00,-2.648022716331936532e+00,-3.507036570892072547e-01,7.847443811715568707e+00,-1.831297367796799858e+00,4.283774168260000792e+00,4.337546872676938392e+00,1.232850943753061035e-01,-2.288382756945701146e+00,8.022309767920368095e-01,3.062218772938412492e+00,3.899527049357975894e-01
0.000000000000000000e+00,4.270951724368207358e+00,2.697663426762904937e+00,9.092815933423636920e-02,-2.796042655517710251e+00,6.439902779467649996e-01,1.517307991656633437e+00,-1.917296470567404931e+00,3.011702196019726330e+00,7.643316141793543572e-02,4.109509104387329970e+00,-3.050752463125243175e+00,-1.567466363116201133e+00
0.000000000000000000e+00,-3.754493573214778834e-03,7.433918154681200263e-02,9.443164774757842883e-01,-6.661653592939233093e+00,3.479742597136781690e+00,1.600181089343272411e+00,-3.501141701953569996e+00,-5.900173737586906775e+00,3.064432673604677859e+00,-2.818134220102772591e+00,-9.497673532347610248e-01,1.052629246882864411e+00
1.000000000000000000e+00,-1.791896912309167256e+00,3.161597991908166705e+00,-1.379440081126968032e+00,-4.790774749398583943e+00,-7.733634804465626678e-01,-6.940670584031942703e-01,-3.704419726542070634e+00,-2.865057060099969188e+00,3.690822332136504347e+00,-1.416840607512465544e+00,-3.990333105333527808e-01,-3.794889592226129427e-01
0.000000000000000000e+00,-4.035151802100136464e+00,-1.128116078181491538e-01,-2.422423907832018664e-01,-3.524267012530803544e+00,1.987876420043909631e+00,-3.632566463490539022e+00,-1.108548211088224100e+00,7.783733084762056720e-01,-3.904162420850577853e+00,-1.309982825727256106e+00,-2.792822863868575034e+00,-3.004820456672290252e-01
1.000000000000000000e+00,1.092993095174231266e+00,-1.144963848317296362e+00,1.759417315985390751e+00,-5.480680713942351900e-01,1.446177214217768903e+00,-4.314380970705659069e-01,-1.121700360411654440e+00,1.650470076697845734e+00,-1.562530940139656543e+00,3.002715945161176681e+00,5.506857157345304010e-01,4.744661426768910228e-01
0.000000000000000000e+00,1.888664056822991988e+00,-3.066864351484165585e+00,2.886444456426071170e+00,1.918954475467800957e+00,2.682852114932490650e+00,-8.994356374807832566e-02,4.052633311890176060e+00,-3.282057672111609925e+00,-1.009451096732236763e+00,-3.026584789264951780e+00,-3.134684871118753158e+00,2.534727898760296583e+00
1.000000000000000000e+00,2.025088129669777359e+00,3.727440942849586936e-01,5.928385085073872851e-01,4.810241772214442491e-01,1.729137380755154219e+00,-3.745073587285868033e+00,-3.684933446934846479e+00,2.270521519528820864e+00,7.987474500178706194e-01,1.976733648357144046e+00,6.809820341685459688e-01,-3.161461985854740142e+00
1.000000000000000000e+00,1.896704482523859703e+00,5.941322349021386451e+00,2.085174417057581220e+00,2.667352334726738494e+00,-1.472045124761391044e+00,1.990631995597796466e+00,-5.812818774967316582e-01,-1.705445596889744175e+00,1.907823899167572224e-01,-1.320240118834013821e+00,-2.681043519628654614e+00,-2.452026763935222675e+00
1.000000000000000000e+00,2.688225386037031761e+00,-1.493148808314950449e+00,-3.217551836131313792e-01,2.259869061566546655e+00,1.363473304872587111e+00,-1.706733331674768372e+00,-2.112475652529353098e-01,-2.927706459457199983e-01,-2.978353581244103765e+00,1.826148826197896646e+00,-2.280399796658768352e+00,-6.830032820146699768e-01
1.000000000000000000e+00,-4.213897982124098496e-01,3.087447998773809488e+00,3.736634070160200771e-01,-1.466092702931001801e+00,2.267845123109017980e-01,3.395528124774295442e+00,-3.096299513148768501e+00,-3.840679550519115359e+00,-1.021100879689376129e-01,4.808613015223062170e-01,5.649055281644537185e-01,-1.030103302158756229e+00
0.000000000000000000e+00,-1.580842452718795643e+00,-4.784188883153788208e-01,4.896657662831040092e+00,-6.606383195345146397e+00,6.321541013450382884e+00,-3.003481315481888014e+00,4.270931329570023527e-01,-5.648050606117318573e+00,1.520832102047277701e+00,1.339733817674735317e-01,-4.694791408615881068e+00,3.248048755648792696e+00
1.000000000000000000e+00,1.113838949846954085e+00,2.593548310095798559e+00,1.232690021252799806e+00,2.807808980664575849e+00,-7.417540576786052497e-02,1.395188627274115412e+00,8.023474622065793760e-01,4.100117494540145291e-02,1.223074544443995659e+00,-1.639808855521280861e+00,-3.997107224719498308e-02,-2.565923231670941274e+00
0.000000000000000000e+00,-2.342833456135683612e+00,6.510872414099184269e+00,1.371834408688477280e+00,-3.354054568978964479e+00,-1.554761141290546878e+00,-1.394660959188085636e+00,-3.947926106942001301e-01,-3.344822272514830219e-01,7.250357225634235236e-01,-6.311694081882941454e-01,-4.864038355982430062e+00,-2.264131345991875488e-01
0.000000000000000000e+00,-8.768065887760996269e-01,4.976419515602868437e-01,3.829614752414431056e+00,-5.387524071145769256e+00,4.831114784339569646e+00,-1.777465356732313539e+00,4.280033166464274341e-01,-5.744731262071371525e+00,2.507056064572464216e+00,3.237416804469355647e+00,-3.387104174211135632e+00,3.026165643963279805e+00
1.000000000000000000e+00,4.138591331160514919e-01,3.032701431316219054e+00,2.955398972031748173e+00,4.578119576725155682e+00,-7.066116684770069600e-01,-2.607223848723373205e+00,3.101289715671515790e+00,-1.853519729974530961e+00,-3.873693678917457639e+00,-3.894729295887102261e+00,-6.807093248267205965e+00,-1.377615414075556988e-01
0.000000000000000000e+00,-3.244295065326424421e+00,5.440886814323736331e+00,5.187204297793400753e-01,-3.935233185790384614e+00,9.411492744379400532e-01,-1.449083404367339956e+00,-6.449429646219715373e-01,1.429653528809471830e+00,7.602659201631932762e-01,1.293229014978925617e+00,-2.821060239059039354e+00,-2.527478860126342486e+00
1.000000000000000000e+00,3.353237216904684903e+00,-2.327447886237537400e+00,4.338951588644646140e-02,1.847468382711547896e+00,1.550825461839645314e+00,-2.952989684102329537e+00,-8.194174375526739329e-01,-9.732078304077207420e-02,-2.762623808478615217e+00,2.927527810568252509e+00,-2.295683170351003888e+00,1.233135653175960744e-01
1.000000000000000000e+00,-9.105423356468929086e-01,6.177656628305803643e+00,2.169145696812898816e+00,6.356668883312091012e+00,1.083921950781979726e-01,2.474553901764204866e+00,5.314796134235779235e+00,7.028560918070058117e-01,7.031882543745939795e-01,-3.328839029338608313e+00,-1.784331636284905986e+00,-5.510962888193118303e+00
0.000000000000000000e+00,1.871189124897642442e+00,-8.504947315083467574e-01,-9.988645216094755863e-01,-6.069356457279742934e+00,1.677782201884633784e+00,3.499096894729385898e+00,-3.132149219880519198e+00,-5.033791228801841600e-01,-1.286385963613114747e-01,-1.865374698881492321e+00,-1.151736265719928598e+00,5.087177918626466511e-01
1.000000000000000000e+00,1.361229043704308417e+00,1.783133799290442134e+00,-5.387692481528643995e+00,2.456589778140866043e-01,-5.177550181619516856e-01,3.845739931637873976e+00,3.034020490098348066e-01,-1.599405954754885562e+00,7.854169900226106726e-01,-4.090343454642994203e+00,-1.907408693460165505e+00,-4.061137844958782495e+00
0.000000000000000000e+00,1.229561548746612498e+00,-5.646607751652409135e+00,-1.925814890031546600e+00,2.313575787188101529e+00,4.771439551260554524e-01,2.239176429915060496e+00,3.288358042011373605e+00,-4.307797370031419826e-01,-1.308467623976810046e-01,4.850812200071603186e+00,3.668850713407280750e+00,2.622297442207364604e+00
0.000000000000000000e+00,-3.180328997869133367e+00,-2.767219727141309704e+00,-4.832619518226610733e-01,-3.836697852077705306e+00,4.222956164230472709e+00,-2.836594248907059246e+00,-4.114478961824237224e-01,-1.998217211037489838e+00,-2.802187801090168406e+00,3.344159204625487103e+00,-1.168927929406319510e+00,1.169404022745056171e+00
0.000000000000000000e+00,1.148361262527721749e-01,-2.423273421810811179e+00,4.214711050900724620e-01,2.270676940112251074e+00,1.020674988009349526e+00,-1.059687570746670193e-01,2.752739132241768694e+00,-2.450446347913024958e+00,-2.353939198805977462e+00,-1.831402933573017311e+00,-1.685732957046434333e+00,1.465283375671260435e+00
1.000000000000000000e+00,-8.791473664017173117e-01,6.632556171214713636e+00,1.541003223986556980e+00,5.851438829460757773e+00,-8.086755346556981916e-01,1.031426857492154792e+00,3.440213326636998303e+00,8.504589175414175584e-01,-1.245751256273885277e+00,-1.236332202253431767e+00,-2.756579645031951742e+00,-5.060183573665424817e+00
0.000000000000000000e+00,1.447365384107724307e+00,-7.353840376843730375e+00,2.280537498410469599e+00,1.538655670316100732e+00,4.024250845531875953e+00,-6.286734983529862486e-02,3.485261660578590881e+00,-2.246222108026766140e+00,2.373144791010268762e+00,1.687058326816405440e+00,3.789019133405802542e+00,3.465713826903225936e+00
1.000000000000000000e+00,6.686055051286399209e-02,2.302942007024320059e+00,2.220213647760958864e+00,3.473115819605919086e+00,2.280223017878554526e+00,-9.321427282330770892e-01,2.623629758496671904e+00,8.145810618205383546e-01,-2.804617610827043528e+00,-1.054061279803016671e+00,-3.452937516242894578e+00,-3.253091050451189847e+00
0.000000000000000000e+00,1.723796620074420805e+00,1.943649414877288262e+00,1.357619318807139930e+00,4.695796608933281213e+00,1.753946987457815521e+00,-3.433298954674126602e-01,-5.050636818577742826e-01,-2.651706094474963749e-01,-1.860422950349132520e+00,3.648563410946571217e+00,7.892628662628919933e-02,-3.778656328583765323e+00
0.000000000000000000e+00,5.364993822757029296e-01,-7.633186277601416991e-01,2.644130466692202752e+00,-1.522092665129014755e+00,2.425645186142394438e-01,-2.715058372347503024e+00,2.478872539063178948e+00,-1.749524800845141614e+00,4.069838570174260539e+00,5.236137621393652797e-01,-1.767570883549834715e+00,3.995508233894907058e+00
0.000000000000000000e+00,-8.289618457436994658e-01,-2.783128280206066396e+00,1.252104964879310334e+00,-6.301794130562699436e+00,4.111368644500471348e+00,-1.637559873419389245e+00,7.943755387840834015e-02,-2.165450533864920146e+00,3.160796870545539594e+00,3.862407585946458166e+00,-1.444708617865629874e-01,3.309821627051735327e+00
0.000000000000000000e+00,1.398984541196278686e+00,-6.098941086191597138e-01,7.638013160772911814e-01,-3.897145732181560351e+00,1.080080719568721870e+00,3.571518444814592907e+00,-1.823901239097279303e+00,-2.181862416015570183e+00,1.743542162424192021e-01,-2.382761408514474155e+00,-6.015766964727560229e-01,1.600742567140524208e+00
1.000000000000000000e+00,-7.251468782936082436e-01,4.970219334134834632e+00,-1.930172000994442083e+00,-3.107612103317040742e+00,-1.993825309549989155e+00,1.027508261247867649e+00,-1.096349724160397221e+00,-5.896635629089634900e-01,6.456827661578035116e-01,-3.580369027904031665e+00,-4.251632004583452584e+00,-1.546753244690700413e+00
0.000000000000000000e+00,1.009056618331391153e+00,4.663514070190702299e+00,2.605423350199329136e+00,-5.564950604060609152e+00,2.064003635920628632e+00,3.029305800073866628e+00,-1.354438842276884492e+00,1.829883680955797232e-01,8.354121188816474586e-01,3.898695756949878355e+00,-3.068165263900979323e+00,-4.081031043421924354e-01
0.000000000000000000e+00,-8.313998394306139073e-01,1.884375716277320478e+00,-1.792759600808773168e-01,-3.973946516276527952e+00,2.702854392540609219e+00,9.489755179864095558e-01,-2.218389713884524106e+00,-1.698755970498395662e+00,-3.503840120681654957e-01,1.513506864285585785e+00,-1.442443850436863073e+00,-1.541365682147140426e+00
0.000000000000000000e+00,-3.086525516172399231e-01,-9.086562513736730073e-01,9.422675574289437472e-01,-8.729668976980903272e-01,1.948213598202441332e+00,-1.913110544729923479e-02,1.430158802472021984e+00,-1.417572919412731114e+00,5.823928958376920484e-01,7.614516785267048116e-01,-5.552182245971279961e-01,8.621374910009910186e-01
0.000000000000000000e+00,2.801403174774359961e+00,3.158850993958773667e+00,1.085504758576626871e+00,-5.825253932812221258e+00,8.411823450373335787e-01,4.801291637732632012e+00,-1.412238863207463613e+00,-3.109206097466140628e-01,1.298060807784433113e+00,6.073371147524373459e-01,-3.304557641530031287e+00,5.314444041433961097e-01
0.000000000000000000e+00,1.667382500355664376e+00,2.379415011785630085e+00,-5.391075268359455386e-01,2.981275969165573692e+00,-7.288021987964465875e-01,1.769565288507287004e+00,-9.805527257754687032e-02,-3.368783927918517218e-02,-1.389912408079791550e+00,2.567217518510984675e+00,-4.822829026959952747e-01,-2.266269906946667412e+00
1.000000000000000000e+00,-1.315703139330004934e+00,3.923761338395651777e+00,4.956126222980088425e-01,-5.287794526899050496e+00,-4.132666187104692135e-01,-1.606946641128956799e-01,-2.894517038080178573e+00,-8.527942695736068224e-02,-6.775738518849465652e-01,-7.381723329248121024e-01,-3.474048564944502981e+00,8.376768008252488684e-02
1.000000000000000000e+00,3.231338140741021103e+00,-5.944747821227714946e-01,2.955371688466281732e-01,5.267585779071692897e+00,-3.245800503366100820e-01,-4.259598710900085461e-01,7.655792035080341007e-01,-1.049463115546038772e+00,-1.929503873875425324e+00,1.150388370817144068e+00,-9.702250083034912320e-01,-7.224611584099838169e-01
0.000000000000000000e+00,3.054681213432857145e-01,-8.274961449370206168e-01,2.663721923697602634e+00,1.101350873002295283e-01,3.607365862029918713e-01,-1.822991208283468723e+00,1.920713036993812350e+00,-9.679340555742111940e-01,3.707321116146538476e+00,-6.850382815889766164e-02,3.752663169251524433e-01,2.387944261026706094e+00
1.000000000000000000e+00,3.115950624921724810e+00,-5.015330134071372292e+00,-2.200798908887197314e+00,-4.829254963547944257e-01,2.748074028937203650e+00,-1.116927298072242669e+00,1.736126289083770313e+00,-4.278635186184105432e-01,-7.514699386920780100e-01,2.144620078824011955e+00,-1.961774082584385237e+00,1.201016790818094648e+00
1.000000000000000000e+00,-1.740275889628450923e+00,-7.390823700731267154e-01,-2.385752644986553150e+00,-1.014694271182093388e+01,1.641899223430045573e+00,9.923685921537639398e-01,-3.787338671958155878e+00,-1.614237634097023477e+00,1.373443754369438219e+00,-7.355584587937636920e-01,-1.259511882434762642e+00,2.030751041363167531e+00
0.000000000000000000e+00,-1.317027915920680581e+00,5.830230709611969875e-01,-3.030846154535411507e+00,3.169978809103713768e+00,-6.529475557529742513e-01,-7.472296728013072542e-01,-2.061302103471768454e+00,-1.143635257630537749e+00,-2.804732647248511235e+00,1.618466956438167070e+00,1.513047470809048445e+00,-3.039680285251001202e+00
1.000000000000000000e+00,-1.096466662281685434e+00,7.094530944805178541e-01,1.941302285955252227e+00,2.402499553242980035e+00,2.808259153244451189e-01,-1.844961939300254095e+00,3.563456885213771574e-01,3.446790483100994784e+00,-1.548804725771576241e+00,2.211292374469098654e+00,1.406053503748409206e+00,-1.492947751029624293e+00
0.000000000000000000e+00,7.862802466139735547e-01,-1.639830445581172080e+00,3.294174093135119108e+00,-1.294321038236668997e+00,3.199502249671362097e+00,-3.279022141128296042e-01,1.979667101265916385e+00,-2.711939122805382851e+00,3.763059925453867471e+00,1.460534182463453678e+00,3.701445330919648224e-01,2.248727652555754908e+00
0.000000000000000000e+00,1.798730009695485244e+00,1.907186210570160689e+00,5.609825948946342011e-01,-3.526319270453498245e+00,1.886748801877218940e+00,1.437392291821825818e+00,-2.268736695153067195e+00,-1.292081911825079255e-01,-9.957174202573815247e-02,1.377604908311732768e+00,-2.251603040535752775e+00,-1.098241569838308118e+00
1.000000000000000000e+00,8.650289377213822295e-01,4.725333373290082628e-01,5.044530932586233085e-02,-2.784887675460901990e-01,-7.871237593857240977e-01,-3.165768002391810221e+00,-5.294821246882650545e-01,1.216026780468221435e+00,-7.664749951331262245e-03,1.747829785020502458e+00,-1.970129567367634227e+00,6.031865228560258085e-01
0.000000000000000000e+00,2.615770393460050691e-01,3.248769018027117372e+00,9.909698566779200357e-01,7.993102989609911502e-01,-6.903297081389729861e-01,1.772944117049777280e+00,2.382439197935871888e+00,-3.738158557666833914e+00,-1.567323419233009663e+00,-7.780351857165221929e-01,-4.912642538021105842e+00,9.094930029000103389e-01
0.000000000000000000e+00,-1.830223515544167956e+00,-2.080401444396848820e+00,-1.684045135319415021e+00,-8.211354393172598520e-01,6.075433140033437152e-01,-3.752064918694794082e-01,-4.679519343054305835e-02,-7.416386740363011265e-01,1.659582733880066385e+00,4.339890083351326311e+00,3.670336786051462852e+00,7.883531277961681738e-01
1.000000000000000000e+00,-1.794900977531464381e+00,6.976325346057361543e-01,-2.414466069482291033e+00,-3.107440970006918768e+00,-1.094963049279563672e+00,3.054582047448106685e-02,-1.010587448010591416e+00,-4.481510901086814824e-01,4.477528936880771360e-01,-1.373957962336070038e+00,-7.480902672024386524e-01,3.192863151413922740e-01
0.000000000000000000e+00,6.736838578860072646e-01,2.035700827342216801e+00,3.629226572367310055e-01,-1.479419351247633685e+00,8.798147778408100805e-01,-2.594595155104404416e-01,-1.156235835898595132e+00,3.997610881531286076e-01,-1.424237727902480266e+00,1.978701628187481187e+00,-2.562148688363949489e+00,-1.014880386199082274e+00
0.000000000000000000e+00,-3.997919732638457457e+00,4.007160445892543166e+00,-1.560817716514844467e+00,-6.102060775158143713e+00,-5.316939007374479331e-01,-3.281344012592112058e+00,-2.410785693932569362e+00,2.704246970941743822e+00,-1.902208802383738906e+00,-3.339890315892661832e-01,-4.304458676785418270e+00,-1.166669467032222851e+00
1.000000000000000000e+00,6.084496748335167737e+00,-1.533037100985618073e+00,-9.592234195276552189e-01,5.341258557118262473e+00,4.009177888585921945e-01,-1.498169985177687069e+00,4.299862762608307465e-01,-3.903766528392209167e+00,-2.192329552494816092e+00,-1.562687158321895975e-01,-4.523995550873227245e+00,-4.193894205181528667e-01
0.000000000000000000e+00,-1.971391011597432019e+00,-3.077650236215896951e-01,1.078132575395686077e+00,-6.347085844331907367e+00,3.382886526756509138e+00,-3.621109078414206817e+00,-6.385675243383572841e-01,1.043396302674585829e+00,2.983954706454215344e+00,3.524822051175409587e+00,-8.337575067799130046e-01,9.838650310141051625e-01
1.000000000000000000e+00,-2.444388275695488222e+00,3.961385757408715236e+00,-1.310341968553439429e+00,-2.997975162587420139e-01,-1.598257441145627400e+00,-1.729486857038319503e+00,-2.984570262125209705e+00,-2.264919803286229438e+00,3.357797751000719089e+00,-2.345546091506528485e-01,1.524485338872207052e+00,-2.324195495899806119e+00
1.000000000000000000e+00,-1.804492870801859938e+00,5.636112408181098488e+00,1.533898133462974211e+00,-3.079580878904494945e+00,-2.234145604784967709e+00,1.518417583845620422e+00,-2.048330699993256010e-01,-8.574753073778544898e-01,3.126613476339577868e+00,-5.165137994390895937e-01,-1.467492511011379008e+00,6.171013475879456589e-01
1.000000000000000000e+00,6.309569544876664215e-01,-1.459592823896065594e+00,3.080427250613320123e+00,-2.145258730888240262e+00,4.090750639219614015e+00,4.110014227240643692e-02,-1.467209694294130173e+00,4.727897488652072155e+00,1.837997784548367264e+00,4.893778049865802338e+00,4.375933140366895735e+00,-1.583025890659754076e+00
1.000000000000000000e+00,-7.936267936315088978e-01,4.671251687460904023e+00,-1.108040639339241462e+00,-6.177244781952327957e-01,-1.551709260619749564e+00,-6.382103944379602378e-01,2.653969564974145712e-02,-1.061919190375390620e+00,2.698896255221833407e+00,-2.785652543818083249e+00,-2.763418207142144922e+00,-2.120749800140501407e+00
1.000000000000000000e+00,2.459384512363659958e+00,-4.883480192105479567e+00,-5.553696953755311583e-01,-3.211851665485836449e+00,2.366442276417540569e+00,-2.757584098505232006e+00,-2.588577690240755569e+00,1.326332440913323696e+00,8.701485096734207225e-02,3.322649010167505246e+00,7.092278158188678461e-01,1.904361966996465316e+00
1.000000000000000000e+00,-8.297986200048133032e-01,3.409365438831666317e+00,2.611678805445127871e+00,1.209434831965836121e+00,1.507748974193788838e-01,-4.745857222022635824e+00,-7.208945222953206944e-01,3.621756320158128428e+00,-1.608218514906903929e-01,1.937172927374404274e+00,-1.376747086411568954e+00,-2.360205120814625523e+00
0.000000000000000000e+00,6.683723718410821135e-01,4.626540034837581805e-01,2.400321338525864601e+00,1.458953891945810888e+01,-2.136541952645173659e+00,5.894578990296311938e-01,3.499204055831034665e+00,-3.438564157075574723e+00,-6.009228974994997863e+00,-4.221651282874217870e+00,8.626014608473631107e-01,-2.527509400742557588e+00
0.000000000000000000e+00,-2.251831123444326899e+00,-4.261826614266007951e+00,-1.798080926530358781e-01,-6.834358297789771441e+00,5.939414760494504897e+00,-2.831213303609020571e+00,-6.108245343722458198e-01,-3.382227729609723177e+00,3.827164433395224830e-02,3.633717430472243493e+00,-1.157462443770237437e+00,2.596692498599088239e+00
0.000000000000000000e+00,2.513801272256702912e+00,4.164236331936213453e+00,3.006837045208882842e+00,-8.429511921958950105e-02,1.523246619660587386e+00,7.784697940839053754e-01,-1.006858757181370523e+00,-2.338738599139052354e+00,8.687860443806489918e-01,5.847980494347595481e-01,-3.360193488159741726e+00,-1.557825166741916290e+00
0.000000000000000000e+00,1.588484556903813516e+00,2.009712392340425868e+00,6.444345735328831370e-01,1.338669622262857217e+01,-6.951020524168454173e-01,2.072011530157000792e-01,2.530868588890688109e+00,-1.221921670182351205e+00,-5.654942137478309760e+00,-7.826146740028245841e-01,1.361403522109982944e-02,-5.689412391002206526e+00
1.000000000000000000e+00,4.248181511882015648e+00,-2.656206474674878582e+00,-3.062587415284873771e+00,4.682865678083082628e+00,4.731111061066060053e-01,-8.138610556966847653e-01,1.756945922418030603e-01,-3.065106315382389646e+00,-5.298136512300448686e+00,9.642891390911790817e-01,-3.930702869105763941e+00,-6.863793356457766892e-01
0.000000000000000000e+00,-1.322782273163686018e+00,6.921777783864711819e-02,4.953638551332827378e-01,-1.745851483213265221e+00,-5.762133693176041405e-02,-1.941146350761781214e+00,1.137773426380399577e-01,-2.357951958365714695e+00,4.206910015999665298e+00,3.134916293890741557e+00,1.378953534685527060e+00,2.166299033241131600e+00
1.000000000000000000e+00,-5.249733771668439353e+00,7.452766318092330700e+00,5.788312230455943119e-01,-2.328737885616826375e+00,-2.915368822997202791e+00,-1.818146623128104711e+00,-4.916244397526582377e-01,-1.278383309607227680e+00,2.696499120121731430e+00,-1.093481068448745930e+00,-1.875568243582171002e+00,-8.345126236842298484e-01
0.000000000000000000e+00,3.281097538879009345e+00,-7.419763532840912834e-01,-6.704029166452092348e-01,-5.993882243418732436e+00,2.268093928837149331e+00,2.341937045101244230e+00,-4.219521756300822268e+00,3.442014789557741317e-01,1.139594933380566388e+00,4.428184651760820323e-01,-6.028326517714108768e-01,-2.347582588451180285e-01
0.000000000000000000e+00,8.973318923054552920e-01,2.941026541550589624e+00,8.661239787427306158e-01,4.481357258540124566e-01,1.466228602307362294e-01,-1.220742222096749430e+00,-1.070079722968708680e+00,1.479601663220020846e+00,-2.138802834357548477e+00,3.488509859891271159e+00,-2.514240258747501233e+00,-1.650793834667841242e+00
0.000000000000000000e+00,-2.215434788258725529e-01,1.563089743364354245e+00,-3.040302137383570358e-01,-3.641629890011851778e+00,1.232979155744993394e+00,-1.216013651746394864e+00,-2.183784208097960367e+00,-1.386109330723364952e+00,1.200432757780818260e+00,3.650865303415334218e+00,-1.298007030162228848e+00,3.946894406828826973e-03
0.000000000000000000e+00,5.950944183402152587e-01,4.174355371111563850e-01,-1.475927261721502237e+00,-5.835019795280703414e-02,4.141306296329727576e-02,1.774285650718619767e+00,-3.019881542216398707e+00,-4.843374921848345060e+00,-3.730562987760747129e-01,-4.942441125970728599e+00,-3.872495557574598957e-01,-1.181419364910953007e+00
0.000000000000000000e+00,-1.746142836753745708e-01,6.480551426815759353e-01,1.959997369580904758e-01,4.984777042027184635e+00,-3.257857757625650663e-01,5.275810579719736326e-01,-6.994590876656205936e-01,-3.243736890570426024e+00,-1.878888139808849722e+00,-9.663139904379962619e-01,1.405578671588165740e+00,-1.819147660578086967e+00
1.000000000000000000e+00,-7.325337185124838335e-01,2.854675073683286435e+00,-3.259818232672073712e-01,3.315198755152588994e+00,-1.985525017856335728e+00,-6.117203837135831712e-01,-4.938503032606422760e-02,-2.517889730960440886e-01,-6.058009611028289942e-01,-4.523322614790937779e-01,-1.888432714806913548e-01,-1.933653477046284319e+00
0.000000000000000000e+00,5.887882516841134173e-01,2.698784190327930599e+00,2.452203368236370196e+00,3.129660898729311191e-01,4.307095244957840352e-01,3.827301007448385750e+00,1.588740498252044553e+00,3.128822480833259867e-02,-3.235214878863320376e+00,-4.896952432479679818e-01,-2.894557226529395511e+00,-2.439104097244140235e-01
1.000000000000000000e+00,-2.608583621510073947e+00,2.427595729447627804e+00,-4.136335678474654998e+00,-5.094624827474417472e+00,-1.374697546417257277e-01,2.557029340354683100e+00,-1.518654043055837954e+00,-1.671726262072658287e+00,2.014244874272956842e+00,-1.621981310205207638e+00,-4.134791045334571535e-01,-1.750739063822046804e+00
0.000000000000000000e+00,-1.179468563164840500e-01,6.060130696725620325e+00,-2.392555276519396923e-01,2.327395025474956192e-01,-5.390318012583530383e+00,3.163399268526072561e-01,1.900911632432384035e+00,-2.818833135276054058e+00,1.666683827828000730e+00,1.537934196560317490e+00,-4.765337730424934470e+00,2.580284666547485450e+00
0.000000000000000000e+00,-2.769347190730518271e+00,7.323767325090687619e-01,1.313059185670677920e+00,-2.879818042192113126e+00,1.328521742588693932e+00,7.882962505756727634e-01,-1.409664111147816090e+00,-5.482027962022082868e+00,-3.084417200082019139e-01,-2.631307741704906444e+00,-7.145121803204186328e-01,1.550345876669539269e+00
1.000000000000000000e+00,2.285108976273475534e-02,3.044667213245076720e+00,1.155087113324810399e+00,-2.180520025466659462e+00,-5.447287157034481631e-01,5.415592286073115380e-01,-4.232841812001789661e-01,1.632972761261763495e+00,-1.615345133200503103e+00,-1.185391665415677087e-01,-3.287405563163511069e+00,-1.123564279325410808e-01
1.000000000000000000e+00,4.259350841215647776e-01,3.835999645194692498e+00,-1.199625756542223032e+00,6.874077750010858245e-02,-2.302087637442999046e+00,2.270151048858735088e-01,-1.245875384131198249e+00,-1.651542478436971439e-01,5.656394037999008528e-01,-2.302697620013197000e+00,-2.242195923839059191e+00,-1.771910489106689024e+00
0.000000000000000000e+00,-1.863959897385903286e+00,2.130705362545732839e+00,1.243742150018393167e-01,9.514238024252048564e-01,-1.316076970815260871e-01,1.283958068381810147e+00,9.142065486855210921e-01,-2.665535518113009594e+00,6.365623350082663112e-01,2.469838060339594410e+00,8.144694725604297858e-01,-3.582135566267148352e-01
1.000000000000000000e+00,-2.125714089415281283e+00,1.510977341636647209e+00,1.996348393959041623e+00,4.171246494775902036e+00,1.263081271008788198e+00,1.753481640509147788e+00,2.061550055696809380e+00,4.960018048726647422e+00,-1.497766496230802380e+00,3.763754489982539031e+00,4.451722892899780071e+00,-3.998851831360267006e+00
0.000000000000000000e+00,2.168791402953291758e-01,-5.195562537322166108e+00,-1.634456635696164284e-01,-2.996950089590834310e+00,4.691132909521634531e+00,-2.356004376503697539e-01,1.250460880194493418e+00,5.157111356782870804e-01,-5.170766141857336962e-01,1.312591753770946390e+00,4.385633670499522463e-01,1.096892155623976128e+00
0.000000000000000000e+00,-2.794249051589946298e+00,-3.408324216632045101e+00,-1.605034810383347388e+00,-7.089005652575574246e+00,3.883628919315001315e+00,-3.143562266179381393e+00,-1.763776274350836726e+00,1.736324703030044159e+00,8.193199519431233480e-01,3.550257564611317918e+00,1.058146836199752361e+00,8.390705869939624195e-01
1.000000000000000000e+00,3.804457677222405909e-01,2.104408442655885114e+00,1.455727725538632278e+00,5.331114730325728246e+00,-7.311610699994122164e-01,-2.155311077870570635e+00,3.328939830117568777e-01,8.964988132708893165e-01,-3.545631025136620540e+00,5.948314947314152779e-01,-1.535461612807271559e+00,-2.244579321781009718e+00
1.000000000000000000e+00,2.229740831653798327e+00,-1.153743857540756146e+00,-1.606526256937923947e+00,5.413535699735363416e-01,8.396376962777817310e-01,-1.463092438572766829e+00,-1.845196089393156047e+00,5.406683848046009988e-01,-5.276836439471657147e-01,1.777763567815381585e+00,-2.308965163856165903e-01,-1.453745692161269920e+00
1.000000000000000000e+00,-1.184495068134522988e+00,2.012322397749149783e+00,-7.777371094869921508e-01,-1.964670133991006207e+00,-7.439434585692850099e-03,2.705953934665022764e+00,1.548583177986981863e-01,-8.134189671716574033e-01,7.012462270518260432e-01,1.797165609277651122e-01,-1.186556200946914386e-01,-6.374299900225447457e-01
1.000000000000000000e+00,1.336277062217869682e+00,-2.294132267083712484e-01,-1.017187527308509587e-01,-5.914815317379549242e-01,8.563304940749356664e-01,-1.946920638837986051e+00,-9.388336185828844993e-01,1.044722808714378948e+00,7.803655458762541741e-01,7.607045098344379364e-01,-8.119919576908785075e-01,-7.643259194346518903e-01
1.000000000000000000e+00,3.177050478454320093e+00,1.997984587077165308e+00,-1.639248354798816809e-01,4.574258364822362921e+00,-6.932822895847252642e-01,-4.110054833412862818e-01,-2.230344820993179766e-02,-1.150282394359097182e+00,1.754906758902596842e-01,-3.218179565535879139e-01,-1.630222042361966661e+00,-2.592592240013610105e+00
0.000000000000000000e+00,-2.334468501197742629e+00,-1.602013760660714325e+00,1.219051568160341992e-01,-2.912918810104654366e+00,2.615623513533004818e+00,-2.501119685635815770e+00,-2.161677322626649467e-01,-1.300874623204184566e-02,6.595267231435868460e-01,1.826039144968658823e+00,6.216142825446835385e-01,4.518748256045980183e-01
0.000000000000000000e+00,-3.624570570615242016e-01,3.452948768825496284e+00,2.479922050632429542e+00,1.116271380514172629e+00,1.055778630407993246e+00,-1.100382575877986380e+00,-5.680625485381411988e-01,-1.247387380850185412e+00,-1.066747761668508154e+00,2.982546063194749131e+00,-1.694305949512505904e+00,-1.406025586349671341e+00
1.000000000000000000e+00,2.608058042426534939e+00,1.050930886175996282e+00,-1.917038571572491357e-01,4.028905012641542882e+00,1.623611705401410088e+00,9.192750500955084725e-01,1.412607204767937219e+00,-1.157266947661417689e+00,-2.060985557787915035e+00,-2.307245665104173948e-01,-2.630615298568037552e+00,-3.182621351375974239e+00
0.000000000000000000e+00,-1.280741346371374600e+00,-2.958224104988729591e-04,6.492727534728930383e-01,-7.394905575998680369e+00,3.833326359754274382e+00,1.821982353384279385e+00,-3.608887446628644025e+00,-3.027468735097308183e+00,1.145274865693833188e+00,4.948091782497343605e-02,5.104656309526212077e-02,4.547972903110844012e-01
1.000000000000000000e+00,-2.774470163292943603e+00,-6.228098818972139794e-01,-2.353917099843213734e+00,-5.441440711020821830e+00,1.744284836850538589e+00,1.860120533746692839e+00,-4.485982448258138078e+00,-1.892890517173174914e+00,-1.495535369363876210e+00,2.112400594361086625e+00,2.244652130671789703e+00,-3.002801864536671639e-01
0.000000000000000000e+00,-2.080048805331486950e+00,-9.583951052537550419e-01,8.181206592782641618e-01,-3.778343880411676015e+00,2.624248246212804503e+00,-3.329886252189637741e+00,-8.879367461195997180e-03,4.005840497580375192e-01,1.624521666652929852e+00,1.739545754362313179e+00,-4.038102586446153941e-01,8.151900045802129569e-01
1.000000000000000000e+00,1.953760487322793171e+00,-6.596337681113700668e+00,-6.313287924636985515e-01,-3.021415939058297973e+00,1.997799365007190353e+00,-3.108611189314805845e+00,-2.665359732078472987e+00,2.115144593502998660e+00,-1.726116223621415591e+00,4.996702101573736066e+00,1.709359954977278218e+00,3.290543429991415358e+00
0.000000000000000000e+00,1.617276501988001547e+00,-1.101153505804270072e+00,9.793174994707414260e-01,5.272933669255826850e+00,-3.395855940059098188e-01,1.824148674395979386e+00,1.551736654549260130e+00,-9.138798227174083078e-01,-1.788268650975398000e+00,1.382196724731136861e+00,1.755641928463424151e+00,-1.225292393009403957e-01
1.000000000000000000e+00,-8.242581479680141099e-01,2.243830806136921208e+00,-2.011243319023805931e+00,-6.872552339341122973e+00,3.847629774088199284e-01,5.164328033598494905e+00,-1.241626592030586673e+00,-4.015624290128506857e+00,2.472782154859929804e+00,-2.482812705961773503e+00,-1.785552597316362178e+00,7.954081662726488755e-01
0.000000000000000000e+00,2.870227937055126466e-01,3.694533008617094105e-01,-4.700759849887226061e-01,-5.019728179762338094e+00,1.766735721132239867e+00,2.790721178301518890e+00,-2.346508860627356530e+00,-1.921875048810488096e+00,2.900510043798849580e-01,-5.012499183969363337e-01,-8.620405054769397779e-01,2.557458307405269249e-01
1.000000000000000000e+00,-1.493170471576721114e+00,4.741918666853373487e+00,-2.678109196925976931e+00,1.716193350166011766e-01,-4.422424524809638324e-01,3.629399855741722636e+00,1.604252730795994619e+00,-3.515349273149332543e+00,1.389139892725711922e+00,-3.385525551476122441e+00,-2.412182433052868724e+00,-3.420405029273518860e+00
1.000000000000000000e+00,-1.614411359049960470e+00,1.484942463766116605e+00,-1.424551008704268096e+00,-4.415425432812952522e+00,3.873975186372653479e-01,2.372567061721499115e+00,-6.710870670204720501e-01,-7.231305909878300575e-01,-4.616404618364040591e-01,-5.436239652771430730e-01,-1.518423529556255147e+00,4.695402584784735822e-02
0.000000000000000000e+00,-8.217547780382739031e-01,3.076493533494482513e+00,2.123025213702846248e+00,-1.105308152208773542e+00,1.068140101654240670e+00,-2.757165235359649857e-01,1.271011206002476523e+00,-1.659560921495440322e+00,-8.228743006997052412e-02,-8.844913439848933745e-01,-3.743610239603046175e+00,-1.439424840387857341e-01
1.000000000000000000e+00,-3.688714644122517150e+00,4.732996606932990069e+00,6.093236135262270814e+00,-1.063925332476796104e+00,3.034137765928276220e+00,-1.871375635686134409e-01,1.045125427188551503e+00,5.528345259435880621e+00,-2.492751530938359661e-01,7.727586528968209967e-01,7.866999705001256338e-01,-3.457849392050351245e+00
1.000000000000000000e+00,-1.223059832995457175e+00,3.205908320149380764e+00,-3.346124553595940521e-01,-6.726025371412817089e-01,-3.644563955493621554e-01,-1.992927503441196180e+00,-1.101115985298957156e+00,-7.312537173647370992e-01,2.724234170641912645e-01,-1.251981568151522506e+00,-2.381416254180581227e+00,-1.727275446560826655e+00
1.000000000000000000e+00,3.392582364676449913e+00,-7.137882644220440165e-01,-1.351451305394968383e-01,3.717075270268219267e+00,4.788744591626329372e-01,-1.592336019777824907e+00,-2.034934898473188536e-01,-1.160846844289107338e+00,-1.020608092898570352e+00,-8.545663884434673285e-02,-1.746332309120721682e+00,-1.229538806173520182e+00
0.000000000000000000e+00,-4.517462632145378132e-01,1.452524776897798464e+00,-1.367804361762595455e+00,-5.492930519960284030e-01,-2.337241818380369818e+00,3.750327729981366431e-01,9.286874608224037209e-01,1.579333366257499094e+00,4.047784598300053993e+00,3.734668050137941897e+00,2.127559797514143813e+00,4.647487819375279994e-01
0.000000000000000000e+00,-6.506305539903716184e-01,1.826928954657740078e+00,3.195288606599825609e+00,6.012176147151797601e+00,9.740447776645443367e-01,-2.356770869363407517e+00,7.467220890186416771e-01,-2.210519667003256750e+00,-3.665726161240860037e+00,-8.467092674234120153e-01,-1.522759791028159615e+00,-1.997563219375345422e+00
0.000000000000000000e+00,-1.263888293537627661e+00,1.379354163899144226e+00,2.209342575120591512e+00,1.552723826541213548e+00,1.592658943893880519e+00,6.451491939393814157e-01,1.161091065244911569e+00,-1.575385911179888243e+00,-2.219399501702173261e+00,2.000400648010704607e+00,-5.968611476508645097e-01,-5.190166128171305182e-01
1.000000000000000000e+00,-1.220482653324469480e+00,2.351520050423754338e+00,-9.685945249719067895e-01,-1.597940340033835449e-01,-2.716409171754335716e+00,-1.089465414777207375e+00,-3.021061506908322425e+00,-5.173705785516158340e-01,2.260438759328687208e+00,3.629655565704927866e-01,2.177627326131800878e+00,-5.776078037741626536e-01
0.000000000000000000e+00,-1.845996271641728859e-01,-2.508633373201978323e+00,-5.994601264056527157e-01,-3.316717899463677899e+00,1.773964834118657574e+00,-1.372019257693873229e+00,7.760971325832399792e-01,8.902732465352460878e-01,1.132348699155473648e+00,2.366451358439871644e+00,-2.917950852677851925e-01,1.726215578084049351e+00
0.000000000000000000e+00,-7.208427900737166549e-01,7.300830274377456686e-01,-9.592589600900147673e-01,7.497158590906938258e-02,5.132863616353015024e-01,1.807973697785246969e+00,1.390517911840912335e+00,9.998224105369921677e-01,-3.815613292596529149e-01,2.456892092318228471e+00,4.974987390321818914e-01,-1.198335745515680451e+00
1.000000000000000000e+00,5.241846629416082592e-01,1.529343427818282253e+00,-1.364369239723492111e+00,2.346420848135425175e+00,-1.406663094976891903e+00,1.864083166213397647e+00,-1.010735058130072250e-01,-1.609309751938036825e+00,7.148640441419096270e-01,-9.526727848333134130e-01,7.519077420387518806e-01,-1.559945669851915184e+00
0.000000000000000000e+00,6.941140347033232239e-01,4.427311365938459420e-01,2.363703504887682438e+00,2.095391098336878422e+00,-1.426426583892732136e+00,-1.137541306348320846e+00,2.397521973754424440e+00,1.255333859265165941e+00,5.446667466678571046e+00,4.546741763869394104e-01,2.355732990506825164e+00,1.116709337121856827e+00
1.000000000000000000e+00,-2.127458692452805167e+00,-1.722094742453606830e+00,-4.350865445085074334e+00,-4.518299747238314623e+00,5.118859994755626808e-01,3.505794090865019808e-01,-8.885599992562362992e-01,1.512140452642345423e-01,-1.144738226733927444e+00,-1.262520496188265229e+00,-7.641698558833773802e-01,3.002523737945006488e-02
1.000000000000000000e+00,2.989404816317274838e-01,3.225221377259944067e+00,1.335269630456757506e+00,2.024702343524021231e+00,-2.110726577534415060e+00,-2.740177384442503694e+00,-1.957462750464725953e+00,1.249335123266941849e+00,-1.436644860950638591e+00,1.331985647229003034e+00,-1.351782044829128893e+00,-9.519714134285330864e-01
0.000000000000000000e+00,2.011384233534804444e+00,3.885603895502157679e-01,1.232290531838777126e+00,-2.070453145717213506e+00,1.856155102423761249e+00,-6.538057363919942411e-01,-1.961937358362571437e+00,3.202833249490921741e-01,4.352923820713703318e-01,2.997941658733202175e+00,-9.728106647342925628e-01,-2.449594030676011114e-01
0.000000000000000000e+00,-2.043817464967082831e+00,-3.067541180601291995e+00,2.069697730415952508e-01,8.951143237621469240e+00,6.240664040763792553e-01,-1.209033436359084668e+00,1.179075982283585677e+00,-5.313929027723867549e+00,-4.346297237966134652e+00,-3.669085508199817269e+00,2.868850309005144705e+00,-1.277923421607298771e+00
0.000000000000000000e+00,2.012700461726564249e-01,-3.622843550532850454e+00,3.197770187030769762e+00,3.353127175324155385e-02,2.270555634106333542e+00,-1.858984786775172537e+00,2.168768166081787907e+00,-3.462686787260240262e+00,1.678476061757787852e+00,-1.267251565230507637e+00,-6.755668835431882790e-02,3.808640454761346383e+00
1.000000000000000000e+00,-1.046849294860225710e+00,1.216546990240384263e+00,-4.295681533408561847e+00,-6.038670809961351083e+00,1.032964495071092781e+00,8.658742120769858941e-01,1.188031527929071185e+00,-1.649261914410105501e+00,4.399669154105526836e+00,-4.335720892070980881e+00,-3.604666116688731048e+00,-1.072006632568666351e+00
1.000000000000000000e+00,-1.048171710142733914e+00,-1.157250387208921039e+00,1.014426172712948437e+00,-1.306881754384110250e+00,1.359488550441249055e+00,3.568180366105848655e-01,2.975187582480270265e+00,2.168680469890663876e+00,-8.077202943110972644e-02,1.070638757719509560e+00,-2.748962029459717238e-01,1.090749647901392727e+00
1.000000000000000000e+00,-1.437035175427029632e+00,2.638650017261930270e+00,-1.424485253527503659e+00,-3.436919440174630580e+00,-1.596491049295172271e+00,1.716453721960110368e+00,-1.633629463262933790e+00,8.117823014479264021e-01,1.410174755885611919e+00,3.212618038719290414e-01,3.851939561985251448e-01,-3.582043333442384014e-01
1.000000000000000000e+00,2.314673905855946234e+00,4.697642151329057270e-01,-8.085864696675093555e-01,3.309211559096671085e+00,-7.042605044042971052e-01,-3.449834939601581496e-01,1.166806428862182221e+00,-1.320531285077399808e+00,-1.465921291428328166e-01,-1.044712014331252270e+00,-2.054280522729269087e+00,-9.584675706034697651e-01
1.000000000000000000e+00,-1.433575767325635519e-01,2.173035340863962883e+00,-1.646000321370386654e-01,3.709585274581344905e+00,-1.746393294821598108e+00,2.128311678104162219e+00,9.330356397397139290e-01,4.325633605825489614e-01,-3.602585143094132469e-01,1.087295501547087095e+00,1.634662755011099922e+00,-1.767020464757849796e+00
1.000000000000000000e+00,2.667679855037255798e+00,1.037735434257772704e+00,1.301989374354845630e+00,2.712466215299669248e+00,-2.809958275467774325e-01,-4.021463244997205422e+00,7.977633980022439397e-01,2.782286092144995449e-01,1.626706741560728364e-01,1.667200620394364563e+00,-3.446218009312863373e+00,-1.465996454035581875e-01
0.000000000000000000e+00,-1.415085809223734170e+00,2.210383695310001340e+00,1.027516096503018783e+00,-1.956119632606501402e-01,1.095679110700922054e+00,-3.145604884896871845e+00,-2.229261731355500320e+00,-2.157186728785809748e+00,-1.610176104245293338e+00,8.576747817724335032e-01,-2.033613711304832261e+00,-1.170238286503672676e+00
1.000000000000000000e+00,-6.894776431021472085e-01,3.016662884636577946e+00,9.744372529777778347e-02,-3.854479993748908040e+00,-2.791673622033451485e-01,-2.205312221319781774e-01,-8.424317222856565479e-01,1.263397202343589765e+00,3.924857888225741220e-02,-6.761817577973427973e-01,-3.237049387631313557e+00,-2.957964992084960443e-01
1.000000000000000000e+00,-1.773847319337132911e+00,4.288527020704503201e+00,-5.734042477322791598e-01,-6.372107403924258673e-01,1.827082152204893006e-01,-1.922107208454644223e-01,-8.090950333940073458e-01,-1.231660397855127709e-01,-5.094163869352639207e-01,-1.782627755735977093e-01,-1.978701943971558963e+00,-3.126412027565071750e+00
0.000000000000000000e+00,2.662691758536011921e+00,2.110513880188499503e+00,2.454218499879364579e+00,-1.342448452993693309e+01,4.312795479496845275e+00,3.468563906379575901e+00,-5.124192261077406663e+00,2.688936145065947692e-01,2.584561916570351059e+00,2.621417552274362128e-01,-4.142832547644285768e+00,1.438634456815572005e+00
1.000000000000000000e+00,-7.703148619707489431e-02,-6.859109652791729461e-01,3.603287239063945435e+00,4.648686434191849903e-01,3.985812032928051973e+00,-2.918454949489017736e-01,3.701333852420849002e+00,2.285307769717266346e+00,-6.858256776565808677e-01,8.640885296538660665e-01,-1.197237212520050109e+00,-6.989158150395552438e-01
0.000000000000000000e+00,1.065137513816013737e+00,2.556180460318597802e+00,-6.769489435312372461e-01,-2.818911008259190165e+00,8.218899011105315067e-01,-7.649146854522494987e-01,-3.025517376099907896e+00,1.786116145286247292e-01,4.821027522791396791e-01,3.731011882691976922e+00,-1.639013398374311592e+00,-1.606692339590942264e+00
1.000000000000000000e+00,1.145071008230834853e+00,5.146471134013105297e-01,2.052900144141107663e-01,4.089008508032498379e-01,-6.990370324603232266e-01,-3.784268701140269364e+00,-1.408108876987078206e+00,1.839578988797403003e+00,1.648447018489333393e+00,1.679023526067924266e-01,-5.049446275207839507e-01,-7.062625293579364305e-01
1.000000000000000000e+00,-1.247545753793006584e+00,1.897906044675126580e+00,5.340630291449035560e-01,-5.201958590875395139e+00,5.888528175385470131e-01,1.473164357128025514e+00,-4.185608181861459443e+00,-1.319857302859507975e+00,1.852426164838685274e-01,1.828520464227267439e+00,6.210424446251685549e-01,5.142956321456901847e-01
0.000000000000000000e+00,1.237898293615736556e+00,1.330712667643658920e+00,2.157016067810784143e+00,7.050248913740441381e+00,3.172617245307832734e-01,6.108328597882972666e-01,1.137158151424748187e+00,-2.182285349037032418e+00,-2.775587911724707091e+00,-5.373201761409096555e-01,-1.187320267025701037e-01,-2.309340856304532785e+00
1.000000000000000000e+00,1.041642834840516674e+00,2.524342878420245739e+00,1.920033604835544416e+00,6.323616880655523076e+00,4.213212115365468913e-01,-1.353586863191940992e+00,5.214588432940163720e+00,-2.869558340358535631e-01,-1.318602194333976740e+00,-1.456287761423167737e+00,-4.316504826207065548e+00,-2.266962090659442985e+00
1.000000000000000000e+00,2.335274917471352296e+00,1.527386822141187706e+00,1.017609299193666716e+00,5.691359111472365839e+00,4.199924124303719974e-01,-2.130836701902183439e+00,8.424855215580594470e-01,-2.410143167399276809e-01,-1.372088656179165866e+00,-5.234742447056228709e-01,-2.149870272590439058e+00,-3.048106907273890442e+00
0.000000000000000000e+00,-1.957413096139473119e+00,8.533175176473470902e-01,7.714236809877639267e-01,-3.111412707900018670e+00,1.044603152410523483e+00,-2.626290095529226321e+00,1.039537759351137902e-01,-1.219229326021704640e+00,-4.502781457145688115e-02,-9.618229890914131719e-01,-3.119643188080955198e+00,1.128602603415126637e+00
0.000000000000000000e+00,-1.857265670095437304e+00,2.184868739670555282e+00,1.361116257330445389e+00,8.132525125071383698e+00,-1.598503918921783118e-01,-3.146609267974145752e+00,6.378614718103330361e-01,-3.488800857083715012e+00,-3.791343558414333792e+00,-5.442489507161640816e-01,-5.154074544123052881e-01,-2.968169691528616205e+00
1.000000000000000000e+00,-1.943554076637867833e-01,-1.321811457994777284e+00,2.721954873966022426e+00,-6.571378108370411475e-01,-1.626690655906952720e-01,-2.743352376425380434e+00,1.071437075596924915e+00,1.792043190859442081e+00,-1.340014902185036938e+00,1.533534801458960706e+00,-1.325801063047508110e+00,3.231921862257614464e+00
0.000000000000000000e+00,-9.734353010351771696e-01,-2.212591608351231198e-01,2.045141195066295658e+00,-2.855768157366727067e+00,1.337345894536633661e+00,-1.602305515752786569e+00,6.384980480559507843e-01,-3.228809433291547348e-01,4.206173067535106114e+00,2.995111657358471291e+00,1.218676889380196027e+00,2.000497548929304870e+00
0.000000000000000000e+00,3.246350806281254053e-01,1.971894302168113233e+00,2.274293226511687749e+00,-1.107326301999060902e+01,4.162472713009641723e+00,1.576405201303889392e+00,-3.346768936128255323e+00,7.303836627660960090e-01,1.908382645044119030e+00,4.307497917742749038e+00,-2.624332933728774186e+00,1.341512136303760538e+00
0.000000000000000000e+00,-3.431728655809584527e+00,5.246094711968011026e+00,-1.943303909417302577e+00,-2.700049348673570382e+00,-2.254029696331391719e+00,-1.414854590575620241e+00,-1.650951935676668647e+00,-1.920819795538633468e+00,1.403809644372810084e+00,3.962308784462304612e+00,-1.387407775595663750e+00,-4.325003045339614882e-01
0.000000000000000000e+00,5.670257216986011706e+00,9.842215238195933802e-01,1.732516411000479817e+00,-1.121154303624943260e+01,3.323257196527716673e+00,5.183400042455752477e+00,-4.709917933357319342e+00,2.890820545650007123e+00,1.952557665099454720e+00,5.688582540765387829e-01,-3.354260829322572857e+00,8.011453427913972636e-01
1.000000000000000000e+00,-2.058317707093949345e+00,-7.096129447407802937e-01,-3.033604400720757432e+00,-1.076722035628874785e+01,3.000266511627248889e+00,2.371844278019975327e+00,-2.019479970551557813e+00,-1.099193636743373892e+00,2.864266111643256618e+00,-1.339582498023597079e-01,-8.633992199305838833e-01,9.430427621358430379e-01
0.000000000000000000e+00,-1.181971000190842780e+00,8.298562564840922917e+00,2.028840290284191994e+00,-3.930928307742214134e+00,-3.117366911320047507e-01,1.014816761827201042e+00,3.667060698133036700e-01,-4.219505307029360885e+00,1.898841982990832511e+00,3.406231305700854417e+00,-6.137382925629906616e+00,2.739195241483898258e-01
1.000000000000000000e+00,-1.081505916260290467e+00,2.971759354491003258e+00,1.264983043110519123e-01,1.930085371166775088e-01,-1.352214277547183929e+00,-1.536235687058992827e+00,-5.155315159336250064e-01,5.009440222933689846e-01,2.177928461031685137e-01,-3.974610840642871512e-01,-1.347513078373221873e+00,-1.053925858229433965e+00
0.000000000000000000e+00,7.203167668818775127e-01,-1.301841325766943669e+00,1.502680306118733933e+00,2.976268475661945967e+00,-1.041456791133610338e-01,3.694792439468396195e-01,-5.480811369621760853e-01,-5.775455512882493814e+00,-4.431975792479597720e-01,-4.854455587444075348e+00,1.456229634612524748e-01,1.381853654491343342e+00
0.000000000000000000e+00,5.030552789956765913e-02,1.971018574522133138e+00,-4.914186632895811702e-01,6.149431654754580201e+00,-3.525327962853734842e-01,-1.126885442664839587e+00,-9.810637191309834471e-02,-3.220408725391425975e+00,-1.287615036100639099e+00,8.014260092539431390e-01,2.017739979101027537e-01,-3.090793218618433258e+00
0.000000000000000000e+00,2.139450929121156086e-02,-3.999009871803567151e+00,3.028398199346441722e+00,2.284771848832877872e+00,1.554342446638009134e+00,-3.021811524839333352e+00,3.142885136812001434e+00,-1.246957776028912335e+00,5.166685684668681500e-01,-2.454527033081799203e+00,2.058773290030524450e-02,2.922428422973888384e+00
1.000000000000000000e+00,4.413724525487897621e-01,1.546055440280940996e+00,1.525872144238203720e+00,4.221099932828184187e+00,-1.159151443444329299e+00,-3.133569367414429596e+00,-1.122249597362080742e+00,1.888046678074709162e+00,-1.151568120354050651e-01,-7.844136652775701712e-02,1.039793978011168019e+00,-2.173071701322017102e+00
1.000000000000000000e+00,-1.175305786762837812e+00,3.399766485279597461e+00,-2.856495621203324342e-01,-7.129172177611222239e+00,-3.949935764580512210e-01,8.065549082158735006e-01,-1.834748853188692186e+00,3.816940240656383487e-01,1.335575136579666422e-01,-1.615247835127936238e+00,-4.299925986690919189e+00,8.794664797001274792e-01
0.000000000000000000e+00,-3.231236543414636397e+00,1.249612658476698529e-01,-2.459396658490041965e+00,-3.873384716697632513e+00,1.134401130018815040e+00,-1.481189191892618773e+00,-1.548737394426924485e+00,7.822043452456914903e-01,-1.634540944064554413e+00,1.451779432175582807e+00,-5.843989303712430194e-01,-9.006603617347312962e-01
0.000000000000000000e+00,2.507350260346286497e+00,2.496502283101324604e+00,-9.303221632679181674e-01,-5.755433753621681525e+00,1.594196981296122528e+00,3.591215721358891777e+00,-3.372166961098450155e+00,-3.120544332723093062e-01,1.317942452960891409e+00,1.421811798425661522e+00,-1.941350235698099613e+00,-1.422744743545998558e+00
1.000000000000000000e+00,3.190322343193610077e-01,1.177942157374022303e+00,2.933647688111155727e+00,3.843609241614700078e+00,7.964836925864033912e-01,-2.497908844174915988e+00,1.495237165155703041e+00,1.366207611561055080e+00,-2.200802034345611169e+00,2.067907112171480932e-01,-1.724799390741403649e+00,-1.345427791270403350e+00
1.000000000000000000e+00,1.007725872087696484e+00,-7.531118104520099221e-01,-3.313979577470670179e+00,-4.124380371487737840e+00,-6.158633776523272374e-01,3.514105809110625867e+00,-3.359521972240017806e+00,2.465542706874921386e-01,-1.209856500222853626e+00,-4.511448548496711508e-01,3.731224020773478145e-01,2.979285468081216415e-02
0.000000000000000000e+00,2.226992092432504844e-01,9.571366930956537455e-01,-8.297738123691495993e-01,1.114419170463395670e+00,1.186050535972638986e+00,7.364489917363070681e-02,-2.382870140965149375e+00,-5.243257393739264138e+00,1.045699549977081144e+00,-8.867357300472444859e-01,4.851908980912431613e-01,-1.931580735115134173e+00
0.000000000000000000e+00,-1.150099428348828612e+00,-2.821780793656284203e+00,-4.670545792826381604e-01,-3.242738645574156475e+00,2.125306215988548963e+00,-2.037108948230708982e+00,1.078142872549846532e-01,1.277935631923721171e-01,9.322455050338053217e-01,1.377700641689082461e+00,3.545453736314398974e-01,1.529143361603867657e+00
1.000000000000000000e+00,2.124267905459019889e+00,3.181540577662619551e+00,1.829292262206432929e+00,8.134679323841812248e+00,-1.250085235643022319e+00,-1.390919491610732139e+00,2.339007750188130785e+00,-1.516309384187586318e-01,-2.354534079023287596e+00,9.391307718709813734e-01,-2.435364935542064568e+00,-2.713000998620705317e+00
0.000000000000000000e+00,3.400723736911336115e+00,3.056487554347638635e+00,1.712593558631096968e+00,5.517332938859260238e+00,-1.276059163124172002e+00,-1.358488738822072328e-01,4.342898245882380603e-01,1.716981156438351697e+00,-2.472146956629502235e+00,3.093277956831792075e+00,-1.958330469124838213e+00,-2.240038323127587994e+00
1.000000000000000000e+00,-1.487097279335779287e+00,-3.831970975062281681e+00,1.850688941594941905e+00,-1.785879899762118139e+00,2.434841896794110561e+00,-3.330468534117306811e-01,4.874136995869895017e+00,1.984548390899470327e+00,-2.732962149710985500e+00,1.619568542606748984e+00,-1.740651670232024273e+00,3.696208514557317137e+00
1.000000000000000000e+00,-1.650919154119060428e-01,2.638032339107779567e+00,-1.064159245161044876e+00,-2.255159611908331474e+00,-1.438457924256392850e+00,4.589781702588221712e+00,4.331266006356073728e-01,-2.286672043106968921e+00,1.498819707118917322e+00,-1.949108504256937602e+00,-1.069409421884464972e+00,4.225850915607252123e-01
1.000000000000000000e+00,3.024300246656053126e-01,-1.718882647200037361e+00,-1.276430906446631708e+00,-1.226380719800308050e+00,-3.710312272578124571e-01,4.357085560170507188e-01,-3.117548911671857326e+00,2.148625159038126231e+00,-5.019051124254350071e+00,1.574578566296310544e+00,3.662347901488249846e-01,3.185567163402944768e-01
1.000000000000000000e+00,2.903372994749586766e-02,4.153923533449503935e+00,-1.658136952495668170e+00,-2.343595960336618267e-01,-1.983212193771962450e+00,3.424610694437201897e+00,-1.958798902558737121e-01,-6.366506678851830969e-01,-6.769156436433914070e-01,-2.199190979794884981e+00,-2.253325101070757341e+00,-1.957737589472825945e+00
1.000000000000000000e+00,1.873530866261482242e+00,4.156751712512249952e+00,7.469229622222597342e-01,-6.057320040104809955e-01,5.725496037099730984e-02,-4.073471553644290033e-01,3.772382078051008669e-01,-3.501693494194025869e-01,1.926794111858942893e+00,-2.578612558179878889e+00,-4.663371757766808123e+00,-2.001646989649305652e+00
1.000000000000000000e+00,8.795171467271872823e-01,6.392407619904175720e-01,1.493741102719194247e+00,3.380728224609316435e+00,1.098588406902634818e+00,6.202392265748351008e-01,2.225466846429321244e+00,7.260124609182226907e-01,-2.081729854036441729e+00,1.286334981445418357e+00,-9.717617750250429065e-01,-1.441090282654097887e+00
1.000000000000000000e+00,-2.284066177475227555e+00,2.706544863717455396e+00,-2.616913092260756191e+00,1.669916031816707003e+00,-1.329346883021618630e+00,4.872586282258225765e+00,1.700275531088657477e-01,-6.185040501542070857e+00,2.944498019059279326e+00,-1.326206869223630402e+00,3.129709449779519481e+00,-1.779668660856438489e+00
0.000000000000000000e+00,1.383094951024212982e-01,8.781901870013842926e-01,-9.359876192899132530e-01,-1.077492013846188890e+01,2.279578331712152739e+00,-2.007773303115509833e-01,-5.711677205961277259e+00,-1.492144730182723755e+00,2.829144311604583795e+00,2.033022140095167352e+00,-1.803039139468920471e+00,1.405804448434495146e+00
0.000000000000000000e+00,1.168844131231610239e+00,4.105351022199624111e+00,2.916220983455013460e+00,-5.066515353592187410e+00,1.338400247388281672e+00,2.936554631915163860e+00,-1.341372123107605674e+00,-1.351446904826166806e-01,-5.570434387374141316e-01,4.844323468901957641e-01,-4.159629963899995175e+00,3.101375787470330714e-01
0.000000000000000000e+00,-2.119277135786108879e+00,2.942077494188671594e+00,1.259383287803218066e+00,-5.466267975054766914e+00,1.198329953623360700e+00,-2.459700207117549553e+00,-4.652622192685287317e-01,2.215305136999807800e+00,2.841886276544568268e+00,2.060221756937068882e+00,-1.847011155932538617e+00,-1.193699081658883276e-01
0.000000000000000000e+00,-2.248737570987826562e-01,1.256570439995788657e+00,-2.005810983027291439e+00,4.735427160832779592e+00,-4.249965831176969466e-01,5.410428593343605819e-01,-5.899386207530176174e-01,-1.036200264777265900e+00,-2.953194162255955213e+00,1.165739096995366264e+00,7.965661992371499966e-01,-3.542567173916766787e+00
0.000000000000000000e+00,1.509190595315648142e-01,-2.087550234399984106e+00,-9.038439363542503102e-01,3.235717609934662953e-01,-4.961905584020818161e-01,-2.677089754802097765e-02,1.312584403641398278e+00,-6.377018048428351182e-01,7.450897220091041717e-01,1.216605216784915511e+00,9.061846988841326667e-01,1.846166619576798507e+00
1.000000000000000000e+00,2.052524306786360775e-01,-1.992619376268292886e+00,1.984145096802620856e+00,-2.426673219102132517e+00,1.230274439901912986e+00,-3.240795016682568974e+00,-4.818442703835235097e-01,3.613386548126416020e+00,1.346164370627474849e+00,3.898726186721224174e+00,1.195299688766168877e+00,1.821583682789664316e+00
1.000000000000000000e+00,1.130827639153118014e-01,1.424230888205729961e+00,-2.103699257877048368e+00,-1.490629482995158073e+00,-3.718453752040128402e-01,5.067839158684533274e+00,-2.486800660095984661e+00,-4.832264727222897349e+00,1.574012869345203791e-01,-1.396540763857015977e+00,8.738988648870680276e-01,-6.860759057068097633e-01
0.000000000000000000e+00,-2.042326658368311953e+00,4.414077712699001066e-01,2.047723473476885658e+00,-2.958057809702470120e+00,3.356180795250944815e+00,4.258472829636561485e-02,-2.183135493679989825e+00,-4.430530002052316618e+00,3.718009029455873193e-01,-1.824962653118507028e-01,3.431004305384841579e-01,9.718010126189646769e-02
1.000000000000000000e+00,1.132009365157551128e+00,-7.168126369622018768e-01,4.272820236198071608e-01,1.253418821568024866e+00,1.030765217492198182e+00,-2.277809292767447147e+00,-1.012314125822036726e+00,1.256869822779143719e+00,-1.325576627682770958e+00,1.090932140015171914e+00,-3.858371435437033536e-01,-1.135320233235781462e+00
1.000000000000000000e+00,-3.460510641561044931e+00,2.842917222232828056e+00,1.356816940725345422e+00,-9.394183818851642442e-01,-2.341755872082452949e+00,-8.591400917118976466e-01,-3.366648716704737421e+00,-8.322544436138594737e-01,1.806951675536146329e+00,3.337476144767930641e+00,4.189015867390729397e+00,7.989957645215091109e-01
0.000000000000000000e+00,2.157303774522633333e+00,-1.963777808843703010e-01,5.296761463381574053e-01,-6.020057592135162672e+00,2.607407640144383087e+00,1.550794368007051727e+00,-3.739287205167643346e+00,-3.758451627718930599e-01,6.439297732874982305e-01,-3.063653732014011144e-01,-1.406770277482303655e+00,1.760623089478543513e-01
1.000000000000000000e+00,3.338238946513747418e-01,1.118723897112928467e-01,-2.254999931328938167e+00,-5.620721371572988900e+00,4.966925449195918052e-01,3.959939255577491490e-01,-2.958426946296436988e+00,-1.096115261863855883e-01,-1.880176246162686304e+00,-2.108042348969751068e+00,-3.524426877339688069e+00,2.728201199050963588e-01
0.000000000000000000e+00,2.455297574348932699e+00,2.299577628490747649e+00,1.046271274481286095e+00,-4.683399104603968688e+00,1.374821678856365637e+00,3.616764266179988141e+00,-1.378740455508434826e+00,2.200573792908651072e+00,-9.939528878895340647e-01,2.312514310563547504e+00,-2.794708709520667078e+00,-3.801629691310741688e-01
0.000000000000000000e+00,1.136152170570500219e-01,4.022076689639105140e+00,1.715583915279593752e+00,7.620166882983034906e-01,1.067653157737945113e+00,-9.882548220792344296e-01,-7.234674035944588244e-01,1.622079555043149046e+00,-4.057019976637196379e+00,2.198550580248620712e+00,-3.878025907016287910e+00,-2.815658857369360391e+00
0.000000000000000000e+00,-2.104762484097632003e-01,-1.556515032978226687e+00,1.849457885155106007e+00,-1.370153433515980401e+00,1.975198427349600383e+00,-6.700617839618026039e-01,1.458045239071882104e+00,-7.076223193045751980e-01,2.125416723856847767e+00,1.995109954970583743e+00,7.100031116124521091e-01,1.834002526287155543e+00
1.000000000000000000e+00,-7.969667086890772634e-01,1.694500123869160157e+00,2.144977020294394521e+00,-2.499958237083643176e-01,8.564712560549192499e-01,-1.877985867216441340e+00,1.796524092307649756e-01,2.052430852436994968e+00,-3.654314771408166962e-01,-1.228169059694903531e-01,-1.234044554389732706e+00,-1.027523505365214751e+00
1.000000000000000000e+00,-1.083408895895840107e+00,4.076889668819917212e+00,1.208915019097017929e+00,4.074397101478177241e+00,-3.390512122378270377e+00,2.272786074309514071e-01,-2.827749376119236935e+00,-2.505629977088478899e+00,3.441759859090544049e-01,1.101749210680055491e+00,2.910871002402890095e+00,-1.130833474238837733e+00
1.000000000000000000e+00,1.361884676060538979e+00,-9.902155157567904542e-01,1.297908274988411215e+00,9.557240683139914261e-02,2.884599107460580569e+00,-2.107735906869675269e+00,-1.202600880113777748e-01,1.846008987697451698e+00,3.180655787885979802e-01,1.139217484126425983e+00,-3.453309630513152761e-01,-1.599891943409075701e+00
1.000000000000000000e+00,1.064831990944263840e-01,4.725673639730243458e+00,-3.924928395191515484e+00,1.542516160392935154e+00,-9.804860264281283211e-01,3.949539873077125396e+00,2.968887989263985450e+00,-2.857694333931769748e+00,4.082521742141893561e+00,-4.542559608932689841e+00,-2.206567462729862150e+00,-4.553393642629023574e+00
0.000000000000000000e+00,-1.297973338823605216e+00,-1.283434082120893382e+00,8.796920672564327859e-01,-3.450410784238506334e+00,3.174508430028211148e+00,-1.972623629175732196e+00,2.227428278377882043e-01,9.884224242358559120e-01,1.431029539636002657e+00,2.462532426084613313e+00,2.242272512642291549e-01,3.099294727272912109e-01
0.000000000000000000e+00,-2.535871077379724170e+00,2.664609634627745027e+00,-1.961745782754618084e+00,-1.493538676892198991e+00,-1.131087002036596623e+00,-2.265639008813411515e-01,-3.468722321703077149e-01,-1.587662612969408249e+00,-1.724854844207712734e-01,3.059620606046505653e+00,-9.388151165894291772e-01,-1.667661260391373190e-01
0.000000000000000000e+00,-1.179172855031912492e+00,4.215778224354253645e+00,1.319712721259643784e+00,7.937433993266822252e-02,-6.190616082253035390e-01,-2.717729138073837758e-01,1.716974729832408286e+00,-2.022801475747280975e+00,2.138378324777523432e-02,2.915335792489492928e-01,-3.758975171014627303e+00,-1.788404698678136562e-02
0.000000000000000000e+00,-2.938326942691079857e+00,-1.086732340383942841e+00,1.158185275132185499e+00,-6.204926607898189950e+00,3.621231040369808696e+00,-3.820470241492337493e+00,-1.419820643129583893e+00,2.050179037902507773e+00,1.834928918531273823e+00,5.435729324662725848e-01,7.492037106995086404e-02,1.998694765173045784e-01
1.000000000000000000e+00,1.114717884798982261e+00,-2.701547125483993117e+00,-9.985212972641621665e-01,1.643699151565815253e+00,1.094949813583464771e+00,-2.648257509880310723e-01,1.222248424708675341e+00,7.770735173468962254e-01,-2.020670235125347602e+00,1.702175470966516224e+00,2.789343929710819125e-02,-3.418668185374873492e-02
0.000000000000000000e+00,-8.947226167269639596e-02,3.879408620605127034e-01,5.413257075454713796e-01,-7.151458926900867707e-01,1.062956242319137878e+00,8.587748208421577267e-01,1.745012790104458755e+00,3.408816318972009984e-01,1.431926587754995595e+00,2.539263166179079434e+00,1.096984378593295339e-01,1.061409120526752847e-01
1.000000000000000000e+00,1.458599701774716761e+00,-8.084373030896710999e-01,-6.706051724269372905e-01,2.908952526117222881e+00,5.428169088084093818e-01,1.959374315648385600e-01,1.923358745506514200e+00,-5.686733268674897257e-01,-1.719360288485252131e+00,-2.012135681333873105e-01,-1.578297223477038491e+00,-8.099782126701945417e-01
1.000000000000000000e+00,-3.645487057990031143e-01,2.283331118962847128e+00,1.815364615747903976e+00,5.851676554591932700e+00,-1.955045532657642138e-01,-1.711198986046602588e+00,1.967865734354038221e+00,1.949540506792340810e+00,-2.480881218819832590e+00,7.493449043141251487e-01,-6.212668219163555161e-01,-2.958114654242012254e+00
1.000000000000000000e+00,-7.185671114810687765e-02,-7.641762437557900189e-02,-3.361577078655741957e+00,-2.423712582322811393e+00,-4.090217815173055049e-01,3.199027796168620874e+00,-2.776782545958622173e+00,-3.218952382650584365e+00,3.299718228714517698e-01,-1.492109338169106181e+00,9.596199580696063158e-01,-4.939610143515957841e-01
0.000000000000000000e+00,-4.241343785603621797e+00,-3.046701916136532962e+00,-3.036348175179633735e+00,-6.603479535913350240e+00,3.031220570881211440e+00,-4.221429719366422972e+00,-2.458015587843408234e+00,1.709773615680600933e+00,-1.952865361826285895e+00,1.470203650054135336e+00,-2.474354903985048759e-01,8.040718901483134839e-02
1.000000000000000000e+00,-3.930809628775846498e-01,-1.611387693064626703e+00,2.485610929913899980e+00,5.161636344553004463e-01,1.678075479574244744e+00,3.179402964710185131e-01,6.791648497799938067e-01,2.409687796169679430e+00,-2.190209760484078672e+00,2.315156231799534226e+00,1.656907426326862165e+00,4.992900078086890403e-01
0.000000000000000000e+00,3.114138889187128889e+00,8.242021249000989203e-01,4.467886446564472980e-01,-3.230797550533571982e+00,4.192862070720628775e-01,-2.328885163566101202e-01,-2.947089137522753255e+00,2.926030475948713239e-01,2.005445538179683407e+00,3.173105165301581820e+00,-1.000277059472530983e+00,5.445825597240177007e-01
0.000000000000000000e+00,3.000340290877461680e+00,3.178055214624047942e+00,2.797758848753578498e+00,2.677510613904547476e+00,-3.413125646764636478e-01,4.503500713178233417e-01,-1.807613767983953235e-01,1.142153379500884469e+00,-2.164177186236629247e+00,1.778898771631875153e+00,-2.782498797642055877e+00,-1.281026413857181634e+00
0.000000000000000000e+00,-2.056071098363944083e-01,2.368410841445232895e-01,4.797640560035673074e-01,-9.850111947906889931e-01,2.565463638934497581e+00,1.988426095702202634e+00,1.914944385870995802e+00,-1.615665481090946765e+00,-1.133639453786225104e+00,2.109334482773295605e+00,-1.692207413508383551e+00,-1.164669161734441793e-01
0.000000000000000000e+00,-3.630335512133687992e+00,-4.067371549809969400e-01,-1.567218180666762883e+00,-5.467848449736622207e+00,2.080495411318354471e+00,-2.976006403409832579e+00,-1.411693967049075127e+00,8.709051548750694760e-01,-3.004461480941852614e+00,3.421991127065346916e-01,-2.842509228402485100e+00,1.015768780384428416e-01
0.000000000000000000e+00,-8.784766292483779937e-01,1.730943699582203177e+00,2.577083473832649796e-01,2.214957028669130690e+00,-1.801847893450952309e+00,3.857561714288617605e-01,1.310119964878552867e+00,-2.451856598911518192e-01,1.754146344273337377e-01,9.789190606099029690e-02,2.736530484249775075e-01,-9.930967000694135294e-02
1.000000000000000000e+00,3.265871568918020440e+00,2.662515232902554541e+00,4.788067329226286528e-02,6.798154440673856769e+00,-3.919161142369065320e-01,-1.572442488522775017e-01,7.479098901963701085e-01,-2.721137687255694715e-01,-1.343264211817869480e-01,1.413411766215139975e+00,-7.379009445683888391e-01,-4.176303121039079080e+00
1.000000000000000000e+00,1.832830452143061617e+00,1.784126660057401503e+00,-3.546562031702079842e+00,8.247899922478182377e-01,-1.318529235001955291e+00,3.246724936477978218e+00,-1.350635397847294250e+00,-3.827574629814636253e+00,1.526911406238606883e+00,-3.905151826137573945e+00,-8.234700189734452946e-01,-2.353040503318140964e+00
0.000000000000000000e+00,-1.472390092434700204e+00,3.362682439242328236e+00,1.224830187756625222e+00,3.860657492800430468e+00,2.647956620112105197e-01,-1.569576403692127808e-01,1.083566215212982353e+00,-3.012391869168387970e+00,-2.313681091410252133e+00,6.798010620716580243e-01,-1.673821661427108420e+00,-2.019426128268212217e+00
1.000000000000000000e+00,-6.097022770256760316e-01,1.587831981369100420e+00,-2.795999076315168530e+00,5.029129817101766209e-01,-1.308274569558844025e+00,3.871091835080355814e+00,6.714093531171103635e-01,-4.244761658820220163e+00,2.106353100791384492e+00,-2.675696228333537707e+00,5.502607218340673789e-01,-9.351321946304297361e-01
0.000000000000000000e+00,-8.048011637586685030e-01,7.499741147887958981e+00,3.495262249162146340e+00,-2.739006624282581903e+00,-2.661141689348047734e-01,-5.576874728757923450e-01,1.267433630886391605e+00,3.796096033210210052e-01,3.026399089136960985e+00,2.426107126429610794e-01,-4.994339495373616877e+00,-9.180857808959108635e-01
0.000000000000000000e+00,-9.400446618205525739e-01,4.409289734538048400e+00,-1.145490273383483970e+00,6.175271535956913249e-01,-2.440708157408181478e+00,2.002720856234154745e+00,1.466540641371540499e+00,-3.053031488920777470e+00,-5.097261549235854172e-01,2.657597505840469942e+00,-2.784978613962746152e+00,3.325480424060693885e-01
0.000000000000000000e+00,2.003727310489668234e+00,1.975811304812913338e+00,1.622888695213469346e+00,-4.738118897139750096e+00,1.281442565299041325e+00,3.436145299432919131e+00,-1.255037200890611437e+00,5.907094363756226763e-02,-4.929688360283213111e-02,8.810941963229403928e-01,-2.657878005465875049e+00,7.393920234820834381e-01
0.000000000000000000e+00,-2.377436197406590068e+00,-6.120796657283403830e-01,-1.477715664494170245e+00,-3.050715124682403356e+00,1.765469765441177952e+00,-6.876486264314473074e-01,-3.484697001598682231e-01,-5.956012970166146836e-01,-1.022591557981263222e+00,4.094625911474356172e+00,-2.741508665417680124e-02,3.277307524932643323e-01
0.000000000000000000e+00,-3.030522027908887361e-01,-5.645931293402656870e+00,-1.226211661879647696e+00,-3.418725570078079201e+00,2.622794444384843437e+00,-1.645198018995867040e+00,1.354119856689425916e+00,5.486197694964454197e-01,4.001978691810514910e-01,2.225085910180576221e+00,6.217282265001617958e-01,3.010952933426816802e+00
1.000000000000000000e+00,-1.176003891343097907e+00,6.867790753657073033e+00,3.151868297461128954e-01,-1.137343852347719730e+00,-1.637283399613048029e+00,1.504955514254797233e+00,-1.899281215752146590e+00,-2.214842784836689837e+00,1.436038812832440614e+00,-1.455845441778334415e+00,-2.214497342250865142e+00,-2.435754903775630531e+00
0.000000000000000000e+00,2.097366739980761174e+00,2.767238400368366324e+00,2.689189351530556493e+00,-6.947608473767316717e+00,2.795753030953502360e+00,2.552688894553375665e+00,-2.283401429192290166e+00,4.907936067571182726e+00,-1.559565844761773956e+00,5.219706135529937896e+00,-2.916928418218813324e+00,-5.059334848436033427e-01
0.000000000000000000e+00,1.633477857910402786e+00,2.840782664103302935e+00,-1.199345634767028379e-01,-7.255697704078591492e+00,2.363774631345616495e+00,2.615989218759191104e+00,-3.382041709526571349e+00,8.746368229283585372e-02,2.226835416305574800e+00,3.833908213404101151e+00,-1.686276024929372230e+00,-9.306443567153709351e-01
1.000000000000000000e+00,-6.352074863439245433e-01,7.617751070111631329e+00,4.213309526572617258e-01,-4.614718772069383301e-01,-1.290899399488867783e+00,-1.155279946817160397e+00,1.477763398245394821e+00,1.448166840646142095e+00,7.363493862038053006e-01,-3.079052077736703197e+00,-6.609218140694561150e+00,-3.531966632521817306e+00
0.000000000000000000e+00,-5.101672463766866450e-01,9.461725739142228253e-01,-5.947748944393940196e-01,1.071395780220777461e+01,-1.401546904870775823e+00,-2.607411245039232828e-01,1.388418859770491842e+00,-3.074085184870654963e+00,-5.177072047874801797e+00,-1.795195618948177252e+00,7.137217677254406034e-01,-3.676492433619300559e+00
0.000000000000000000e+00,-1.634736316420227764e-01,7.182781274558029949e+00,4.753188460294741624e+00,-4.565288060857560559e+00,1.051215320920503071e+00,-1.013782787879554226e+00,1.337115005651280608e+00,-2.872562295167043755e-01,2.530469591739143542e+00,-7.235344079331627043e-01,-7.319051286384888222e+00,1.165725474110048676e-01
0.000000000000000000e+00,-3.868344588222073277e+00,4.311607709972112623e+00,4.337706356882774505e-01,-4.197447448976593165e+00,1.113889119165277997e+00,-1.146529446926964901e+00,-1.596537210033916132e+00,-4.375600413263494026e-01,2.141623802721367431e-01,2.661753372781814342e+00,-1.422978970366713725e+00,-1.353767970921290864e+00
1.000000000000000000e+00,4.212176419847075692e+00,-1.129596122621358223e+00,-9.426480852512542086e-01,5.092032814806867869e+00,2.062759805659247991e+00,1.806995938462974127e-01,2.295250009462812102e+00,-9.875194662576989302e-01,-1.236055264188257174e+00,2.394462582610511703e+00,-1.879538324978521135e+00,-2.511070440871405296e+00
0.000000000000000000e+00,9.286856903091031956e-01,3.068902269038724095e-01,1.095282608182745809e+00,-1.350943413616060074e+00,1.813453463749985062e+00,2.692114443888318220e-01,-2.682970024894047789e+00,-1.277759192539476452e+00,-1.832140404801387845e-01,9.565546339547045251e-01,2.352534982470728675e-01,-7.138908237001907464e-01
0.000000000000000000e+00,-1.427760830582795792e+00,-1.996953684582915223e+00,-1.763534766418160871e+00,-5.025387831382675863e+00,3.207824371380898043e+00,-8.622024389241274012e-01,-2.429592812365979348e-01,-1.884037038029095168e+00,-2.069430894724217040e+00,2.621883257731095540e+00,-2.726198982967683371e+00,1.354814294192338675e+00
1.000000000000000000e+00,1.540326021645266774e+00,2.787485997186376352e+00,1.400791275224987142e+00,6.200693634745347183e+00,-3.507170431462598437e-01,2.176785324802053001e-01,1.441439097596173502e+00,6.418753987598608823e-01,-1.837024213088985558e+00,1.715804805049486514e+00,-6.253365703894129268e-01,-3.208334835287698805e+00
0.000000000000000000e+00,-9.929252729753259565e-01,2.514933477098016290e+00,-1.160943553567706843e+00,6.368394038159825854e+00,-7.007165510543966747e-01,-1.199430036043592995e+00,2.741453540176512771e-01,-1.187242117069912339e+00,-2.483811342007735234e+00,4.184488617941064525e+00,8.967872629441198118e-01,-3.668190862152001408e+00
0.000000000000000000e+00,-1.730821430216893608e+00,6.518651057537717897e+00,3.350043143477146046e+00,-4.304116386392374594e+00,-3.075135173569136793e-01,-1.960405553685768965e+00,-3.530024324122869039e-01,-1.531499664807213890e+00,3.633556882997745152e+00,-4.260060102313785180e-01,-4.474905288444246843e+00,5.180873221294435282e-01
0.000000000000000000e+00,1.329487488119668548e+00,1.437615396854734939e+00,1.583516332502921120e+00,9.758395505720214580e-02,1.067665109691095404e+00,3.037975356348343592e-02,-8.907497152834074061e-01,1.505422189601296257e+00,-1.324864986985677895e+00,4.269593535582686172e+00,-6.233520747363027192e-01,-9.660623823815730482e-01
0.000000000000000000e+00,1.908203838674215280e+00,4.400217681818443083e+00,3.187286371198752910e+00,1.911007051028066783e+00,-3.090447250297099657e+00,-2.996576841806497526e-02,3.724766174009713549e+00,4.777426015889900679e-01,5.128576372160576824e+00,-5.372264606683607724e-03,-2.299503974313823029e+00,1.500449890449109702e+00
0.000000000000000000e+00,1.280299184701940263e+00,-3.547331178659132611e+00,-6.035743520753866775e-02,1.953188697973901045e+00,1.371516812300576982e+00,2.711511004973726546e+00,3.309276599628672599e+00,-2.044414066762878512e+00,-3.071705602151530989e-01,1.707555354236561795e+00,1.254745062620050700e+00,1.900334567122610618e+00
0.000000000000000000e+00,-1.296667526630491674e+00,-2.486847628057166748e+00,7.727697296643687430e-03,-3.942958858360080754e+00,2.246548714082977405e+00,-2.673306014675589815e+00,7.706868920235511178e-01,2.157260276406974153e+00,1.093343812428937856e+00,2.655378543188619211e+00,-4.815903771848617509e-02,1.577511824759881387e+00
1.000000000000000000e+00,5.717749057460972395e-01,2.946474797198942230e+00,-3.121885073107745434e+00,5.420972657051605914e-01,-1.035903918227031761e+00,9.613475321300143372e-01,1.100201440363263838e+00,8.399303102609498861e-01,-1.332684309065190309e+00,-3.646483001341746188e+00,-4.355427705046654552e+00,-3.273841641826001680e+00
0.000000000000000000e+00,1.831175270292771273e+00,4.643129850940182379e+00,3.526438218714353479e+00,8.158842873138574703e+00,1.476289160111697862e-01,-1.155284959217119045e+00,1.566570748276110425e+00,-1.460794547171673674e+00,-2.950852636527725892e+00,9.745379888959649906e-01,-2.972708308160161295e+00,-3.693390804416346818e+00
0.000000000000000000e+00,1.736907542946104499e-01,-1.752332048150020416e+00,2.667846023157405710e+00,5.072786518266974021e-01,2.797257748162685242e+00,-3.951484595437912972e-01,2.253473137994733033e+00,-1.789199333754330823e+00,1.512259173183691630e+00,-9.077221560655037713e-01,1.169338004902973349e-01,9.592570534592359532e-01
0.000000000000000000e+00,-8.136027506133149956e-01,-2.858348484144900059e+00,-1.092658515258055463e+00,1.620858676898864426e+00,-4.156969321441843501e-01,-3.725588412657466764e-01,1.951099487398729959e+00,-4.030721594865394053e+00,-2.510059428420169159e+00,9.503965305158937893e-01,-8.400130945437890295e-01,3.209489758564468609e+00
0.000000000000000000e+00,-1.842782494214514344e-01,4.247261053699475042e+00,2.401023969357495513e+00,-5.040840604179127382e+00,2.726927721758000800e+00,1.143476684848654834e+00,-1.540552129676791671e+00,-2.763895801265249030e+00,7.413741432114526742e-01,2.189394854365465104e-01,-4.172152938250459187e+00,-6.093635382703600500e-01
1.000000000000000000e+00,1.315775072912918509e+00,-1.413158532412958079e+00,3.344134760754892355e+00,-2.312897929216240211e-01,2.896607395909978955e+00,-4.484301833514180435e-01,-7.523582929587873114e-01,1.812278731184454372e+00,-1.004262348449165065e+00,2.005634549236560815e+00,9.320304865453834520e-01,-7.966490264323522474e-02
0.000000000000000000e+00,1.227715084194321848e+00,-5.464796148209397769e-02,7.764624561962086835e-01,6.937440692668365827e+00,-8.499883689930463060e-01,2.327885034248183160e+00,1.563178831122593593e+00,-1.872994827210487934e+00,-3.938487712186725442e+00,-2.642293047045494170e+00,1.902759244260963101e-01,-1.399951400565863535e+00
0.000000000000000000e+00,2.634544286844385130e+00,-8.659898163106285462e-01,-3.368592756828547863e-03,1.950359211768735612e+00,5.717899961893246896e-01,1.425153120419641706e+00,8.202872589937459935e-02,-2.419982804668942222e+00,1.689242050963907005e+00,2.413222214813373068e+00,1.311202621023827675e+00,8.767377473217230488e-02
1.000000000000000000e+00,-3.171224005592618855e-01,9.989566735127094477e-01,1.064043500868232961e+00,2.408491179114032654e+00,1.408299858476544930e-01,-2.394183775248960977e+00,-1.579672972172619705e+00,3.032069967064131344e+00,9.145715095717341647e-01,1.868692744946844897e-01,2.643469331639654030e+00,-3.073353300483365746e+00
1.000000000000000000e+00,3.647425395954409399e+00,-4.040624958033478542e+00,-1.298104709936557022e+00,1.996414141304430290e+00,2.043445606644051615e+00,5.892173032559597790e-01,-1.713166377649654404e+00,3.913978721346272893e-01,-7.177065289916073620e-01,3.301595551464267864e+00,2.877832967128294062e+00,-1.119112851077000759e+00
0.000000000000000000e+00,-2.351445146140581421e+00,6.202727344894079842e+00,2.259858035010841704e+00,-2.125605794686542094e+00,-9.949650926309165921e-01,-1.990524349615698352e+00,-9.999284554105769551e-02,-1.008037471530896845e+00,2.641216366532398219e+00,1.250407167122372432e+00,-2.874976973454677953e+00,-2.913531114816978462e-01
0.000000000000000000e+00,-1.374236580148550324e+00,1.066521532071642131e+00,-2.076070957161420871e+00,-2.931377804663364728e+00,-1.082845333739953730e+00,-9.219038379060757737e-01,-5.933745835203125818e-01,8.138068780578020522e-01,5.454851735549853808e-01,1.297109726803133523e+00,-1.094092498363762767e+00,3.656893131656968610e-01
0.000000000000000000e+00,3.284100565709381581e+00,4.070571500019086741e+00,2.061180990489071441e+00,-3.086657654531527850e+00,1.724786446624319014e+00,-1.369717209618420029e+00,-2.974342099000148565e+00,2.616844565911222720e-01,1.998941169455990874e+00,4.418417761970508728e+00,-3.504661686047943814e+00,-1.499341808475775917e+00
1.000000000000000000e+00,3.268454980030350399e+00,-1.023729198987507250e+00,3.192121620270340632e-01,4.170517306252921053e+00,1.352756313865835835e+00,1.044366813724324494e-01,2.496248261766200294e+00,-1.378646750275636546e+00,-1.421073740181106215e+00,1.227906953002638746e-01,-2.431067429682243208e+00,-8.726229074096281124e-01
1.000000000000000000e+00,1.537428145693717108e+00,-2.619972692183504481e+00,-6.930389444666307242e-02,-2.535714620946613262e+00,2.165814853436566878e+00,-1.404817263435033547e+00,1.392208960913261517e+00,9.039499903733574371e-01,4.160305445052854267e-01,2.078800552121169876e+00,-2.054919235992768378e+00,1.726136534456252924e+00
0.000000000000000000e+00,1.468572052720018339e+00,1.830354391094347610e+00,-2.643236499679437745e-01,-8.821507131167150462e+00,1.903165519943464279e+00,3.428352466111384000e+00,-3.842314205623565737e+00,-4.101246344903308749e-02,1.484467375902695174e+00,1.672218053596777665e+00,-1.971656170414521903e+00,4.783909338169503034e-01
1.000000000000000000e+00,9.492287723978853897e-02,2.401904271807788760e+00,-2.585898477722415878e-01,-3.861623226268114939e-01,1.031816293774610038e-01,4.506936140957164660e+00,1.659334746095262325e+00,-1.118142693542278687e+00,8.584621335244904117e-01,-1.545940506748544330e-01,-4.918830825976849841e-01,-1.041262194356702642e+00
0.000000000000000000e+00,-8.232989636321642601e-01,1.863752265260949947e+00,1.665783088347240204e+00,2.814106818980919855e-01,-6.974398350156254534e-01,-9.869594025351535738e-01,1.386148732486604640e+00,-4.048166119243431282e+00,1.988464419532077310e+00,2.054495765861624079e+00,-1.359740180358884665e+00,2.322485239239533428e+00
1.000000000000000000e+00,-2.040422607572306646e+00,3.307056799885320419e+00,-1.563375353830037451e+00,-3.669744664384854804e+00,-1.322234444575524970e+00,1.567514150693139596e+00,-2.170389216469476246e+00,5.987342946335383331e-02,1.309245315737577187e+00,2.287176965980401988e-01,2.450891829522934273e-01,-9.236981191145690051e-01
0.000000000000000000e+00,6.651397156946534661e-01,3.816427814369441673e+00,2.495059630309844678e+00,-5.831563361740761842e+00,2.858415274172602327e+00,2.777214547910432429e+00,-1.515758451315471600e+00,2.365610319045957866e+00,-2.552720527503391068e+00,1.808369577049143029e+00,-4.352655153437634539e+00,-1.265541080091213244e+00
0.000000000000000000e+00,3.045886106357253986e-02,4.400543089986197920e+00,2.493737570122402047e+00,4.861932748648105651e+00,-4.237553136833520639e+00,1.031492022897602112e-01,2.256111549276349493e+00,-2.130056324290489078e-01,4.181705196919388356e+00,-1.950933531242542429e-01,1.409034886004978393e+00,1.251567899431241804e-01
0.000000000000000000e+00,3.821238860907113732e+00,3.868602661163396683e-01,1.170795064747124137e+00,-6.092912018906269545e+00,1.331905485462210770e+00,3.154242852595637192e+00,-2.727432873919613421e+00,6.329432841300175472e-01,1.157754928986212128e+00,2.613115354001543933e-01,-2.181884883061806057e+00,1.390552015186053758e+00
1.000000000000000000e+00,-9.914198401974654296e-01,2.066900593652268192e+00,2.240848548373105764e+00,4.755734885346763363e+00,1.196486650640102845e+00,-8.480020497769531485e-01,7.237375532845589099e-01,3.594407835253167427e+00,9.806917048485273014e-01,-6.798305635385191170e-01,3.325739099265593524e+00,-5.070620934021657256e+00
0.000000000000000000e+00,-1.804631254718829680e+00,6.314052475082209126e-01,-2.895800171405080725e-01,-2.204163879042165153e+00,-5.916614592592230881e-01,-2.062241199055166341e+00,-3.375375594430929382e-02,1.245163564294116121e-02,-2.967089325001863731e-01,-4.540551844340037224e-01,-1.906379573039062247e+00,1.203158318047473418e+00
1.000000000000000000e+00,5.787493766428639663e-01,-5.827102982958821675e-01,-1.007779248829812069e-01,5.010581807340669380e-01,2.244248143059734968e-01,-1.991911019593914034e+00,1.356969325480181565e+00,5.034765033359921427e-01,-4.050848889254871077e-01,-1.351930215407182168e-01,-2.139113347309729907e+00,3.846925631275306401e-01
1.000000000000000000e+00,5.177144264450697086e+00,-3.818662421760845138e+00,-3.921203413736122023e+00,3.064742571277956351e+00,1.642951195177141388e+00,-1.762407079050588132e+00,8.861180296199744344e-02,-1.842962043709451603e+00,-1.211078842973817737e+00,1.960620424585340693e+00,-2.376851057435666714e+00,-1.291009260675195502e+00
1.000000000000000000e+00,4.029186738258363931e+00,-1.019935750009001996e-01,-1.127810902741289034e+00,3.601877377217773901e+00,4.054564373067149896e-01,-6.624391905540578662e-01,-9.247608709126537985e-01,-1.887075984423807196e+00,-1.432644497960918528e+00,1.531424003322697791e-01,-2.278126033382170679e+00,-1.967722892987275429e+00
0.000000000000000000e+00,3.899511015526801128e+00,-1.506460332863145846e+00,3.025901134181199215e+00,8.495822148920048278e+00,-2.645352149136706021e-01,1.951798756625213516e+00,1.756689779790180594e+00,-1.895334365130263432e+00,-4.015888439644109908e+00,-5.353166122274497063e+00,-5.639805231479821934e-01,-6.681952921982914351e-01
0.000000000000000000e+00,-1.252163895509489144e+00,-3.908357479543526303e+00,2.103708279467435993e+00,-2.817009354782952890e+00,4.914171743612504528e+00,-1.775577320219065669e+00,6.552759632464197903e-01,-3.382595077826254126e+00,-3.884442930970524177e-01,5.198208323510009610e-01,-4.698356252737782013e-01,2.385332456594064787e+00
1.000000000000000000e+00,-9.062424974375273834e-01,5.235360242225489458e+00,-6.422222625466087464e-01,-2.688174948356496508e+00,-4.508540597742131117e-01,2.483222630896714911e+00,-8.280551123143338188e-01,-2.064726052636678855e+00,7.186987623282083959e-01,-2.146180581082393068e+00,-3.272008008902465903e+00,-1.925781602816517335e+00
0.000000000000000000e+00,-2.256685525228013134e+00,6.129359556851500246e-01,-7.517981057731264460e-01,-1.737066547059335164e+00,-9.003938399870612397e-01,-1.565309567809409774e+00,1.878498943773061480e-01,1.418202167618401344e+00,2.655952901839711000e-01,1.438466195984444473e+00,-1.628656507377534979e-03,6.496347313214257957e-01
1.000000000000000000e+00,3.115328253095738908e+00,2.434313512521940392e+00,3.292889080133468704e-01,4.626676104297457570e+00,4.728845012733765563e-01,-1.677840781436592543e+00,2.382546713510025782e+00,-1.034923802735031817e+00,-7.754760156507785052e-01,5.422463420821327373e-01,-4.814107272746819710e+00,-2.493617497155593998e+00
1.000000000000000000e+00,-3.398630740195364153e-01,2.683579821241988128e-01,-1.787951956992397395e+00,-2.958509637832885453e+00,-1.478630989488991965e+00,1.005056200806094369e+00,8.861072284321647174e-03,1.575689290803365061e+00,8.621431461974518040e-01,-7.295971897816968532e-01,-6.277778418629396118e-01,9.069906394879685418e-01
0.000000000000000000e+00,2.774629756942720960e+00,1.800913854700792127e+00,5.794775017493303260e-01,2.026946857768783694e+00,-2.015941394528786290e-02,1.190267326494547362e+00,-1.107270003168201900e+00,-1.699824740292308789e+00,-1.051944825456802679e+00,-1.946555504441910500e+00,-2.169256699818364886e+00,-1.679236249817251281e+00
1.000000000000000000e+00,-8.034273304642191027e-01,5.904517495634631352e+00,-8.780882809168329972e-01,5.890501850210627666e+00,-3.064387878815163724e+00,2.771969918942389199e+00,2.951465666058247894e+00,-3.102100176251777253e+00,2.756294975514149037e+00,-2.573741652007086600e+00,-1.405972140904393486e-01,-3.538475695868569026e+00
1.000000000000000000e+00,2.616612765667220231e+00,-4.713609190552365269e-01,1.403476786841679314e+00,4.282661523370316914e+00,1.653625661942824010e+00,-6.364348398293409037e-01,2.945362526307754081e+00,-1.951517999048485219e+00,-4.360727730246750866e+00,-4.612168079242255914e-01,-5.005042111675427563e+00,-2.646992918498665137e-01
1.000000000000000000e+00,7.448991256230710345e-01,3.139334911663420158e+00,-4.142037895563349892e+00,5.003534769426349449e+00,-8.515126928002682005e-01,5.948187227397264465e+00,4.486921644011640176e+00,-2.204188698604503394e+00,7.582903817761296184e-01,-3.571815138695292990e+00,-1.153455671463923471e+00,-5.022047932687641492e+00
0.000000000000000000e+00,-2.847630383173771484e+00,-2.465200487868322021e+00,-2.885620874528617374e+00,-5.310551282606206236e+00,3.726338712248862262e-01,-2.949516500339960157e+00,-1.658579087592189083e+00,2.967343959257850994e+00,-1.794203585648572741e-01,2.461231200910539485e+00,9.588095952107755782e-01,1.244056976041658658e+00
0.000000000000000000e+00,1.287853369787706370e+00,3.290029429835718666e+00,4.053158081687966430e+00,8.949420729475461300e+00,-8.946879275721191238e-01,-1.002604780462672984e+00,2.475438060022333797e+00,1.226881369330639071e-01,-4.027315586309251572e+00,2.336626637533235851e+00,-1.500799587157904291e+00,-2.045135912145202184e+00
0.000000000000000000e+00,-2.074272003406980591e+00,1.787729028302952050e-01,1.723664818313451530e+00,-1.714398971337012467e+00,3.534404694440104855e+00,-9.589261092644062456e-01,4.869026070033872777e-01,4.120096672458792852e-01,1.159161126219021565e-02,8.117192835929898376e-01,7.112016504056528632e-02,-1.337196645684385121e+00
0.000000000000000000e+00,1.453557685706400537e+00,6.338222778345785624e-01,1.525888978560775211e+00,-1.288181453311496805e+00,1.626604014591307878e+00,2.089465191110266851e+00,-1.320435777521872911e+00,-6.253318492844935905e-01,-1.900146794643021497e+00,-1.457578770298522119e+00,-1.672220331205700461e+00,-5.484628258120005651e-01
0.000000000000000000e+00,5.938092413298694972e+00,1.544431524892396101e+00,2.547616778580223507e+00,5.013141968341127130e-01,3.447921424305450122e-01,2.310774232553294283e+00,-1.843448533309395510e+00,1.738842444308380308e+00,-2.921789925432536350e-01,7.283454602927774690e-01,-1.927140209022879525e+00,-9.224125335812153326e-01
0.000000000000000000e+00,1.294732083307500670e+00,4.604370730835616876e-01,3.308073224379350030e+00,1.028392883429979143e+01,1.901641889357044146e-01,-2.712550572507788083e-01,2.796650264960287124e+00,-2.751693385816559534e+00,-3.300835324285237515e+00,-9.618735912097950980e-01,3.317715106090060040e-01,-1.930916659123324663e+00
1.000000000000000000e+00,3.485260862982684671e+00,-4.631658267661730721e-01,-3.900311223000159089e-01,2.705518540779376035e+00,1.306913980672999021e+00,-9.566925218862665226e-02,-1.109306597307060382e+00,1.199504615606775682e-01,9.495626435746924443e-01,1.543005948228060920e+00,8.721290118164317651e-01,-2.648014156597106705e+00
1.000000000000000000e+00,-3.180720624463767576e-01,4.284783821981572038e-01,-3.044578415931415982e-01,-2.055221021293118788e+00,-3.248567925341429019e-01,1.504615681582627262e-01,-3.426344530484380702e+00,-3.198680861676933773e+00,8.201529637411504314e-01,-2.624623555347840309e-01,8.339209719969948864e-01,7.852217994792001221e-01
0.000000000000000000e+00,8.629796020801001610e-01,7.103451895995880339e-01,3.277113309706536359e+00,-1.615514685921925819e+00,2.246117634232418503e+00,-1.411663264604356538e+00,-1.581867635197139244e+00,-2.285614709984862269e+00,1.659823323867719136e+00,2.986616170835450390e+00,-3.588438323993720092e-01,1.009785683598372952e+00
1.000000000000000000e+00,-1.110564856985213122e+00,5.325495482828110028e+00,3.898682882442128239e-01,-1.350885403639864535e+00,-4.128468119783753609e-01,-3.840858777300078408e+00,-2.847236684344877311e+00,-8.771865711425304024e-01,1.398045906329201449e+00,-1.538237022794511022e+00,-3.407620967420895486e+00,-2.770364710989046575e+00
0.000000000000000000e+00,3.130146723774363871e+00,4.690176122646066759e+00,2.156477968111147003e+00,-6.459076405923378061e+00,3.232081857717032491e+00,4.829136331948678418e+00,-1.731097139006021468e+00,-1.316877684336223098e+00,2.049116761786796470e+00,3.136808144566661793e-01,-4.534566437992832100e+00,-1.472194861269574995e+00
1.000000000000000000e+00,1.259587214350182283e+00,6.560777960443909818e-01,3.434002327381722175e-01,3.539937760522551269e+00,-6.423826092468569726e-01,-1.354043478739125117e+00,2.354536028735271458e+00,-5.023617379584277565e-02,-1.396469407099418802e+00,4.332919743159391324e-01,-2.613020296528113739e+00,-2.766365108110355742e-01
0.000000000000000000e+00,-2.242177964315131611e+00,-6.200266952009125809e+00,9.105962906916186261e-01,-5.529963801948616364e+00,6.924064929841953209e+00,-3.486611148965941709e+00,-3.216307905024862190e-01,-3.499270435896586484e-01,-3.791117427566546016e-01,5.416836457034732710e-01,6.486655864668411375e-01,1.426878100603071964e+00
0.000000000000000000e+00,1.512228459769407785e+00,-2.723717198342864076e+00,1.439052634100157713e+00,-1.088239593925969029e+00,1.338869750694859029e+00,-7.807018966674967864e-01,2.812224249220260930e+00,-1.163873412916903938e+00,4.471668930215971116e+00,2.493989035915372465e+00,5.934959847154981372e-01,3.333791055890916954e+00
1.000000000000000000e+00,3.705516078487137044e+00,-4.530615608225700974e+00,-2.674545914534391056e+00,2.809367289297918457e+00,-1.733556931484321328e-01,-4.160650714330390798e+00,-2.734220246427834233e-01,-8.980407661812521702e-01,-2.103486605641245344e+00,1.868800226048390023e+00,-2.031723981918753807e+00,1.356923556687705368e+00
1.000000000000000000e+00,-5.647025921575614671e-01,1.127971399551904286e+00,2.798889373074445963e+00,2.076507925478933370e+00,1.243799322882077618e+00,-2.713122725878149843e+00,1.993696983183220528e+00,3.359474716279490458e+00,-2.408009707773119068e+00,3.617093154696771506e+00,-1.492382703646990549e+00,-8.920136720548152987e-01
0.000000000000000000e+00,-1.091597316584045574e+00,-2.371509191020368501e+00,-3.069425526448971375e+00,1.203444079717023163e+00,-1.693293130793013912e+00,-4.426652193215652176e-02,1.107126895821536117e+00,1.194805790589140049e+00,2.386309331854574722e-02,2.223905066212546799e+00,2.780118836461933363e+00,7.622463214418957467e-01
0.000000000000000000e+00,2.471686055204209254e+00,2.616218182122636904e+00,1.676890787068647359e+00,-2.118430872664169851e+00,2.473724638389612096e+00,2.926488507646074488e+00,-1.223750269897230680e+00,-1.106279569455329570e-01,7.466896807432774619e-01,3.421904141822597278e+00,-1.174518710491118334e+00,-1.744143570166359902e+00
1.000000000000000000e+00,1.341736889119850229e+00,-2.197983292075746498e+00,1.602982795601267663e-01,3.001203675937055948e+00,-2.023541848160119727e-01,-4.529359192976993853e+00,-2.092201791048635240e+00,1.732003835346492160e+00,-2.652247120289092486e+00,2.504784288497199363e+00,6.560923414365993356e-01,-1.927068711320709671e-01
0.000000000000000000e+00,-1.651767739808363000e-02,1.240904032835823623e+00,1.463267674063933876e+00,-1.060824895552438640e+00,7.335721959144373416e-01,6.152611478699543390e-02,1.800633749826270780e+00,5.199494377801250344e-02,1.529572620459004550e+00,1.249230130257411808e+00,-1.411513248853419666e+00,6.013291038113504072e-01
1.000000000000000000e+00,-5.229031926525182783e-01,2.913667673058101482e+00,2.812866453559921709e+00,2.497119163003505005e+00,7.349173569905709247e-02,-3.979473940683395661e-01,1.651920444664003451e+00,2.784643760059527295e+00,1.369241546605886040e-01,1.909127373876932765e+00,2.738443802104835179e-01,-1.857193357597748395e+00
0.000000000000000000e+00,-1.309654707358811621e+00,-4.969976871855526390e+00,5.220008400740132615e-01,-1.873080900515593283e+00,4.279080264518087873e+00,-1.884361420496990736e+00,9.941569322179747425e-01,-2.366579862770437082e-01,-3.185018287479235433e+00,-3.219155877734061200e+00,-1.250622829957056981e+00,9.590220472713038014e-01
0.000000000000000000e+00,2.812876285895291595e-01,3.986325607664571891e+00,1.236148637560224861e+00,-2.918543118473884146e+00,1.617781087726979816e+00,6.505757962782612314e-01,-1.844796696657720725e+00,-2.031577200812527018e+00,1.599586718437455701e-01,9.605990817998381059e-01,-3.251322728054065525e+00,-1.403710238720510484e+00
1.000000000000000000e+00,-8.989167976867988852e-01,3.576980171055387903e+00,-5.118834242756293840e-01,-2.877471574657439302e+00,-9.679214418677486442e-01,3.826123527176345629e+00,-6.804237629969414058e-01,-1.738993665676455080e+00,-3.347786767999210156e-01,-1.258186608530335482e+00,-1.911044319086000698e+00,-1.796184418020696505e-01
0.000000000000000000e+00,-1.820028233482984259e+00,3.731466177587999589e+00,1.925119032414255305e-01,-4.378193158807095031e+00,1.174986746377570279e+00,-4.243546583107260517e-02,1.644294862177452243e-01,-1.953632570199472784e+00,8.247323552848937478e-01,4.204297289942543259e+00,-3.329407031758013336e+00,3.363141745631273993e-01
0.000000000000000000e+00,-1.852200914202624116e-01,2.782902190357846806e+00,7.109607174100269766e-01,-3.357894600488514403e+00,1.815899104637600958e+00,1.024793517575194990e+00,-2.471934680995603983e+00,-1.728073957870295274e+00,2.550399406452306117e-01,2.084647333935931712e+00,-1.305244440196787092e+00,-1.152151728100534678e+00
1.000000000000000000e+00,-8.920822120833171720e-01,6.290658488000543613e+00,-3.667951286784172371e-01,-2.254705413483717891e+00,-1.784849179012009346e+00,-1.162928949587763494e+00,-1.049325986925227161e+00,1.045622156999025609e+00,7.394954350939153542e-02,-2.680537540480660841e+00,-5.260490918572239494e+00,-2.336133415857783113e+00
1.000000000000000000e+00,2.403590190157091078e-01,1.430823680574436096e+00,4.241112240666758737e+00,1.823631395899945051e+00,2.478841198306243498e+00,-1.133787509154772888e+00,3.148441304925747364e+00,1.709138819546577981e+00,2.667055658693970877e-01,-3.291416051919737740e-01,-1.817437800858878294e+00,-1.213980721006868491e+00
0.000000000000000000e+00,4.842056292991279154e-01,3.924789383607667936e+00,1.944573722097674429e+00,3.364162822548396825e+00,1.207166687000734928e+00,9.375077836271165088e-01,3.514881541118630714e-02,-8.762745545429959648e-01,-3.167444946678365625e+00,4.693841986184902337e-01,-2.369061693504684207e+00,-3.538044702741532266e+00
0.000000000000000000e+00,-5.212461727752586427e-01,-2.289005496644376247e+00,4.858389071426534755e+00,8.689299762211710743e-01,1.767482211763750533e+00,-3.910729884202680307e+00,1.979215136406676345e+00,1.255304602811746495e-01,6.000708832814793503e+00,-4.898496365161708610e-01,3.385462549421990985e+00,2.210579125410945256e+00
1.000000000000000000e+00,4.513442397806874951e-01,6.973259363282977574e-01,-1.426583098324481824e+00,-7.716204617671075461e+00,1.932899821240777527e+00,1.393616795272309972e+00,-3.574077811219611434e+00,-3.301471736363832399e+00,2.256406125132881080e+00,-2.020208494660885812e+00,-2.477706820222155493e+00,6.183044653748557273e-01
1.000000000000000000e+00,-1.884872962239726668e+00,3.651057657394070066e+00,3.260646532031656442e+00,2.378196399979732867e+00,9.740959914476068349e-01,-1.799632897918805430e+00,1.185990435651775199e+00,3.383869047251022000e+00,3.515251688448131073e-01,-8.677238244732008443e-01,1.547635027963008003e-01,-3.627537574540190768e+00
0.000000000000000000e+00,-1.994284763380695935e-01,5.162997948690628558e-01,-5.788830575416055169e-01,1.965143135003678099e+00,-1.075776500697313232e+00,1.848290151628593225e+00,2.264714097689727534e+00,-3.056878762971773522e+00,-8.100671180503375979e-01,1.989190177730090880e+00,-7.300010153857112716e-01,1.365347952810688881e+00
1.000000000000000000e+00,9.505471353255645628e-01,-1.287368336163422278e+00,1.943644790178461923e+00,6.878090695696078560e-01,3.011039766617514157e+00,1.537912678253582577e+00,2.215183552019291291e+00,4.516547728389327387e-01,-1.627209177773607074e+00,6.314671647589070735e-01,-7.202276294350291597e-01,-3.537104559418684513e-01
1.000000000000000000e+00,2.113374600843788365e+00,9.751668030306668289e-01,-3.000887535167184872e-01,1.368171107437168521e+00,-1.566548840662425945e+00,-2.232281606599133994e+00,-2.998135554060162633e+00,1.075552169224655241e+00,-7.256991961428436166e-01,3.745263945629652369e+00,2.302949816679600303e-02,-5.391198371661034550e-01
1.000000000000000000e+00,2.500118018648999740e+00,2.006590906696043675e+00,-2.352154426952854926e+00,-9.253136177273864060e-01,-1.619025092650803188e-01,2.322267655280424670e+00,-1.773695390747069167e+00,-6.649565635426293309e-01,6.322847322849722840e-01,-2.210276117686847286e+00,-1.966720769356555820e+00,-2.682815104435669618e+00
1.000000000000000000e+00,-2.386759028469672472e+00,1.069713198180479941e+00,-1.217639380916766711e+00,-5.580895920092893370e+00,-2.826693892398615127e-01,6.531094491568600890e-02,-2.205515475215884535e+00,-5.631605684296995262e-01,-8.057438426854772739e-01,-6.464546065050751356e-01,-1.672649022417116216e+00,1.249650406508093337e+00
0.000000000000000000e+00,1.773427517547888632e-01,2.907922460741795057e+00,1.945085772297094895e-01,3.352072296351113589e+00,-4.536311671492443409e-02,-1.278101872877094536e+00,-1.218466113456938782e+00,-1.043454640306612946e+00,-2.084686273805319345e+00,1.919463002758820647e+00,-1.104539962873620329e+00,-2.893510145751974960e+00
0.000000000000000000e+00,1.269991391983228857e+00,9.094994793076769390e-01,-1.041257187558855435e+00,3.738006063896579079e+00,5.701505038124250468e-01,1.253492358873952828e+00,-1.055846827214651951e+00,-1.828550294777107954e+00,-2.262550972660561044e+00,-1.252402059450067107e+00,-1.717684964469144981e-01,-3.369957992247417433e+00
0.000000000000000000e+00,-5.950330947027400175e-01,3.116794623693492916e+00,3.133986503063935114e+00,5.853271805599258748e+00,-6.374795297190325449e-01,-1.610588254490766591e+00,2.290482763632521124e+00,8.717981360537354618e-01,-3.382840565705761637e+00,5.302446464303266715e+00,-9.728008270186240258e-01,-1.055270449673054722e+00
1.000000000000000000e+00,2.438390220602959069e+00,-3.560747978874688968e+00,1.635752649083391796e-01,-8.738209995697239219e-01,3.334432638404770000e+00,-3.376982580245845300e-01,4.789441149600272007e-01,1.663687118985256896e+00,-7.849629231236028293e-01,4.866616195896268593e+00,3.225736946977717512e-01,3.848495512705540911e-01
0.000000000000000000e+00,1.076707398450431619e-01,-3.909733896872011005e+00,2.662556874303207533e+00,1.135732646731249795e-01,3.087020933648356724e+00,-1.307819040805109356e+00,2.159303984535814180e+00,-2.894250683195079610e+00,2.580507335408206426e+00,2.434234749587059765e-01,1.550699230465625522e+00,2.730563471898240557e+00
0.000000000000000000e+00,-2.261871299751666342e+00,8.347581631512749345e-01,1.289130080275911361e+00,5.249140180996163529e-01,-4.511397775358225726e-01,-2.731310337096793717e+00,5.767706296899319796e-01,-4.978997365304348444e-01,1.422969811312272181e+00,-1.960359743517250397e-01,4.975955235353901607e-01,5.543314631606965914e-01
1.000000000000000000e+00,-1.722828755937966250e+00,7.073144059710534393e-01,3.235887637700197050e+00,-1.960844889057660856e+00,1.254164210194104401e+00,-4.517817260517154043e-01,-6.486372086400693515e-01,3.513855859302029927e+00,6.781016143052018830e-01,7.312697027464819532e-01,2.094085254865364121e+00,-2.573475111478373822e-01
1.000000000000000000e+00,3.096909295202627366e+00,-9.800003349085045556e+00,-3.725481833243025953e+00,6.642129722631825994e-02,3.853853783517204867e+00,-4.486916804926618374e-01,2.470080000146511967e+00,9.213944362920327702e-01,-2.049463848513210618e+00,5.102743218386931900e+00,1.504613475036565617e+00,2.275134459170361279e+00
0.000000000000000000e+00,1.881473767114039131e-01,3.858211714741815790e+00,1.705768670418275068e+00,2.588700159945013013e+00,-1.567647097839494741e+00,2.759725680254840885e+00,2.690178180797444085e+00,-4.374266618831681441e+00,4.733203325660201299e-01,1.493982566773203180e-01,-2.330295532748626108e+00,8.505665968122488874e-01
0.000000000000000000e+00,1.386716389699738095e+00,-4.287540768788419498e+00,3.520918712931679906e+00,2.749435662941384084e-01,4.193989584933867754e+00,1.600551428976209056e-01,3.223619399778944850e+00,-2.069474477512253330e+00,1.684623639975975973e+00,4.162716836539419596e-01,7.594000175043593703e-01,2.552293985350354788e+00
0.000000000000000000e+00,1.046970209147763953e+00,4.681197338673807051e-01,4.159621214170833525e+00,-1.476208450340489309e+00,3.193158986457124815e+00,-3.834792797322655877e-01,2.977450270308448665e+00,-2.905201912914420426e+00,2.832117855489129532e+00,1.280239765165533727e+00,-2.805791369946533109e+00,2.097122655609402919e+00
0.000000000000000000e+00,-2.032322646743044192e+00,2.152381039622352166e+00,5.740956159062985398e-01,7.560646228500252697e+00,4.436765146393604198e-01,-8.167085114357945930e-01,1.311015182220480746e+00,-5.166138955145257228e+00,-1.968728681441136219e+00,6.234054787860661140e-01,9.006482294368505226e-01,-3.054841081385551771e+00
0.000000000000000000e+00,3.225375600786761776e-01,-1.563420189598325738e+00,9.665752615709624074e-01,-6.029940600258411054e-01,5.752210639147318227e-01,-7.860168282566145637e-01,2.638281961872792181e+00,-1.317697277449478843e+00,8.975076130581456368e-01,1.023521974393380773e+00,-1.520906559979973593e+00,2.895475047018955639e+00
1.000000000000000000e+00,-3.682285153505402420e+00,2.934192484096506348e+00,-1.230517283441556753e+00,-1.342109553438588065e+00,6.539625897002698807e-02,3.677847483113876326e+00,2.391135364661838736e+00,-2.983091371771586786e+00,1.358803451727297773e+00,-5.241611176686890028e-01,7.625820389408488609e-02,-7.896402973255625124e-01
0.000000000000000000e+00,-1.502626073784627092e+00,2.208279219656014369e+00,-1.397404131492976820e+00,6.224716329553898753e+00,-8.227578490278726342e-01,1.779763839971411299e+00,9.383466349695905873e-01,-1.703143950089073932e+00,-5.603519378228146941e+00,-1.671552877927035663e+00,-6.760211510153236736e-01,-3.782729830270132432e+00
0.000000000000000000e+00,5.999686799894377032e-02,-7.543169921846146764e+00,-1.150495469513748148e+00,-7.757146666456070649e-01,3.207687627607872294e+00,-5.605183330526304353e-01,1.666833421755597788e+00,4.087254778818332213e-01,2.082958344363384784e-01,2.590458109221971839e+00,3.687517104470388496e+00,2.379500114776594621e+00
0.000000000000000000e+00,-8.216578884572219854e-01,2.613224774796821803e-01,-1.255283022696104922e+00,-7.330903725254804548e-02,-1.350280370544908237e+00,2.079657687536724531e-01,1.007143456999797015e+00,1.842696071430759197e+00,-4.135175824094678987e-01,1.603524189320790994e+00,2.026137184499767763e-01,2.671995103588292730e-01
0.000000000000000000e+00,-1.103331541416804784e+00,1.265718641066659433e+00,1.167584641349364460e+00,-3.084818152609116737e+00,1.672715626846017045e+00,-4.748167411803337901e-01,1.269628585590580006e+00,-2.514996404940406549e+00,-1.979924601052037492e+00,4.902578514182482916e-01,-5.013607617763209845e+00,1.748099802776725165e+00
1.000000000000000000e+00,-1.434035965169374816e+00,-1.091900213929189123e+00,-2.858162219881099197e+00,-5.233465423023316632e+00,-7.841760474384354973e-01,2.294343701784920420e+00,7.259277172647515819e-01,7.511044703188558547e-01,9.800767543215009869e-01,-1.072703983149404516e+00,-4.610701504962906316e-01,2.062167286913032527e+00
0.000000000000000000e+00,-2.966157666003430560e-01,5.394543532180566814e-01,1.541783372402417474e+00,4.587920622011791849e+00,2.294527743045804424e-01,1.309129687246018303e+00,8.452759443987294397e-01,-3.552734569972348488e+00,-2.238944219949660308e+00,-1.732146701537899958e+00,3.437670124156644302e-01,-7.548232842835556067e-01
1.000000000000000000e+00,5.667667766850205346e+00,-1.052317483454213498e+00,-2.947522528969623856e+00,6.594870207636025938e+00,1.100415137003035060e+00,2.659392714448580719e+00,2.262112548933384204e+00,-3.516655669717537513e+00,-3.614345145022571870e+00,2.272739973976890759e+00,-3.328720882385401758e+00,-2.557949273302348114e+00
0.000000000000000000e+00,2.031267579752675800e+00,2.200470818215487068e+00,-1.083897954553187937e+00,-1.020410400426348119e+00,1.284929458897435151e+00,1.182906654744485975e+00,-2.223797682971035528e+00,1.671053677987944575e+00,1.014195025168412201e+00,7.914051720472521367e+00,1.072022590671675601e+00,-2.858043049480071041e+00
1.000000000000000000e+00,-1.935378552041703948e+00,5.644134153486181082e-01,-3.879107137501423885e+00,-1.798308269411479365e+00,-1.793101826463046056e+00,2.566804822041112821e+00,2.241112207814621726e-02,-3.060219415925207631e+00,2.721687216803065912e+00,-2.400807099014804269e+00,1.237966715350499847e+00,1.087689068411008542e-01
1.000000000000000000e+00,3.465354939014761548e+00,-6.264574663221804229e+00,-2.478670037602546561e+00,-3.979406127680257921e+00,1.780004315471239051e+00,-3.796316828001312871e+00,-2.960934828235254557e+00,1.534642525427390769e+00,2.067063248265307518e+00,4.656180691288368756e+00,1.309062558077166649e+00,2.551858930957871863e+00
0.000000000000000000e+00,-1.400913378365652218e+00,-5.092683912235001387e+00,-4.060544151631718890e+00,-2.942249442095560052e+00,6.473858891882401378e-01,-2.069972368514039651e+00,1.606373240638661049e-01,4.959634851499598263e+00,1.064975326475472439e-01,3.494143648018304127e+00,3.055236576449192221e+00,6.967192390661707257e-01
1.000000000000000000e+00,-4.372715544784901986e-01,4.175489239580074674e+00,2.531944554309535800e+00,3.385200934616456436e+00,9.080209045237641607e-02,-4.073575382353542551e+00,4.181811723591469798e-01,1.966621069159173008e+00,-1.503834953341389280e+00,-4.266925052008498920e-01,-3.177940781960435501e+00,-3.234372488096170173e+00
1.000000000000000000e+00,-9.714891273549596251e-01,6.483711026538080624e+00,2.301408535724150273e+00,3.238487147629797835e+00,-3.306745086394848432e+00,2.902069056592878393e+00,-9.828684266646643408e-01,-3.651647734958911151e+00,1.634144807253092413e+00,1.357923609256748154e-01,1.220500989312175211e+00,-1.064484537228667538e+00
0.000000000000000000e+00,-1.869150118490748413e+00,-1.367917628144750264e+00,-5.045442141533991176e-01,-2.552873064256516944e+00,1.168304113595764360e+00,-2.161470097561282167e+00,7.447062599622356061e-03,6.587832003021982796e-01,1.570813254484712207e+00,1.925876818471778051e+00,1.058758152516956930e+00,8.047202574372012140e-01
1.000000000000000000e+00,2.991718019712880761e+00,-2.434161578963212946e+00,-9.013999684700426673e-01,2.733545950037216343e+00,1.083455272807417824e+00,1.321286110478060216e+00,3.041783864447646923e-01,3.164659989237008642e-01,-2.725645571316654969e-01,2.872200795944210405e+00,1.891787636521993665e+00,-9.293196902854812258e-01
1.000000000000000000e+00,2.343982615868257291e+00,-3.086151719164741625e+00,-1.410253853321161266e+00,5.457278938893464826e+00,-2.233548432549015139e-01,-2.731756478854406200e+00,2.287573571834006891e+00,3.164301779143204874e-01,-3.215673319675572905e+00,3.001312107594342748e+00,-1.254845377806791840e+00,2.554565954452931997e-01
0.000000000000000000e+00,-1.731634054119024491e-01,2.310222470685707297e+00,-6.662006754923348595e-01,-1.212860438887150227e+00,3.357476252933613292e-01,1.566051119964392280e+00,-2.118671695420591305e+00,-2.599965077927238521e+00,-1.030560372499071953e+00,-1.624914336136829007e+00,-1.602899836341772133e+00,-1.490429849669897555e+00
0.000000000000000000e+00,-7.659251863270599703e-01,-1.041331802555222064e+00,1.416721108823007169e+00,-3.909017147891302724e+00,3.018057441061453350e+00,-2.135988481799811822e+00,4.514806481655674331e-01,2.030870350643696032e+00,2.850466456114913782e+00,1.090696232029302326e+00,1.001684195858081328e-01,2.434226747374218514e-01
1.000000000000000000e+00,-1.834003960329402272e+00,3.804371069320302556e+00,9.352220778770359289e-02,-3.009231819475734149e+00,-1.323824204197717513e+00,-8.595176384150089444e-01,-3.052673711791018096e+00,6.450832520071581033e-01,1.592392591680205527e+00,1.109539494801086157e+00,2.147310831678472809e-01,-8.530940586776525336e-01
0.000000000000000000e+00,-2.081176566719033616e+00,2.752077484914851713e+00,2.289454383471958288e+00,-2.025650516164209325e+00,7.642455098544697067e-01,-2.291087434159744252e+00,7.489910129979759912e-01,-2.722178535661485377e+00,-3.426205266074455746e-01,-3.608387023543491168e-03,-4.148807389369428833e+00,1.383788248961406619e+00
1.000000000000000000e+00,-1.241884507679555716e+00,-1.562933499630767109e+00,-1.637711833207924350e+00,-7.044498192482130605e+00,7.611429289663895759e-01,-5.942330061644340855e-01,-1.917209705381365925e+00,7.631109877782391582e-01,1.741152440979348182e+00,3.386776769944626064e-01,-1.598782391060720176e-01,2.111224146127502532e+00
1.000000000000000000e+00,-2.492971527485305927e+00,2.494477570211747208e-01,-4.897102142717012496e-01,-2.768782855500805606e+00,-6.926494055104246428e-01,2.101497608042269150e+00,-7.445185080615921436e-01,-7.384175661996372764e-01,1.387842019096672264e-01,1.603763530343382815e+00,2.033019882139631918e+00,1.555847249938442367e+00
1.000000000000000000e+00,-2.058202674320409820e+00,5.400097334601974275e+00,4.055498778180617325e-01,1.052289603457865930e+00,-1.374189639571053556e+00,-9.752561322068213912e-01,5.889615448249019281e-01,-2.154900676026392237e+00,3.589981177236427179e+00,-1.244888368317381699e+00,-9.823815873799677245e-01,-2.180647927157102206e+00
1.000000000000000000e+00,-9.761639973838027728e-01,3.872197393610539162e+00,3.601772214965021313e+00,3.392074846090671336e+00,3.320273247660181504e-01,-2.074156970434308800e+00,1.530351974872133924e-01,3.602194402969800091e+00,2.003942674421772985e+00,-6.918769268004711925e-01,1.779440430212160251e+00,-4.083055776010718674e+00
1.000000000000000000e+00,-6.645531965171969091e-01,4.611704893594960275e+00,1.232732187125324730e+00,4.283252854482382688e+00,-3.624981285691564192e-01,1.448227832194950437e+00,3.709816460421810458e+00,6.507993038799833041e-01,-1.114513955073087814e+00,-7.936199972091813049e-01,-2.424196453648778782e+00,-3.312197458417680096e+00
0.000000000000000000e+00,-9.752382704778541633e-01,4.598187823084349368e+00,7.531289993884796585e-01,-1.963459122081950836e-01,1.545964603323557451e+00,8.549484979670041174e-01,-4.203538694835861067e-01,-2.330281591248198225e+00,-4.781045824863444649e-01,2.215424407720091082e+00,-2.210949771888180315e+00,-2.772050995565633613e+00
1.000000000000000000e+00,-5.621753081153109122e-01,4.812351009983878214e+00,2.902472407001553734e+00,2.871079244471667291e+00,3.598353773017425317e-01,-2.004193610542224668e+00,8.649950253399467659e-01,2.970516401867780765e+00,1.960707583225366424e+00,-3.782057416023343333e-01,-3.566390532052059470e-01,-4.221095207078832345e+00
1.000000000000000000e+00,-1.496853928052120697e+00,4.323959579495246786e+00,1.464150024690075380e+00,-6.914196290485778995e+00,3.905546660797973857e-01,4.661154911399677525e-01,-2.156488719741178617e+00,-2.142042768456394741e-01,5.409129323601122863e-01,-3.137054065874627096e-01,-3.866509931274446643e+00,7.154266097735413332e-01
1.000000000000000000e+00,-3.425559263533125565e-01,1.724964552985190025e+00,-3.845702382505179706e+00,-8.465395200185595215e+00,-1.190400328897155413e+00,1.297550603140273928e-01,-2.002198103278612251e+00,6.620391567660750543e-01,3.182163788871986032e+00,-3.995722955786461750e+00,-3.974772802002482841e+00,6.020611249093377193e-01
0.000000000000000000e+00,-2.868238015208556924e+00,5.566932908447591366e+00,4.329699580045112128e-01,-7.090158884738015921e+00,2.114853857234005652e+00,-7.196892595544218674e-01,-1.362744150410278188e+00,2.687761670595397057e+00,2.012055672577257148e+00,3.895601598972102675e+00,-2.587201686259414490e+00,-2.472498431153590914e+00
1.000000000000000000e+00,-5.996517196842556796e-01,4.528160271457939423e+00,3.452304725353551262e+00,-1.113774761940746316e+00,2.833161519012108442e+00,-9.312026058630784586e-01,-1.615777199202769854e+00,3.542272185405455076e+00,2.942809380834170874e+00,-4.161538928561225870e-01,7.274169975878435057e-01,-5.065445057377281124e+00
1.000000000000000000e+00,-5.461623061686562419e-01,2.415689459414421147e+00,8.594986831515679659e-01,2.972127695062870778e+00,4.021837716019053266e-01,-1.778705965272343592e+00,2.926374032300552486e+00,1.907838365505131417e+00,3.087875427224839875e-01,-5.491495485292829937e-01,-1.857650774122443060e+00,-2.704676906330834463e+00
1.000000000000000000e+00,-1.671721646075781109e-01,8.531776078642854255e-01,-2.291847730198471211e+00,-6.205798286823756449e+00,1.698682377598225379e+00,3.764698526463100769e+00,-4.114739482655393132e+00,-2.925102148118271295e+00,9.990216198907664324e-02,-3.935523330050679780e-01,-3.697505506029538092e-01,-6.997111393571719962e-01
0.000000000000000000e+00,5.175933372049157377e-02,-1.398139974339720260e+00,1.351737820119360611e+00,-1.545021392241838987e+00,1.831451145112482859e+00,-1.260815310212248352e+00,1.561522528371202645e+00,-2.046897395659014407e+00,1.863771531550403981e+00,1.116094237795541400e+00,-1.002450889395917644e+00,2.196404808219199367e+00
0.000000000000000000e+00,2.116601616570521482e+00,6.688383657411933747e+00,5.556586430499582008e+00,6.038440092377021173e+00,-2.775078757139436636e+00,2.643800538411702483e+00,4.641169482488685105e+00,-2.298279839182530981e+00,4.802443634060010957e+00,-9.737208189323760532e-01,-1.380357639249431001e+00,-1.543811991079240276e-01
1.000000000000000000e+00,-2.205817464709441733e+00,1.631415105214622630e+00,3.776119004565828607e+00,3.537551979252080425e+00,1.021179472958185119e+00,-1.851793182993081821e+00,2.566176484949710623e+00,3.696544756708644464e+00,-3.357762677971568355e+00,1.652763293621640539e+00,-2.091311719478985420e-01,-1.587757547752134180e+00
0.000000000000000000e+00,1.275599227658084978e+00,9.596284261450924724e-01,2.014645412785909251e+00,-1.922666649527930538e+00,2.003187591737430218e+00,7.948636802690512981e-01,-1.212269092902486856e+00,-1.870857404605948515e+00,1.118291705939284952e+00,1.636273388489636771e+00,-7.556938198513711846e-01,2.154843554437064768e-01
1.000000000000000000e+00,-2.006347215115961369e+00,6.449364005084763818e+00,5.521456298247124916e-01,-2.301692139548610516e+00,-9.609083022958871956e-01,-2.078006218742134870e+00,-3.620573294596247660e+00,-1.101805120171554186e+00,2.961397063385097894e+00,-2.528688567624925998e-02,-1.146604364790816177e+00,-2.754388001464637803e+00
1.000000000000000000e+00,2.071307632915309949e+00,1.884261874976057571e+00,1.118173315135436718e+00,1.813947854538038973e+00,-5.441921587727935883e-01,-1.983957297551057097e+00,1.522618262568121050e+00,-7.966129933541301611e-01,-7.673700896696351581e-01,4.910239444337041181e-01,-4.671747195437789379e+00,3.280963009465267533e-01
1.000000000000000000e+00,-1.454354445355686920e+00,-7.118796055604286188e-01,-1.690939205205691076e+00,-3.455111089139367042e+00,5.133304494590957834e-01,1.934323417808737400e+00,6.405633476720229424e-02,-1.883823543646734322e-02,-1.585587092036870871e+00,-7.502071487535266758e-02,-7.726520078276408743e-01,8.658418413971284977e-01
1.000000000000000000e+00,4.509112338712139234e+00,4.294984729253877198e+00,4.976126282286075231e-01,6.925835246403804213e+00,-2.457275575131814271e-01,5.172329248145246527e-01,-7.125507348331128199e-01,-1.913164528059422054e+00,8.341641158461401417e-01,-1.005012549942884803e+00,-1.582339842523269535e+00,-5.475937799810725259e+00
1.000000000000000000e+00,4.009794313493204587e-01,1.983214949208510713e+00,2.816515296945665270e+00,8.152544325080286480e-01,1.957996476422590115e+00,-5.229625790876191171e-01,2.924526256622175691e+00,1.709159323643865136e+00,2.968050852356660663e-01,1.116390825496763384e+00,-2.388920813233028628e+00,-1.235113690535882380e+00
0.000000000000000000e+00,-1.121170951013277239e+00,1.001765625667288440e+00,-1.921391962167974921e+00,1.114266861335129200e+01,-1.292545227096154381e+00,-1.073394335818646628e+00,1.653680482541896701e+00,-2.027756346273614785e+00,-4.367786913202104770e+00,2.043191613700620746e+00,2.136272653700253876e+00,-4.613411477636487845e+00
0.000000000000000000e+00,-1.150650983628440649e+00,-7.182488746169878036e-02,5.021164218528741952e-01,4.726322101650968222e+00,6.088322496907094816e-02,-4.862290551374066627e-01,2.473370692661551740e-01,-4.935072489709107835e+00,-1.023343214949801627e+00,-7.003801009437755631e-01,1.351461704853124779e+00,-5.117566060689116014e-01
1.000000000000000000e+00,-8.377682556944499037e-02,7.678658886913053427e-01,5.548959119988969846e-01,2.222172433671662173e+00,-3.175287825638836381e+00,3.133827565171534157e+00,1.163222283376448285e-01,4.555612051874491364e-01,-5.793815977140992501e-02,1.873407763994451081e+00,3.362916023955712319e+00,1.331047541896626996e+00
1.000000000000000000e+00,-1.234377259372667623e+00,-1.372060921833287317e+00,-2.078571295305331024e+00,-3.243719146638330386e+00,-6.418897718266209917e-01,1.592017358791556703e+00,-1.403254992412426017e+00,2.681370074125422054e-01,-3.472912218870392032e-01,7.423944547023779705e-01,1.584092744053389623e+00,1.367457546794192957e+00
1.000000000000000000e+00,-3.308697838577869810e-01,-3.176944161463859384e+00,-3.782214290100418541e+00,-1.319873268619189854e+00,-1.279675661654498864e+00,1.134315034900339469e+00,-2.170521533744238951e+00,-1.701381780885591333e-02,-2.169183393370446744e+00,-3.483579268902051718e-01,1.910279552386444646e+00,1.038568630631148793e+00
0.000000000000000000e+00,2.236511890291231097e+00,3.674420741456944750e+00,2.587898716283877576e+00,-2.412460148340906496e+00,2.396703252151588082e+00,3.532425830043141701e+00,-5.922869873868186197e-01,1.632454686397111221e+00,-2.619303813739548570e+00,7.533981775219305010e-01,-4.060366370616822707e+00,-2.103080002064403597e+00
1.000000000000000000e+00,-1.282068181662050499e-01,1.355720723568713537e-01,-1.881291060619514344e+00,2.322996351448285424e+00,-8.080060936811238603e-01,2.206393509946538600e+00,-7.542100703031445752e-01,-2.280475075564161624e+00,4.509148789780870192e-02,5.358094084658016065e-02,2.436564168211558634e+00,-1.367689095041707326e+00
0.000000000000000000e+00,-1.473326570033414384e+00,-1.451279367184287183e+00,5.440361890033915682e-01,-2.546625732715929402e+00,2.630604050846432784e+00,2.068733308153782424e+00,-1.532301774925436177e+00,-4.821062649342920281e+00,9.187476955483002694e-01,-9.048630724753425891e-01,2.019854187802759160e+00,9.020009940458135755e-01
1.000000000000000000e+00,-2.345038074284680363e+00,7.851040598926782188e+00,1.607919075631557781e+00,-3.492225686362425918e+00,-2.738795510376602405e+00,-2.774707375696066514e+00,-5.528825996212964888e+00,-1.054772051315754133e+00,1.242253524523294184e+00,-6.792770537614672977e-01,-2.575215435200702174e+00,-1.277381162837096795e+00
1.000000000000000000e+00,3.185321256849082516e+00,1.139970679628380390e+00,9.304726478152169911e-01,7.359781557358243909e+00,3.024278440094902987e-01,-1.446069806340456454e+00,4.056021410919727899e+00,-1.731383472364866893e+00,-4.290209715966451398e+00,1.081788006711059458e+00,-5.615500929045956546e+00,-1.371070348121691040e+00
0.000000000000000000e+00,-3.794404630271840384e-01,4.633476084569905229e-01,1.197266865422561555e+00,2.749958112067451554e-01,7.185890091565478865e-01,-4.154430051348201314e-02,1.818814638962626962e+00,-2.089028972397957151e+00,-2.243017740329298348e-01,8.014575148762481671e-01,-1.695647817356190412e+00,1.121525685788169469e+00
1.000000000000000000e+00,1.464301325983103030e+00,-1.655669982962021392e+00,-3.596294110429125723e-01,2.155368049165017119e+00,2.569015030343197559e+00,1.388139184869186415e+00,2.811182184906942272e+00,-1.532261660359102162e-01,-7.709248828274767318e-01,-6.483070792195970711e-01,-7.742917875719856902e-01,-1.659497867897992140e+00
0.000000000000000000e+00,-1.773536424439401848e+00,3.981354108395584568e+00,-4.629884890942237430e-01,-9.665039791313864148e-01,1.304862288735394449e-01,-8.050157903502945800e-01,-8.278030215903142697e-01,3.453177815991526067e-01,-1.452578867647420946e+00,4.909573915858130633e+00,-1.754821096687007698e+00,-1.893781122549783369e+00
0.000000000000000000e+00,3.888801788961255834e-01,2.343782562896669752e+00,3.541828590170196023e+00,-3.281727381915894526e+00,1.975061182530432058e+00,2.209928204678250019e+00,-3.432653447504232513e-01,-2.252339106725890439e+00,3.792963622248766153e-01,6.660184253072911620e-01,-2.229164358568094251e+00,1.208136237569885196e+00
1.000000000000000000e+00,2.986160775462667338e-01,4.394475102337811911e+00,3.339155403679239686e+00,-5.720410197344019121e-01,4.933831574372186113e-01,-1.109343636535072619e+00,1.512042344654920489e+00,7.046562302852033000e-02,1.822420588610822456e+00,-2.788085999588475694e+00,-4.341099779331859310e+00,-9.400757960741155106e-01
1.000000000000000000e+00,-1.733403196712944183e+00,1.939142037297703958e+00,-1.693099072920051462e+00,-8.354475852304297234e+00,3.732091625652214084e-01,1.964058171234504879e+00,-5.934975871325634422e+00,-2.810364269037181728e+00,-1.058257807316348220e+00,-8.350947492278373296e-01,-1.570526585323457791e+00,7.966054395664048382e-01
1.000000000000000000e+00,-1.467526556552309014e+00,5.728031656894613910e+00,3.018930497918516753e+00,3.429128765310093030e+00,-9.420584681976016395e-01,-2.895218774690490271e+00,7.150208661857961889e-01,3.026298485833515794e+00,9.578307967404684486e-01,-7.746933445737822499e-01,-9.821009944338416897e-01,-3.857372779292132847e+00
0.000000000000000000e+00,3.359802266592335496e+00,1.813829221098765876e+00,1.462626975693800624e+00,-9.489302220999185522e+00,3.018801799875743708e+00,-2.735777264783612051e-01,-4.962035811864166313e+00,-4.286208793735269973e-01,4.742667052496982727e+00,3.761768715972535038e+00,-2.601810921520254283e+00,9.851128593717204396e-01
0.000000000000000000e+00,-5.760604637842638986e-01,-5.409432683312586088e-01,2.577393274293828362e+00,-2.464872615816454893e+00,2.945869889314490564e+00,-2.984753858307585883e+00,-2.636929347974664495e+00,-3.132125217453103350e+00,6.636676058496531194e-01,7.101545329403500251e-01,-4.440781672482168041e-01,9.678001497444304047e-01
0.000000000000000000e+00,-3.225718748582490303e+00,4.086946262103642979e+00,7.041773769017636297e-01,-4.757083115713180099e+00,1.114962155213181649e+00,-1.983627450405508252e+00,-1.152082926613086755e+00,-1.913878505047809320e+00,3.678304386772136558e-01,1.474887811703442075e+00,-3.539800954738700600e+00,-1.025916844638050662e-01
0.000000000000000000e+00,1.238110610283374768e+00,4.969663371657353501e+00,3.519569984717683120e+00,7.926717012566014020e+00,-5.584947958972874549e-01,-1.076534892615911065e+00,2.555609895713319535e+00,2.558766492326345343e+00,-4.578391735381349470e+00,5.676769609434019870e+00,-2.461396508693034502e+00,-3.417491201755835206e+00
1.000000000000000000e+00,7.360283954383292082e-01,1.364906110537136508e+00,3.936928571289979306e-01,2.604117501383524047e+00,-1.114463830865090710e+00,-2.568858783885509034e+00,-9.713909663057722632e-01,5.643716174436450572e-01,-2.104991141993215908e+00,3.908748126165798586e-01,-1.693462743432307294e+00,-9.942987870526112104e-01
0.000000000000000000e+00,-5.010001227087436115e-01,3.840484209578955976e+00,1.418991992829263804e+00,-1.919289931994779597e+00,-1.561614376056563724e-01,8.175351364460257120e-01,9.605895424332674404e-01,-8.756776308376623685e-02,3.275678094068899426e+00,3.100586456422819381e+00,-8.440221062914530226e-01,-4.880453687946806340e-02
0.000000000000000000e+00,1.338236493469986632e+00,2.855974895271896408e+00,4.087278413302264379e-01,-7.024768020164378513e+00,2.347810681522938481e+00,1.853570774061830573e+00,-3.803135242100176949e+00,3.004779845501457380e-01,1.265148893221104576e+00,3.094577602524080095e+00,-2.042544702917137300e+00,-9.269515939146842909e-01
0.000000000000000000e+00,-1.119609570433294898e+00,3.198786814357590824e+00,7.530520675874389225e-01,2.947319851821233669e-02,-8.164753683843124499e-01,1.051371031632941655e-01,1.415310174689250244e+00,-9.857236675662364167e-01,-5.619997096730227071e-01,7.893497612712280231e-01,-2.718793843293061396e+00,1.231679670835678087e-01
0.000000000000000000e+00,1.378785161108730062e+00,3.125043168350534639e+00,1.643042324830697343e+00,3.001086581639880180e+00,-1.288317473540618874e+00,-2.090299343690014133e+00,-1.212180660542212518e-01,6.194585556533289683e-01,-2.579029101059531648e+00,1.610078254152418342e+00,-3.410740158965034130e+00,-8.980318439511270068e-01
1.000000000000000000e+00,-1.313504682006581881e+00,6.546818459475301388e+00,-5.627586847972099182e-02,-4.226426885765269814e-01,2.829728811268239497e-01,1.039811912860737486e+00,-4.437122282095558035e+00,-4.354702773235118229e+00,2.802233875191876278e-01,-5.149059698019534670e-01,-1.026760038608575565e+00,-4.392998054149488851e+00
1.000000000000000000e+00,-1.790328948936921849e+00,8.559747106597163091e-01,-1.820403582509066975e+00,-6.949115861239476111e+00,2.162923516321797468e-01,2.903135379196490007e+00,-2.196025322090013443e+00,-3.972783164672957223e-01,4.623034117660723696e-01,2.365177183844047182e-01,-2.791214986907504247e-01,1.058850502232929980e+00
1.000000000000000000e+00,3.469932832695934444e+00,-3.005151061385020195e-01,-9.571585188795661558e-02,1.720551585945507833e-01,1.509674085595906323e+00,-1.558515380781371196e-01,-1.252836480862307145e-01,-1.227957800455466764e+00,1.679475500173781555e+00,-5.505594335037564679e-01,-1.974571691531302520e+00,-8.890224321049566836e-01
1.000000000000000000e+00,3.070309166168768034e+00,7.665897231276903590e-01,-9.591799987320890342e-01,5.687199753166355620e+00,-2.653026984913355868e-01,-3.670673003231759157e-01,1.166606263531970500e+00,-7.560461847078987496e-01,-5.235334357514839221e-01,7.092163462665860285e-01,-1.120078249184720320e+00,-2.793455071574167725e+00
1.000000000000000000e+00,-5.344946137113596452e-01,6.554493366536670251e+00,1.639360116702193615e+00,-2.779295795036059058e+00,-2.222962200992216530e+00,-1.121253609222625514e-01,-5.224868149783030269e+00,-1.998222578656101867e+00,3.351944260056991531e+00,2.471058309688352050e-01,-8.038323794801593980e-02,-1.086225919465039880e+00
0.000000000000000000e+00,1.726022570536549505e+00,1.240453665287050811e+00,2.970885967249040860e+00,-6.013972463668899593e-01,1.039243593745005523e+00,2.907610033564570484e-01,-5.139334498518772776e-01,1.673108296235974013e+00,-1.829895397922262745e+00,3.125317302910873618e+00,-1.657123729775122456e+00,3.426973857131705437e-01
0.000000000000000000e+00,-1.198340096557317214e+00,2.842233552308860656e+00,2.003978272754155299e+00,1.192907095411105400e+00,2.054489530480741344e+00,-8.958658995908501677e-01,-5.152278147645340534e-01,-3.201601116377078338e+00,-1.053015372738041355e+00,1.008729218902336910e+00,-1.522559777314445917e+00,-1.898400509994736529e+00
0.000000000000000000e+00,1.634186194803080028e+00,4.635943757987502245e+00,3.798269338306520027e+00,1.165250976162338858e+00,-2.669158088407563856e-01,1.349260381029612876e+00,1.065793299075962874e+00,1.657286556208600548e+00,-3.155603665303974736e+00,1.734956134831663110e+00,-4.411811511235017136e+00,-6.629766581683000926e-01
1.000000000000000000e+00,-2.132724146728981474e+00,7.199730486910278504e-01,-4.859134478277173486e+00,-1.882958418481957663e+00,-1.235083873078605787e+00,5.067053485564290138e-01,1.073020998284458294e+00,-2.506948437540873487e-01,-3.240144966342106692e-02,-3.474190916986773736e+00,-2.125806586536708842e+00,-1.296801549480476989e+00
0.000000000000000000e+00,-2.588805490737671633e+00,7.018844909350944183e-01,-8.161992428481943396e-01,-5.981244269098878519e+00,1.215562339226566202e+00,-1.889593813803529532e+00,-9.870297400120919828e-01,-5.257367151884065892e-01,1.017028184085450704e+00,3.949088991984452512e+00,-1.463225126393117526e+00,1.598034485281463635e+00
1.000000000000000000e+00,-3.729843831774839469e-01,3.653122798222599776e+00,9.986682145764120833e-01,-3.307532600549558666e+00,9.092247890120825904e-01,1.306132958438654512e+00,-1.568662024525973031e+00,-8.995344404736751454e-01,3.669586633762726979e-01,1.732674008731205362e-01,-2.259140896806796306e+00,-1.053664325329368712e+00
0.000000000000000000e+00,-1.751387868385538837e-01,-3.211547275013037606e+00,9.735699474981607260e-02,1.215737210445099192e+00,1.080812301826765243e+00,-5.937771403883194132e-01,2.321452127202073612e+00,7.326930460011817914e-01,5.902800838941180128e-02,4.359625297547983225e-01,1.396882108406817480e+00,1.023496101191702312e+00
1.000000000000000000e+00,7.291769460150163695e-01,5.842162935180457595e+00,3.705139818276668162e+00,7.870571070607284447e+00,-2.028226787804376929e+00,-2.654971437780248689e+00,-8.149198187042232533e-01,1.249803247490492319e+00,-1.235381002698178410e+00,-6.155600366952747038e-01,-4.642190147785871801e-01,-4.459252822104502911e+00
1.000000000000000000e+00,3.005313619924836477e-01,2.123264429572125245e+00,-2.105753306662381696e+00,9.342530152935194510e-01,-3.453458539434594243e+00,7.489101361233551080e-01,2.885859412407631108e+00,2.086493976764932423e+00,3.213345848183397635e-01,-3.430151149894480778e+00,-3.099914090489927165e+00,-2.239081674701162150e-01
0.000000000000000000e+00,4.728309829934314035e-01,5.588184855099147974e+00,4.677817013732645357e+00,1.707296389632201539e+00,-2.105099064865979308e+00,-4.819429210177175182e-01,2.714666729432558157e+00,-1.906002960893970588e+00,5.194264179840628159e+00,-1.195716479499123963e+00,-2.249030520188314064e+00,1.078663862257401629e+00
0.000000000000000000e+00,3.064220422969716751e-01,4.552857880893307119e+00,3.425043377578514736e+00,1.601580127381724061e+00,-1.896661851394074727e+00,-1.199626903977052184e+00,3.265835376818138513e+00,-1.517657677459313570e+00,1.812089359884291984e+00,-8.041621551807576207e-01,-4.513442831906841590e+00,1.470689039690487254e+00
1.000000000000000000e+00,3.310234760433435675e+00,8.101917948956205429e-01,-2.938156654955955904e+00,5.043925696755854560e+00,-2.406647703221103107e+00,3.407285415271009477e+00,3.487975367217458711e+00,1.276918229620395806e+00,-2.866298626388932735e+00,-4.112006902882444415e+00,-3.483725334012622632e+00,-2.298963352957526851e+00
1.000000000000000000e+00,-1.496518383535374586e+00,2.658420051470257395e+00,1.389511796871089055e+00,3.350863375765104291e+00,-1.446851419985613951e+00,-4.734300514210379340e+00,2.298603968935275077e+00,2.257543058046243889e+00,-3.794252538761531568e+00,1.747790320615543180e+00,-4.238369732911476895e+00,-3.924910586918242128e-01
0.000000000000000000e+00,3.084443436589994647e+00,5.685198953076905148e+00,2.263850632895585413e+00,5.320201182964025222e+00,-1.235640418037123656e+00,2.318121354227439923e+00,1.452613505108617531e+00,2.345619064667179732e+00,-3.373763306421625696e+00,3.134234756407921818e+00,-3.297932317409146830e+00,-3.477673438038245468e+00
0.000000000000000000e+00,1.131788690799185648e+00,3.829072790098129175e+00,1.015848709554975748e+00,4.882770187258866912e+00,-2.605526435097749172e-02,-2.150501811386185125e-02,7.729419687888030577e-01,2.689338443238281862e+00,-4.692833336017863566e+00,3.406155394124293245e+00,-2.455402044577698284e+00,-4.016768504221945868e+00
1.000000000000000000e+00,-9.336593085522442159e-01,6.951317922328768439e+00,3.652104931290772960e+00,3.541348877146582863e-01,-1.259666951999261375e+00,-8.163434517295653503e-01,-2.519817895011118303e+00,-1.386930587701000750e+00,1.994747778596898335e+00,1.378840099002553998e+00,-6.525470362243797062e-01,-1.718427593399241227e+00
0.000000000000000000e+00,2.070266918299207948e+00,-1.017491869601968024e-01,1.486398346003676929e+00,1.090489267841574872e+01,-6.120469772868564196e-01,-6.817332702112799403e-01,1.535441228038893158e+00,-1.987802617964376406e+00,-3.488589397520240887e+00,-6.467878321497828598e-01,1.090799811947857467e+00,-2.790992993842216663e+00
1.000000000000000000e+00,8.752443864420753616e-01,-9.241682628569796165e-01,-2.716059762947006462e+00,1.834132840996681724e-01,-2.088315700807412689e+00,2.471523505172449120e+00,-8.995837780805662209e-01,2.555442919454149475e+00,-3.856928839658762875e+00,-2.046822000934931385e-01,2.650293025992467300e-02,-1.287948336060488197e-01
1.000000000000000000e+00,1.084762617100243354e-01,1.975999072615938656e+00,-1.717366855037219864e+00,5.030522480888244274e-01,-1.572805464001390874e+00,3.427713607308310317e-01,-2.802046378536726667e-01,6.139066941621109663e-01,-5.639600305338232644e-02,-1.325475554522306920e+00,-1.134513388821559943e+00,-1.584669162659437802e+00
0.000000000000000000e+00,8.081504024899155425e-03,-7.742067906896753726e+00,-1.021530440354779579e+00,2.380061035891720245e+00,6.955023111402687253e-01,-1.766249292488343281e+00,2.504636653315752692e+00,-3.287216196920569322e-01,-1.834032897621755698e+00,-1.558261049587237324e+00,2.229439570231184220e+00,3.406068422308991650e+00
0.000000000000000000e+00,5.646861934450990717e-01,3.101149939304986169e+00,-5.988458373492062670e-01,-5.646215865461075012e+00,1.934718312300688359e+00,1.230668883430719118e+00,-3.594243355221539815e+00,-1.022994540128982832e+00,2.293309187098163893e+00,4.724796118750712814e+00,-8.077588692741777265e-01,-1.392820760243756562e+00
1.000000000000000000e+00,-2.517568469381104013e-01,1.800343474025263735e+00,2.282434338145162833e+00,1.405042484374849465e+00,8.137710569386314985e-01,-2.541032845123101236e-01,-1.650636983241374534e+00,2.433144664273718671e+00,3.262960510746371057e-01,-2.204475659773708074e-02,2.306719836396343482e+00,-2.874615868698998433e+00
1.000000000000000000e+00,3.151127669435030310e+00,-1.585873630927128186e+00,-6.231177191266459303e-01,-1.633003990856428223e+00,2.782404312179308725e+00,1.016536047197974302e+00,1.003350632728060576e-01,1.921950614561965809e-01,2.874366168807173327e+00,1.276317349521205013e+00,1.405412123234461852e-02,-9.996184073740670417e-01
0.000000000000000000e+00,2.992201357112191928e+00,4.135824795403526544e+00,-3.259241659995133489e-01,-5.237873122966122175e+00,1.613025246238657173e+00,7.745255889444401243e-01,-4.543999669995200108e+00,4.837249866321773339e-01,5.607428095023168080e-01,1.438805367212004471e+00,-4.076125832918558345e+00,-2.704999684109785196e+00
1.000000000000000000e+00,-2.437486152314039423e+00,2.706611435404712829e+00,-2.927450637323880223e+00,-8.552689033850237266e+00,-1.353420569513712479e-01,1.438595627716908742e-01,-3.246355616047609249e+00,-1.080085485625577713e+00,2.035918988081840020e+00,-2.315689913070038131e+00,-2.814791255865352948e+00,7.716114459067835440e-03
0.000000000000000000e+00,2.897773034436858630e+00,6.368865025061821727e-01,3.692462411959653856e-01,3.539344374571983920e+00,-8.981431681594158611e-01,1.081242809524958215e-01,-7.410465052158898835e-01,6.151457763597940609e-01,-2.083543720242524877e+00,1.437743272821061735e+00,-7.075717081521937235e-01,-1.116005855351647202e+00
0.000000000000000000e+00,-1.373000258621015934e+00,-2.087028818424792487e+00,9.231632085182717162e-02,-4.053812026285478431e+00,3.286844623627087625e+00,-1.734199271673783294e+00,5.416029654249605585e-01,-2.103335161688076660e+00,-1.156383244993247406e+00,1.770306461224643080e+00,-2.530969933811544337e+00,2.049354061217591116e+00
1.000000000000000000e+00,-1.283731937379963828e-01,5.873066254173683554e+00,1.998913512253675417e+00,-2.138682756715907463e+00,6.578027312254290937e-01,-2.281669739083871384e-01,-1.099544878051892827e+00,-9.244370438693457759e-01,2.261458662326951696e-01,-1.067083658106283472e+00,-4.724084766732662644e+00,-2.107777073932760814e+00
1.000000000000000000e+00,-2.803744912373151710e-02,2.930929260309488971e+00,-2.981317740120737803e+00,-1.233152068589654204e+00,-1.449196120832699108e+00,8.475290167166155131e-01,-1.156395577485082260e+00,-7.510056167563980978e-01,6.100560083999380101e-01,-3.034422676598972579e+00,-2.390091904468421902e+00,-2.231203296332356700e+00
0.000000000000000000e+00,-2.632051615178340409e+00,2.288151269277524769e+00,-2.803731707105726390e+00,-1.947123151768298088e+00,-1.907653581589815683e+00,-2.799507439076904802e-01,-7.757463557170480861e-01,5.479836926108989648e-01,-1.278656718719088925e-01,4.041843324374834623e+00,1.549952374487089113e-01,-2.577105898753553337e-01
1.000000000000000000e+00,9.906704264179155839e-02,4.481371290083926873e+00,3.633306941545888513e+00,5.288443678675069926e+00,-1.079352609334620627e-01,-1.424358848141292988e+00,4.740887773267468575e+00,4.060440584091803418e-01,-1.873026352656877780e+00,-8.307904616670711562e-01,-4.979235046242319385e+00,-1.780198957973652574e+00
1.000000000000000000e+00,2.134680780381453591e+00,1.226807271121963944e-01,6.583636260956804431e-02,5.812230549758620413e+00,5.695415369645417947e-02,-3.092424832789287148e+00,-4.363176404292630206e-01,3.832537456919136165e-01,-4.471794565853570269e+00,2.322948558462608837e+00,-1.897128726038543434e+00,-2.260969873876811143e+00
1.000000000000000000e+00,-1.347972433439568185e+00,7.184656866137384412e-01,-1.061850557827602515e+00,7.550335726487913846e+00,-3.807563589376764757e+00,1.357300155985001755e+00,5.194665376935929224e+00,6.473600743432257332e-01,1.781858519121902518e+00,2.311607065130441008e-01,3.521797277323524433e+00,-6.689780236929832036e-01
1.000000000000000000e+00,2.647780990358306497e+00,-1.449714112558465828e+00,2.100854736328783279e-02,4.876827611580929478e+00,1.385449914512176139e+00,-2.569896007600487309e-01,6.182160867562835893e-02,-1.149472400047202303e-01,-4.762366500110809753e+00,2.963786762224438931e+00,-7.451888196851249591e-01,-1.718977140728881636e+00
0.000000000000000000e+00,-2.442820418626601153e+00,-4.511657474634002796e+00,-3.913666219675023150e+00,-3.094344526470822032e+00,-7.844539051809173991e-01,-3.855684699670839599e+00,-3.335850838135245855e-01,1.598847745799196751e+00,-5.049210051454362524e-01,2.267951341341453819e+00,1.106974200319503776e+00,2.836745086380925596e+00
1.000000000000000000e+00,-6.613379252776163675e-01,1.007011928227918629e+00,-3.720626450762165582e-02,1.370034813779251959e+00,7.641516405101465015e-01,-9.132905017887351651e-01,2.468752996473053685e+00,2.698610246034843563e+00,-1.335698790290224203e+00,2.956110839083750719e+00,-1.211851387024756255e+00,-1.590870818621116234e+00
0.000000000000000000e+00,3.597665191520110994e+00,3.913068831180149143e+00,2.692799342663883877e+00,1.136350257349620030e+00,3.568793563820620296e-01,2.361631772374289007e+00,-4.350613385163376590e-01,1.238925455667478470e+00,-1.506396339779573657e+00,1.968922893230520277e+00,-2.990189435369946303e+00,-1.864499141339822863e+00
1.000000000000000000e+00,-1.255039336921520476e+00,3.202351762264344259e+00,3.486552706461844231e+00,9.834540441804509037e-01,1.015307511452395506e+00,-1.226611641583394752e+00,2.943822134383482059e+00,2.298209721416439866e+00,-1.287656875007274326e+00,6.255833999295097314e-01,-3.021015467140009125e+00,-1.013415476830311857e+00
1.000000000000000000e+00,7.701428911365972851e-01,1.803742765802846648e+00,2.892765862596811566e+00,2.169619673647913416e+00,7.303555420669841647e-01,1.300627018323963213e-01,-2.438500446855746961e-01,1.460259509921232546e+00,-1.597019275204270894e+00,1.941117776860196376e+00,5.560917481440763588e-02,-1.430875688727877071e+00
1.000000000000000000e+00,1.368152722480537875e-01,3.266535587061790480e+00,6.883956877582475542e-01,4.860083448065416256e+00,3.004436380396968698e-01,-1.088490696162644156e+00,2.187490052361363624e+00,1.070908754000668317e+00,-3.147289332046261379e-01,-1.325626506799925775e+00,-1.660795395471160507e+00,-4.287367369130826056e+00
0.000000000000000000e+00,-1.792138992468950143e+00,2.180901994392294263e+00,-1.300115618547839080e-01,-5.543306823883427548e+00,6.201638925781515210e-01,-2.448804599985441754e+00,-7.717214421399365420e-01,5.499183767709001636e-01,2.743825912265639211e+00,2.191707787302922483e+00,-2.163934733576638791e+00,6.954026736928844432e-01
1.000000000000000000e+00,-1.331010510268182845e+00,3.584014174386456197e+00,3.449777651020985658e+00,2.566764643808269408e+00,8.292658398304506573e-01,-1.170445411689081672e+00,-3.758901019645928265e-01,2.972654481788826963e+00,-2.413806198553776206e+00,9.560328339888899407e-01,-5.573406803480418503e-02,-3.244384257899033841e+00
1.000000000000000000e+00,-3.166133785647897714e+00,2.273347396686453692e+00,-2.191589657869288388e+00,3.783213850512482379e-01,-1.339909200698180758e+00,2.168783782722745190e+00,-4.944633725661151669e-02,-1.804578755767421772e+00,3.932792567683542906e-01,2.055679903613227832e-01,1.956976450990040917e+00,-1.507210980025079250e+00
1.000000000000000000e+00,1.631904804184743707e+00,-3.104080736389039252e+00,1.092244993058239189e+00,-1.166922840135387718e+00,3.346669444504863034e+00,8.769227790767637476e-01,3.093689472791651074e+00,-1.909704321540981464e-01,-1.340338494086399379e+00,7.462760629066285123e-01,-2.412234820178126071e+00,1.677199934494103761e+00
1.000000000000000000e+00,1.018764150969964755e+00,1.579866597695997354e+00,1.928387526466090351e+00,4.778768934857010819e+00,-1.596872165287271272e+00,-3.738714042218810540e+00,6.305395830190199113e-01,1.803733132261738925e-01,-3.018321751171977763e+00,4.282900549308108484e-01,-3.037091297403794243e+00,-7.242124110172565299e-02
1.000000000000000000e+00,5.404822522907353211e-01,2.562245713848014805e+00,-8.475171745505929444e-01,1.685466640761983381e+00,-2.924310827460466111e+00,-2.102635563617295755e+00,-2.932006993042105769e+00,2.031256803581318326e-01,1.082163212267595043e+00,-8.202646517008044258e-01,3.410053283624017162e-01,-1.490174503748427970e+00
1.000000000000000000e+00,1.502373154484384798e+00,-1.127762474799034242e+00,1.502451907149989996e+00,-1.096838187918396157e+00,2.267054373213783336e+00,-2.368593643357183254e+00,-9.510779114217484675e-01,6.779455793267364916e-01,-1.341165630701989908e+00,7.647528760549844318e-01,-2.100530088643957516e+00,1.607131470051783584e-01
0.000000000000000000e+00,-6.848265160390660800e-01,-5.672670000191448736e-01,2.047578390789678959e+00,1.030031066825350533e-01,1.968277673564446273e+00,-2.357824451996923365e+00,-1.716323698464424563e+00,-3.019467516685668595e+00,-1.244998181295587703e+00,-7.080378415419275040e-01,-5.772480800431417647e-01,3.786668772231565061e-01
0.000000000000000000e+00,-2.287505027796222556e+00,-1.257046091805140264e+00,-3.867780017209295096e+00,1.931845055721530979e+00,-1.618573055475833744e+00,3.237047069715881520e-02,3.770535383648139227e-01,-1.284624923088666382e+00,-3.871901498588726120e+00,2.915604244365830322e-01,2.612482698814209137e-01,-1.064290216163086278e-01
0.000000000000000000e+00,2.934535860235351734e+00,8.747646652767266939e-01,2.838204268147764164e+00,3.079368375418154447e+00,1.350569377037597274e+00,1.189534988533998972e-01,-1.029171550363350285e-01,5.026347674712687841e-01,-2.173678773661151364e+00,6.527241990399073046e-01,-1.540993904543726645e+00,-1.476301509508513465e+00
1.000000000000000000e+00,2.216077415997133038e-01,1.749652788838610196e+00,-1.500296517999367918e+00,-4.602567693605505106e+00,1.195255858133650317e+00,2.647132612626041936e-01,-1.011938531958829657e+00,3.797183612822485621e-01,-1.315371718706545234e+00,-2.246677394308392639e+00,-4.915250494667285253e+00,-1.092439508915270086e+00
1.000000000000000000e+00,-1.240200681667742444e+00,6.949810978894740643e+00,-1.958916907372697525e-01,3.119273906876431912e-01,-3.012313131270545341e+00,1.822756014685945614e+00,-1.428037816387034642e+00,-1.901236623806089376e+00,2.430929630403920960e+00,-1.418660436897303700e+00,-7.835168264726641851e-01,-2.448656288778870760e+00
1.000000000000000000e+00,-2.147750725008663153e+00,5.501368746083348249e+00,7.145282504623096109e-01,-2.584743256305972015e+00,-1.725003536989668573e+00,-1.057637332055763935e+00,-3.430357352913252500e-01,1.870569562290984589e-01,1.362846056145039064e+00,-1.364865510366800372e+00,-3.341448279277629219e+00,-6.322707628692347814e-01
1.000000000000000000e+00,-2.648197704121625140e+00,-1.504459262089566485e+00,1.040196455207735848e+00,-8.036950624906379348e-01,1.800523554653586267e+00,8.468744929574822944e-01,1.978637287713509441e+00,4.022705697882611453e+00,-8.231782135802589995e-02,9.709874014997370573e-01,3.223251179684679890e+00,-6.106594510364951045e-01
0.000000000000000000e+00,-2.348983828236167248e+00,-6.659050098765993297e+00,-2.867261664622354989e+00,-3.539236523163328041e+00,4.200788169135106997e+00,-1.180924261223852190e+00,-4.333119739619080146e-01,-3.200949894329487844e-01,-2.174363719627026459e+00,3.165403521019698019e+00,2.559897890828584543e+00,1.258542332179202194e+00
1.000000000000000000e+00,3.116175256100678137e+00,-5.564333321843238922e-01,2.135801062665663164e-01,-1.953922887185125523e+00,1.323448076553484398e+00,2.209603892288020788e+00,-1.396914506255916955e+00,-1.432679653787167773e-01,1.102859331617308314e+00,3.239788299164831464e+00,2.973303556379478518e-01,3.365580923605422381e-01
1.000000000000000000e+00,-7.079815243134168767e-01,1.232701836401155715e+00,4.268601221164018966e-01,-2.561140750060804105e+00,6.138060236007514270e-02,6.785044372737514262e-01,-2.630395778451358524e+00,5.876586785457327267e-01,-1.207229600194462016e+00,1.918625929920953155e+00,3.610304305788993862e-01,2.186664426148876572e-02
0.000000000000000000e+00,1.849270945405748101e+00,2.023477225729914508e+00,7.401219907948730636e-03,-3.615693675637567939e+00,1.289032109698846629e-01,2.485377785578533505e+00,-1.551268227758649587e+00,-1.622654281794333464e-02,1.936561357540288242e+00,4.699840621961962839e+00,-4.227490599474610367e-01,5.129385161446675667e-01
0.000000000000000000e+00,5.660328410073536265e-01,-6.160743973520214078e-01,2.587995695190850043e+00,-2.847107105002246286e+00,2.012756707696232716e-01,-3.389220154714807975e+00,1.831758291879936440e+00,-9.698217399914421666e-02,4.991111508839376043e+00,1.182737477613751143e+00,-1.430884540342272748e+00,3.860695927494881108e+00
0.000000000000000000e+00,-1.020208381980741263e+00,-5.528760953234253955e-02,2.157637874138256695e+00,-3.702697694247311766e+00,3.228485739745430738e+00,-2.059288185139201310e+00,1.124964632614462667e+00,-4.786766652303153791e-02,4.946296685347689737e-01,1.089534824266509272e+00,-2.759355498746439483e+00,1.025737832401104610e+00
0.000000000000000000e+00,6.865491224300783735e-01,3.266725480768720491e+00,-3.654856499493963629e-01,-6.464459757106099325e+00,2.530247156336995484e+00,2.690285021363640894e+00,-2.189491565527455830e+00,2.260346749076676431e+00,-2.422612916123653148e-01,5.039243098044337010e+00,-2.313764330877158937e+00,-1.906013475203289786e+00
1.000000000000000000e+00,7.434890178927644477e-01,1.490657573148895576e+00,1.787630104660691277e+00,5.436428037237647004e+00,4.786566430875721645e-01,-5.271877999935989934e-01,4.234423164267660411e+00,-3.229040077623828164e-01,-2.366433998313576481e+00,-1.281210468014870152e+00,-3.333969765520563122e+00,-1.538461122417798421e+00
0.000000000000000000e+00,-5.349875239054689979e-01,-2.829539709190209695e+00,2.714487990149154761e+00,-3.360648280562278600e+00,5.447996118144883049e+00,-1.185885157060422745e+00,1.172161285270504560e+00,9.029816952788227713e-01,1.461706926625893299e+00,1.270773214836974363e+00,5.245140673048478419e-01,3.783416356357710564e-01
1.000000000000000000e+00,-5.443196413360886776e-01,6.410416942961093767e+00,1.435511019628062268e+00,-2.194825243146244720e+00,-1.325751647553469859e+00,3.195204194039785728e-01,-2.044893122288974574e+00,-1.227633203443537324e+00,1.729470731139256534e+00,-1.123106095125536275e+00,-2.939004355494903464e+00,-1.441828194523093076e+00
1.000000000000000000e+00,-6.929897923858296949e-02,9.969369048550509316e-01,9.111058182709746989e-01,3.788901312693404133e+00,9.149347157123961516e-01,-1.797757187031083337e+00,3.662816798458485401e+00,1.525771449905124033e+00,-1.372481134710994199e+00,1.586109565478642791e-01,-2.360928103969855307e+00,-1.957459106102229063e+00
1.000000000000000000e+00,-1.241623673645335657e+00,1.177878590009334703e+00,-1.221334763665997025e+00,-3.766448724492663658e+00,2.787949971771113145e-01,1.235527790975465168e+00,-1.280141217988840507e+00,-1.772273398975484415e+00,1.666561961505561129e+00,-5.316907415141731708e-01,-3.016234271063817918e-01,1.242851091471324221e-01
0.000000000000000000e+00,-8.762911278365779211e-01,9.001188790784174776e-01,-2.609061801765257815e+00,2.583217788516462221e+00,-1.246237723144005827e-02,-2.196173924096747054e+00,-2.178109274832117581e+00,-4.098708630246084894e+00,-9.886209535119945269e-01,-7.977836442054755395e-01,-3.747146042862142812e-01,-2.611912065571423192e+00
0.000000000000000000e+00,5.188973529671081497e-01,1.060726948053718616e-01,1.559411214306979154e+00,1.359331151673848881e+00,-1.096790579906345098e+00,-1.287484267977712538e+00,2.678017920342240288e+00,-2.740269583570063450e+00,2.505739091725861734e+00,5.786347797579415309e-01,-1.282346774708743586e+00,2.947990002555656908e+00
1.000000000000000000e+00,-9.813580070207309491e-01,1.918582584569031857e+00,-1.810359895693633536e+00,-1.365865078650923436e+00,-5.348712448299897115e-01,1.553565174050712150e+00,1.582431204402146907e+00,-1.745963951011703763e+00,4.282179027010074357e+00,-1.699968303472514153e+00,-1.510155904514242087e-01,-7.796119004121044860e-01
0.000000000000000000e+00,-3.276710984676874272e+00,-6.971317783973425275e-01,-8.067951928622758562e-01,-9.564675771305255481e+00,3.389790317532034081e+00,-4.953980132280895177e+00,-2.674952437205461830e+00,3.935288573458531225e+00,1.150859384220392245e+00,9.107071517942318950e-01,-1.929760060217265760e+00,1.833860255183805688e-02
1.000000000000000000e+00,-1.760577851780557257e+00,7.593818059031533174e+00,1.932180968755332628e+00,1.917088690254576067e+00,-2.252434732173900223e+00,8.202652826917790074e-01,6.043374315889447068e-01,-1.237890714263455427e+00,2.621620377904343879e+00,-1.516466189794687391e-01,-1.007836397794333205e+00,-2.543428397984964118e+00
0.000000000000000000e+00,1.108479366171414071e+00,-2.601092339268589626e+00,9.529408351032202518e-01,-4.520360348770501718e-02,1.148900322093126647e+00,-2.510080687377275188e-01,2.736054373681893637e+00,-2.427974174489206938e+00,1.641451456388476338e-02,-9.762090155850742246e-01,-2.148589039867503381e+00,2.977735999502653996e+00
1.000000000000000000e+00,6.526824710996357304e-01,1.385722411230576157e+00,-3.124354049919263243e+00,3.883727384614761302e-01,-2.543741127871312457e+00,2.709086753396628744e+00,-2.545000811699551502e+00,-3.540355275798211743e+00,1.530315840924419968e+00,-2.564660129833405300e+00,1.207485583731480183e+00,-9.040859285336739770e-01
0.000000000000000000e+00,6.188362296237712723e-01,2.675409817613520147e+00,-5.257773572135016060e-02,-8.299341421941230479e+00,2.272303784649598146e+00,1.960724726545026941e+00,-4.233361070721123554e+00,-4.126794652864417268e-01,1.163677907363781294e+00,2.297594544521637250e+00,-2.268583417577666239e+00,-3.628023745554803670e-01
1.000000000000000000e+00,1.545895722375939751e+00,-1.604588389759854239e-01,5.881186675533508490e-01,1.069161419301195348e+00,7.218999025122467827e-01,-1.520197068093318560e+00,3.528177122007205124e+00,8.863063381744107350e-02,-3.088388060410960367e-01,1.091550397722427679e+00,-3.978177258223827728e+00,8.854830830398854324e-01
0.000000000000000000e+00,-2.355471559520648572e+00,1.715784544295717029e-01,-9.773821697408640041e-01,-1.906324073799534169e+00,1.305727606834110377e+00,-2.887170789894077938e-02,-2.569170020468032334e-01,-1.386117921941789177e+00,3.032849014713023816e-02,3.942333895837696112e+00,9.639173572994923500e-01,9.808213289821843262e-03
1.000000000000000000e+00,-1.335124971260392090e+00,-2.691895507342394467e+00,7.918486649068476879e-01,7.545370864777628306e+00,3.137560113614920043e-01,-2.536435266851353010e+00,2.554065885119025658e+00,3.135863767410663083e+00,-5.808815417049293828e+00,2.033487224948371530e+00,2.130638038233647613e+00,-1.514237746800485063e+00
1.000000000000000000e+00,9.249614267812678037e-03,4.446654948448848899e+00,1.399534246349138478e+00,9.820069024321187445e-01,-2.583237006257116164e+00,5.999712894188724555e-02,-3.948510247313585353e+00,1.543207282353736165e+00,-3.193009557404441701e+00,1.546599054281654340e+00,-4.174218084233904946e-01,-1.501913823309382057e+00
0.000000000000000000e+00,-4.801697735522458821e-01,-2.590550840439504565e+00,-1.213943115533858474e+00,7.701906728758323162e-01,-6.679220857051142435e-01,-5.475637557822378154e-01,1.329208062764107190e+00,-7.274890708811523332e-01,1.601375824819059268e+00,1.879526863685355931e+00,2.353242911822842398e+00,1.902291686132246529e+00
0.000000000000000000e+00,-4.227842096422604889e-01,1.016868016807746855e+00,3.065379425900080168e+00,5.465516400466569280e+00,1.080975180939401925e+00,3.583886222527357113e-01,1.541909221628440019e+00,-1.070631008610434920e+00,-4.651350734460795167e+00,-5.195423791723059459e-01,-7.345126964763549759e-01,-1.554697470446929852e+00
0.000000000000000000e+00,-1.039986536443842535e+00,1.723363139967824420e+00,5.019023717043185506e+00,5.193745718408902867e+00,-4.475244160705640351e-01,-5.714433621465426771e-01,2.821464907402739364e+00,-2.869372860392370050e+00,-3.162005860992055606e+00,-1.060989393788999369e+00,-1.775723515970702104e+00,1.537387265734950770e+00
1.000000000000000000e+00,-2.640445519414045705e+00,7.098625146391446705e+00,6.954975583237981152e-01,6.028633204270660073e+00,-3.219891636069475371e+00,-1.597681566473529990e-01,3.655205968145879503e+00,-3.583420701806923070e-01,1.814214501164665760e+00,-9.650292347421679517e-01,-8.480106147067691946e-01,-3.619059984720956802e+00
1.000000000000000000e+00,-1.870516339821116425e+00,1.657027777877598584e+00,1.605984031664463796e+00,4.016098479444975666e+00,1.254855362516419159e+00,-8.770489977748886501e-01,3.570106055024101721e+00,2.404343077571923004e+00,-3.995044508292120433e+00,4.163835346205977395e-01,-1.830999741457525865e+00,-2.642083741631927829e+00
0.000000000000000000e+00,2.357189648764570933e+00,1.298575498950027551e+00,-2.785524084523423038e-01,4.275732017508000027e+00,-2.249447956412746752e-01,2.635074116633462360e+00,6.392234184342231451e-01,-6.146398653552300750e-01,-2.527576157520390776e+00,-1.379842244443445498e-01,-9.192148502522363707e-01,-2.430889153181164275e+00
0.000000000000000000e+00,-4.154590779706127668e-01,3.966366530606484364e+00,-1.291246459265704694e-01,-3.975908341771893229e-01,-3.398266139789868134e+00,1.580422804028966954e-01,1.136617593031329365e+00,-9.717005728901662032e-03,2.604418024394410835e+00,2.032256179032088106e+00,-1.396656549134078329e+00,1.112368139333743455e+00
1.000000000000000000e+00,1.098350486151271621e+00,1.243597609014728489e+00,1.389861403973413623e-01,1.567350695610066680e+00,2.084787330272285466e+00,-2.192822155142579721e-01,2.432360873613061969e+00,5.415482105411744129e-01,7.842585220881506114e-01,-6.149061728983986619e-01,-2.252995737025386802e+00,-2.863117564134103787e+00
1.000000000000000000e+00,-6.084774979535927386e-01,2.870511640996783687e+00,1.752981602563352226e+00,3.185971908761583649e+00,-3.503864489846508778e-01,-1.927138437638670432e+00,-1.289379691195194688e+00,2.431785172088844149e+00,-4.147840980392764054e-01,-2.722647643246489668e-01,1.110027245984586131e+00,-3.471200928442025990e+00
1.000000000000000000e+00,-3.559965874973896049e+00,4.001819200145373401e+00,1.477034187736194770e-01,2.819562502877622112e+00,-2.976082586786386486e+00,-2.014234130584227511e+00,1.940717712104691461e-01,6.825036466918035227e-01,-2.563878716021417148e-01,8.187206942680302912e-01,8.480294410543678385e-01,-1.439719005603143254e+00
0.000000000000000000e+00,-2.868681963143708824e-01,2.635640516305354897e+00,2.747353000955945923e+00,-6.933328003706733522e-01,-1.170323501357982465e+00,-2.094503822482575828e+00,1.616671176140444643e+00,-1.836656867153787731e+00,2.583982953963048335e+00,-1.601578480420361217e+00,-3.291123238391510331e+00,2.242075985047413234e+00
1.000000000000000000e+00,-3.375420011729868275e-02,5.035750653725634685e+00,-3.241690662431383485e-01,1.009931139256552868e+00,-2.702661000622598841e+00,-2.036342941981761356e-01,1.418047594249027821e-01,1.419078454941546052e+00,-1.038321963337418108e+00,-2.233886290273819242e+00,-3.816902453520456540e+00,-2.057614267992054380e+00
1.000000000000000000e+00,-5.067213205111977814e-01,-8.576906207282477546e-01,-3.768022955137906305e+00,-3.984561037157425378e+00,-4.009668791360496698e-01,2.929592036392178134e+00,-9.973685120777943114e-01,1.373305064043229606e+00,-3.321005544661377762e+00,-1.205658573131577871e+00,-1.648648676304249605e+00,6.297446388278449270e-02
0.000000000000000000e+00,2.208557064170146855e-01,2.276869614573058698e+00,1.118136458091859797e+00,3.540734891093415548e-01,8.875381211391925040e-01,1.727387964093914707e+00,-1.989370897483462297e-01,7.209399649844547842e-01,-3.559640895486178458e+00,6.394916223599944605e-01,-2.147784784232440902e+00,-1.701713202262451263e+00
1.000000000000000000e+00,2.717408499712665737e+00,-2.992936565302760865e+00,-1.080521274812309418e+00,-3.250479193856469440e+00,3.084496857657988755e+00,-1.908256448251366422e-02,2.116336547645827793e+00,-7.327442220057422961e-01,9.349416960399004051e-01,9.535423770467983395e-01,-3.541937525506600792e+00,1.560792266731280797e+00
0.000000000000000000e+00,1.324115746974652508e+00,3.607584774988699117e+00,3.668342438754747192e+00,7.546804398771580935e+00,1.000462932001623395e+00,1.847863523770680416e+00,1.371822581540153685e+00,-3.364390549967199107e+00,-2.752165670254474783e+00,-1.844506290316016095e+00,-1.276271092522702544e+00,-3.537787506456879338e+00
1.000000000000000000e+00,-2.680586914648318775e+00,6.580348020894891903e+00,-4.456935066600434814e-01,-5.441847817363998807e+00,-1.688243763325637525e-01,-6.684652333309373251e-01,-1.512659947429382257e+00,3.318805228929475604e-01,3.524392771526854151e+00,-7.720338565944038223e-01,-3.042144383856317802e+00,-2.504445254869988702e+00
1.000000000000000000e+00,-9.703891402240705233e-02,4.124854495477535465e+00,1.718556985597956110e+00,-4.623041575886250421e+00,6.031536981280143372e-01,2.875462258031410645e+00,-2.180734412331798433e-01,-2.261269421685220493e+00,4.567634019909969645e+00,-2.079973952567483186e-01,-1.429822364065405971e+00,3.532638402444774339e-01
1.000000000000000000e+00,-3.179575738000260277e+00,6.490479069129039047e+00,2.072219785840851980e+00,-8.878636898529871146e+00,1.086771750569756279e+00,-4.705217048527241097e+00,-4.224256465795345861e+00,1.748453729044467497e+00,9.126236270684129348e-01,2.690944001137156594e-01,-5.711704643768006129e+00,-8.996332242726847728e-01
0.000000000000000000e+00,1.207901308805038543e+00,5.697830461806681068e-01,-1.326870758561564667e-01,2.257825224530694896e+00,-2.657070793937592601e+00,1.524248274810384274e+00,2.700306611729093476e+00,2.230845850100362515e-01,2.031367792896055402e+00,1.313524764999878025e+00,5.315944314910139301e-01,1.499172151398581843e+00
0.000000000000000000e+00,4.710045867110207674e+00,2.483443972786589349e+00,7.296344228476374649e-01,5.924921052948668887e+00,-8.824434078231104817e-01,3.213627143062935065e+00,5.395971747076393488e-01,-1.728952843691874408e-01,-1.861319190836889792e+00,-1.036459576819575901e+00,-1.638267913420924593e+00,-3.173425795553030504e+00
0.000000000000000000e+00,1.489610994454311221e-01,-5.331371163580647554e+00,7.768431201100045591e-01,-3.198561107123345515e+00,3.220064960948394450e+00,-2.080413761014859197e+00,1.256715796793142603e+00,4.133054970116740723e-01,3.686639564881237785e+00,2.289248611718627480e+00,2.420929381501627287e+00,2.974609365204366362e+00
0.000000000000000000e+00,2.326133778187211121e+00,-1.815480913545642672e+00,1.193340610711905780e+00,-2.519908269530874101e+00,1.712190102720635654e+00,7.073096514716381567e-01,-2.113144641574051796e+00,1.789145135092218286e+00,-1.314144090298583700e+00,1.344911526271170832e+00,-4.788057758704900024e-02,7.622168816346650555e-01
0.000000000000000000e+00,2.250423211312858385e+00,-3.293526021798190984e-01,-2.888024330071516932e-01,5.154004915022723843e+00,4.558364015466120911e-01,-1.835784218853442340e-01,-7.123708845527739753e-01,-2.644819135488233997e+00,-1.488075510550136427e-01,7.840457018125943645e-01,1.343690276845905363e+00,-2.195041793091603743e+00
0.000000000000000000e+00,-4.828729192422325234e-01,-2.356413892946294941e-01,-1.436136235829510888e+00,-1.630717064206506084e+00,-3.635992390147206876e-01,-3.949367629715198058e-01,1.088883729804006162e+00,1.333886157340337775e+00,1.560409382043369764e+00,3.322310832856720797e+00,2.613565830489987807e-01,7.572892142208755839e-01
1.000000000000000000e+00,3.044829664056655893e+00,-4.555590893916776629e+00,-1.340425394299339157e+00,1.527184938467839759e+00,1.155304465726796348e+00,-1.272273670107459953e+00,-4.281980485343339637e-05,-6.500657475506363969e-01,-1.603330482895429121e+00,1.352825429460239759e+00,-2.754206351574700617e-01,1.182466617987431245e+00
0.000000000000000000e+00,7.487748866543968429e-01,-1.873245945055598272e+00,3.919430351389858735e+00,5.203547087537111260e+00,5.340077816166949320e-01,7.867560236501507376e-01,3.638748550274794713e+00,-5.734150863827040645e+00,1.051201925406085369e+00,-2.074901603316678500e+00,9.131673016408798915e-01,2.933708974302590367e+00
0.000000000000000000e+00,7.227210339680099072e-01,1.136194037456330408e+00,1.724954991487930966e+00,3.526448339648969643e+00,-7.259811944275234019e-01,1.806112734098685113e+00,3.498366584011961322e+00,-4.316302601616792245e+00,3.664675052898291874e-01,-4.097653824963349845e-01,-1.606868258543136641e+00,1.583753923493657290e+00
0.000000000000000000e+00,-8.478875039253147561e-01,3.653614130870549648e+00,1.916196202996635956e+00,-1.080220752039210419e+00,-6.584966750892224940e-01,-5.293244415343694165e-01,1.085292240797643304e+00,2.533468725344509842e-01,3.761388733171153298e+00,2.333629008608529620e+00,-4.245305763564725110e-01,1.687757762572512643e-01
0.000000000000000000e+00,4.445853752546737425e+00,2.778439689932968193e+00,1.598928029419526275e-01,4.647457968630466785e-01,-2.653969228692263371e-01,2.406197508718180167e+00,-1.440070539343869527e+00,2.025029627846595126e+00,-6.694897450281680484e-01,2.354227712943882000e+00,-2.093449960728491099e+00,-2.283866691535079596e+00
0.000000000000000000e+00,3.173869667943425288e-01,3.396620426645018398e-01,2.035020774232116914e+00,-1.273664075674318275e+00,7.499329699216858991e-01,-6.237805241550187230e-02,1.479957234024272150e+00,-5.409237368514341338e-01,3.852559505352426417e+00,1.025515706172742902e+00,3.634937136458864515e-01,1.403167118653335432e+00
0.000000000000000000e+00,2.559530262684760693e+00,1.509270826928440501e+00,1.775818102811769439e+00,-5.686448013539420643e+00,2.039133247309679042e+00,3.656925086396592306e+00,-1.534034166535347410e+00,1.907359859361030807e-01,1.187688796785529632e+00,2.249939048292118215e+00,-1.922786491165023204e+00,8.864161970141981595e-01
1.000000000000000000e+00,-1.948482187616505712e+00,2.455735799896103355e+00,-6.340354205274556509e-02,-7.260360427068459188e+00,8.749083151830632232e-01,2.376756370671445850e+00,-3.151220809622951258e+00,-6.238182726229395403e-01,-7.872721687855499528e-01,8.612793012320167918e-01,-1.506776584367523597e+00,6.757989827798611682e-01
0.000000000000000000e+00,-1.244270945548694218e+00,2.916495904762952396e-01,1.073864827678891798e+00,-1.116539095549348826e+00,2.167810901213222508e+00,-1.061339134219640989e-02,-1.747527912124610339e+00,-1.565031482413635100e+00,-2.451610251568279608e+00,-1.334424370981979191e-01,-4.821111790843127798e-01,-7.759739807039542914e-01
1.000000000000000000e+00,4.170719397088205049e+00,-3.734477799427610822e+00,-1.515847187447286970e+00,-8.911471232433013645e-01,2.133739046374372172e+00,-2.894442681105087178e-01,-9.447466646021795977e-01,-7.059318669943965840e-01,-1.856769491123638094e+00,4.399274707652876870e+00,-1.645707402727868196e+00,1.227621065157840086e+00
0.000000000000000000e+00,1.736336529070658496e+00,1.759510605954132112e+00,2.630028235489120014e+00,1.576024656371805888e+00,1.141225319947465788e+00,5.502491233203444798e-01,2.551538374275434951e-01,6.016648240972408690e-01,-1.840116769521266793e+00,2.335707928420307944e+00,-1.622297897828429702e+00,-9.575409751166632510e-01
0.000000000000000000e+00,-1.414324853657235259e+00,-2.980883602712595115e-01,2.044265050177704879e+00,-1.398962327269428707e+00,2.323311769854457864e+00,1.075485688492777259e+00,-7.147471516986745321e-01,-2.793446938783344713e+00,-1.122277343520672765e+00,-2.595691555513157667e-01,3.672742734327911762e-01,6.725977109854952563e-01
0.000000000000000000e+00,-2.139176675513560610e+00,2.533045517706929317e+00,-2.527800278985811389e+00,-3.528193936281732057e+00,6.789421330071123695e-01,2.864040488534660867e+00,-2.408637339841450675e+00,-2.426530375795735495e+00,-1.913618942131996903e+00,-1.155429443835209735e+00,-1.391476967594631464e+00,-1.979516437737684598e+00
0.000000000000000000e+00,7.159163220812705397e-01,-1.591600734504770021e-01,1.234810532656602788e+00,-3.120507871899423691e+00,2.476156466079295626e+00,9.697010240967562922e-02,2.310371501744731937e+00,-1.038902217141551843e+00,-5.211547651827241889e-01,3.159220322634764822e-01,-4.638226478690787857e+00,1.685263912583723211e+00
1.000000000000000000e+00,-7.833090462855694103e-01,3.507215933990952106e+00,8.873473093679495882e-02,1.768309331812958074e-01,-2.083708065815081500e+00,-1.176708844636142448e+00,-2.328957410443019960e+00,2.354337877215022523e-01,5.674860017574417936e-01,1.397273845795012903e-01,-1.045024662560875006e-01,-1.252769888385005359e+00
0.000000000000000000e+00,2.242650299440935413e+00,1.925001646764569641e+00,-1.356231883467237775e+00,7.822137580150771541e+00,-2.553635333143246644e+00,1.271847673266929046e+00,6.451441401847899382e-01,1.528277591057038975e-01,-2.970958835616688720e+00,1.858560849105184154e+00,3.957209050784902260e-01,-3.125294115107625448e+00
0.000000000000000000e+00,-6.822219400801539102e-01,2.733652277454418300e+00,1.337325043369480548e+00,1.265485397143864821e-01,-7.363501817842059705e-01,5.715704182253700250e-01,1.358530311497607279e+00,-2.147601011047517439e-02,3.911187312280364647e+00,2.824654932002302665e+00,1.324426269613791174e+00,-3.589649965362862183e-02
1.000000000000000000e+00,1.442003474253827244e+00,-1.336554511303494674e+00,1.911534857271318000e+00,2.673998648311948667e+00,2.013902493547721217e+00,2.632484289442706515e+00,1.990907638433194293e+00,2.579579090413539610e-01,-1.218587366258541582e+00,5.841212888696771799e-01,1.223912081282961584e+00,-6.785254897157525500e-01
1.000000000000000000e+00,-2.233027064902948222e-02,2.165004485671080323e-02,-1.802084448592027544e+00,-1.169881195129062235e+01,3.030400034689238353e+00,3.278509858125925547e+00,-5.417744322928417233e+00,-9.985729314709592686e-01,3.259386441066941531e-01,3.972097856094973789e-01,-1.768541681427641787e+00,9.448400562348826526e-01
0.000000000000000000e+00,-1.638122126406357904e+00,3.017174538974921383e+00,2.256897900143753688e+00,-2.879305326334453685e+00,2.595233758953902736e+00,-9.305962376670040559e-01,1.477666948857764062e+00,-3.181471357510563092e+00,-3.318696701730565302e+00,-1.905940436118683134e+00,-7.481920372522564477e+00,4.642849957873547151e-01
0.000000000000000000e+00,-7.849930771868872670e-01,-4.921936534679069553e+00,5.078571632159485372e-01,-9.391465346359179067e-03,2.810205808088391599e+00,-1.508458781537030724e+00,1.914538024365187052e+00,-3.125478616971625545e+00,-1.001121971008000600e+00,9.002180351897439703e-01,3.677810127829972409e-01,2.940835252542511213e+00
1.000000000000000000e+00,3.647127064938825214e+00,-2.152605493406726911e+00,-2.750103875438558720e+00,6.615057068941603724e+00,-9.526770342727446383e-01,-1.435706422561376927e-01,1.042659880568907127e+00,-2.315294441954237836e+00,-2.628292517921645199e+00,-2.690658739097895324e-01,-1.034064868922823344e+00,-1.220697093354383700e+00
0.000000000000000000e+00,4.190998384460276505e+00,2.032563123846153008e+00,-7.316123331456967360e-01,-1.169563746285171346e+00,-4.225988307458705684e-02,1.604731676752408021e+00,-2.233206106236243382e+00,2.361477530769718225e+00,-3.733169521503871824e-01,2.971329606980020799e+00,-2.016593321708609388e+00,-1.915564149348949696e+00
0.000000000000000000e+00,-1.088243068268570868e+00,2.065297068481399378e+00,-5.486435963576417052e-01,-3.720932099572079044e-01,-1.572035818372045313e+00,-2.954986152452251380e-01,1.196169848029231098e+00,-3.762024013074793949e-01,-1.414522918007208308e+00,-7.895566615091227369e-01,-3.167575784863624566e+00,6.082863128555315857e-01
0.000000000000000000e+00,-1.600584237931641507e+00,2.159744112488387380e+00,-1.079685625569027696e+00,-1.085485098235510204e+00,3.393657663735093477e-01,6.299085828739692250e-01,6.785283361978360350e-01,-2.704137313810948129e+00,-1.851502844269441006e+00,1.641842348382769101e+00,-2.948490742919755103e+00,-1.294839223724775223e-01
1.000000000000000000e+00,-2.538054783836259265e+00,2.570034501684264949e+00,-4.908785795645320693e-02,-1.105914348499077526e+01,2.601094490980920604e+00,6.315522164633495805e-01,-3.632523798898620093e+00,-3.260011138154663701e-01,9.329059844799846291e-01,6.610929300619730054e-01,-3.085185420116234312e+00,7.618127974823700743e-01
0.000000000000000000e+00,-5.226632983921273290e-01,7.593235462886834819e-01,1.963640514685835115e+00,-2.145707826210039748e+00,9.294695192720751065e-01,-8.381888354386384243e-01,6.024784839569452544e-01,-1.997705726175537544e+00,4.668108744549403610e+00,1.955362886824262070e+00,6.666172397986040998e-01,1.683422041254986512e+00
0.000000000000000000e+00,1.710859632993013024e+00,2.036314959211471987e+00,2.979769547125484586e+00,-6.991353788835860783e+00,2.968231582662287593e+00,-7.919361947277425706e-01,-3.748127903067342892e+00,1.031037714525630200e+00,1.191495551553984011e+00,3.870650499775714959e+00,-2.595115100027068245e+00,6.091343903130559401e-01
1.000000000000000000e+00,-1.105045750421349560e+00,-3.127245127034535166e+00,1.221613172447210349e+00,-3.612131407947486439e-01,2.178091711606530811e+00,-1.310288661920940623e+00,1.723779689369839385e+00,3.464541351975197525e+00,-2.111945830932439261e+00,3.207837990069476231e+00,1.288607573113664362e+00,9.472253230621785480e-01
1.000000000000000000e+00,-2.231444914130076285e+00,3.950024886760874931e+00,-1.953914798796297925e-01,5.876127936583164235e+00,-3.090962296820430666e+00,-2.109134136102139401e+00,2.251646487706781219e+00,1.896381105503901487e-01,1.295389208224541289e+00,-4.288172377911946276e-01,6.523043139103263943e-01,-2.553598595966720453e+00
1.000000000000000000e+00,-3.178977150702109622e+00,3.007064267858903239e+00,-1.913891206907643250e+00,-3.193535818216242994e+00,-2.262355663296455877e-01,9.375088511437209560e-01,1.698142112559619665e-01,-2.296145141145812474e+00,2.188594571479066886e+00,-1.547449377633260070e+00,-1.072449740268316409e+00,-9.174743371857128071e-01
0.000000000000000000e+00,8.440695566496780877e-01,-1.740066305226596333e+00,4.119976751303513041e+00,3.259801410474122196e+00,5.121481640663162471e-01,-1.178606890295154086e+00,3.662793592000133991e+00,-3.296952953213374560e+00,3.075247972732713553e+00,-6.137657282823487659e-01,6.709365921729451010e-01,3.337119130827632674e+00
1.000000000000000000e+00,-1.168847203542866531e-01,-9.379063909556928369e-01,-3.213091911061449757e+00,2.532296409580665486e+00,-1.343750294226451203e+00,8.559464407575012590e-02,-3.777369658348156412e-01,-8.229566835790393942e-01,1.456778988337365188e+00,-4.511803394888254104e-01,2.793122955907762606e+00,-1.553275445731550297e+00
1.000000000000000000e+00,-1.810707227886589887e-01,3.967910822311522256e+00,1.551531694351703017e+00,-5.481696941372193876e-01,1.091177482529858356e+00,-9.269994581109408660e-01,-1.312535262295630334e+00,-1.585284353007501146e+00,1.457960675743938950e+00,1.603048037647862856e-01,-1.803275439895055232e+00,-2.224353224122920469e+00
1.000000000000000000e+00,-1.458504710847314811e+00,2.656988825907946258e-02,2.261557529808921441e+00,-6.717788773165369598e-01,4.730967077414799382e-01,-4.520390792951459957e+00,2.855164692538911808e-01,3.117082628883018458e+00,-3.394759742589566365e+00,2.840646044220711097e+00,-2.450706019294285554e+00,1.305152025314407105e+00
1.000000000000000000e+00,-1.153552266553451444e-01,5.687997466510053002e+00,1.434420184726131975e+00,-5.993153031574629530e+00,-4.580556076070966265e-01,-2.240708994267704313e+00,-4.226006828063424869e+00,-1.767619955496547046e+00,2.861042835234043125e+00,-2.300617619537156155e+00,-4.751542377183545440e+00,-2.666766700507561261e-01
0.000000000000000000e+00,1.419366076588201686e+00,3.276797984967269706e+00,3.125159303637230490e+00,-2.618479625593192583e+00,2.132710572081512268e+00,4.519318630845189588e+00,-1.500853698349241538e-01,-9.936415928183601753e-01,-1.379389607913894755e+00,-1.099025737510993306e+00,-3.263333798050664036e+00,-6.698205537136601162e-01
0.000000000000000000e+00,2.121612241729655679e-01,-5.906571662955558466e+00,6.894022869067220061e-01,1.170872133775648471e+00,2.032816736291822579e+00,-1.657705933868949266e+00,2.988089567797254098e+00,-1.618902409333946579e+00,-7.762520017050511534e-02,1.209478586154274282e+00,1.243925109442887589e+00,3.552903775874486136e+00
1.000000000000000000e+00,3.830485172713544273e+00,-2.253922351344336050e+00,-6.486087902009045614e-01,-1.092507069034694744e+00,1.650675666743363745e+00,-2.686452097427106445e+00,-1.007738963346865191e+00,7.847429647829022858e-01,1.677998117733804584e+00,3.874699938416354961e+00,-1.133461071572439138e+00,4.488067333452261387e-01
1.000000000000000000e+00,-6.510960904827390872e-01,3.788151515572542483e+00,-5.133994736319493768e-01,2.141241423084800477e+00,-1.588389155347553316e+00,3.220550117849857452e-01,-1.856288974833572691e+00,-2.144494316893757357e+00,4.539987567813373870e-01,-5.829646693372783073e-01,3.260110289666260375e-01,-2.495446691397637640e+00
0.000000000000000000e+00,-2.319949310534652032e+00,2.484136467838840012e+00,-2.423106309645419731e+00,-2.433733739557201403e+00,-5.715977552817650409e-01,3.002935616540405306e-01,-3.750357710692404645e-01,5.001583926365948951e-01,-7.779459847225036473e-01,3.593528105590725996e+00,-9.975637934299782517e-01,-9.487086522506453790e-01
1.000000000000000000e+00,-1.163773534289828548e+00,5.099606890761037903e+00,-1.056467936199770197e+00,-3.086079781906088115e+00,-3.324691851072109072e-01,1.200172255874341065e+00,-1.185490123381949035e+00,-2.280607164187942626e+00,2.380392213059895568e+00,-2.282589483467806879e+00,-2.804075002423877194e+00,-2.145567744216018369e+00
0.000000000000000000e+00,-5.010345430543268197e-01,1.299631150715635508e+00,2.040538910259497740e+00,2.355021524750691153e+00,-2.730028300119791140e-02,4.425518034036570736e-01,2.247014975673733872e+00,-2.229879493387993961e-01,2.589018857044479427e-01,-1.057977982715984755e+00,-2.183529759126568992e-01,-3.365841880915285689e-01
1.000000000000000000e+00,-1.483555316888915510e+00,-4.702221352490074668e-01,-2.297320915284638332e+00,-4.561121185127570143e-01,-3.486819872725285485e+00,4.300083922997973707e-01,3.806302657445392867e-01,4.408495459163066954e+00,-2.483080694534000266e+00,5.876447066704804101e-01,7.315505705609044451e-01,1.144623842337527009e+00
1.000000000000000000e+00,-1.868660137676891209e+00,1.080795627524323566e-01,-1.900659714046085247e+00,-5.450347316505052220e+00,9.801855466396336425e-03,1.475051520289133444e+00,-2.589251927941929488e+00,-1.581737482687418650e-01,-4.491325124673990477e-01,5.189575981763834278e-01,2.657618356942428317e-01,8.730579459881844251e-01
1.000000000000000000e+00,5.148140385083288528e+00,9.812621501184992656e-02,-1.155102513151611276e-01,4.326386407257866829e+00,1.380171790851534075e+00,1.678555416443797021e+00,-9.907799624128319493e-01,-1.703051957179547937e+00,2.100867491015765864e+00,-2.694450196694120336e-01,9.889280662370831809e-01,-3.527959244778172021e+00
0.000000000000000000e+00,1.302613035541375863e+00,3.898319476805645500e+00,1.948346713074355474e+00,-1.258697650796480971e+01,3.798467009253812421e+00,-5.917743329852993561e-01,-5.227492544201210123e+00,4.805100280615501873e-01,4.465984877458723190e+00,6.453405978121729447e+00,-3.655623068209472137e+00,8.535875401950845376e-01
1.000000000000000000e+00,-5.107270045051368612e-01,1.590663557668450245e+00,-7.253882052660847179e-01,8.491018160054261799e+00,-4.408662572914822775e+00,-8.212432357421246554e-01,2.575645460918318808e-01,3.230096263919213229e-01,-9.568686809046236252e-01,7.329489462762412977e-01,3.654398803316337485e+00,-1.938134954229961071e+00
1.000000000000000000e+00,9.811440826898470968e-01,-2.215762955868886552e-01,1.131960306320599852e+00,3.716698765066569710e+00,5.420349936938919644e-01,-2.861113640489739929e+00,1.909799552228873321e+00,4.676268488867523221e-01,-3.032151355625380518e+00,5.279972998380719762e-01,-2.960277545804447463e+00,-4.751416611070393703e-01
0.000000000000000000e+00,1.579706290715352068e+00,2.496478080637110075e+00,1.569503477222033982e-02,-5.111954702455840938e+00,3.262378963283681710e+00,1.722533713864921712e+00,-3.425764515259200227e+00,-1.366376021263627560e+00,2.079123775638719973e+00,3.118981590010601934e+00,-1.184950030356618056e+00,-2.151597564869515367e+00
0.000000000000000000e+00,-1.143664243636592914e+00,-2.164816719049537097e-01,1.201925039107326842e+00,1.445176350031202439e+01,-1.225965219053691158e+00,-3.268999382179051949e+00,2.986760238222717856e+00,-4.412341853788671386e+00,-3.657543765915919565e+00,3.904465582061714679e-01,2.760503507805249335e+00,-2.791012221771645763e+00
1.000000000000000000e+00,-9.776510851807871383e-01,1.099684721911512231e+00,2.632682470324860802e+00,3.491050621856606195e+00,4.504111359091766964e-01,-2.886455704361454266e+00,6.870217112419343408e-01,2.831307264231210041e+00,-1.605646147241855726e+00,-1.732555362331589244e-02,3.062072624576654967e-01,-1.976567160199461881e+00
1.000000000000000000e+00,-2.166812719787532870e+00,3.643568462436624689e+00,-1.954828023408093696e+00,4.083417831356816130e+00,-3.599864771836932764e+00,3.261960059738094220e+00,2.331672485061815348e+00,-1.611848881779288645e+00,-1.151926688792669573e+00,-1.949493588847728942e+00,6.697232852054635366e-02,-1.603257028725003863e+00
1.000000000000000000e+00,1.087605264659462501e+00,-3.299364102692467604e+00,-1.761599084366443080e-01,2.110357564221779114e+00,1.663547886387442221e+00,6.930997665859492951e-01,6.686494202743421544e-01,1.586800352160820271e+00,-2.284774630445370214e+00,2.953802212510932890e+00,2.238676854073364808e+00,-3.468732793351514410e-01
1.000000000000000000e+00,2.840262494987652708e+00,-4.509404038240875323e+00,-3.092082103662396886e-01,1.006412756289281729e+00,7.234299716190422114e-01,-5.539429481642703657e+00,1.641058144172643729e+00,-9.665390872226284902e-01,-3.498602013198514715e+00,1.408015147980906212e+00,-5.415622762287380709e+00,3.753371331967989555e+00
0.000000000000000000e+00,-9.000781857805506547e-03,-4.235055760045966622e+00,-3.293257828868381143e-01,5.880803468704727532e-02,2.935712561379394181e+00,9.318777115065604022e-01,1.741523299574923023e+00,-3.630594773114160567e+00,-7.036333523389415312e-02,3.456953209656249637e+00,1.683458582011061910e+00,2.117839751101791457e+00
0.000000000000000000e+00,-9.407603804996922392e-01,1.553497137783657278e+00,3.687256377598565393e+00,-1.476158192497161181e+00,2.219484653136733598e+00,-1.512608978192131914e+00,1.394133029384895917e+00,-2.040434238276055190e+00,1.875475776838383624e+00,4.573497068122879261e-01,-1.966451134154070246e+00,1.082255608664424607e+00
1.000000000000000000e+00,2.051959698059159898e+00,-1.268105291276011570e+00,1.175001362694552798e+00,3.524795204396116710e-01,1.640671307215682440e+00,-2.934377498489582070e+00,-1.525645127731559025e+00,2.164193812050545951e+00,5.171379764483141628e-01,3.058641700852938516e+00,6.521244849516976139e-01,-7.348295380971590074e-01
1.000000000000000000e+00,6.792080338283848384e+00,-8.251949877305843728e+00,-6.146108525191608329e+00,-2.445802732002910762e+00,3.142477802103544882e+00,2.242150393003808251e+00,-2.405339723120615503e+00,-1.746915501840960783e+00,3.377882715499299415e+00,3.605641701410429167e+00,3.102704764909379520e+00,4.290512659515028915e-01
1.000000000000000000e+00,-2.326918713245787806e+00,5.381640951049615040e+00,-4.329871808043251891e-01,-1.121602096428530482e+00,-2.017112980630946240e+00,-2.320502041807803728e+00,-3.128159207835373934e+00,4.693362749631546649e-01,-9.216517772022547739e-02,-3.834172992174265104e-01,-1.611625083120031832e+00,-2.434407403606811293e+00
1.000000000000000000e+00,4.378572732577064031e-01,-1.781055604075845733e-01,-1.144088614553414152e+00,-3.931993032246077657e+00,3.309832163533936722e+00,1.571322767197523840e+00,1.382381183480561493e+00,-2.510123287121706070e+00,1.673086621201153701e+00,-2.048495160935528858e+00,-3.256567093666754342e+00,-5.323952894279981862e-01
0.000000000000000000e+00,3.652144483005658859e+00,3.120890743731288830e-01,-1.318574199002076064e-02,7.268313913412039362e+00,-1.788871864221452945e-01,1.731807158886673470e+00,2.493033644092332857e-01,3.786604556273356348e-01,-2.511066180241882329e+00,1.363306513886880067e+00,1.066268233348701244e+00,-3.481233958962120401e+00
0.000000000000000000e+00,-3.381544396490832050e-02,2.389822032407550090e+00,2.555476109935475471e+00,-6.664639135277525384e+00,1.899702229544512733e+00,3.048551772252054981e+00,-1.129530882638653866e+00,-1.466047807690705751e-01,-4.938822001454340471e-01,1.459850837365413545e+00,-2.922275718167316683e+00,1.647298867705980996e+00
0.000000000000000000e+00,-1.995710747407031249e-01,-6.630117486057987009e-01,1.690636357202760953e+00,4.228615773152736956e+00,1.450303759875982035e+00,9.432329230999159098e-01,-6.768727544970021270e-02,-7.266992022793790973e+00,-1.804758239896616434e+00,-7.615507493552781781e+00,-6.462715340777853701e-01,-6.706830070656597531e-01
1.000000000000000000e+00,1.173913752785747944e+00,2.362080989979944867e+00,5.208073736754759153e-01,6.144553021422913375e+00,-1.560168708230170065e+00,-1.575841109160493136e+00,2.772400936306358421e-01,3.874027784576716815e-01,-2.189973076866223778e+00,4.433866454550784431e-01,-9.206605228674433761e-01,-2.647557415864100872e+00
1.000000000000000000e+00,-7.567473699009386046e-02,2.611776677004276959e+00,1.228535579381456078e+00,-2.100101320817427730e+00,-1.999719672336810472e-01,2.712774825680129176e+00,-2.082521794835132223e+00,-2.202798100330468856e+00,-7.341988300151072178e-01,3.118588138603792803e-01,-7.715789903027465702e-01,4.010095672209550433e-01
0.000000000000000000e+00,1.776981064389889120e+00,2.437093832942252014e-01,-7.808067312449895603e-01,6.028497109536404608e+00,-1.008930129732923398e+00,-2.366268567068958717e-01,-5.437867452390543477e-01,-3.194914009682130906e+00,-9.777574904333393713e-01,-4.748694724196242944e-01,7.123570310775748649e-01,-1.845851334762777407e+00
0.000000000000000000e+00,1.239849432777394789e+00,-1.686837910431634002e+00,2.352311192008599505e+00,7.800517612672940970e+00,-5.893506862069530783e-02,-1.864156466053683570e+00,6.755205828461932072e-01,-2.478187354801244524e+00,-2.306176052666208953e+00,-6.755424156683056403e-01,1.608095759862899765e+00,-3.252974260024776854e-01
1.000000000000000000e+00,-2.244114202799324165e+00,2.641364665577270454e+00,1.729274466437479951e+00,5.504764540911337711e+00,-4.607604033867589877e+00,2.659284072813614674e-01,9.420675618988441080e-01,-7.159897516905897596e-01,-7.436812549874611822e-01,1.250657322106272229e+00,2.890026920281771883e+00,1.083897947327785882e+00
1.000000000000000000e+00,-2.147796029027379205e+00,6.660502884001406443e+00,7.819415648001570851e-01,-5.149683193642474066e+00,-1.262376605751062364e+00,-1.815771068151803114e+00,-2.893718834709437360e+00,-3.578340107268286330e-01,1.793078759650483134e+00,-1.580390718578033260e+00,-4.218076092509100761e+00,-1.010112991474468869e+00
0.000000000000000000e+00,-2.929957592883479123e+00,5.878531451071607350e+00,2.638326366249277743e+00,-2.724290525648183969e+00,-4.921277171185693966e-01,-3.525524309242877852e+00,-7.037964677389492163e-01,2.605099560144013449e+00,3.538490087381203519e+00,6.624297616741556816e-01,-1.379955979528765475e+00,-1.656023594343172256e+00
1.000000000000000000e+00,1.869129828536712612e+00,3.475762748012711345e+00,1.507947786771271836e+00,1.846270254007326583e+00,1.517536954085449530e+00,1.037742186214742457e+00,3.364360005898969774e-02,9.079626317144576797e-01,1.388262656231702863e+00,9.353808844006084033e-01,-6.165141242066162208e-01,-3.989473564898369684e+00
1.000000000000000000e+00,1.113684331950183459e+00,3.873684990143454687e+00,-1.474911035794864711e+00,2.079155649626272861e+00,-2.982574947598376269e+00,-6.006657469761915724e-01,-1.244914530005700959e+00,-2.280067553708949868e-01,-3.799096923575138174e-01,-3.268178453891836366e+00,-2.893103057686344570e+00,-2.323151920364744605e+00
0.000000000000000000e+00,1.522605089643260579e+00,7.085605350403010316e-01,1.828707472086574359e+00,8.729514217107139373e+00,-5.413977520037331903e-01,-2.656169745879072952e+00,1.151444639854637852e+00,-1.564114413151574512e+00,-2.153586405648242774e+00,1.921959913435453249e+00,2.470462519420155711e-01,-1.888432800759944907e+00
1.000000000000000000e+00,-1.760087447761538915e+00,1.955497301860560921e-01,2.153587612330774892e+00,1.925135987189958930e+00,1.273194968448958742e+00,-1.401697089159791298e+00,1.348282794738417945e+00,4.433736947257543193e+00,2.741460834905531385e-01,1.624658120503560399e+00,2.886222188699450353e+00,-2.119299347901560715e+00
1.000000000000000000e+00,-4.617290489739167114e+00,2.568269100736806365e+00,-4.679317767905923908e-01,-1.951374624450786799e+00,-5.311349550476147652e-01,1.896955169755932147e+00,-2.666009632291832521e-01,-1.900849379016846363e+00,-1.536504700931538459e+00,1.016694254908719675e+00,6.257484862983688778e-01,8.168443592397900410e-02
1.000000000000000000e+00,2.390883434514920580e+00,1.119728313751962689e+00,9.332887503915567873e-01,4.278202588388397842e+00,-4.577795263722770347e-01,-3.681319076223535713e+00,3.438921191940321975e+00,-2.523982874125566322e+00,-3.972887392628589254e+00,-1.382445360211741470e+00,-8.306730530345042496e+00,8.697483283069069593e-01
1.000000000000000000e+00,-2.197265762607874429e+00,5.487516845856954539e+00,-2.177515750488289825e+00,2.812422242129770655e+00,-3.674812340670214894e+00,5.494116079863200497e-01,-6.000061651286541231e-01,-2.324662931453398862e+00,7.238005400891227570e-01,-2.676215364947200470e+00,-5.679961356003226935e-01,-2.963722735175601919e+00
1.000000000000000000e+00,1.452411543653693293e-01,5.350023582128104138e+00,-1.612779873742099745e+00,1.625322252977089876e+00,-2.822139518819705817e+00,-4.559597338742533701e-01,-1.004692647521534310e+00,-1.206127269670133062e-01,1.529083853877704957e+00,-2.677696686388148173e+00,-2.177125976126419893e+00,-3.415050986106233477e+00
1.000000000000000000e+00,-1.489860936281143688e+00,3.853142124684453496e+00,-1.731238431764701602e+00,-3.692265999822651246e+00,4.304962651881731883e-01,9.467373237047721490e-01,-8.793677074228205548e-01,-2.431259337579783519e+00,2.773575637054797038e+00,-2.158567670818892559e+00,-2.330804144238468822e+00,-1.985008240709944971e+00
1.000000000000000000e+00,9.964904266156182633e-01,-1.290388794379502491e+00,4.792258122433669110e-01,-5.600912508452080552e+00,1.457139264734679696e+00,-1.328035700516320583e+00,-3.788714002649536283e+00,2.972721500333019851e+00,1.712193649934766082e+00,4.556577693329290746e+00,1.607092483545966566e+00,1.117874076301650366e+00
1.000000000000000000e+00,2.422190180205794352e-01,8.791134100789913530e-01,-2.586531261895396838e+00,3.047984157877192235e+00,-3.003570967501254518e+00,3.286436280090359041e-01,-1.601623597722923398e+00,-1.616419018514207995e+00,4.082978947781755075e+00,-3.521942040404077989e-01,4.247200405751600627e+00,-1.556025799727366543e+00
0.000000000000000000e+00,2.949208819817517480e+00,4.373913496012740709e-01,9.837121502484049707e-01,2.631892363551924241e+00,-5.140308262988160237e-01,1.952707831635472457e+00,-5.309041672608995066e-01,-1.032744535787152973e+00,-1.045531012934002080e+00,-9.105362673526917749e-01,-4.557671207236968502e-01,-4.447054258638749591e-01
0.000000000000000000e+00,-6.154358440779439388e-01,-1.066087278443826891e+00,-7.329531612900714865e-01,-2.832867572275217682e+00,7.424626413424397775e-01,-1.481417454561896108e+00,9.473437431324049918e-01,1.433313134272030442e+00,-1.724412568054098926e-01,7.575418910998246158e-01,-1.849272063248013076e+00,1.185695480407465974e+00
1.000000000000000000e+00,-1.362369922147649737e+00,5.573547585192089038e+00,-2.189468390846759593e+00,5.275779035697976127e+00,-3.576840686225949195e+00,1.101793095652163323e+00,-7.667868737925592759e-01,-4.193548949855895103e+00,1.983916023360879466e+00,-2.688497901167570703e+00,9.692047791858535710e-01,-4.006237158961754474e+00
0.000000000000000000e+00,-2.008890278242410510e+00,2.026832521441126467e+00,1.619815989369344678e+00,-1.507558928168757362e+00,-8.083251542342311247e-01,-2.633446972016479926e+00,-1.699303459863117371e-01,-1.263805638685344679e+00,5.085731922309661535e+00,2.575356749062166273e+00,1.518373881811394988e+00,1.446261091210838901e+00
1.000000000000000000e+00,-3.954664010859432199e-02,-1.305661485686897327e+00,-3.016999079919571614e+00,-7.824902125005442910e-01,1.077375845290342582e+00,3.436956229386427975e+00,1.276142560678371840e+00,-3.384289858259678763e+00,3.405476520238012172e-01,-2.131662609802836617e+00,-2.738799535619170777e-01,-4.213725099147370701e-01
1.000000000000000000e+00,1.160809534816819033e+00,-2.769424168048548296e+00,3.068310829983406096e-01,-3.693244867492280759e-01,2.037666557309088411e+00,-8.727431158617621199e-01,-6.253520294721768291e-01,2.130404946419604428e+00,-5.550002877835510384e-01,3.111195721196746700e+00,1.664936967918529298e+00,-5.111733426579989636e-02
0.000000000000000000e+00,1.987663432385185835e+00,8.099121442175760688e-01,3.896525169827059543e+00,1.191812052044356474e+00,1.895072394731081911e+00,1.501806969414623438e+00,1.011815133283377133e+00,1.978722890780868937e+00,-2.447487768995554092e+00,3.195355365652656321e+00,-1.013268681845038710e+00,-2.200837687696157730e-01
0.000000000000000000e+00,-1.250467647931483572e-01,3.844679773609105400e+00,4.045836102653775690e+00,-3.769809600796653726e+00,1.646496823373313489e+00,-1.913875581060280995e+00,1.018697437029728814e+00,-2.087859044551200860e+00,4.587127960705437602e+00,5.452995229906669739e-01,-3.865206258487904112e+00,1.346888581173682597e+00
0.000000000000000000e+00,-1.305663641694014165e+00,6.143572985052370150e-01,5.681484351323058402e-01,-8.153447854643544046e-01,1.226696784530270978e+00,-5.792820212349385489e-01,1.571996726008172862e+00,-2.153003044324888648e+00,-5.365977210731343039e-01,2.767490759186356009e+00,-1.819395291984397867e+00,1.053732317256892204e+00
0.000000000000000000e+00,-1.864004006662962620e-01,2.372044022286520004e+00,2.077367339161470206e+00,-3.481152953466038480e-01,8.348778985400746588e-01,8.631658650384511633e-01,6.289423616085441093e-01,-2.594970404483568638e-01,-1.617965322744767676e+00,2.053973639844368204e+00,-2.083948075952335444e+00,-1.131262545366250594e-01
0.000000000000000000e+00,-1.310352804842473073e+00,-7.296670565868435432e+00,-1.793381086189659968e+00,-4.078091664298396424e+00,5.110169327518548243e+00,-2.174220376187084192e+00,-2.312237359494180300e-01,-3.461614155090236844e-01,-2.598470435910632315e+00,3.911650041950301970e-01,3.970125515262965532e-01,1.653781837515523767e+00
1.000000000000000000e+00,9.550702219212657829e-01,-2.921773964646749988e+00,6.386008678081316337e-01,-3.407568501226488911e-01,3.537625342273829077e-01,-6.086854528124617580e+00,-7.583095032552638060e-01,3.015942185689316268e+00,-8.886870532744531870e-01,4.196989693587474868e+00,-6.910085898037965357e-01,2.036548286457616541e+00
0.000000000000000000e+00,1.207628359146145636e+00,-1.576945143212448441e-01,-1.083287491151996740e+00,1.031068982837715781e-01,-8.320219886425641587e-01,5.782483808455940455e-01,-1.113371193778272428e+00,6.151642213642836143e-01,-1.442910967265240929e+00,1.753558997432611788e+00,-1.803411452886982680e-01,5.609431493107241984e-02
0.000000000000000000e+00,-1.714361741656196259e-01,1.941455826539014051e+00,3.574632623359761396e+00,-8.556491769646759060e-01,2.374356534229282722e+00,1.391041015215621623e-01,1.988038496660953225e+00,8.151318918897130228e-01,1.502796611108913050e-01,-1.629364796304865415e+00,-2.632273114695663274e+00,-7.212554621216193951e-01
1.000000000000000000e+00,6.423468557726741412e-01,2.667460701224208530e-01,-1.633381256253933822e+00,3.613622695139846908e+00,-1.928112488383905809e+00,3.409930901766322631e+00,-2.321135981850831476e-01,-6.683030089008559216e-01,-2.307996525391088127e+00,1.871899342251042153e-01,1.915088594185237358e+00,-1.146392869154255978e+00
0.000000000000000000e+00,-3.464603105000045868e-01,2.416324969732463579e+00,3.381020302977630010e+00,1.031677438362945232e+01,-2.738591772507334987e-01,-3.480552967544850773e+00,2.385077639436924635e+00,-1.910067268654372707e+00,-3.753595425664867591e+00,2.620036000089923434e+00,-5.748043911324441924e-01,-2.417609003461089312e+00
1.000000000000000000e+00,-6.807813644876666848e-01,-4.006493683683677531e+00,-2.846542828388280988e+00,-5.823521914784612896e+00,4.240256571888609827e-01,-1.020922047861816839e+00,-2.059629215570372818e+00,1.581076311660405853e+00,-1.460546425391198166e-01,2.784011829345582889e-01,5.634649114347631826e-01,2.521463432727314657e+00
0.000000000000000000e+00,1.353207719273232801e+00,7.655028186279597691e-01,1.745871228307363410e+00,9.192092112441542229e-01,4.693692456118127021e-01,1.119364889092234083e+00,-5.480305435405998793e-01,1.417632898091966798e+00,-3.242535931841206143e+00,7.970907840993175508e-01,-1.172451422977461410e+00,-5.902652521126235952e-01
1.000000000000000000e+00,2.348481056589425187e+00,2.467386136685368658e+00,3.336024129704645569e-01,4.490958693007967462e+00,6.401020805218800014e-01,1.243043317574501927e+00,8.003576229590469993e-02,8.890941004593434505e-01,2.009232081462324793e+00,9.279237125371492256e-01,1.696290950566208711e+00,-4.758130348023861700e+00
1.000000000000000000e+00,5.621668202441432172e-02,9.541275195712628499e-01,-2.571489708818115005e+00,1.772969212833794383e+00,-1.519620364775742472e+00,2.402770864967480158e+00,7.969830041267802478e-01,-2.706037599792951109e+00,3.315000940991630340e+00,-1.698475296195552486e+00,1.783407312556715585e+00,-1.275388259760995568e+00
0.000000000000000000e+00,1.614383173652591097e+00,1.095469938620758782e-01,1.625825070091827085e+00,7.639159825994379815e+00,-1.075928399092902055e+00,2.579492710114975607e-01,1.820197683619095397e+00,-1.193600743972655476e+00,-3.374352834598593809e+00,-5.356836986378863408e-01,-8.132436381564922545e-02,-9.018182053352560290e-01
0.000000000000000000e+00,1.075422972625872831e+00,2.506871916981191717e+00,1.354432985290055402e+00,-5.306925913717799759e+00,2.705266613922405750e+00,3.667320967183851810e+00,-1.895072358843078453e+00,2.762259017305901398e-01,2.363232444426566214e-01,2.897957385281745069e+00,-1.417383649710462157e+00,-8.669095802120865280e-01
0.000000000000000000e+00,-1.702094148151440445e+00,7.273085313883980163e+00,5.049083859917097961e+00,-1.921710960309022775e+00,-1.522056743599310202e+00,-4.104427126229314382e+00,4.033110112591120622e-01,-9.267691694187639717e-01,4.872895565130678008e+00,-1.548924234615320916e+00,-4.282479242936762631e+00,7.029166855829653837e-01
1.000000000000000000e+00,-3.721457686332878545e-01,1.546048423941915440e+00,-2.860148617671281812e+00,-6.992871065168874134e-01,-8.585563676377658826e-01,8.345231849045137151e-01,-1.222582714466978970e+00,5.771279057845182248e-01,-1.964640655179736850e+00,-1.441671819599212867e+00,-1.663913541699213239e+00,-2.125484526786306283e+00
1.000000000000000000e+00,-9.793450500310983964e-01,1.996267381470959501e+00,1.271830100490441762e+00,3.905701239516652379e-01,-2.224681092837156982e+00,-3.856121267131271679e-01,-2.734024842244112685e-01,2.946818384827921911e+00,-2.502725666171282892e+00,1.558877503829017908e+00,-5.183977783523867622e-01,6.008624343525443834e-01
1.000000000000000000e+00,-1.720845048882028383e+00,3.464758163191913543e+00,-1.595164547967928836e+00,-6.835630732711501345e+00,-3.180329730879589700e-01,2.103211513074334960e+00,-3.927134548843338901e+00,-6.527808172879356885e-01,4.556786937964694140e-01,-3.352075393992021146e-01,-1.393137937935366555e+00,-5.266306867529949587e-01
0.000000000000000000e+00,-1.279971951618708248e+00,-1.011486783269246237e+00,-6.823783464733335080e-04,4.461795928480702944e-01,4.318087974244712024e-01,-1.809854968602732317e+00,1.560298808587765818e+00,2.491815795251929977e+00,-1.994841881544410445e+00,-1.349045583957998229e+00,-1.034883614731226364e+00,-2.763561583894884599e-01
0.000000000000000000e+00,-1.501849851032470928e+00,4.611158629638071105e+00,9.555760159812529686e-01,-2.920479584074552548e+00,-1.939688067729965493e-01,-4.995922201849817279e-01,6.613050192810463468e-01,-4.216983571711898193e+00,1.058186828551754832e-02,1.060520699980188608e+00,-5.619469632528477199e+00,1.373010310119095578e+00
1.000000000000000000e+00,-2.181219139477247326e-01,6.872146639944195279e+00,-8.219607777223102429e-01,5.007203332716334998e+00,-6.715315279592011244e-01,2.873225651563123151e+00,1.613957361949271974e+00,-3.536569895849228651e+00,1.110438486619706788e+00,-2.457225433344949472e+00,-1.979708751226354924e+00,-5.822482092664241549e+00
0.000000000000000000e+00,-1.230139854789666032e+00,1.164971523331401748e+00,3.525156783196349508e+00,-7.599350715418377256e+00,3.507722257159021417e+00,1.346332627505878454e+00,-1.716408553708007823e+00,-1.963977408560145133e+00,7.457777535880367736e-01,1.132296079673001499e+00,-1.905359317568674271e+00,2.321136658697314115e+00
0.000000000000000000e+00,-2.099615416031749504e+00,-1.773775819031370715e-01,1.302178894718755586e+00,-7.179626538196769658e+00,4.049237244265791347e+00,-3.309985324119100181e+00,-6.129291361052122689e-01,7.844062895657777368e-02,1.791875716798763118e-01,3.191666216068910211e-01,-3.907603679749832359e+00,1.104386967988816748e+00
1.000000000000000000e+00,-3.210700204141161862e+00,2.373139709147319643e+00,2.498076451985876023e+00,-3.604889086312287105e+00,-2.054793422048122764e+00,-2.465261393888309449e-01,-3.433372085135128149e+00,1.113655282089001108e-01,3.576658142239395044e-01,3.518411988875035590e+00,2.597633237248567095e+00,2.782147985733709916e+00
1.000000000000000000e+00,2.585188231544594206e+00,5.489707812717866675e-01,-2.173500318354046446e+00,-3.183745287621456699e-01,9.313807615459466227e-01,6.440162230863192505e+00,8.434243266984968734e-01,-2.403095335300365232e+00,5.057574325705016527e-02,-1.824951661559928384e+00,-1.000317538490427260e+00,-1.685248488482159468e+00
1.000000000000000000e+00,4.299883226038702100e-01,-6.451224052670727627e-01,2.411717528483006134e+00,2.751787308699115808e+00,1.557713899062774354e+00,-1.203272644659814095e+00,1.362174041129046609e+00,2.051430543598542933e+00,-2.681640889858625698e+00,2.532932094582990956e+00,-9.501887228391381335e-02,-5.997351091505200849e-01
0.000000000000000000e+00,-1.254133588190948334e+00,-2.611462332909744166e+00,-4.336806976366358590e-02,-4.051171508978666402e+00,1.956663473498393646e+00,-2.546099870480385441e+00,3.968221730013095083e-01,3.198553402352599662e+00,1.948302476015781881e+00,1.755163458506388885e+00,9.862897253891875771e-01,1.182236940406155679e+00
0.000000000000000000e+00,-2.970034623419823383e+00,-3.196571651197674946e-01,-1.659413743689145626e+00,-2.935808550837615272e+00,1.339863416438910049e-01,-1.762646827970078434e+00,-1.196166388484047882e+00,-9.352505516540627895e-01,9.718290139531626792e-02,2.742724236747843936e+00,6.875115532791502559e-01,9.859378454486544818e-01
0.000000000000000000e+00,-5.985214401994736200e-01,-4.565070612593843391e-01,2.042523811340964279e+00,-2.567684352002756132e+00,9.684563084148803958e-01,-2.777338477205876011e+00,1.119033314165154058e+00,1.155042178007195552e+00,2.249080031557098902e+00,-4.123135682494090126e-01,-1.299726834373707396e+00,1.834330517635592406e+00
1.000000000000000000e+00,1.300389083568735282e+00,-4.676677555412410037e+00,-1.297658805353513856e+00,3.615767361387211665e+00,1.084178237179938220e+00,1.513915999151913550e+00,-4.402736629501275978e-01,1.873905110279586950e+00,-3.820467182162583519e+00,4.561046287036390368e+00,4.589395813001202029e+00,-5.805555174963205056e-01
1.000000000000000000e+00,-6.933103027076772396e-01,2.378513368188678090e+00,4.141058643166070752e+00,2.706829981190948864e+00,1.787764032938205183e+00,-2.825407631796984509e-01,1.047360824987161099e+00,2.330737274461203157e+00,-1.855923445463057320e+00,3.292084268478744358e-01,-6.590005919775232535e-02,-2.500504823978053182e+00
0.000000000000000000e+00,-2.431677702512912820e+00,3.854478476883686500e-01,5.860828801219930551e-01,-9.832184671130017595e-01,1.228722635765864712e+00,-4.937235384661153859e-01,-1.637545072317708739e+00,-4.126838336448338751e+00,-5.220122341787291065e-01,-9.421078313462394327e-02,5.440981897053462912e-01,3.451679591481229270e-01
1.000000000000000000e+00,2.839999321514225628e+00,1.303712718576520269e+00,-3.003557465742174859e-01,2.896784408560077573e+00,2.456127199674679185e-01,-2.123797304391044527e+00,-2.896585138160925776e+00,-1.026775375235096099e-01,-1.005392287823324349e+00,8.394851710167563485e-01,-9.847116490938371269e-01,-3.111703369504910111e+00
1.000000000000000000e+00,2.547823496248927455e+00,1.562922075626140606e+00,2.148100370164550466e+00,9.542689198478555568e+00,1.722905680654377658e+00,-1.010292186601456699e+00,7.795889901845308501e+00,-1.394962274812256986e+00,-3.031703996623381858e+00,-1.014955537746085046e+00,-5.933582428203355796e+00,-2.817653645938492879e+00
0.000000000000000000e+00,2.077197207865721928e+00,-6.567475545500238709e-01,1.758661783490510278e+00,-2.069228849122915381e+00,2.087498109993040973e+00,3.211622471736076179e+00,-1.203645346014446726e+00,-1.132344308495925267e+00,1.102529103837694979e-01,3.819032836338489556e-01,3.465235023716948248e-01,5.969759623406660776e-01
1.000000000000000000e+00,-1.991547280435771228e+00,2.742602845334686457e+00,-7.926824952615375564e-01,-6.331564605326488460e-01,-1.929046390064909966e+00,1.289249110951664390e+00,7.145585180876572462e-01,-8.540721736838683409e-01,-1.457519250156882773e+00,-1.750603658263545137e+00,-2.154191012782991077e+00,1.611414908952528702e-01
0.000000000000000000e+00,-1.232119850317272558e+00,-1.273277281657545813e-02,2.623348100271644334e+00,3.042613143428865019e+00,1.610500462357157492e+00,8.647574907921506959e-02,6.059229828928853756e-01,-3.288936028144713308e+00,-2.869367468982176206e+00,-2.166017694232192259e+00,-2.789908371263087883e-01,-3.232606426370232544e-01
0.000000000000000000e+00,3.399254263449744684e-01,4.063789907067962837e+00,2.017329833726967614e+00,-3.499268697422279750e-01,-1.296984128244340617e+00,-1.402275816918369111e-01,1.888239152655183162e+00,3.756957392921380645e+00,3.703284312971283576e+00,2.867665981820880505e-01,-9.643343241421715728e-01,-1.084650827250980942e+00
1.000000000000000000e+00,1.672600720774255922e+00,-1.571240610375438829e+00,-1.182315244417947664e+00,1.851398676981729219e+00,3.081778250399453079e+00,1.654164162403885197e+00,3.171442207398664337e+00,4.087402396210758626e-01,-2.536553497700966275e-01,9.284944406312805043e-01,-6.560593695162078021e-01,-2.390407703066407930e+00
0.000000000000000000e+00,-2.169617796442224744e+00,-1.370044732705240520e+00,3.172560812724060320e+00,-3.756803979914308478e+00,5.459012749526467090e+00,-2.226176151884025955e+00,6.112220360850979528e-01,-6.136160621118663450e+00,-1.944642468137929736e+00,-2.636467168707967712e-01,-4.172803415770006019e+00,2.501588576313457324e+00
0.000000000000000000e+00,6.205797287536474194e-01,-2.943084146645453814e+00,6.329850924434515802e-01,4.153583789895801459e+00,-1.898032266500730980e-01,-8.026520090204920521e-01,3.548722952411405451e+00,-6.734935179238199510e-01,-6.965694832372189005e-01,-1.415818202944600479e+00,1.981979492112317942e-01,1.534087214997557957e+00
1.000000000000000000e+00,-1.009822660816556583e+00,1.635024317815410022e+00,-3.052614688601593684e+00,-7.720612417910465375e+00,-6.827459622539926443e-01,1.846577085601321055e+00,-4.032894403277436979e+00,1.053026292889880811e+00,-1.987755455276213556e+00,-1.414149002831757151e+00,-2.849830347984756873e+00,1.790896820956988655e-01
1.000000000000000000e+00,-1.917474415422032230e+00,1.542545938348905965e+00,3.924022782978807022e+00,2.241301008401376915e+00,1.434292019166016452e+00,-2.077281320015333055e+00,1.689994225087333213e+00,3.297852419963307469e+00,-3.648933915230607283e+00,1.523568819172284039e+00,-9.910890404949015409e-01,-1.194267794297456220e+00
0.000000000000000000e+00,8.929031501923661018e-01,2.275128942581082114e+00,1.555689633211415623e-01,-3.050741843580463630e+00,1.977462033150683141e+00,5.769920885505506192e+00,-9.520990243472593484e-01,-1.629484004439335720e+00,-1.885791263024165776e-01,2.240302576659133349e-01,-7.125678667286554635e-01,-1.526345828191739695e+00
1.000000000000000000e+00,-1.380961008176426308e+00,6.207293485449866033e+00,-2.472548649526474795e-01,-4.373411154300788084e+00,-5.746289142737555089e-01,-3.457580364156402908e+00,-3.465113709487681604e+00,-5.393547871179302788e-01,1.445975199395892474e+00,-2.699396398010204479e+00,-5.259941425911124568e+00,-2.410240211092788520e+00
0.000000000000000000e+00,-7.626708817027025855e-01,-2.382947399498083207e+00,5.024420406157348307e-02,-2.843303605711898219e-01,1.372958752155934992e-01,-1.342613873375425593e+00,8.857122906579069088e-01,1.921838129122281025e+00,2.081506841992387447e+00,4.380969528659155454e-01,2.668370166986839376e+00,9.931919162955191727e-01
0.000000000000000000e+00,-1.267658580756487741e+00,2.153056464412258286e+00,-3.109302057017322429e-01,-1.154473166158532932e-01,1.330196042042786075e-02,1.358765669833668976e+00,7.327898591455122013e-01,-1.952562260305949593e+00,2.003176222022601261e-01,1.517359231761141736e+00,-5.299135267228642920e-01,-5.142857043491901869e-01
1.000000000000000000e+00,1.298975926538057379e-01,-8.076912738548939430e+00,-1.785902672018818915e+00,-5.388963380841290673e-01,2.532919777326358535e+00,-2.919641557430890932e-01,3.656956702366861656e+00,2.075014838706924714e+00,-1.037804661415968166e+00,2.141770136161884164e+00,2.289299800845934652e+00,2.997057068434527682e+00
0.000000000000000000e+00,-9.172718528303955843e-01,3.807256085709505022e+00,1.902873568950468108e+00,-2.520861770465566032e+00,1.265350071847334279e-01,-4.657436656983157119e-01,9.157450870167769263e-01,-3.343665353325359302e+00,2.008965868608506788e+00,2.007759201483064970e+00,-3.544125476631052152e+00,1.594243676786917252e+00
1.000000000000000000e+00,-1.154571498488908832e+00,3.591175801240703347e+00,9.691283778262582693e-01,-2.315868347470864119e+00,-3.969822480739685355e-01,8.635502078945436200e-01,-7.704183208374631997e-01,1.093937671151080870e+00,-3.072756919393521358e+00,4.080241287647345949e-02,-3.437592828510040111e+00,-4.665784988071433048e-01
0.000000000000000000e+00,1.942597438530392351e+00,-1.594645776521439240e+00,3.977732462313166906e+00,-3.772739798255162480e+00,1.628954361897894554e+00,2.051435184739191619e+00,-1.265025805771631262e+00,-1.937365011070232512e+00,-1.775320911111937239e-01,-3.122879994890093158e+00,-1.354895728831937651e+00,3.699464619167559754e+00
1.000000000000000000e+00,-1.334333981041411654e+00,5.348884289684897375e+00,2.026642287019591926e+00,8.760634424273002097e+00,-1.709017254286916643e+00,-3.916769737868761148e+00,1.546136751026543132e+00,2.760538894132412935e+00,-2.194851136837267624e+00,-5.080338497095748806e-01,-8.619557348502819849e-01,-5.547933400915040281e+00
1.000000000000000000e+00,1.620329726410585813e+00,1.288920249702800724e+00,1.210555406922125155e+00,4.629873710208986637e+00,3.955741493032228107e+00,2.088146070903146523e+00,4.273698359471602259e+00,4.183208747625588586e-02,5.765547716493748531e-01,-2.166563440593705980e+00,-1.227120164960909143e+00,-5.231657172792257171e+00
1.000000000000000000e+00,1.351240723005792788e+00,-2.738203799430396351e-02,-9.642864182468557921e-02,-2.546350767711206498e+00,2.369226137447734359e+00,-1.989613341908476274e+00,-2.480362142771073586e+00,2.438070920443276890e+00,2.672179034492674354e+00,1.574157529252785181e+00,7.268879582548519735e-01,-2.338582415103339862e+00
1.000000000000000000e+00,-1.390749281369253465e+00,3.083867669663795219e+00,1.649728308752481443e+00,-6.615545015782481109e+00,4.945682483713720323e-01,1.051254274800137889e+00,-1.982833485257709860e+00,8.536736998586875735e-01,-1.177810508384768529e+00,7.617338455745350512e-01,-3.206371300818545045e+00,1.324419386588787440e+00
0.000000000000000000e+00,-1.438297333204084483e+00,6.128024664525340004e-01,-2.690869123287862319e-01,-6.729262550218824579e+00,2.806963776222356266e+00,-1.742122254406506920e+00,-6.525000034228349843e-01,1.066018862094365360e+00,2.733327587477386800e+00,4.850264494927266412e+00,-1.158908832686193602e+00,4.786381620607720322e-01
0.000000000000000000e+00,-1.478240396614493912e+00,-1.169244437075958598e-01,-1.064099399883533970e+00,-8.474394374936530250e-01,1.804766478556702580e+00,1.297157835194065356e+00,6.505227433617094546e-01,9.058939018853351399e-04,-2.985492589279123976e+00,1.026083615711814057e+00,-9.136817647082956517e-01,-1.185006642399567323e+00
0.000000000000000000e+00,-1.509193704052302021e+00,1.982774093312113517e-01,1.434943510686836676e+00,4.368350705786846255e+00,1.022660540762823089e+00,8.389675672485972235e-01,1.661161974973146993e+00,-3.428702030485774266e+00,-3.388166884859890260e+00,-1.716215788789634100e+00,-2.020348906438195202e-01,-8.751926842891695202e-01
1.000000000000000000e+00,-3.212422269214607606e+00,2.707479136127477481e+00,-2.293680098785623178e-01,1.881353193256315004e+00,-1.856896041503561801e+00,3.211021885861399028e+00,2.450345452253914758e-01,-2.190693939916846578e+00,-1.215290964612106617e+00,1.303446733568222715e+00,2.468935214856174287e+00,-5.244984011604614249e-01
0.000000000000000000e+00,1.341704216658772264e+00,2.478090327982964691e+00,1.413978322630014883e+00,5.412376280523736316e-01,-5.065575792031986602e-01,1.781126145566974905e+00,3.092025782883226714e+00,-3.288673529981825938e-01,1.820786622592799997e+00,9.959469843729521488e-01,-2.317714999174298462e+00,5.267248386159061324e-01
1.000000000000000000e+00,-1.395765562830981299e+00,1.246118578259354237e+00,-3.272974048945342940e+00,-5.203313802581636338e+00,-1.540803262302250731e+00,8.143485166125653540e-01,-7.192475938840792171e-02,3.480026901232069036e+00,-2.046559141096064849e-01,-1.384995120442419791e+00,-2.449552606392471965e+00,1.040322991108877382e-02
0.000000000000000000e+00,-1.245239149145310531e+00,1.403827903136299682e+00,1.050143811245719316e+00,-2.464840026494271807e+00,7.847081061296323767e-02,-2.026962626755895780e+00,2.863488050586669997e-01,2.174821873174749953e+00,1.625730591609044762e+00,-3.266462098906242062e-03,-1.094502196558462925e+00,2.118110933655580341e-01
0.000000000000000000e+00,-9.734474044350474031e-01,1.202969993716760166e+00,1.103486918544169137e+00,-1.176662195510139508e+00,1.418321777632693736e+00,1.267942287732777507e+00,-6.058441537065626381e-01,-2.638346383403464390e+00,-1.468477889246989188e+00,-1.239907782424340521e+00,-1.409375037669981623e+00,-1.862229511261206394e-01
1.000000000000000000e+00,-1.061413882079127458e-01,3.940617394227300396e-01,6.565461668313674615e-01,2.162228786024320559e+00,3.678267775992899447e-01,-3.344911387139744008e-01,-7.691563498272149246e-01,2.225577232778884529e+00,-2.642545329840682911e+00,2.663622352987895958e+00,1.216370197059160940e+00,-1.764821570561634578e+00
0.000000000000000000e+00,1.271090351043497657e+00,-1.377241963188968077e+00,8.018428159896096030e-02,3.745954242934999900e+00,1.427066107628149672e+00,7.497936576220335381e-01,-7.661233572597540009e-01,-1.967154225887414398e+00,-2.265795214825382153e+00,-1.410880836656378978e+00,1.035120336237873140e+00,-1.927750737728634256e+00
0.000000000000000000e+00,1.146302567161017194e+00,-1.560394544000974326e+00,7.866341588089683645e-01,-1.113593470427848703e-01,1.015472264633345612e+00,3.650648641677419981e+00,-2.742790515619877301e-01,-2.896270997366357847e+00,-1.000898028874020795e+00,-3.439963824034286688e+00,3.861919515138343417e-01,9.073287428117298159e-01
0.000000000000000000e+00,-1.013553341408067965e+00,-5.630482081494784241e-01,9.753004755188887653e-02,2.248837202182732753e+00,3.392012473884541413e-01,-4.206391756333069942e-01,3.690958500467946823e-01,-2.546212616506680515e+00,-1.841446649587407336e+00,-5.885330733551796811e-03,1.948574772695159663e-01,7.929459590348564291e-02
1.000000000000000000e+00,-1.175376090563176712e+00,2.700853674632323731e+00,-2.204504823253331525e-01,-4.626833198588468754e+00,-1.636224188182785255e+00,-3.181300211590150973e+00,-5.584780351909816254e+00,5.552894029442108081e-01,1.113674979544114541e+00,2.391480708866160487e-01,-5.723171804822927422e-01,1.818159469128408645e-01
0.000000000000000000e+00,9.994041823902458654e-01,1.446926901258175135e+00,-1.303125874748676249e+00,-2.066759122289619999e+00,-4.509357888774077061e-01,1.622239612975156398e+00,-1.614169548105295338e+00,-1.032083930903926694e+00,2.663107975844929420e-01,9.455315634782719414e-01,-1.139377422044755672e+00,-2.070875926202752071e-01
1.000000000000000000e+00,-1.073208521579213981e+00,5.610497271285384890e+00,1.224133952952854543e+00,-4.739096636866987566e+00,-9.769323394583525610e-01,1.493478783533046528e+00,-4.909556210279363953e+00,-2.678587479127239046e-01,-8.359008703467964985e-01,9.580363672315459489e-01,-1.645464853944203609e+00,-8.522339324231940072e-01
1.000000000000000000e+00,1.211960118758612870e+00,1.256156135174468558e+00,8.615724574041034867e-01,3.822277578245624419e+00,2.862418453582982192e-02,-1.965018325325524451e+00,-2.301968514375889452e-01,1.395248664982459363e+00,-7.385167678101811628e-01,1.548276556315862695e+00,-6.395815471814003672e-03,-2.442768888110842251e+00
1.000000000000000000e+00,8.776883924210787669e-01,-2.685884658198598451e+00,-3.389286907473457955e+00,1.251083308962419594e+00,-8.788998491497218568e-01,5.062926905025084245e+00,2.958885892152700592e+00,6.731832919752014366e-01,-2.563738452304534121e+00,-1.056328597944157233e+00,4.667008137298227499e-01,4.163062960317212013e-01
1.000000000000000000e+00,8.774835199775063987e-01,1.748411629435084436e+00,-2.568378290860112045e+00,2.229743655668469660e-01,-1.670658730191296071e+00,4.726819471186375132e+00,-2.025459845010307625e+00,-2.700887927923068421e+00,5.967836917101554395e-01,-1.174879268975383306e+00,1.474629073295590675e+00,-1.478024525006448320e+00
1.000000000000000000e+00,1.271618633396332410e+00,-3.177309793049535092e+00,2.878447910530724796e-01,-2.249915189256165071e+00,3.476827006254619601e+00,6.749949160253212455e-01,2.366972308990983098e+00,6.426978206090907531e-01,-8.657479071413095584e-01,2.001862186355361395e+00,-1.651644360494259445e+00,1.300691659162479308e+00
0.000000000000000000e+00,8.559578731044688027e-01,1.345040948891496058e+00,2.914123867274605928e+00,8.514764083339250167e-01,4.012884741573655711e-01,4.319354262348999995e-01,3.034629295072748700e+00,-4.548987831029867479e+00,5.567109715914719814e-01,-1.907692688057165409e-01,-3.763983205368654161e+00,2.680413622300464649e+00
1.000000000000000000e+00,-3.121033872599788594e+00,7.253345334299578617e+00,1.158619260674894846e+00,-1.967695623429431828e+00,6.643229738773648307e-02,-2.785076472485707999e+00,-6.127967204544075841e-01,3.299358630798061576e-01,2.890031759437222680e-01,-7.448785185425446098e-01,-4.678346824198196252e+00,-3.283255230911650280e+00
1.000000000000000000e+00,2.015772359856321749e+00,5.340866485710175304e+00,7.020710013063974353e-01,7.133599685227106413e+00,-2.480240583746355920e-01,1.592475353644373648e+00,2.994756158785748745e+00,-1.131333185510629669e+00,-2.303417298075914887e-01,-1.736860458665217877e+00,-2.926662992299623678e+00,-5.387023455419404527e+00
0.000000000000000000e+00,5.879280516083313923e-01,7.893525916526238362e-01,4.576772359118550071e+00,-5.002462602622613552e+00,4.301531273617804629e+00,-1.079539497067616205e+00,1.507346208098808926e+00,-1.678861326417208533e+00,4.652087884990733002e+00,1.262486341198326256e+00,-2.604383971495963124e+00,1.925205316464990712e+00
1.000000000000000000e+00,3.525901779395268498e-01,1.854014574654377912e+00,-3.543592459572026954e-01,7.283024418715372539e-01,2.981822644993108451e-01,-1.216858249512576817e-01,2.370581172323833030e+00,1.011840631147654657e-01,2.558389179291280513e-01,-9.013851026568313607e-01,-3.097270291558284594e+00,-1.337972872281697256e+00
1.000000000000000000e+00,-1.153124026687361026e+00,2.612169379341047648e+00,-1.284810849508653874e+00,-6.230730448084130124e+00,1.485768383743430565e+00,-3.844427099561125161e-01,-3.437498349379314089e+00,-1.987940215466535543e+00,8.109694377549391264e-01,-1.537956277777125624e+00,-3.122954342303325692e+00,-1.074945248639553652e+00
0.000000000000000000e+00,-1.225538979074749957e+00,-1.674308846282043683e+00,-2.225074045816420210e+00,1.642079184412447823e+00,9.122691668909077567e-02,-3.530540446824876888e-01,-2.206700842599029322e+00,-2.648021856380102790e+00,-2.673659701220431284e+00,-2.065161948519085744e+00,1.419030901031386627e+00,-1.091325508862790006e+00
0.000000000000000000e+00,1.147652794096191808e+00,1.233194629283651311e+00,6.996325460486858550e-01,-3.842340214366851470e+00,2.786193244252389789e+00,2.188190833382870348e+00,-2.776076961508494811e+00,1.013664414562713834e-01,-2.036745758410659413e+00,-1.106740532478684091e+00,-2.265286348070518763e+00,-1.756972576921544515e+00
0.000000000000000000e+00,-1.402997319496579465e+00,5.233706411141004544e+00,4.873347601265201057e+00,-5.265687883531003921e-01,6.342125580397752760e-01,-1.457540056227363934e+00,1.680839932853279706e+00,-2.484580726351397040e+00,3.754975155898312433e-01,-2.839231993363739548e+00,-5.296197777056889322e+00,3.146585421424045181e-01
0.000000000000000000e+00,-2.367311429282898949e+00,5.786815138743491183e+00,1.796824708593132147e+00,2.593335981482516317e-01,2.241814806471260191e+00,2.864864280414251674e+00,5.876133239675409570e-01,-5.279274495730415850e+00,-9.775177101504002319e-01,-7.816985441325647876e-01,-2.840052580603615429e+00,-3.046450778924626679e+00
1.000000000000000000e+00,-2.339478232724171214e+00,8.541141970201729938e-01,-1.727755499574662679e+00,-1.289398900509539869e+00,-1.762353335104211993e-01,-1.250646382114437571e-01,-2.587463319960224162e+00,-3.352483519414561464e+00,2.903634386332569761e+00,5.878883086145805237e-01,3.092803681239079339e+00,-7.962945370570824188e-01
0.000000000000000000e+00,1.280941511946691591e+00,3.443399365894467268e-01,-3.178752896870202793e-01,-7.756683147149160407e-01,9.156229504819048959e-01,1.887008566309477775e+00,-2.010014176261011976e+00,-2.136130287033024544e+00,-3.092680808892636080e-01,-5.733970943156736499e-01,-1.510222257170443783e-01,-8.182614946998261196e-01
1.000000000000000000e+00,-1.514362803636983834e+00,2.626428977476709115e+00,2.149022734437000537e+00,3.287380762684842139e+00,-8.276855822223965209e-01,-3.005415023410232589e+00,-2.312246304249760964e-01,3.316973730902351036e+00,-7.703053786377356271e-01,6.230563401607882579e-01,9.274366897458190540e-01,-2.475027559219199258e+00
1.000000000000000000e+00,6.341370709137368333e-01,1.118126533103684928e+00,-1.415170704756068876e+00,-3.842139939255841075e+00,-1.613742261312267390e+00,3.952662689964101972e+00,-3.112640111810816013e+00,-1.150134449671997849e+00,-4.561991555521862640e-01,-7.307537015793814650e-01,-3.636516450973426018e-02,1.090855889788668875e+00
0.000000000000000000e+00,-8.877838440204777193e-01,-1.594550752195853516e+00,3.947703390645878940e+00,-3.174087480547290951e+00,3.270619487651519552e+00,-2.935044699565665383e+00,1.206468937917885231e+00,-2.295358205846110167e+00,3.801625331566654609e+00,1.380288890719514328e+00,-2.004647687656369026e-01,3.226375408826186231e+00
1.000000000000000000e+00,-3.046082928058184702e-01,1.294107566168303913e+00,2.846888575786382436e+00,1.769643018468016471e-01,1.620644512352071187e+00,-3.297361915132857035e+00,-2.920843201358853669e-01,4.178788708296821142e+00,9.019018379883667613e-01,2.994868997206221906e+00,6.388341460627271484e-01,-1.793766655282257538e+00
0.000000000000000000e+00,-8.985834631968581121e-02,5.289597324392036892e-01,-2.689196545003023076e-01,1.634958391842651126e+00,2.499560438428267251e+00,3.939189677543385670e+00,2.661947361943012957e+00,-5.892203338372848265e+00,-3.939162141896003888e+00,1.642527835469462349e+00,-3.057763869965462344e+00,-1.735707823108936232e-01
0.000000000000000000e+00,-5.262242835355790405e-01,4.351824361907094207e+00,1.923878719066059784e+00,3.250249856509785040e+00,1.284000836598977457e-01,2.060967217360636816e+00,1.111466710833928673e+00,-3.508680170573655221e+00,-1.951454916626196301e+00,-1.283325794529033281e+00,-2.430949802030561990e+00,-2.026390410905612782e+00
0.000000000000000000e+00,-3.719384060256650804e-01,9.387103940263924473e-02,1.719188217978869115e+00,-4.081350441641228011e-02,1.118275824106372385e+00,3.486995257127323278e-02,1.700817946897905220e+00,-2.565976883215433269e+00,2.036729201661849231e+00,1.847244147317235630e+00,1.017559526266840209e-01,1.453254111753527145e+00
0.000000000000000000e+00,-2.799273301060076768e-01,-4.595670905130969430e+00,1.559046664349812650e+00,-4.148736214121215404e+00,5.155009033272751395e+00,-2.965730587584955558e+00,1.593350051672894230e+00,9.349677856532276898e-01,-6.287495248976657791e-01,-4.335310661580329405e-01,-2.211739610128718780e+00,1.863740047871162542e+00
1.000000000000000000e+00,-2.755995489459304615e+00,8.370102719899293220e+00,2.835736159725890548e+00,-3.045885069781504306e+00,-1.326008245947649211e+00,-5.588578384136913435e+00,-4.159562899937782277e+00,3.598893821462699094e+00,-2.597342987504141387e+00,7.384469385360676874e-01,-5.639451926631498857e+00,-2.739135478917565258e+00
1.000000000000000000e+00,-1.057275819870678202e+00,1.041069884798977663e+00,4.732577558136215057e-01,-4.074203970522304985e+00,2.482136112736672562e-01,2.875474520873772200e+00,-2.313377090878486975e+00,-2.730021984766988652e+00,7.184329411198708826e-01,9.165927038447734265e-01,9.097017898583730222e-01,1.555163113310574996e+00
0.000000000000000000e+00,1.642619673738594077e+00,4.307180520564351411e+00,2.256412981662625050e+00,1.054976248958733147e-02,9.605861194836362582e-01,8.265685222056498027e-01,-1.135696720004493621e+00,-1.457368831348365035e+00,-7.768580892927756665e-02,1.657092413379090079e+00,-2.804651988549491382e+00,-1.791317478993442958e+00
0.000000000000000000e+00,1.479158436690042766e+00,-6.201909880791275143e+00,3.944332912684200831e+00,1.593939490372553003e+00,3.579136706159416370e+00,-1.476991891586013406e+00,3.364689552830120167e+00,-3.628738746915550983e+00,2.595959410707679549e+00,-8.619167868051551551e-01,1.746116583333532812e+00,4.269165159664770393e+00
1.000000000000000000e+00,-2.012544570161352908e+00,-1.763935296912198247e-01,1.697997194075619110e+00,1.802079634943778652e+00,1.116602458633176864e+00,-2.030733711001404096e+00,3.658990954890625869e+00,2.676898754055503815e+00,-4.454971051662962367e+00,1.798783370420283134e+00,-2.521276002735278965e+00,1.995751679262449674e-01
0.000000000000000000e+00,1.399883948516055243e+00,1.519042957043611697e+00,4.228746874922031385e-01,-7.515549531493227242e+00,1.437989488894510615e+00,-2.799119219391892344e-01,-3.867008980020941067e+00,3.131177627465626667e-01,1.885210227578512310e+00,3.355371081139491451e+00,-2.213947850886700763e+00,1.142549209284581480e+00
1.000000000000000000e+00,-9.918215071109701686e-01,3.186043871596834443e+00,2.625953334841265807e+00,2.784865522260559612e+00,1.384244278204452616e+00,-4.108129021307461715e-01,5.368565045489745557e+00,1.761916504463106881e+00,-6.394329940344478658e-01,-3.686436490917905928e-01,-3.559745227332345774e+00,-2.058450643194460916e+00
0.000000000000000000e+00,1.471716013483156171e+00,1.583260753086594530e+00,-2.465946229669337963e-01,4.868212056221493889e+00,3.142095213783581142e-01,-7.785488381305905037e-02,-1.903510718761098897e-01,6.437977693628464948e-01,-1.911644702717600675e+00,4.790703820358688247e+00,7.792973280684343251e-01,-3.353077240207002152e+00
1.000000000000000000e+00,-9.823097831877791730e-01,2.052090715923927000e+00,4.752585722015871816e-01,-9.944252982439858446e-01,1.379962027803267155e+00,-3.857582164399014912e-01,3.163797045506002714e+00,1.251818900566977977e+00,1.382053586193424000e+00,-1.718324380695787745e+00,-2.977864552302226464e+00,-1.505675735072705468e+00
0.000000000000000000e+00,-9.535810674716664881e-01,1.958778501738895006e+00,-1.075271038407142665e+00,-4.861271926382316089e+00,1.938098722917361183e+00,1.038476598673210960e+00,-2.649953578285582534e+00,-7.783969929054043169e-01,-6.433045279502391800e-03,2.855213689370295516e+00,-9.544234258745558641e-01,-1.261218747721869704e+00
0.000000000000000000e+00,4.601524546529445203e-02,-1.572666744963249652e+00,2.127639217285866025e+00,-3.394337747953509177e-01,2.436361641891550800e+00,-4.342055849739231421e-01,2.066132065506103732e+00,-3.971629785268454338e+00,3.091482651546638483e+00,2.245630564090245418e+00,5.644041484032715772e-01,2.338972304668926583e+00
1.000000000000000000e+00,1.409317769333442882e+00,-2.994748756252279431e+00,6.662438456222645744e-01,-1.934151494561403339e+00,7.848248811737115194e-01,-2.384750118779433770e+00,-1.781762488208945783e+00,9.780405353700054594e-01,-2.025049239161633707e+00,2.826552360227527316e+00,-6.694280523525548698e-01,2.630792486595061153e+00
0.000000000000000000e+00,2.874002855354483188e+00,3.056638454059212862e+00,1.539228745230959650e+00,4.355622281187517153e+00,-7.133007672810833810e-01,1.382295019508521516e-01,4.759550897453714846e-01,-2.215035880766813570e+00,-9.367935213293887564e-02,6.281036092146156102e-01,-2.338040387394966224e+00,-1.471757858409796782e+00
0.000000000000000000e+00,-9.567904366648782855e-03,2.568452351819893398e+00,1.271396304397253152e+00,-1.239338474182091643e+00,1.370412103338566112e+00,1.248377531310763899e+00,-5.019642398986644549e-01,1.791530094189395239e+00,-3.099193674927461561e+00,2.565239815227240427e+00,-2.215986782800685617e+00,-1.590505611574827949e+00
1.000000000000000000e+00,-1.962305536588409005e+00,-8.827961544585136711e-01,-1.574484590703501219e+00,-2.770888562234886887e+00,-9.862898648029192472e-01,4.635400600155303863e-02,-6.927227759053411482e-01,2.758679500556683095e+00,-2.476659163170765510e+00,1.223971216139868368e+00,2.448067554455057859e-01,1.152559109056660702e+00
0.000000000000000000e+00,-2.047058663441391424e+00,4.305537087812902008e+00,2.410231957281510962e+00,2.405011913738855700e+00,-1.442048470158545204e+00,-1.250526205988004458e+00,1.592059803484848768e+00,-4.919258397024307783e+00,-1.811184010547296719e+00,-2.124748865535947662e+00,-4.435681974694523966e+00,8.955764988400691795e-01
0.000000000000000000e+00,2.537475650814982941e+00,2.502182731297637908e+00,6.442048619173346147e-01,-1.239569104191157223e+01,3.996027721799273014e+00,4.149860544234071469e+00,-3.568411850629206405e+00,2.776575430692303836e+00,2.880536170550280772e+00,6.162436907496169347e+00,-2.634187608272717362e+00,2.660895195590442519e-01
0.000000000000000000e+00,-2.060038316613458598e+00,-5.687984139082931101e-01,-1.955702968036341360e+00,-4.146489557405599768e+00,1.451022204006728433e+00,-1.463061384696913159e+00,-2.555804811857549375e-01,-1.587502509863367273e+00,-8.701298114356665891e-01,4.205131832291680638e+00,-1.823366568747381677e+00,1.428833080857082383e+00
1.000000000000000000e+00,6.624281338382720374e-01,-1.513970225356022326e+00,-1.375182147416598166e+00,1.946451087249908340e+00,1.478106196745070378e-01,-2.810628479605670194e-03,1.196965524057029606e+00,4.575230484480524717e-01,-1.381167350215713796e+00,3.984022066856420796e-01,-6.539754532787589447e-02,-5.219208759001070508e-01
1.000000000000000000e+00,-1.950025918547955817e+00,5.088954003532958126e+00,-1.044963867330315876e+00,-5.821262523851518544e+00,-1.131513778990093311e+00,-1.856952216640748610e+00,-3.220849942363203766e+00,-4.300980946883337097e-02,4.159337294486768144e+00,-1.305154201231502498e+00,-2.118452530047588933e+00,-1.291022109623964909e+00
1.000000000000000000e+00,-2.766944853973190455e+00,-8.563675660693810254e-01,-1.473942508082330294e+00,-4.407594999719999684e+00,5.967704944480152207e-01,2.190818978853023236e+00,-3.692234169365915530e-01,-2.413666812808062723e+00,9.332265525741022527e-01,3.796233388808682996e-01,1.310046711245434814e+00,1.867421128712050571e+00
1.000000000000000000e+00,-1.029257437776282424e+00,9.470091525233600649e+00,-2.150226837932486257e-01,1.448195287241930584e+00,-1.952943339024911573e+00,-1.642151493409059970e+00,1.214657797693540431e+00,-2.357852890973280324e+00,5.557998254915863079e+00,-4.522034927254215297e+00,-4.888100139457642435e+00,-5.019006627522195174e+00
0.000000000000000000e+00,-2.564927601843366656e+00,1.178566619160753337e+00,-2.219014839213225621e+00,-4.833203056473049486e+00,3.372965091468925758e-01,-2.336902335593563862e+00,-1.165430821850136578e+00,1.429548194443175380e-01,8.602311959938492292e-01,2.957175734023600899e+00,-1.537032533103578125e+00,2.663920349969244317e-01
1.000000000000000000e+00,-2.043587468728132350e+00,7.635877770077540427e-01,-5.365111075718071998e-01,-8.160120666761303099e+00,1.103003021308219811e+00,8.136857669942774152e-01,-2.886610893619709906e+00,2.311314389045243445e+00,1.116861077933205992e+00,2.745443935368241384e+00,4.643229089186997616e-01,9.328006737784302338e-01
1.000000000000000000e+00,-2.394831041270818694e+00,5.477238521908478930e+00,9.084080392864350983e-01,-3.735959508552111785e+00,-1.267697802319542877e-01,-2.999596226944776234e-01,-1.227730324528050865e+00,8.568342464787550572e-01,-1.560423233890246397e+00,-2.133400149902022758e-01,-4.168608211071162195e+00,-1.422416824672608771e+00
1.000000000000000000e+00,7.335131884616141740e-02,-2.580975642965074313e-01,-2.017538615054478068e+00,4.148171394185388827e+00,-1.078243186865254444e+00,2.871182202505533354e+00,3.662232132613232771e+00,-8.919289347107953736e-01,-2.415365686511106169e-02,-1.149365632480264132e+00,8.155107306181255122e-01,-1.132543832234069958e+00
1.000000000000000000e+00,2.594208716973675610e+00,5.911532265448345980e-01,2.678303419962241527e+00,2.600197459052178584e+00,6.963581670547387414e-01,-4.116221442628157590e+00,1.530286020743751862e+00,1.510378837660487639e-01,2.898248090401382981e-01,4.431210031628285417e-01,-3.740443384170521135e+00,1.993906125787332506e-01
0.000000000000000000e+00,2.547280147674587880e+00,1.244670929182208008e+00,-3.382178888627931368e-01,9.322899360123253487e-01,8.168927416988304158e-01,7.602426629289432691e-01,-1.488922329154359847e+00,-1.529932126855829910e+00,5.080260233063693676e-01,1.692621919359972305e+00,-6.445596924326874033e-01,-1.843205663211729739e+00
0.000000000000000000e+00,-1.304904169495919808e+00,-7.482971137600356037e-01,8.545333371311548687e-01,-2.746320154630762289e+00,4.036769755915087243e-01,-3.197100887109681544e+00,8.093199219041795622e-01,1.595579894823091038e+00,4.202629301310164323e+00,3.378492833959855002e+00,1.315517375821901425e+00,1.963411937707987720e+00
1.000000000000000000e+00,-1.664707834774584061e+00,5.419764773388024537e+00,-7.632389011161596626e-01,3.508118192977704108e+00,-4.926873397819453437e+00,-6.079549718635750555e-01,1.046906273458442005e+00,2.712439762743120486e+00,-1.198107864141435108e+00,-1.335196462578978283e+00,-1.646643060869162678e+00,-2.045097941818437626e+00
0.000000000000000000e+00,-2.672830245467869403e+00,2.404407251349743521e-02,1.443619788130394044e+00,-5.774432297682939641e+00,2.135835896195877659e+00,-4.180405828735284324e+00,-7.425663594708931114e-01,-1.524549725981717785e+00,1.405212445921312003e+00,1.416209927065508190e+00,-2.512564204486545272e+00,2.583892649241556150e+00
1.000000000000000000e+00,-2.916330428264897190e+00,-2.945808324800888167e-01,-9.160101836532160702e-01,5.299964479184534838e+00,-4.355851773242612524e+00,2.125478916631175608e+00,2.330772378244384324e+00,4.857088588532700868e-01,-1.944964703771907555e+00,1.734522357368976753e+00,4.640740666999763953e+00,1.322135801679956923e+00
1.000000000000000000e+00,1.524653313003460742e+00,3.559833883867343562e+00,-2.262585258672491051e+00,3.241883853969405038e+00,-8.118007610849328204e-01,-1.698718713700040350e+00,9.856281226968830467e-01,3.813455913554255616e-01,1.113662499656810079e+00,-3.564635631044345665e+00,-3.727806727205382753e+00,-4.724761131776549661e+00
1.000000000000000000e+00,2.543294156953192164e+00,-2.580840111014630622e+00,3.964118909618813413e-01,-2.016750808434967013e+00,2.358682311439479484e+00,-1.339567764982624087e+00,-1.147921368791975372e+00,1.026395129216878033e+00,1.631871234313813090e-01,3.117389291779440352e+00,-4.064185649800250433e-01,8.200226080523453920e-01
0.000000000000000000e+00,1.149825792714644468e+00,3.873153832365059945e-01,1.018432329808663939e-01,4.982949298582486919e-02,-1.560840644670606903e-01,1.605815993655884011e+00,2.551377451301199972e+00,-1.621041681940529777e+00,2.293929890556785089e+00,3.779676715671259846e+00,-4.505897075562200760e-01,1.661725299237896136e+00
0.000000000000000000e+00,-1.558853274136906553e+00,2.883294308522756921e+00,1.183531886764381369e+00,7.633645646356642667e-01,-1.182672980485378833e+00,-4.370587292231339349e-01,9.378466659996724797e-01,-1.063906484418194465e+00,-3.874010848717210909e-01,-1.279424679844630042e+00,-1.854887859027844144e+00,2.224535718565334719e-02
1.000000000000000000e+00,-2.125836562099356009e+00,-3.238415060841110527e-01,-2.274332407891265007e+00,-7.645894779173424638e+00,-4.579459770513265582e-01,-1.310556934695050746e-01,-2.108971309305816000e+00,1.603133772438299687e+00,-7.378159311937975140e-01,-6.457834975625003082e-01,-1.905186601587035344e+00,2.099795368922863226e+00
0.000000000000000000e+00,-2.140609257687675182e+00,8.194434537018966402e-01,8.327148169664112531e-01,-4.353401875124903064e+00,2.178607838659562201e+00,-2.438805017605170100e+00,-5.068472977477189723e-01,-9.430047429980835672e-01,9.064096865085102817e-01,1.773269005301069123e+00,-1.922962574700059601e+00,7.818193504651015369e-01
0.000000000000000000e+00,6.835727125150170558e-01,-1.449810710069157071e+00,3.116704997202769167e+00,1.739457801477660159e-01,3.940870661955210075e+00,8.333636193973796846e-01,2.803610175594837717e+00,-1.222960648648701243e+00,3.278477672816376698e-01,-4.563149686474687883e-01,-8.673028919139913473e-01,3.155162669404977249e-01
0.000000000000000000e+00,1.226130599265501386e+00,2.050186752825739589e+00,2.322454706768154686e+00,-1.389411614819008101e+00,1.056598243294278205e+00,7.061018483697102388e-01,-7.765280096893494299e-01,-9.047441186071119024e-01,3.309336101697801791e-01,1.566629213341861560e+00,-1.692586941367663078e+00,1.699043084091489408e-01
0.000000000000000000e+00,-3.373870357974008360e+00,-2.014269114010614814e+00,2.941635735515873984e-01,7.721034055868927215e-01,1.801441035740232177e+00,-2.559290037185152134e+00,8.681946560496456300e-02,-3.808980635512519086e+00,-3.503091414584229568e+00,-1.295436957204174178e+00,-5.443510778321531962e-01,9.574096693244440459e-01
1.000000000000000000e+00,-2.816583458888322067e-01,2.081708420856322128e+00,1.306778053675400786e+00,1.998080859878921534e-01,-1.329134585640387112e+00,-4.154244972067226982e+00,-1.000873288546847650e+00,2.938145163671447957e+00,1.593767819690853127e+00,1.489960465372644594e+00,-3.421167850672530708e-01,-5.130067396438147131e-01
1.000000000000000000e+00,-1.940892738428424025e+00,-6.253502263276710105e-01,-2.308110695993396355e+00,-6.008184053758659715e+00,5.523582801712993984e-01,2.309632090504269541e+00,-1.067399737783902847e-01,-2.939759519786586672e-01,5.151851266553548747e-01,-4.631163820583682478e-01,-6.392231339807563639e-01,1.499184720143859284e+00
1.000000000000000000e+00,2.080295664694351565e+00,-1.636077556608554806e+00,6.916593359792456708e-01,2.878652983715088265e+00,1.686052737768575227e+00,1.220683974698947516e+00,2.700516290694530142e+00,-1.887676100850237404e+00,-4.521096632381297553e+00,-2.692441681190311797e-01,-3.517664635611452262e+00,5.263709968021550445e-01
0.000000000000000000e+00,1.687563696327324170e+00,3.097129435784393703e+00,2.247555275335777480e+00,1.014657556303411035e+01,-8.035102428113525264e-01,1.086237004041648690e+00,3.387418032532431234e+00,-7.654773115236805925e-01,-3.414990570047930163e+00,2.050005349909671537e+00,-6.349883533593762008e-01,-3.331819258772374504e+00
0.000000000000000000e+00,3.142697286292658543e+00,-1.049249615349901577e+00,-4.277245208514335317e-02,3.063386403103219635e+00,1.017868909616403972e-01,3.244484695868826707e-01,-2.201417148908572763e+00,-2.237511919217990197e+00,-4.692650450578896848e-01,-1.887517199542072088e+00,6.596393449809740961e-01,-1.112755995444651758e+00
1.000000000000000000e+00,-1.390933160495424259e+00,4.923378821814450745e+00,5.592637592967002469e-01,1.956793209891422025e+00,-9.890164631300017994e-01,4.515290171379608530e+00,1.253199520473643247e+00,-1.503243458875250127e+00,-9.473336254995710082e-01,4.927830565456037260e-01,-2.119779162542245743e-01,-2.273720781397990720e+00
1.000000000000000000e+00,7.569698967834692649e-01,-2.289668469436666687e+00,4.392664347957520032e-02,5.615622664733176173e+00,6.859885343343388175e-01,-2.391951411666261240e+00,3.571724136528972693e+00,1.154806183443322531e+00,-4.784143557318903284e+00,2.659818461730749650e+00,-1.784295793182316681e+00,-2.037814979044589858e-01
1.000000000000000000e+00,-8.877989387268626631e-01,4.671691862205435086e+00,5.368629341579773673e-01,6.357985353432299647e+00,-5.242048833007098452e+00,-4.890515736650580259e-02,-9.065481933780861201e-02,-3.680618506232143927e-01,-1.549484614317112818e+00,-8.439173172663189115e-01,4.649868202263425232e-01,-1.296997093903328846e+00
1.000000000000000000e+00,-2.487429284988020850e+00,1.961322339984185703e+00,3.374034519863585491e+00,-2.186384907273904776e+00,9.025420282142964101e-01,8.254350361041107309e-01,6.355002342820952332e-01,4.219272006537887698e+00,7.540656323599386202e-01,1.989111804093053326e+00,2.001719994705307926e+00,-3.213027048865215729e-01
0.000000000000000000e+00,-1.963995797757307926e+00,7.847875148949374768e-01,-1.500079597862573610e-01,-2.109544087439763072e+00,1.317654910049525618e+00,-1.330063428247880930e+00,-1.423217157429905733e-01,4.440155923348914069e-01,-4.278622658395958567e-01,5.841171480228029012e-01,-1.052439046919868781e+00,-7.088753115226482659e-01
1.000000000000000000e+00,-1.774967762843737695e-01,4.020058842516354147e-01,-9.442828771595945803e-02,2.566074461180168687e+00,1.011638596509873311e+00,1.925837010016893114e+00,1.932946742358363501e+00,1.375926365094877646e+00,-9.262589404025973749e-01,3.535827148213265270e-01,1.027125499270521658e+00,-2.506202385658724552e+00
1.000000000000000000e+00,1.755025118349575308e+00,-6.411630242882325525e+00,-8.617456376024248410e-01,-9.283163517320903724e-01,1.294188057952486925e+00,-2.979422964944791197e+00,3.626892817159639293e-01,1.013950474764776510e+00,-2.772702377746190106e+00,3.875052579425864785e+00,-4.439371229827024923e-01,3.930588833809427918e+00
1.000000000000000000e+00,-2.782469772013834497e+00,3.793508426325923555e+00,-1.381687376755869057e+00,-5.560608581368012615e+00,5.497587139462409844e-01,6.878446489293668087e-01,3.935010781773806698e-02,-1.547390668688865212e+00,4.318154557174816333e+00,-1.307280441743902344e+00,-1.799820435786853023e+00,-9.717482385011544377e-01
0.000000000000000000e+00,-2.883790955022635938e-01,3.504615743811724915e+00,-9.995884464344939602e-02,3.088951826001295586e+00,-2.755585317369229958e+00,1.588317703991395380e+00,2.141253156825406734e+00,-9.480535845324021826e-01,1.167995533389815987e+00,1.862596187364121025e+00,-1.018278033194126575e-01,-3.901576539085060968e-01
1.000000000000000000e+00,2.123405933959660707e+00,-6.747223435749388543e+00,-1.013646518789903084e+00,-3.558254597677729336e+00,3.060730770091696140e+00,-8.350157844137469088e-01,-6.987960025439674538e-01,4.398892158344295256e-01,-1.023322174354750258e+00,2.183471246138913635e+00,4.574189139889244249e-01,3.123651888213010430e+00
1.000000000000000000e+00,-1.355990022189234256e+00,2.107986379435034419e+00,-9.983363688576281092e-01,-2.564934993435557420e+00,-3.459293116159422699e+00,2.641118198473789702e-01,-2.918596532104022589e+00,2.032930561871212571e+00,-1.526759717883033662e+00,2.096966205339980682e-01,-5.359200602597313789e-02,1.002656561810719715e+00
1.000000000000000000e+00,-3.888748228191151401e+00,1.381358765866250504e+00,-2.842338382282079579e+00,-5.128046637040289291e+00,-1.707746972810241015e+00,4.499932147416327854e-01,-1.743201398014425862e+00,-3.658563588480582274e-01,1.016788658636344822e+00,-5.025852309476269708e-01,5.094687053144262290e-01,8.804814423269835544e-01
1.000000000000000000e+00,-1.246170889801376802e+00,3.627442313256064033e+00,-1.278966732926094085e+00,1.085564343037900725e+00,-1.583728640604900928e+00,-1.226250625440807873e+00,5.792865758460881143e-01,6.626308346451341702e-01,1.223821067439061494e+00,-1.308154024850692210e+00,-1.492093463309330348e+00,-2.523612902715012485e+00
1.000000000000000000e+00,-8.901057277172234050e-01,4.056715361685899524e+00,1.228494334521041065e+00,1.087793711730970836e+00,-1.189844719546458096e+00,1.152044929108262172e+00,2.315032576016148980e+00,-4.119295419056913099e-01,-3.129367085765142331e-01,-1.173397513911399681e+00,-2.872486661902476257e+00,-6.804852364420973521e-01
0.000000000000000000e+00,-3.657160892113386463e+00,2.473070392443499077e-01,-1.404837803511107985e+00,-1.292461924411157259e+00,-4.340833992446535561e-02,-1.900056715838567722e+00,-1.027574329502098038e+00,4.657806021003969565e-01,-1.558400441017537830e+00,1.668800682128985136e+00,8.924800493950217906e-01,-4.370275902204312501e-01
0.000000000000000000e+00,-2.394329421098821076e+00,3.491360624902728471e+00,7.887901146601663527e-01,-1.138226959098544322e+00,-2.674623379232166087e-02,-1.116794982699518490e+00,1.051876099308243218e-01,-4.393484737263772644e+00,2.199902212886977182e-01,1.977050489953415369e+00,-2.644180997097040020e+00,7.638615657208864818e-01
0.000000000000000000e+00,6.649718993676916323e-01,1.470799039796206742e+00,2.676357307048346179e+00,8.382148345059121652e+00,7.023426549660720664e-01,2.402847143191247703e+00,2.021808950601063248e+00,-3.954670196899987111e+00,-3.796255499041571557e+00,-3.905671498391112273e+00,-2.889249014773878077e-01,-2.816256023514402962e+00
0.000000000000000000e+00,3.673146589570137621e-01,-2.247429038300059467e+00,3.269305409203510315e+00,1.696107028523252014e+00,2.362930789331958437e+00,-3.301495336276325521e-01,2.625744629274946007e+00,-2.147938246386134509e+00,8.601575737416109479e-01,-2.238746439190888449e+00,1.421340816329224044e-01,1.494763904555014289e+00
1.000000000000000000e+00,-1.613280471785469850e+00,1.831847654005011261e+00,-7.737420314706058289e-01,-3.802128585207272149e+00,-1.550116509677257559e+00,1.178154836254177829e+00,-1.893315671309971027e+00,-3.743011549293240758e+00,4.802719508968650963e+00,-1.091037292510359524e+00,1.379629383824824806e+00,1.650998771860295200e+00
1.000000000000000000e+00,-6.035853964075774680e-01,-3.788820354892856179e-01,-8.530291752739243005e-01,-5.312617831923980738e+00,1.789739947062295666e+00,1.804626976778644920e+00,-4.126654054635528368e+00,-1.101457552166297926e+00,-1.174118938496917952e+00,1.706969319859668932e+00,6.845273057700276276e-01,2.280830647081657503e-01
1.000000000000000000e+00,-2.972306883221681240e+00,1.258168491112057863e+00,-2.210888911782712185e+00,-5.790520820138999269e+00,-4.853550615611390562e-01,-4.321207045463471008e-01,-7.286558380162500015e-02,1.462120809290507140e+00,1.777637864771209664e+00,-5.495958063221135781e-01,-1.278146507860073999e+00,5.622483192792837592e-01
0.000000000000000000e+00,5.019179466083112828e+00,7.000114275851735401e-01,-7.688053673914254649e-01,6.668279868024874268e+00,-1.332415777199975615e-01,5.027468864432480977e+00,-6.032189212631133834e-01,-2.583694740885253083e+00,-2.215644309613949758e+00,-5.046444341392209765e+00,-2.214598923720539903e-01,-4.226821406830039152e+00
0.000000000000000000e+00,6.707298741642677697e-01,1.373855055028975647e+00,1.048858869104733360e+00,3.313232807744122876e+00,-2.589272363165692870e+00,3.971179149115289242e-01,3.086227794080100395e+00,-4.569748044814400112e-01,2.541608046539631793e+00,8.231116244899455703e-01,3.457793545346645736e-01,1.324360022026921602e+00
0.000000000000000000e+00,6.533574164856568167e-01,-2.835098588580277745e+00,6.710355741121980522e-01,2.494806114182991585e+00,1.545038071540184799e+00,7.447757372584571378e-01,3.067290104152128549e+00,-4.049531053387844359e+00,-2.301434258459460480e+00,-1.063187753345485209e+00,-1.694361089674926379e+00,2.037875956387288134e+00
0.000000000000000000e+00,-8.707443503256584449e-03,1.649684291652615542e+00,-7.842486908571864035e-01,-3.318168393512549663e+00,3.162057353420546502e-01,7.308150300890701168e-01,-2.139279052898232614e+00,-1.336885133650515423e+00,-4.947417707473852344e-01,4.988175565226010688e-01,-1.977704819062161112e+00,-8.337942044887158843e-02
0.000000000000000000e+00,1.982724082493340312e+00,-6.521431597367329802e-01,-6.240996537692211632e-02,1.251207390279388942e-03,9.218674372986590537e-01,2.992078856891597027e+00,-1.253099920786647781e+00,-2.026731295706558633e-01,-1.049236437423826551e+00,5.824338337569542334e-01,9.372350842755565736e-01,-7.178077958954907078e-01
0.000000000000000000e+00,-6.132562124612449539e-01,1.672622772772685673e+00,4.227358450015098468e-01,-1.826515654507636865e+00,2.314877195090345730e-01,1.966018574017003306e-01,1.438057400588414136e+00,-2.054553146318611745e+00,-4.986644116544765026e-01,1.281390327877174329e+00,-3.478099483642579148e+00,1.475012114169340194e+00
0.000000000000000000e+00,1.529820467820384611e+00,9.965553283137178475e-01,3.565680401836771596e-01,1.317709297278170100e+00,1.293677864008214495e+00,-2.394175142168021519e+00,-2.578903249708613288e+00,-5.524172621946761286e-01,4.798491326796661127e-03,3.723156621483430850e+00,7.634238811740168273e-02,-2.132513733299904679e+00
0.000000000000000000e+00,-1.705200033340246168e-01,5.977689445944965596e-02,1.686182335261535492e+00,1.280855872257672390e+00,1.078210281169119211e+00,1.235538858561281650e+00,2.315295662921304398e+00,-1.066056620781889119e+00,3.322069768761224395e-01,6.192148297247037636e-01,1.593514351623115388e-01,3.579976036895442526e-01
1.000000000000000000e+00,-2.107568204342298301e-01,6.263398561356373406e+00,1.821072870918468922e+00,-2.653685729467498700e-01,-2.456246235979442361e-02,3.794899453105182729e-01,-3.628649680482997741e+00,-3.409246346747877965e+00,-1.558418537089704792e+00,-1.013783944856236019e+00,-3.317485244603653793e+00,-2.698507599601735585e+00
0.000000000000000000e+00,1.395260383598668108e+00,2.329189342707393418e-01,5.635476576733615683e-01,6.637088956732277722e+00,-4.940551918149007626e-01,3.514150471179569024e-01,4.851425503903383785e-01,-1.219141710375789778e+00,-2.189020638511007810e+00,1.449479785860352754e+00,1.414073248349450473e+00,-1.899104951411242137e+00
1.000000000000000000e+00,2.894395111064669290e-01,-8.340363303334951128e-01,-3.358502517642780738e+00,8.071424714362464004e-01,-1.722263550620641626e+00,1.972056823980673057e+00,1.321429509654108880e+00,-1.927661581714099848e+00,3.105493012030507760e+00,-2.356441247312329068e+00,1.405134781663792243e+00,-8.322662575249717420e-04
0.000000000000000000e+00,-2.522120799214168763e+00,1.562275038179767872e+00,3.804415132328940352e+00,-5.934672859496999742e+00,4.230898877999211827e+00,-3.369371792193000203e+00,-5.701700720901792252e-01,-3.360263732977411877e+00,6.853638772504718757e-01,-3.585938987657510957e-01,-4.474691020966490740e+00,1.671419999933303036e+00
0.000000000000000000e+00,2.239143330287580724e-01,2.898564753511061909e+00,2.825182085501984020e+00,2.054376666480305591e+00,-9.438495840745007026e-01,9.141106459307675181e-01,2.506830902268781358e+00,-2.541681047804670079e+00,2.466178026075779517e+00,1.023572231573448121e+00,-7.768420585736475203e-01,1.119665605085744753e+00
0.000000000000000000e+00,-3.364848230822629294e+00,-5.938392119801211066e+00,1.411738469394835382e-01,-4.927562280979139508e+00,6.721759683746219238e+00,-3.326241950417025084e+00,-1.000942569446261476e+00,-3.397865734670709736e-01,-2.907863458019734448e+00,-2.534730625407395355e-01,4.804040874249899673e-01,5.146792877963324297e-01
1.000000000000000000e+00,-2.112239609764899662e+00,4.777675188252870520e+00,-1.633748374427457239e+00,-3.320875076874564957e+00,-3.846800218000093752e-01,2.641160047742052708e-02,-2.894351196638168311e+00,-3.640704930945755535e+00,2.961385134655770912e+00,-2.079191415786296737e+00,-1.419801335546810872e+00,-2.225965994333670039e+00
1.000000000000000000e+00,3.442149240686221745e+00,-6.185872664733063964e+00,-1.883955475269038171e+00,-1.136486340037859089e+00,1.906688075735782917e+00,-7.000227749022109869e-01,-1.101661059243113083e+00,1.107218278429094260e+00,-1.371356670840174763e-01,5.398713510913912828e+00,2.210777692563472119e+00,2.048153203401957168e+00
1.000000000000000000e+00,7.006580167661333736e-01,6.340516365449067493e+00,6.670374752496530668e-01,-2.703619317496195773e+00,-2.669065676296272782e-01,-6.361156750219734146e-01,-1.559566578323385411e+00,5.476393705520050670e-01,-3.118050296830001678e-01,-2.585025450126390290e+00,-6.412042737824410032e+00,-2.742179300912061635e+00
1.000000000000000000e+00,-4.415715075792916444e-01,3.529864203439611714e+00,-9.275551056073620959e-01,3.189568785642372117e-01,-1.269939940646447329e+00,-2.307205311002764603e+00,-1.344759411491239343e+00,1.152633376956173628e-01,9.452859226908906232e-01,-1.591671572607413765e+00,-2.079620410852691670e+00,-2.433593174441686102e+00
0.000000000000000000e+00,8.377091597389292321e-01,2.581320761269679132e+00,1.159527953720623339e+00,3.178167075071023806e+00,-8.514739899050161043e-01,2.881246155731246983e+00,2.884041884441191250e+00,-1.374180479590299653e+00,6.975508645870611701e-01,1.715405068258177845e-01,-7.027928821366740131e-01,-6.677560137614948488e-01
1.000000000000000000e+00,-1.827084719077437303e+00,9.408931764086406746e-01,-2.196351116513530766e+00,-5.033921801155245568e+00,6.343830317976828503e-01,3.650380354535833760e+00,-4.427240750667127411e-01,-3.058132381308952041e+00,1.910013634994086384e+00,-1.160850415298246840e+00,-2.160360477588102457e-01,4.788315813685735112e-01
0.000000000000000000e+00,-1.176476028372257066e+00,2.130056122359835324e+00,-1.415257406601336587e+00,1.107415212205862476e+00,-3.068487672434927482e+00,-7.298884279489312732e-01,6.778582550858072153e-01,1.115920045684372308e+00,9.804529431664414929e-01,1.330712827127029652e+00,2.521419773556403676e-01,-9.425046072837428568e-02
0.000000000000000000e+00,-2.809836376294106319e+00,1.537950231909911869e+00,-2.746285545164674158e+00,-3.544509932757949233e+00,-6.420087057398744523e-01,-6.333742557022444819e-01,-5.224280687713853677e-01,2.090984092466142474e+00,-2.634653971669222550e+00,1.221298599438005006e+00,-2.326197095876044951e+00,-5.700334731436373925e-01
0.000000000000000000e+00,-1.132904750996707399e+00,4.167436881388208447e-01,5.632678922847944580e-02,-1.877844416778137848e+00,9.879073921779321088e-01,-4.781702845231138310e-01,5.966178105640602691e-01,-9.069394897797473654e-01,6.434508528869401500e-01,6.073431908029267579e-01,-1.066876908857548489e+00,4.298868815664494969e-01
0.000000000000000000e+00,-8.276876711408338583e-01,-2.217995339017242884e+00,3.713404511892376636e+00,-7.268606435290352330e-01,5.044881654833474727e+00,-1.598659712947564593e+00,1.719815321979995870e+00,-4.016964317450905320e+00,-1.738953410878524064e+00,-2.221076222009929602e+00,-2.718888040895826919e+00,1.366439758218193301e+00
1.000000000000000000e+00,2.378976110783018738e-01,-1.218348167532634196e+00,6.917979355648931072e-01,2.557747942342130543e+00,-7.681920957937826699e-02,-2.624014345858668662e+00,2.758716551633376923e+00,-2.210024920465025744e-02,-3.777234250899046852e+00,-9.438994395370436941e-02,-3.729168215300663558e+00,1.499748466467836661e+00
0.000000000000000000e+00,3.356497121355775937e-01,1.240761333594640359e+00,-1.339387819087685561e+00,-5.578454719852426358e+00,2.152309628629725857e+00,3.766805858396085505e+00,-1.896675895164541492e+00,1.321381396630469940e+00,-1.146323213018989318e+00,2.694558567737647792e+00,-1.106128936924072104e+00,-1.277076152226657157e+00
1.000000000000000000e+00,-8.311966451553365332e-01,-2.776673578588659819e-01,2.405917483496112119e+00,2.694018437391873633e+00,8.822084978838784508e-01,-2.304194207276214712e+00,2.730453518177015759e+00,2.419194679717266538e+00,-1.207238589663745421e+00,1.527373185544711465e-01,-4.731351787280162480e-01,-3.848786060456628189e-01
0.000000000000000000e+00,-2.504365311471734135e+00,5.218777216563076360e-01,1.252725489349871157e+00,-6.210865587670974186e+00,2.827075829498888915e+00,-3.413799725311388311e+00,-1.518645007846870509e+00,1.086283564160325898e+00,3.089813531157260762e+00,9.729687921770135972e-01,-4.758381793775898760e-01,2.114189328000307677e-01
1.000000000000000000e+00,-7.359026386678280129e-01,4.471114351924203034e-01,-3.516622903885900264e+00,-5.592544358173046959e+00,-1.336068739486835799e+00,3.146911582237831961e+00,-1.215970232429966158e+00,-3.944778241838664545e-01,-1.958779935710119879e-01,-2.541988479333809892e+00,-1.852179901372088988e+00,1.091380797159212435e+00
0.000000000000000000e+00,4.085972855871973231e-01,-3.332983393897862023e-01,9.085324326644922399e-01,2.064706283938546605e+00,-9.979088033851035711e-02,1.450294074596344629e+00,2.605640014083157929e+00,-3.649332223706804434e+00,1.856748173544434666e-01,4.762494921179118990e-01,-6.604423961494156892e-01,1.874187458627079250e+00
1.000000000000000000e+00,5.923305732138770985e+00,-3.348437403106251153e+00,-3.812317734113781498e-01,9.091240503729021150e-01,3.690964498608595878e+00,-4.710667249712520155e-01,2.354987567209219534e+00,-2.661729522749318289e+00,1.377560873480991877e+00,2.471053963609088910e-01,-4.033545456112344496e+00,2.585452758593302924e-01
1.000000000000000000e+00,-1.484985139335978532e+00,3.209728018901232272e+00,-3.427861932825521318e+00,-9.160429877694014067e+00,-4.952960030476124542e-01,2.600058682241274122e-01,-2.396716592019291880e+00,2.758024905821329753e+00,4.133427251280024084e-01,-2.460673323672148083e+00,-4.927762271518036030e+00,-7.669407708847996163e-01
0.000000000000000000e+00,-2.875229129146173790e+00,1.140672895425837829e+00,1.459576790656924583e-01,-4.196483375350776868e+00,3.173515675148177895e+00,6.951600515741462871e-02,-2.203545318310254242e+00,-3.791544848732403494e+00,-2.534006819501485319e-01,-9.041022810659038456e-02,-7.557834616126802851e-01,-7.789707173948432484e-01
0.000000000000000000e+00,-1.401761878307773879e+00,1.321969622676846923e+00,1.600445918354597596e+00,-1.159378781462660379e+00,6.817158983983014897e-01,-1.923449270601393035e+00,2.738375876754707283e-01,-5.568360344202851309e+00,-8.840054736627851462e-01,-2.931672836203373045e+00,-4.471023197491195589e+00,2.007858719532104264e+00
0.000000000000000000e+00,2.756056198532313317e+00,3.993700573068914572e+00,2.727290421275307075e+00,-2.799724912762926454e+00,1.275106387420069431e+00,6.502784503848055842e-01,-1.028622131775490667e+00,1.757695149518755162e+00,6.698683125044480047e-01,5.411417564830355964e+00,-3.212834970381313493e+00,-6.049598300174262588e-01
0.000000000000000000e+00,-3.944733018356840759e-01,-4.110937060384898811e-01,2.255395222779195130e+00,-9.048717790125479610e+00,3.244555635263745241e+00,1.751890330956827446e+00,-2.756894868275806321e+00,-1.853577658162197661e-01,-4.320757825822910680e-01,-6.068933219417429470e-01,-2.149580622332951663e+00,2.533323286703707655e+00
0.000000000000000000e+00,-1.439776624042120368e+00,2.069918593663908624e+00,4.896150951679661967e-01,-3.173235059535816305e+00,1.436189478750748538e+00,-3.702004938263513401e-01,2.644874999165475193e-01,2.597672000520745428e-03,-2.500043784390986179e-01,6.398653703082599620e-01,-2.722247585218330990e+00,-3.943989703439663153e-01
1.000000000000000000e+00,9.568749941784739921e-01,1.307387337146997730e+00,-3.877747519589788361e+00,-9.461859036603623707e+00,1.180675816769668263e+00,2.642181803458183875e+00,-3.062607516699143329e+00,-2.874349540172242534e+00,4.798855374034911137e+00,-4.024783887138186245e+00,-3.155145064118245024e+00,-1.478709119695973406e-01
1.000000000000000000e+00,-5.250150152463604947e+00,1.664922267550636770e+00,-3.031237699111699602e+00,-3.595897405485664056e-01,-2.333367278679965739e+00,-6.775432871882798302e-01,1.666209231760770848e+00,-4.601047938689973860e-01,2.829067195861351136e-01,-1.055687599571713209e+00,5.546861718725366597e-01,-2.754291868762392959e-01
1.000000000000000000e+00,-1.914575297833673861e+00,2.581174956346631078e+00,1.911121192424739323e+00,4.022696753263182295e-02,6.498017356304218728e-01,-1.334823118821677923e+00,2.709828746750390760e+00,2.391285362799006720e+00,2.038270244859363700e-01,-1.078899087950335289e+00,-2.150492297393614471e+00,-1.272120293308215411e+00
1.000000000000000000e+00,1.859369096886178463e+00,1.150100599301005388e+00,3.380734040296514031e+00,3.762053745246642933e+00,1.144762577582490781e+00,-2.343718897198128204e+00,2.948392622533702045e-01,4.340648136308229432e-01,-3.667210816450331201e+00,1.730205370869362991e+00,-2.857645997535212423e+00,-8.896389127976223055e-01
1.000000000000000000e+00,-9.616955551828353377e-01,5.088536660138990975e+00,8.016515751477686358e-01,-5.025870226117219453e+00,1.618770742641340021e-02,3.471367109636668280e-01,-2.732616042157714809e+00,2.955318717598576228e-02,1.942961225950324833e+00,1.905667904449503958e-01,-2.285384290415650721e+00,-1.194588118453358661e+00
0.000000000000000000e+00,6.389409294134118511e-01,3.894124905695819816e+00,1.298096906462650191e+00,3.558007600466045695e+00,-1.299047170115164018e-01,-1.050249573859733498e+00,-1.818310457829019899e-01,9.117979104161249015e-01,-2.328207017309142923e+00,4.646457831083876222e+00,-1.539789766201855592e+00,-2.811157191524860988e+00
1.000000000000000000e+00,-9.450609823988578295e-01,4.369463500115902121e+00,-5.345120076955597321e-01,7.327585070616537966e-01,-2.246668182260958879e+00,1.832168982016791015e+00,-1.423440803981299796e+00,-2.141012609211082607e-01,-3.548594431348475631e+00,-1.094205136218665553e+00,-2.277645653748462173e+00,-1.764461357213926274e+00
0.000000000000000000e+00,2.567456347957321583e+00,1.782486704010098233e+00,-8.846517899622172720e-01,-8.630329428770869171e+00,1.208666541677464901e+00,2.295771339009550438e+00,-4.525553519773554356e+00,-1.804384951562774120e+00,4.590467728121008228e+00,2.378132742991698301e+00,-1.356751343624775119e+00,9.988942462236005682e-01
1.000000000000000000e+00,1.513218505407066594e+00,-3.987096218279345905e+00,-1.282181519220092714e+00,-2.992406582982019891e+00,4.629796418808693748e-01,-1.133638421923043982e+00,-2.736478842289357338e+00,2.437678009418029479e+00,1.418692060788406373e+00,4.536204303475722455e+00,3.422542783975289105e+00,1.851659175039123362e+00
1.000000000000000000e+00,-2.515698397388351548e+00,4.338315022539023680e+00,4.144666524549233344e+00,1.330950288535782899e+00,1.438468850936202470e+00,-1.438681298913577100e+00,3.827279283892480066e+00,3.856232907844098889e+00,-1.222688758933653252e-01,5.137062853770035797e-01,-2.059350862657272518e+00,-2.441154130085276819e+00
1.000000000000000000e+00,2.318661124833091947e+00,-3.297058824280331812e+00,7.582318430595836878e-01,3.239764063220633705e+00,1.853978294144986938e+00,-2.755970442894404293e+00,-1.406984861922861985e-01,2.406896254667774571e+00,-1.369598388446905624e+00,4.357927948542444696e+00,1.803612510536048763e+00,-6.941090138883612148e-01
1.000000000000000000e+00,2.644449998193340701e+00,3.234614383071027000e+00,6.965982091680131827e-01,5.440306296866824098e+00,1.521642238056781338e+00,-1.395909705048117289e-01,-2.422609056957722995e-01,2.526980297477929849e-01,-4.046314972102971197e-02,-1.456669593314168232e-01,-7.345369589372047203e-01,-5.980705581911222701e+00
0.000000000000000000e+00,-1.316146837152155857e+00,2.620408779257021870e+00,8.496418102966291075e-01,-9.017169472341955982e-01,1.930885787744590631e-01,-2.713599519500975443e-01,7.830757594560981971e-01,2.816503148705422621e+00,2.087756050275969777e+00,1.630995434977799086e+00,5.565566828405266175e-01,-1.682637892424960757e+00
1.000000000000000000e+00,-2.525938113047481171e+00,2.256188146130060357e+00,-2.148841592230199993e+00,-2.429721791948014964e+00,-2.098770463555935883e+00,1.730865220049795816e+00,-1.935702736065269658e+00,-8.344889987860648617e-01,1.759517470805199713e-01,-2.610057433700154750e-01,9.126354283343407481e-01,-1.751636502890289160e-01
0.000000000000000000e+00,-3.353943884478019832e+00,3.903429641986662979e+00,2.063286574204553858e+00,-3.219719126237928553e+00,1.426553340322107122e+00,-2.895407121575436005e+00,-6.424556711291846689e-01,-2.091335757246119087e+00,-7.714288570234906217e-02,-1.012980856475306890e+00,-3.854417456239621842e+00,-3.562632853421161538e-01
1.000000000000000000e+00,-1.163718342817279261e+00,3.687870202896933236e+00,-8.371846097068790238e-01,-3.088702422789331159e+00,-1.469779649786947306e+00,-3.969528312609310383e+00,-1.593540453184947081e+00,2.878079572892646709e+00,-8.595439294477895675e-01,-2.046481059881345210e+00,-4.989002358318459507e+00,-1.236887675362849492e+00
0.000000000000000000e+00,-2.212189920367177542e+00,-3.819947475541920490e+00,-6.790351705563735241e-01,-4.027732035385324649e-01,1.529980240916920975e+00,-2.581449186863558509e+00,8.179867532557361098e-01,-1.671272289929784272e+00,-2.301419752709849220e+00,4.869985652409222210e-01,5.329234235512325668e-02,2.116973242012235801e+00
1.000000000000000000e+00,-5.475216681308882061e-01,4.805832703307240550e+00,-9.482513191712519385e-01,-4.339298181724332015e-01,-1.553014494489274089e+00,5.923410170540326369e-01,-4.841881812477645930e+00,-4.494076285476105603e+00,2.290814136915201082e+00,-1.327402360486566124e+00,5.788541216214126983e-01,-2.510698209027584227e+00
1.000000000000000000e+00,-1.113620602774281654e+00,1.787239963037627444e+00,-8.793926967062609679e-01,1.559049654685564334e+00,-9.351939721321290699e-01,2.954332450056557757e+00,3.143993402159790840e+00,-7.133276107400399191e-01,7.110549342797227723e-01,-6.014224358042732366e-01,-3.687867408725709062e-02,-8.012278932006273724e-01
0.000000000000000000e+00,-3.791400060469476418e-01,-2.182041411124609753e-01,3.771416775371119190e+00,-7.261055161941974700e-02,2.001840773921034433e+00,-2.646587757722374867e+00,2.018549531554929999e+00,-1.274868879163833180e+00,1.229482332952706924e+00,-3.482684271887461769e+00,-2.382016704220353276e+00,1.228884094741802269e+00
1.000000000000000000e+00,-2.591808400642380050e+00,5.037278738072695106e+00,7.184958608557783233e-01,-5.439261188731541630e+00,-8.698990226914801172e-01,-3.747775464394317524e+00,-6.262379517269346607e+00,-3.375457313340085586e-01,5.897451662279522555e-01,4.366484794133256297e-01,-1.812975958646748431e+00,-8.584639947818555328e-01
0.000000000000000000e+00,-1.140765824378464410e+00,3.961763778610746023e+00,2.371343663868052509e+00,-6.042077707513489049e-01,-4.524508840826462208e-01,-1.514764998295391241e+00,9.139664808195224754e-01,-3.393059792215771697e+00,2.997427126533843023e+00,1.175394207697397331e+00,-2.308106162945637418e+00,1.056851854123812773e+00
0.000000000000000000e+00,1.111055932895865128e+00,2.242772294348657436e+00,4.489605903983963087e-01,7.989105105634565218e-01,4.520731498338701471e-01,2.265597243178181674e+00,-2.303535083190637600e-01,1.033898615004016808e+00,-2.554909962020658565e+00,2.343881431604025511e+00,-1.252075835387518543e+00,-1.887073476414021345e+00
0.000000000000000000e+00,-2.054790502426739884e-03,-2.042988562838771394e+00,3.172952910944088600e+00,-1.011013739724069715e+00,2.695682896559613795e+00,-1.821930074228434560e+00,2.414432992023747282e+00,-2.448989389012149687e+00,1.461723120005858023e+00,-3.180405613351977578e-02,-1.456886955279994122e+00,2.924173326692238284e+00
0.000000000000000000e+00,-2.552462933091911523e+00,5.938653143189819517e+00,3.904910746527569643e+00,-2.610375977065765074e+00,4.033970501118947283e+00,1.014849910080642736e+00,5.371158520789367508e-01,-5.286535823454937777e+00,-9.407096044562048842e-01,1.858944459482437583e+00,-4.819613305279391469e+00,-1.431408306860625590e+00
0.000000000000000000e+00,1.350105624845767016e+00,-6.628262390099556867e-02,8.038976261362535958e-01,3.155477378779954378e+00,3.918480461969435780e-01,7.204218539084634720e-01,-5.681989659475439325e-01,-3.086866241057954596e+00,-2.965063935195921818e-02,-6.219971125507317566e-04,1.016581271373991235e+00,-6.376549821437529353e-01
0.000000000000000000e+00,-7.575038465306187518e-01,6.748661575940844592e+00,3.849823574792992531e+00,-2.287888088718610380e+00,1.547567726633383156e+00,3.059430574013977111e-01,1.043840506421187531e+00,1.339216060079347237e+00,4.162814181259822277e+00,1.339979099103180138e+00,-2.241986534307343071e+00,-2.646446760340606996e+00
0.000000000000000000e+00,-2.262848715891885298e+00,-1.003864675243491211e+00,-4.211453390072308345e-01,-5.498422122747423479e+00,2.679401157547820045e+00,-2.557958840046639537e+00,-5.189200480447071495e-01,3.655414319665356793e+00,1.040058604413258703e-01,1.812414751399597623e+00,-6.687982961817096061e-01,-2.075494358937148842e-01
0.000000000000000000e+00,-3.881817684645703093e-01,-4.557553608416735180e+00,6.884284911367957172e-01,-1.402626041590603057e-01,2.716710345604703036e+00,-1.684896898274264920e+00,2.025123405980025382e+00,-5.007413133720879372e-01,-1.032773460815525901e+00,-1.100490787504850854e-01,1.182378023169450287e-01,1.956857807620407730e+00
0.000000000000000000e+00,-6.706479375095277806e-01,-2.854111530728609125e+00,-2.121015983324983978e+00,-8.820528995890077884e-01,1.663379399748321497e+00,1.562801772373606513e-01,-3.321905840114736996e+00,-4.561236630147396554e+00,4.735105365130822808e-01,-1.632840439585955483e+00,2.864989585426988672e+00,-3.376618818889979279e-01
1.000000000000000000e+00,2.597380833833420333e+00,-4.077832124078994092e+00,3.021114895683699730e-01,1.752737772081720546e+00,1.210819801114950023e+00,-1.054580691397586367e+00,1.591307064973904950e+00,-5.444252283255150981e-01,-2.841871355249832032e+00,1.895502737572586138e+00,-1.574111676307904162e+00,2.348000277955523796e+00
0.000000000000000000e+00,-1.435522008061840049e+00,-6.155334606491194016e+00,-1.571818627974894245e+00,-4.853075467406972265e+00,2.395653315314400622e+00,-3.419560315498809011e+00,-6.853196479315526446e-01,8.114155873349060411e-01,2.996015171095551377e+00,3.554072717492184452e+00,3.477937795698190726e+00,3.242490092084347797e+00
0.000000000000000000e+00,-3.885433844199815967e-01,5.835028883575170688e+00,4.502041935525287641e+00,-1.167319929226277697e+00,3.169854624932557652e+00,3.238928456840691972e+00,1.723641138190292743e+00,-4.632483252579075561e+00,1.763594575477708482e+00,2.932175788271849548e+00,-2.914769677667167436e+00,-1.068552665072937113e+00
1.000000000000000000e+00,-9.794389702227124239e-01,1.925940283512735052e+00,2.876281358542806199e+00,-4.765866578909961682e+00,2.537027022226035378e+00,-1.135720454620742892e+00,-1.059515692200679204e+00,4.037446938452188938e+00,3.145642903493333975e+00,1.653841509798192000e+00,5.707186769989638364e-01,-1.184863201399720678e+00
1.000000000000000000e+00,-2.199648291785402776e+00,7.005500965746090714e+00,2.012565442454208320e+00,-7.123425047599091897e+00,-1.940995698247103496e+00,-1.921953539969255331e+00,-6.566615607106632169e+00,2.171917081568710994e+00,-1.367793800965107831e+00,1.134625078901962514e+00,-3.405921665258196285e+00,-2.317893840731517496e-01
0.000000000000000000e+00,-2.814526387049154810e+00,7.936486227909856916e-01,5.416866628938847850e-01,1.963399062665369676e+00,1.866938673724810815e+00,-3.742739890496817878e-01,-1.532768147437025830e-01,-4.330888963232795597e+00,-7.659203063058289684e-01,1.478533796935593614e+00,1.468916028420459430e+00,-1.348004879860724259e+00
0.000000000000000000e+00,9.511015652295368161e-01,1.009624843831266050e+00,-5.189557668710520488e-01,3.621662140937904062e-01,1.426967002525749484e+00,1.117007392912070740e+00,-1.458083713611852961e+00,-3.434557516859984005e+00,1.510218819641345522e+00,1.213150484913090743e+00,5.882623346340798420e-01,-1.699279868120342041e+00
1.000000000000000000e+00,1.107675752933548807e+00,2.441104839998356368e+00,2.589089414877020268e+00,5.146109894418125386e+00,-3.098196303495415194e-01,-3.519523656668963163e+00,-1.252671378568090965e-01,1.615329171577421619e+00,-2.815757645369603157e+00,2.066077282617460487e+00,-1.774329832434157428e+00,-2.198518259341058823e+00
0.000000000000000000e+00,4.527561079553836798e-01,-1.318352896982981359e-01,1.343339195696179100e+00,7.702495024786015776e-01,9.332096759544933340e-01,-6.414627578806906261e-01,-6.385146505210541612e-01,-3.649946244721158362e-02,-1.900925037862238209e+00,1.762236677375172533e+00,-3.339335871882693763e-01,-4.743617296556379426e-02
0.000000000000000000e+00,2.357302124939531840e+00,2.162468879801648480e+00,1.209056086570108324e+00,-4.508735273669265631e+00,1.599619262306474887e+00,3.341432529033451004e+00,-1.762742913972036529e+00,-6.241994585567154363e-01,4.513610974227448835e-01,5.609822763486269626e-01,-2.623244686814427240e+00,-2.722547197336566693e-02
1.000000000000000000e+00,-4.181897129453604478e-02,4.925199772293415101e+00,2.710484069572392407e+00,3.011541115739288177e+00,-7.028309962332117689e-01,-2.092331404836179631e-01,-8.700931205868200902e-01,1.345322708164120806e+00,8.704469648883110811e-01,-1.335927011311484947e+00,2.349244652026234448e-01,-3.654371321326914224e+00
0.000000000000000000e+00,-2.586543829252356375e+00,5.332029946538110465e-01,1.186085816737346477e+00,-1.841163780219365220e+00,1.042656002081383537e+00,-2.767287462147560717e+00,-6.552549048413391919e-01,2.060256188086626139e+00,3.555174959046880634e+00,1.466520068580747349e+00,2.832676841935676926e+00,-7.787658312371459335e-01
0.000000000000000000e+00,-1.110774264445588688e-01,1.756601771338890616e+00,1.343601811269163671e+00,2.386659704112132907e+00,-6.099499624211752735e-01,6.721385033319204894e-02,6.842066811744309529e-01,7.134850230446776465e-01,-3.728301786526932560e+00,1.361816083744111339e+00,-1.773066700968099596e+00,-4.688833238410593518e-01
1.000000000000000000e+00,6.978684165492472502e-01,3.605631897044105472e+00,-5.964576322793718743e-01,2.816208225125396591e+00,-1.629153731251748560e+00,2.636115885789264368e+00,1.651615282452898903e+00,-1.441558519627463397e+00,1.476381715994977695e-01,-2.248279334683597419e+00,-1.892796683006324532e+00,-2.077491118637206924e+00
0.000000000000000000e+00,-1.912630130372429349e+00,-2.418002564792802733e-01,-1.192320543065078287e+00,-3.710974928165365228e+00,1.350271308963693295e+00,-1.098018252792686500e+00,-4.193206122114885304e-01,6.515294308776549137e-01,2.720220051085124879e-01,1.905793447619322567e+00,-4.535284941752659726e-01,1.176226189208567918e-01
1.000000000000000000e+00,3.235104873471691622e+00,-6.407885701289935731e+00,-2.322747742518088021e+00,3.077923543627312686e+00,1.453573618799655298e+00,3.034165429565016225e+00,1.431063758720789281e+00,-1.218090989360394172e+00,-4.205684062261091150e+00,3.492600220716383319e+00,1.736420467618851493e+00,1.609243244435895726e+00
0.000000000000000000e+00,9.225095277788217807e-01,-6.053678051927659176e+00,-5.649829409766393695e-01,2.818861733609643316e+00,2.177336317289111811e+00,1.020812557434803036e+00,3.470979638839781778e+00,-6.407866869569065926e+00,-2.562209230280071637e+00,1.064508456155650595e+00,-2.664748854030961622e-01,3.924242292733263859e+00
1.000000000000000000e+00,2.282767545449496005e+00,5.242046040696711096e+00,2.303343222235403331e+00,4.571359066628930989e+00,1.880887572668115570e+00,-1.628657888575617774e+00,1.668413501384377717e+00,-4.408996674693623774e-01,1.563418856594887441e+00,-3.074752069066822635e+00,-4.273652258385757463e+00,-5.738013980444783613e+00
1.000000000000000000e+00,-1.752394835041477084e+00,-1.693750512947737041e+00,1.096415851958570276e+00,1.454864553925538040e+00,2.636245283987191268e+00,-7.438597616104878352e-01,2.632606026480754036e+00,3.858336308632461353e+00,-1.546429938217830813e+00,1.592712631295882586e+00,1.745569481827952796e+00,-1.688997517805873816e+00
1.000000000000000000e+00,-1.133404090272083442e+00,8.579243420088824568e-01,-4.186349616214485314e-01,1.157087124401407374e+00,-6.991306495541033117e-01,4.854075837983553576e+00,1.255845353418743482e+00,-2.895107430974261931e+00,-7.072979911085450766e-01,3.389335327968003853e-01,1.661792748040256118e+00,3.178029818293541808e-01
0.000000000000000000e+00,-4.309531654098700537e-01,9.448940742456021225e-01,2.151071420720551686e+00,-4.657994732909449986e+00,3.522792182835309927e+00,-1.097596339900270834e-01,1.128064235416153194e+00,-1.493080001865441320e+00,-6.604298546157849614e-03,-1.070276975000237663e+00,-4.610659152542108785e+00,8.291576370619822001e-01
1.000000000000000000e+00,-2.245877465288612207e+00,3.752717301632758851e+00,3.748499518365880245e+00,5.869784354867568332e+00,-1.322786693081821063e+00,-4.979465212937801866e+00,2.697908271689997584e+00,3.587306247504771228e+00,-4.796789968099091972e+00,2.111591193439829262e+00,-2.980288509497518668e+00,-1.471484073584643282e+00
1.000000000000000000e+00,-4.074017767321220784e-01,4.838464332340947749e+00,-1.501637412137503125e+00,-9.948461332280986724e+00,1.152496113529730248e+00,-1.789890506909978640e+00,-7.535134916286102325e+00,-9.009270520779720792e-01,1.126416803851038484e+00,-2.057265182132431036e+00,-4.975370429178926024e+00,-1.955671550067741737e+00
0.000000000000000000e+00,2.029738856195490548e+00,3.268770039343040779e+00,-3.703090478236865657e-01,8.332524901105476944e-01,-6.702920442137914048e-01,8.977262567460672082e-01,-2.006548863369486568e+00,-1.090839976093339381e+00,4.796322081160890871e-01,2.339352344281786067e+00,-9.691996604529085069e-01,-2.011887555566631569e+00
0.000000000000000000e+00,7.773700846499025374e-01,-4.194602298451318489e+00,4.267532568903281032e+00,-1.389751067892871061e+00,4.688830310794953604e+00,-2.230377796205865515e+00,2.045505798556916943e+00,-4.766237372490835789e-01,3.790810223769430554e+00,-1.141912937253644067e+00,1.267115659258708948e+00,2.065802161928970371e+00
0.000000000000000000e+00,-3.146749164167453872e-01,5.186259755545237216e-01,2.860877439472615968e+00,-3.140293884623191367e+00,1.761382384662630862e+00,-2.372740900295664090e+00,6.814778674302894856e-01,-1.325452655242795208e+00,3.417994620174908960e+00,-1.455814061443039265e-01,-1.829748553444208170e+00,1.937485346187480140e+00
1.000000000000000000e+00,2.847518463564785218e+00,-1.239058509417837239e+00,-1.992012772595830317e-01,-1.288793918444115505e+00,2.846938694987761309e+00,-5.200267112121368385e-01,-8.347700804696094323e-01,-1.578906076697905725e-02,3.016060695777171841e-01,1.053979525387389149e+00,-1.644890575813431344e+00,-1.071720818524298569e+00
1.000000000000000000e+00,-1.699136237858452914e-01,3.816005157408569826e+00,-3.001195419889075566e-01,8.148586750576866322e+00,-2.874732465453456953e+00,-5.663250612437540354e-01,7.481555386030387389e-01,-1.877681036646366763e+00,1.948327552079471392e+00,-3.330211140886868426e-01,2.389779832154208083e+00,-3.801900811970532423e+00
0.000000000000000000e+00,1.065954710407112760e+00,1.586314115227062560e+00,-1.119222848555599281e+00,-4.381629393307160392e+00,1.757138070662431772e+00,3.311414632859477791e+00,-2.184011014953920693e+00,7.094576582412528420e-01,-1.747699861222931084e+00,2.387950338866756672e-01,-2.249420438456973592e+00,-1.732618421104475948e+00
0.000000000000000000e+00,2.767068738401656791e-02,3.042335554540997578e+00,1.637436040044631502e+00,4.255928703299142413e+00,2.579274249411904751e-01,1.836097681250029146e+00,7.579029573732336544e-01,-1.148557172988804442e-01,-4.302960391782034932e+00,3.820670534288903575e-01,-1.373956280894510718e+00,-2.825049034085570732e+00
0.000000000000000000e+00,-1.208781245049054043e+00,5.701659084146349699e+00,1.667744879037854178e+00,-5.310089257949385910e+00,2.632334423872895179e+00,1.743691210062284114e+00,2.982703119865180996e-01,-1.444059124800844307e+00,-5.736372463335985827e-01,1.794318473203166953e+00,-5.859611642718354219e+00,-1.265389488471349910e+00
0.000000000000000000e+00,-2.351874763792081602e+00,-4.962622046842337098e-01,5.065738217680353372e+00,7.718161223408951166e+00,1.719936450703716257e+00,-3.985562052163127866e+00,2.597914435512531650e+00,-3.694876781862006521e+00,-2.704115793753253172e+00,1.876290007598645948e+00,1.248704021575871792e+00,3.392877207432984932e-01
1.000000000000000000e+00,-1.308922721580312976e+00,3.007183629527249380e+00,-2.494253904127772703e+00,1.670037522448169387e+00,-1.423264933376541475e+00,7.652198769278902857e-01,4.902849992860438544e-01,-9.795174201653580326e-01,5.458389944760786427e-01,-1.734991382038995944e+00,-6.066538626904512954e-01,-2.898472962956302190e+00
1.000000000000000000e+00,9.921705039731790743e-01,8.829007362351780630e-01,1.472671495193143443e+00,4.346657422405561633e+00,2.393461277040829227e-01,-2.909644845767718202e+00,-2.533899555655145797e-01,1.543452938725009771e+00,-2.958892448843223999e+00,2.004961498910820872e+00,-9.602059842550935143e-01,-1.996982835261255085e+00
0.000000000000000000e+00,1.738250667632393220e+00,-1.286021500150588692e-01,-6.842418480663705616e-01,2.874901766711510209e+00,5.975802687045934647e-01,1.855787373376635685e+00,-1.174706090446572926e+00,-1.480396037770232098e+00,-8.184516928621873300e-01,1.201090866927073453e+00,1.662511630953227293e+00,-2.072765332797001925e+00
0.000000000000000000e+00,2.356348028236923575e+00,2.367634023839818358e+00,1.330159221428882876e+00,-2.429767433064809357e+00,9.024203404989827870e-01,-4.434905685512491313e-01,-2.176426252905307557e+00,5.954465019997263742e-01,5.663311097501011471e-01,3.192224927268522805e+00,-2.359571624148339097e+00,-4.954623589907535264e-01
1.000000000000000000e+00,-1.554737904042411856e+00,3.136175113145800442e+00,-1.078304099261695237e+00,3.828529420760054536e-01,4.021327921295458907e-01,1.026002302094319418e+00,1.682055937662639167e+00,-3.445676261778564786e+00,4.607657001224390925e+00,-1.372979356025003650e+00,6.781242818085808644e-02,-2.284424866690488276e+00
0.000000000000000000e+00,-2.245854311160282446e+00,8.353321293478449761e+00,-1.693950088041792146e+00,5.668967824693996738e-01,-5.522103190568275366e+00,-3.096436995383220481e-01,-3.181672457149975486e-02,3.716246285982502506e+00,1.203028751540231811e+00,8.783369035621656495e-01,-1.985716898332444025e+00,-3.002585450737513817e+00
1.000000000000000000e+00,-2.258809695141485996e+00,1.591179466656455821e+00,-1.780892851189143977e+00,2.678048578240739275e-01,-1.437264454708022443e+00,1.708452030959644485e+00,1.017975312120920961e+00,-3.101405298054539905e+00,1.868398698411408709e+00,-1.495490674892693495e+00,8.084937324064993547e-01,-1.569134743585103298e-01
0.000000000000000000e+00,3.434521394992518406e+00,-1.261302033721027893e+00,1.467666464952470662e+00,8.857099769932462507e+00,1.442227313249572207e-01,3.894672738967235315e-01,1.503695584392485962e-01,3.802300082428549111e-01,-3.538189546737473101e+00,4.921492549842861886e-01,2.081289266893256773e+00,-2.787146080951999672e+00
1.000000000000000000e+00,2.525032736201999306e+00,-7.884250773595929962e-02,4.152408313988260602e-01,4.772578834705670126e+00,1.451392774062817193e+00,-9.377066282026317312e-01,2.441467595295512272e+00,-7.376242231868921362e-01,-2.174845782425776530e+00,1.400461352519702940e-01,-2.950164299031878379e+00,-1.957983253729544071e+00
1.000000000000000000e+00,-8.613239744222862537e-01,2.444643995404340409e+00,3.513789171582788917e+00,1.370865104700057513e+00,7.846864572364715684e-01,-3.209263908820808364e+00,1.222768102466512685e+00,3.221746240997976685e+00,-8.178386951615435052e-02,1.379515993208163538e+00,-1.187675769871909370e+00,-1.316698911085875334e+00
0.000000000000000000e+00,1.865537785260773518e-03,2.948917485966871865e+00,3.146370622964643538e+00,-2.179772892937418494e+00,9.717483174354752951e-01,-9.752955160284799696e-01,1.764750312111285080e+00,-2.067828755097547599e+00,1.622910621253962127e+00,-1.392675293633310662e+00,-4.770045362447485005e+00,1.382405307237837055e+00
0.000000000000000000e+00,-1.458846256133760066e-01,-6.550531792888457661e-01,1.889773741401679086e-01,-2.600267750111536103e+00,2.469703621782298075e+00,1.060773483390641481e+00,1.739721592463064681e+00,-3.447199910844957582e+00,-5.250897250013510931e-01,3.003655697062539875e+00,-2.606906470279550359e+00,2.022896575828735610e+00
1.000000000000000000e+00,-1.116815160741839064e+00,3.765557829485637775e+00,-1.834817348037309781e+00,3.767611766184941313e+00,-3.122113261330048850e+00,1.666052919604282812e+00,3.152530838221704101e+00,-5.122490585186609824e-01,6.851046033817260739e-01,-2.696531279571218853e+00,-1.293186105736642721e+00,-2.078699242006790016e+00
0.000000000000000000e+00,5.057242188872240085e+00,1.558765286428594798e+00,-4.662974395186518795e-01,6.114745040739883564e+00,5.230843337630965983e-01,3.272098545165079919e+00,-7.520718158336414660e-01,-7.160218886533632476e-01,-1.320989240246302376e+00,-2.181040089478896160e-01,3.634307467999198238e-03,-4.846595980359909461e+00
1.000000000000000000e+00,-2.072905009914149055e+00,3.492321175710106917e+00,-1.555478085063816795e+00,2.316741810674983471e-01,-6.769015527284091283e-01,2.591178559303144446e+00,-3.422246513843041349e-02,-4.556558414559079395e+00,4.364060960646671816e+00,-8.760736925576625422e-01,1.947269966235364969e+00,-2.001597167120549248e+00
1.000000000000000000e+00,2.271261027926587683e-01,-2.193526501984225607e+00,-1.285042938375660082e+00,2.540935561459854442e-01,-2.800611644005004841e+00,6.370645807666708293e-02,1.508598248359637850e+00,5.054518275821268780e+00,-2.594388680171919592e+00,6.797156021771062484e-01,2.171462056501500815e-01,2.142547802582189576e+00
1.000000000000000000e+00,-2.009735105446512016e+00,3.115902691967034954e+00,-2.734122364052259391e-01,-9.636507409569765592e-01,-1.515090486681319959e+00,-2.294148164957423575e-01,8.800407149972921950e-01,-1.077964989313225486e+00,3.680237848512447396e+00,-8.238833644097229847e-01,-1.335737833989314449e-01,-2.027414448644276890e-01
0.000000000000000000e+00,-2.852205297930764161e+00,4.208025022664511283e+00,-1.576331671241928412e-01,-3.361665001548986620e+00,-7.492807230656128858e-01,-2.356018093943335501e+00,-9.163553543166531590e-01,1.416906090511439675e+00,2.441063228460906398e+00,2.708332181275972861e+00,-9.607849757102641108e-01,-9.178416782529768003e-01
0.000000000000000000e+00,1.747285408637502480e+00,1.760460405237609161e+00,2.309040838028221465e+00,-5.498538403644604777e+00,3.119712149750509145e+00,3.982443598199325585e+00,-1.754531454671919288e+00,6.697232160477752938e-01,-1.545619508382168439e+00,-9.009930184737873216e-01,-3.114378867437292531e+00,-5.280617421252620236e-01
1.000000000000000000e+00,1.812808432705862227e+00,2.286414871505374258e+00,-8.189644496671999452e-01,-6.141635964383301838e-01,-3.425764397865149746e-02,2.158791856552542576e+00,1.402342960470848165e-01,-2.954196403590724884e+00,6.849009877993154305e+00,-1.486413478761984708e+00,7.476515154495582127e-01,-1.484934651667620509e+00
1.000000000000000000e+00,-7.698588200544498328e-01,6.679405885069927606e+00,1.165423921871387325e+00,3.217028502267232692e+00,-3.730986675512049544e+00,-1.282776180078244010e+00,-2.547315168069188118e+00,-1.923274855970304564e+00,2.323485558237964099e+00,-7.325477802609798861e-01,2.231990106448629163e-01,-2.437209992373499556e+00
0.000000000000000000e+00,-1.109393141573728592e+00,-1.489849294274930569e-01,4.124523284944270340e-02,-2.426674047497273001e+00,2.364394620576343309e-01,-1.507041045645305832e+00,2.515803334686820270e-01,-3.917262218997231704e-01,1.913017529085358825e+00,1.211577072528601473e+00,-2.797803322903045231e-01,1.472435013729103792e+00
1.000000000000000000e+00,-6.368236278812096085e-01,-6.187208756004052290e-01,5.908043664121831462e-02,-1.844195926605741942e+00,-4.921096387352480450e-01,-3.663744474875575641e+00,-1.704700975717973410e+00,4.991809993207047214e+00,-2.161654172302838184e+00,2.254182109552807400e+00,-4.955760720424675636e-01,3.402366583034612812e-01
1.000000000000000000e+00,2.117091248411064441e+00,5.097832802003638974e+00,3.603303384728935743e+00,2.466828384879866665e+00,2.347155167934664721e+00,4.148812136203148260e-01,2.538295479973259106e+00,-4.382694364649950547e-01,1.927454788908942174e+00,-2.019334542989240866e+00,-4.180444803863396785e+00,-3.936597313310381985e+00
1.000000000000000000e+00,-2.263699873863847856e+00,1.251626710269352072e-01,-2.487605635119539471e+00,-5.550922834643110093e+00,2.693281504672007109e-01,9.201836356297825592e-01,-2.179925253782169392e+00,-1.422354352913093534e+00,2.265057203971184929e+00,-2.410718837842629192e-02,1.016150478593763840e+00,5.510979094390993094e-01
1.000000000000000000e+00,-3.223154428845749209e-01,-3.673948679405947715e+00,1.308561819688853767e+00,2.140553940714521541e+00,1.343407081663974045e+00,-2.046322463234010236e+00,-2.609034882632408348e-01,3.648537666068717211e+00,-4.121475430122625738e+00,4.843892128989457646e+00,2.860385846981152280e+00,5.454823926487315511e-01
0.000000000000000000e+00,2.339440469034572700e+00,2.018081233178908640e+00,1.521606178881903304e+00,4.182372204491798584e+00,1.095139778698427380e-01,3.592383547563987589e-01,8.317437397753835171e-02,6.713798579897067853e-03,-1.675692317110234253e+00,2.476328035933073046e+00,-8.274078578326531375e-01,-2.045396437588354210e+00
1.000000000000000000e+00,-1.544812114413618653e+00,1.414767612402643593e+00,5.621969905069690299e-02,-2.859081662147506808e+00,-1.385974745929468899e+00,-5.503445923790819538e-01,-2.996523252312383701e+00,2.477301655872166997e+00,-2.618960566900579323e+00,1.845414764688015907e+00,-1.116510456974145749e-01,5.594420385067495616e-01
0.000000000000000000e+00,2.109202342086019755e+00,2.082003995705986377e+00,1.593605082150542085e+00,-1.819429405550048839e+00,9.022488885536161796e-01,7.321942178691120962e-01,-9.835641887887665025e-01,1.936264570701707655e+00,-1.213874433931076524e+00,3.264567320921246463e+00,-2.462827949936663430e+00,-4.760147865415259583e-01
1.000000000000000000e+00,8.324884987318539320e-01,6.285954188997563641e+00,-1.758333452636270833e+00,5.044029750622669450e-01,-1.166239048584153615e+00,4.044812497389377315e-01,8.446913166141098994e-01,-1.322239257277826541e+00,2.703668048453880424e+00,-4.679855711227638437e+00,-5.111823459546357640e+00,-4.305289711551470333e+00
1.000000000000000000e+00,-4.794379599331508590e-01,3.819587243368937290e+00,1.105073696989316012e+00,-2.351755113036264611e+00,-1.620396799991995263e+00,5.989472872675722925e-01,-8.445517748323433382e-01,-4.851531213523949670e-01,1.558025188170038877e+00,-7.962266614344502003e-01,-1.896191773284838789e+00,5.280769363784767467e-01
0.000000000000000000e+00,2.548910464492277761e+00,7.898540199154783226e-01,1.050013170550011754e+00,1.465892261748515057e+00,2.631150190457534066e-01,2.632495353816555195e+00,-2.951322525355515314e-02,8.214660330761178741e-01,-3.080790310009583699e+00,-9.110211086979496109e-01,-1.860329062282178647e+00,-1.018379288685001161e+00
1.000000000000000000e+00,-4.804902779016538839e-01,2.981013237294941831e+00,-2.843336703372739027e+00,7.777368192073035313e-01,-2.154920434125397133e+00,1.907172228295662020e+00,5.419038164379958999e-01,-3.780495512271725200e+00,4.803232349282944291e+00,-3.388655261691183362e+00,3.076650437968544427e-01,-1.679973707160511864e+00
0.000000000000000000e+00,-8.491142394179901354e-01,7.815645011513187690e+00,3.580095564661704088e+00,-2.896629773567077848e+00,7.105185794854061987e-01,1.085466202146720960e-01,7.366412119624785593e-01,-2.703654013369572340e+00,2.963176384754187431e+00,1.776561234254283583e+00,-5.148719388263587327e+00,-7.464030603547562315e-01
0.000000000000000000e+00,-1.485556362574075084e+00,4.807550782849047799e+00,2.723617875731761728e+00,3.618592492364489654e+00,2.347600557020756984e-01,-1.850504564932820006e+00,9.379504450193083542e-01,-1.730681441914980967e+00,-1.489766488172418413e+00,4.233415050575638716e+00,-1.843185727808948737e+00,-1.846270458402468062e+00
1.000000000000000000e+00,-1.543382464888460204e+00,6.398501848917710344e-01,-3.101000070949673226e+00,-7.436927141811109365e+00,-4.073889270506465543e-01,1.127732015509057772e+00,-5.256545698355230556e-02,1.210152940800285570e+00,1.891257998046214750e+00,-2.099620063233979650e+00,-2.637692981636019951e+00,1.138478527379708005e+00
0.000000000000000000e+00,1.358095247706867958e+00,1.979084322298097609e+00,9.765198369527863242e-01,-4.413102059831923718e+00,1.165362582368184130e+00,1.827599042108365435e-01,-2.094331530160724597e+00,-9.938370051013745154e-01,1.970709697603447275e+00,3.229834584642375273e+00,-1.868483053313205966e+00,7.124121304398154386e-01
0.000000000000000000e+00,1.699070036781661130e+00,-7.345809475518129128e-01,-2.127185632425332429e-01,-1.936216031133749960e+00,1.351826570268241934e+00,6.652556922881721624e-01,-2.519007232216053715e+00,2.922752310898475425e-01,3.198160885757017624e-01,3.199114147424555910e+00,1.096463423095382250e+00,-2.855009029301637247e-01
1.000000000000000000e+00,1.549219346707576994e+00,2.012922412310332199e+00,1.017079586057186402e+00,2.287523719223530705e+00,1.321814949428474328e+00,-3.383564924787415329e+00,2.134403336443900789e-01,1.508164584995884683e-01,-1.694699181830919166e+00,-6.322865654999385576e-01,-4.426962483052551356e+00,-2.550358873040844188e+00
0.000000000000000000e+00,-2.078734362033646477e+00,-5.832048110346877978e-01,-1.888151371715486526e+00,-1.772540202675762400e+00,-9.217103365848466900e-02,-1.498793151781647293e+00,6.243411056434367001e-02,-1.008680201801527732e+00,-1.061154479624903502e+00,1.989912005713793341e+00,-8.863818038873725325e-01,1.139837031248769117e+00
0.000000000000000000e+00,-1.958004423766018132e+00,3.727052406405033658e-01,1.438490797855822123e+00,8.504037505771385730e-01,6.319236619335977245e-02,-2.619589326704579779e+00,7.019419852830706130e-01,-1.322319266954862904e+00,4.172006973855356904e+00,3.540710929167083965e+00,3.041347666074634581e+00,8.400220825526092394e-01
1.000000000000000000e+00,-2.183749386592388930e+00,4.118161659584396617e+00,1.757825755460243222e+00,-1.322398325617353709e+00,-1.200618817170000519e+00,-2.028705336998114284e+00,-1.828557882628525366e+00,7.680321196823514107e-02,3.962658578292154177e-01,9.054032836377268190e-01,-9.721667738086806621e-01,-3.183417376063255588e-01
1.000000000000000000e+00,1.238293038231641718e+00,-1.148108334279826614e+00,-9.330316071660711419e-01,-7.551329160789287398e-01,1.360247414442622205e+00,-8.205476096576505007e-01,-1.992341670139397003e-02,1.669162445024835684e+00,1.637432986246888156e+00,1.885982678092860354e+00,5.866487656418806207e-01,-9.944573881850293784e-01
0.000000000000000000e+00,1.924011392185513980e+00,6.721596933387369077e+00,6.009806480299170417e+00,2.983995339823436233e+00,-2.132745497350487796e+00,1.480873268161784662e+00,4.292224110577127050e+00,-3.307793096567605673e+00,5.365550750481952846e+00,-1.955730641385233781e-01,-3.359086346266589640e+00,1.599184411865850919e+00
1.000000000000000000e+00,1.139399715164950422e+00,1.167358280053820030e+00,1.245131103653416060e+00,3.195720704881960472e+00,-5.706771668099339667e-01,-1.710334336368846131e+00,5.903962746475954759e-01,4.891498949819851338e-01,-1.781756937156484089e+00,9.375753611914465768e-01,-1.767420885526706176e+00,-6.341686017054928293e-01
1.000000000000000000e+00,-1.931364866385885115e+00,-8.669474198231088558e-01,-3.092236326373761113e+00,-6.290943318087829916e-02,-1.439038297364233943e+00,7.244825879399283686e-01,1.977604393978604769e+00,3.029117271393655386e-01,1.216338641450440905e+00,-7.954615406900005237e-01,1.259636121969740508e+00,1.970467988302280204e-01
1.000000000000000000e+00,3.298753305522273305e+00,-8.464340629564935270e+00,-9.461761541888511484e-01,1.251970255153370459e+00,3.048223648282805787e+00,2.596642036404366305e-01,2.273536463476914626e+00,4.269896241909720835e-02,-2.330975905629149025e+00,3.692111350430574035e+00,1.504379814308558494e+00,3.127428946777629726e+00
1.000000000000000000e+00,3.021060612395732203e+00,2.022482627063212135e+00,1.136229576524934837e+00,-4.875828323241334639e-01,8.535892988676339055e-01,-1.039329186522413462e+00,3.036365229328955584e-01,-9.493109277960587455e-01,1.492659972121459067e+00,1.047799849065361721e-01,-4.212734744921997176e+00,-4.441150953666189727e-01
0.000000000000000000e+00,-1.347180763785962299e+00,-2.058709780888193563e+00,2.733142951854172775e-02,9.374234197892165055e-01,1.629762191543355776e-01,-3.304488637720669475e-01,1.303622674850487106e+00,-2.839366574961375456e+00,-5.257990150099058901e-01,8.351419203697796334e-01,9.295346567349422884e-01,2.217777934901024040e+00
1.000000000000000000e+00,1.440087189657496269e+00,3.964539033843948790e+00,3.143004538096936695e+00,2.938852183433495746e+00,-3.201548380121630899e+00,-6.353815601487315057e+00,1.230043487970128302e-01,-6.232035814976346622e-01,-1.208801032658565866e+00,-7.923534741922819702e-01,-6.509386187541042368e+00,1.624200667002339671e+00
0.000000000000000000e+00,-1.030118695742443746e+00,1.110983074320059494e+00,2.495428734018234174e+00,-1.912918080363461559e+00,4.644476901571968908e-01,-2.796707523625398650e+00,8.743270470669494143e-01,-1.703335805864204300e+00,2.503266178681580634e+00,-4.940379168143513855e-01,-2.088898809602567574e+00,2.098076971040926164e+00
1.000000000000000000e+00,4.021400889343456075e-01,-3.377942281253412116e+00,-4.629634526671759787e-01,-8.389208080284037417e-01,8.739272682986165552e-02,-2.624305741030563244e+00,1.994553135014072609e+00,-6.699549856577284856e-01,-4.189208737663641990e+00,2.348935938146764490e-01,-4.538862500698609637e+00,4.021181123369684585e+00
1.000000000000000000e+00,1.488171676380999342e+00,-3.200242274444045965e+00,1.077670303100234150e+00,-1.262507202586835131e+00,2.819214119712299293e+00,-8.475886265636654038e-01,3.559599422839375693e-01,1.419159335995355375e+00,-9.056926056912195655e-01,2.551589101215095745e+00,-5.422134297715475171e-02,1.047738622581031454e+00
0.000000000000000000e+00,-6.767853397009145899e-01,-2.202152245381006956e+00,-1.370702083457364218e+00,-1.653150721145525859e+00,6.748161514574453346e-01,-3.474075970495549281e-02,1.097998873317587609e+00,-3.685693290995264437e-01,-1.389692587194569562e+00,1.123063877464613780e+00,-8.595554793160786744e-01,1.709226762197622929e+00
0.000000000000000000e+00,-7.273699575026679742e-01,4.758903618478445563e-01,-9.083883566686254962e-01,2.323010998670139715e-01,-4.454351456067131565e-01,1.313924094947358512e-01,1.443242143535146127e+00,1.735643533447170928e+00,4.048889884780412229e-01,2.059136265345741457e+00,4.196174386304822868e-01,-4.879316246588123462e-01
1.000000000000000000e+00,-5.039751888482629782e-01,1.366043956581217023e+00,-2.430293516462738168e+00,-5.820960670120143732e+00,4.982996345744221678e-01,-3.589386525197690858e-03,-2.869523037632624618e+00,-2.046285611934394844e+00,3.621010441654842094e+00,-1.913341529963513921e+00,-1.190285026457039486e+00,-4.567490498148727429e-01
0.000000000000000000e+00,2.201375246100518712e-01,-1.330522406477700370e+00,3.301427510407712429e+00,-2.787835196118891634e+00,3.733686690711309986e+00,-1.387053345091708190e+00,1.809033205182960069e+00,1.520841616615954184e+00,2.142282954426981689e+00,-1.658365097044430136e+00,-1.231290738502246462e+00,5.895979504475662436e-01
1.000000000000000000e+00,-2.934905434436467786e+00,6.016777779660424486e+00,-1.126614999451940324e+00,-5.962682531873737091e+00,-3.674892053732593533e-01,-3.301628903005513038e+00,-9.167798069454650145e-01,2.408835336764712398e+00,1.879514050272084180e+00,-2.035957451265850260e+00,-5.601063567748247429e+00,-2.378700360063014330e+00
0.000000000000000000e+00,3.695238843631722947e-01,-2.364030040775538133e+00,-2.005885462467100755e-01,-3.441821954739433309e+00,3.341823375741826307e+00,1.073103500224091178e+00,1.429987078949296553e+00,-1.265109505092555597e+00,-3.873147089388917497e-01,1.130324015839575091e+00,-1.819358887008738268e+00,1.375110635980560714e+00
0.000000000000000000e+00,2.167081730280662200e-02,1.804532049171472918e+00,4.000624943254881494e+00,3.324457573920535314e+00,1.744939530293331487e+00,-1.610033497835244187e+00,2.614037724064102175e-01,-2.898592654177352124e+00,-1.368114914423955497e+00,6.521800326595343922e-01,-1.271692964901745437e+00,-7.128177114632552325e-01
1.000000000000000000e+00,1.394326354369151089e+00,1.313887597809844099e+00,-7.979472056025520565e-01,1.429202817733855602e+00,2.039583585102337615e+00,1.442588686800632125e+00,6.216688427245775639e-02,2.645838491071403897e-01,1.526178473227330468e+00,-1.434808315562253078e+00,2.610974298267676463e-01,-4.405095680686088144e+00
1.000000000000000000e+00,-2.583552136476789052e+00,6.843080513003090282e+00,1.376186938152106354e-01,-7.077304194093859024e+00,-2.031009833312275248e+00,-3.784994604959752706e+00,-2.691448738614414360e+00,7.799499654359056677e-01,4.188202926452635033e+00,-2.581797041272979598e+00,-4.973232458526725352e+00,-3.641983878183029377e-01
0.000000000000000000e+00,-6.011306029182430510e-01,-9.147417654196255965e-01,-1.012032641459995830e+00,-3.247877061723281056e+00,2.595623944147150031e+00,1.960062826456739238e+00,-2.654088284427853939e+00,-2.461279463969255232e+00,4.993608428567419821e-02,5.940802560500084706e-01,1.457494600151873598e+00,-7.331157912742259919e-01
1.000000000000000000e+00,6.413229416907574310e-01,2.985945335918194665e+00,8.692192010104916600e-01,3.170948261385957423e+00,-3.770405224297415092e-01,-1.751642670996396145e-01,8.370565364489701565e-01,-2.980199015437268173e-02,-5.417130044006726042e-01,-1.307375836622551635e+00,-1.811478900907991907e+00,-2.528626887686828972e+00
1.000000000000000000e+00,1.121812725487104201e+00,-3.841898507511608274e-02,1.987689471009661535e+00,5.735496163290002558e-01,2.877772114431294881e+00,-1.364238361123057519e+00,1.381426145774109715e+00,1.147088070051857311e+00,-7.475504800988086451e-02,2.780257530381713416e-02,-1.801338736913193017e+00,-1.469476160843100399e+00
1.000000000000000000e+00,-4.413487626165392141e-01,1.390121080899936468e+00,-4.701281030207622891e+00,-3.940412347833377904e+00,-9.965745540997310581e-01,2.770013076754676007e+00,-2.230097314315126589e+00,-1.067334790374185438e+00,-1.153007582003997555e-01,-2.936609408111895192e+00,-1.580713264728654810e+00,-1.520063536358063683e+00
1.000000000000000000e+00,-1.498310376039291292e+00,6.357772114022444576e+00,2.630363950231067172e-01,-1.530915827321418732e+00,-1.735539091954118929e+00,1.494141299762938635e+00,-1.490852310554989124e+00,-1.242334566647064875e+00,-1.994509336620562401e-01,-1.421639649342020695e+00,-2.924854647072589575e+00,-1.867983616010844283e+00
1.000000000000000000e+00,1.741197675782086174e+00,-2.651938107612461071e+00,2.614973837591788808e+00,-3.555868166120066398e-01,3.091710733278189682e+00,-3.455608696864506779e+00,-3.850615283673571199e+00,3.321136627963401367e+00,-1.249412156283263631e+00,4.237150705625950309e+00,2.603784730860037921e+00,-8.199247306085186704e-01
0.000000000000000000e+00,1.633108237064171409e+00,-3.372865875378325828e+00,3.116686937753629039e+00,-3.763273814041136589e+00,4.505592575960573498e+00,-1.651010474752223400e+00,2.703831896270765700e+00,-1.094259562972921263e-02,1.731033245417093802e+00,-7.806606223990160132e-01,-3.033556933233423791e+00,2.812983373852128821e+00
1.000000000000000000e+00,-9.798435386255559543e-01,4.127188283639661392e+00,3.267834293899054554e+00,1.956142170637190647e+00,1.516691673262514639e-01,-1.068117837070826415e+00,5.930520641642963442e-01,2.938131565042631621e+00,1.436559106058266533e+00,2.805596931267562155e-02,4.527997653316770954e-01,-2.971130125046404835e+00
0.000000000000000000e+00,5.216377608016417255e+00,1.357847723934829665e-01,1.649027816696428728e+00,-2.691695626233491456e+00,1.419343899189787761e+00,3.220887522459431995e+00,-1.491337427970211404e+00,2.550651745843864671e+00,2.344661082470189672e-01,2.569142071807712924e+00,-1.345938805602464372e+00,1.374070057822658342e-01
0.000000000000000000e+00,1.464714723677281727e-01,4.997735514850728755e+00,2.481766191803964183e+00,-1.272290791152294176e+01,3.734751884988328108e+00,2.510948521886307905e+00,-4.197839997114003907e+00,1.905544064574649976e+00,2.443422950604023924e-02,2.304654286286494269e+00,-5.681660118844352958e+00,1.586851303030090143e-02
1.000000000000000000e+00,-1.251181817493879578e+00,6.572113215879017645e+00,9.686613501507905788e-01,2.535256046285993214e+00,-1.052306677636347665e+00,4.095564522591438328e-01,1.948854313702859109e+00,-3.735225810122492884e+00,4.829171159204296515e+00,-2.068761003037855595e+00,-1.501887457216144472e+00,-2.976337843351047674e+00
0.000000000000000000e+00,8.343491068536226241e-01,-7.287554136424704510e+00,5.200058976887254047e-01,-2.192963856783660237e+00,3.236454811018532940e+00,-1.883047384581366668e+00,1.890999299650722332e+00,1.340674182785184243e-01,3.137492124515199432e+00,1.360314078575185048e+00,2.845279570648102219e+00,3.761253682642936358e+00
1.000000000000000000e+00,-8.339652528910448392e-01,7.585006013175837891e-01,2.519611729676629608e+00,3.942298855148301584e+00,1.037125379798074398e+00,-2.016707002591413556e+00,4.582291358822619287e+00,1.741270686857144590e+00,-2.380905807843179733e+00,1.176276047446100925e-02,-2.639194556201448272e+00,-7.895708602564774914e-01
1.000000000000000000e+00,6.283690491854754256e-02,6.128261434614663550e+00,1.408412778508429053e+00,-9.183266355734424069e-01,-8.503120350672217498e-01,-1.210636109242833047e+00,-2.628500991124668396e+00,-5.001230312701843150e-01,2.520511067101422586e+00,-2.807718775785220666e-01,-1.987770398557787033e+00,-2.688535076235809562e+00
1.000000000000000000e+00,-1.222943717626607807e-01,3.999589884294949105e+00,1.191317349481435528e+00,-7.934811347615103871e-01,-9.094963634354793491e-01,4.083607694166841995e-01,-1.933267377374559448e+00,-7.868730994264336864e-01,4.104625518490636615e-01,5.934810304993320962e-02,-1.238954083004133677e+00,-1.009947231505516241e+00
0.000000000000000000e+00,1.828001563637849269e+00,-9.937171192810272391e-01,-1.140345417252154547e+00,-2.211203507135133695e+00,7.038886547495852852e-01,1.042317767987012367e+00,-2.366665743882650386e+00,-1.289775082404277518e+00,1.171664512407877279e+00,1.622433018888159495e+00,7.021072889075723467e-01,3.640961889506197924e-01
0.000000000000000000e+00,-2.817458330999787375e+00,3.780376100906066572e+00,3.633402519886472781e+00,-4.870227030197316509e+00,3.652704020543299901e+00,-8.265526858245280106e-01,-1.119431653439405316e+00,8.568870217266424394e-01,-2.733035393257803314e+00,4.065919195862077729e+00,-3.229603869734560373e+00,-7.926654624088227408e-01
1.000000000000000000e+00,1.659715956658611491e+00,5.704274716114579924e+00,2.950971012618613720e+00,5.871730452707046410e+00,-3.612956767895849630e-01,-1.101180308184811718e+00,2.888295981188713224e+00,-1.255647429593578668e+00,-1.684290808427416630e-01,-3.256916573717158592e+00,-5.132755567074705816e+00,-3.529073398659428928e+00
1.000000000000000000e+00,3.584575611335906409e+00,-3.937768474754355985e+00,-2.486366366813340445e+00,7.839428807978681135e-01,-3.778620963903445151e-01,-2.105519898560558545e+00,-5.138843351920987512e-01,-1.135910672691162748e+00,1.180739447925199137e+00,4.449706778920666794e-01,-4.470052609727280801e-01,1.594627159321197141e+00
1.000000000000000000e+00,-9.966901962792804603e-01,3.616341498858707926e+00,-6.252564622248938386e-01,-9.743414518730652008e-01,-1.221333144491938416e-01,8.101593199168724002e-01,-6.459457677122860675e-01,6.777751237907647663e-02,-1.104275588351141035e+00,-5.539138117788351412e-01,-2.294737854975746671e+00,-2.287994869075253845e+00
0.000000000000000000e+00,1.799147282521932567e+00,-3.699970802454853325e-01,-1.113423304612163545e+00,-2.852955609966096429e+00,1.569842419753554097e+00,2.056962881536581023e+00,-3.107076789097285907e+00,-6.599571135316080195e-01,6.381891558378760543e-01,1.341679624489540590e+00,8.327045911486041785e-01,-9.961803627844194597e-01
0.000000000000000000e+00,1.035812249428769594e+00,3.820549979752132508e-01,3.685592373695933066e+00,-3.518868025016865797e-01,3.352491107260754166e+00,2.301141696836965789e+00,2.939821586796425468e+00,-2.183914825722273356e+00,-2.831933198305243149e-01,-8.282412884504495310e-01,-2.676590100981826037e+00,6.614064780249204745e-01
0.000000000000000000e+00,-1.371855981289169524e-01,1.240629625088981447e+00,7.224549732568207316e-01,1.549559918770575973e+00,-8.841237697765638170e-01,1.101543286790716003e-01,2.061722463608217204e+00,1.352583570832730953e+00,1.367021874908594947e+00,-1.136282960444006118e-01,1.138970017127722834e-01,-4.021797096391603876e-01
1.000000000000000000e+00,-1.823197571061902167e+00,4.214850771861144096e+00,-7.888370893494247582e-01,1.409421752151068130e+00,-2.534773297546742299e+00,-1.772627356201079696e-01,8.442857316178478122e-01,3.410654992953738862e-01,1.187098890952284824e+00,-9.727613523991065492e-01,-7.562094550061415621e-01,-1.810106172534577507e+00
0.000000000000000000e+00,8.125751319576185461e-01,4.945455432801071360e-01,3.401389618200748366e+00,5.381365347034287039e-01,2.488593414203736032e+00,-3.549395541784789998e-01,-1.068438922581407269e+00,-4.022964651575196449e+00,2.821613244732599224e-01,-7.695668271437179353e-01,-6.927937464887845564e-01,1.244908263987576369e-01
1.000000000000000000e+00,2.435979009085047053e+00,2.791587479134162830e+00,6.214760290739667070e-01,6.607257917658848179e+00,-6.714524590439578944e-01,-6.978072218085267231e-01,7.807562050997582936e-01,-4.247540109934349051e-01,-2.394575997487468300e+00,1.150302646860159816e+00,-2.068537630160858232e+00,-3.277806658992166167e+00
0.000000000000000000e+00,-6.673918579592930111e-01,2.812560598865717632e-01,1.551694036885064687e+00,-3.466068124082630764e+00,3.183979341060194201e+00,2.501687877270148963e-01,6.867490052625044861e-01,-1.848920736756024308e+00,1.629264220506306149e+00,2.164126599640407989e+00,-1.126107851852318431e+00,7.212738686779045505e-01
0.000000000000000000e+00,-1.428303628191384345e+00,-3.950945343454560776e-02,1.572542620956907111e-01,2.342736974288702090e+00,-1.838492786455937722e+00,-1.453133948151671184e+00,1.908669350349758709e+00,-2.380125325123199964e+00,-1.517640038907699385e+00,-1.300979643808354069e+00,-1.538412951044177968e+00,2.027070070268433000e+00
1.000000000000000000e+00,-5.880107854242939691e-01,-4.758946883836034480e+00,1.906514911140397395e+00,-8.346060137119336586e-01,4.745668826843601806e+00,1.043513527101915805e+00,1.307687973212985355e+00,4.477382015878808019e+00,5.465560898431598424e-02,3.223002010869416178e+00,5.230629434547234169e+00,-6.889511205323971543e-01
1.000000000000000000e+00,3.526267781914844246e+00,-3.237920802672744625e+00,-1.911681956694090356e+00,-6.825171646989409702e-01,9.388903271469917211e-01,-2.366577081460450316e+00,5.515977606714290715e-01,-1.718464064265344149e+00,-2.164858941656325975e+00,1.850376635760011546e+00,-4.799564471407657962e+00,2.367801107312968778e+00
0.000000000000000000e+00,-3.266996636082047267e+00,3.422600745734022620e+00,1.214297752523860963e+00,-9.886044169295019612e-01,-7.331665940257423575e-01,-3.026561321020072803e+00,-2.963151201498506193e-01,1.265231806697789008e+00,1.304796609079492686e+00,2.311465830473078409e-01,-4.442754328350766446e-01,-9.244555362416007060e-01
1.000000000000000000e+00,1.151000343252632785e-01,2.515419009524518579e+00,-3.005133360529756548e+00,-8.680893965839928228e+00,-5.661906488148649164e-02,-7.059244189908748801e-01,-5.959167355969329449e+00,1.279581925755292282e+00,2.336994088713595819e+00,-1.137868807626094991e+00,-2.135286877151629348e+00,-1.306150556802263774e+00
1.000000000000000000e+00,-3.046770202503432667e-01,9.519780451143478928e+00,3.974109147581043278e+00,5.538176883494158709e+00,-7.612726720081901544e-01,-1.150487418639154491e+00,3.689880873903464309e+00,-7.000883296859654603e-01,-5.290616598003823334e-01,-4.391609347857546197e+00,-7.185083591007330739e+00,-4.966657306083138934e+00
0.000000000000000000e+00,-8.276837917558688140e-02,1.209255505484537752e+00,1.524132964172185689e-01,2.517564638512650887e+00,2.621625108678790061e-01,-1.199573830373279915e+00,-6.968855014784297586e-01,-1.978177184330029093e+00,-2.087716096984259639e+00,9.013269826563785614e-02,-1.247947876046947346e+00,-1.449456803540904115e+00
0.000000000000000000e+00,-8.905676656555886472e-01,2.712322704149467203e-02,-2.617667931175948315e+00,2.443966360778775382e+00,-3.318050185441245858e+00,5.133964224066409621e-01,8.987865675903667917e-01,2.575713076232697407e+00,1.914677087639034658e+00,2.694666618531272206e+00,4.051316820620153969e+00,-4.725775778059084775e-01
1.000000000000000000e+00,-4.938655159413098961e-01,2.179227742232165144e-01,1.759395783848354267e+00,1.304711463757576073e+00,8.363222918709997122e-01,-1.144718262189169833e+00,9.169613130737132023e-01,1.350924783563224985e+00,-1.977218760777172735e+00,-3.735014165411436604e-01,-9.411049811378381369e-01,-5.423072905037555902e-01
0.000000000000000000e+00,2.634902268469289321e+00,-5.369695858089422735e-01,1.819515732835837118e+00,-1.020184231256797691e+00,1.922059287069244560e+00,2.042125547231261606e-01,-1.694840439935602294e+00,2.278816103252592651e+00,-1.881106996218471661e+00,2.280965414676389358e+00,-7.873515679302980352e-01,-4.510046020963075497e-01
1.000000000000000000e+00,-1.837747059103682856e+00,2.200857674791985907e+00,-3.877974635149008531e-01,1.557212098675061274e+00,-1.311266030820330553e+00,6.075863533337549915e-01,1.764166795296760792e+00,2.418634862967767862e-01,5.068528528142581813e-01,2.959348793945808520e-01,3.677780847148532928e-01,-9.700814602415931409e-01
0.000000000000000000e+00,-1.762870281314593779e+00,2.678495719104632578e+00,-2.584351709177126200e-01,1.037308181290170328e+00,-2.166713268304869100e+00,-5.419492793613132076e-01,6.305899906271961175e-01,-1.571167647199913864e+00,6.680457468148228717e-01,1.251360803361487584e+00,-3.959060270006832249e-01,3.757921534000081554e-01
0.000000000000000000e+00,2.438462710974027559e+00,1.551720394337791353e-01,3.335443671898294937e+00,1.456352103313098167e+00,-8.954005710835208909e-01,-1.044443064152452916e+00,3.161282105602805981e+00,5.200836258901706088e+00,6.663378443972142406e+00,-1.376811693482891563e+00,1.956732024730973407e+00,2.675554347032536029e-01
0.000000000000000000e+00,5.552169185101003102e+00,2.588087156685751733e+00,2.622018859866830809e+00,-3.653447282095848792e+00,9.587968672793155678e-01,2.973605840550927137e+00,-1.342319668957187240e+00,4.689897005878327363e+00,-8.121957457851439743e-01,3.156199168123870358e+00,-3.971111565251941755e+00,-3.245715718758787061e-01
1.000000000000000000e+00,1.520197328263514613e+00,2.826179136151934501e-01,-1.511191584051043701e-01,9.977575316519433912e-02,1.783199422130724798e+00,-1.201274915872234228e+00,-1.208530573444614120e+00,5.806579017152838640e-01,-1.339623144335383431e-01,-2.919339712317905455e-01,-1.190945704659141402e+00,-2.353900239437352493e+00
1.000000000000000000e+00,1.749197571419891517e-01,8.237560846440892703e+00,6.205844300621699006e-01,1.049364848941218981e-01,-1.981877336098279541e+00,2.745326044161464640e-01,-1.753016301743560712e-01,-2.042101725026975956e+00,3.743915668098847238e+00,-3.497255470549338163e+00,-4.375080830225130057e+00,-3.299033034127767827e+00
1.000000000000000000e+00,5.013206524110388251e+00,-4.046293197458656010e+00,-1.773403553444226066e+00,2.930175806370711178e-01,1.551791340717251444e+00,-1.054898778275046300e-01,-2.923578408100644399e+00,-1.496869103850039906e+00,-3.122418154779645905e-01,2.181416499467043302e+00,5.667259090322165349e-01,2.575970427130624962e-01
0.000000000000000000e+00,6.393201702535535880e-01,-5.832688870698167216e-01,1.945894002632809539e+00,3.025355640918538924e+00,1.203823174991850653e+00,1.475478093480448560e+00,5.012888061985951715e-01,-3.201050494227123622e+00,-1.482673767217593586e+00,-1.235248440943517600e+00,4.751531383334508529e-01,-4.304396166836843562e-02
1.000000000000000000e+00,-1.448306900179918255e+00,9.630630223128253675e-01,-2.097062311729575690e+00,8.232696806258111843e-01,-1.729663050094163879e+00,1.497144796184626259e-01,7.885692582585550614e-01,9.937823035223489754e-01,-3.229655406442479837e-01,-5.037311412893716867e-01,1.723312491026958160e-01,-9.428710407201843502e-01
1.000000000000000000e+00,-8.921270545774613314e-01,-4.168286625732169903e-01,-3.439414974588143270e+00,-3.458067028749251204e+00,-1.596701937877056166e+00,3.006897641727907633e+00,-1.250953747436422736e+00,-1.166793755131622534e+00,1.993959479284511005e+00,-9.872894745778021397e-01,1.716196774398270453e+00,9.233697536910931980e-01
1.000000000000000000e+00,1.045730123154504643e-01,-1.042964312805584548e+00,-2.960099966733868992e-01,6.615129083768508389e-01,9.426078900593299892e-01,2.913083976251351626e-01,2.321299503616206739e+00,2.044380439839708075e+00,6.424082463340961002e-01,1.970040778663298742e+00,8.162760505746569084e-01,-4.875993250158463521e-01
1.000000000000000000e+00,1.245559844846731989e+00,1.509535419833125669e+00,-6.325316324847340965e-02,3.045437011988339826e+00,-1.145626134049440026e-01,-3.974888417501111437e+00,4.536830014982408121e-01,-7.727541979672758465e-02,-6.348977767786234683e-01,-1.706133634310527114e+00,-3.637993059956518227e+00,-2.073059429590643710e+00
0.000000000000000000e+00,-1.533995322416972229e+00,6.538424001190817236e+00,3.876083165758178239e+00,-3.193089834116851766e-01,9.227474224497578259e-02,-3.765199672461133629e-01,1.244378185121610469e+00,-1.469604534287057174e+00,2.662890954528859044e+00,7.581578527520872468e-01,-2.657935242797655029e+00,-1.084479630184248755e+00
0.000000000000000000e+00,2.460811521426663706e+00,6.202761655436961341e+00,1.488486709580993272e+00,2.144909590606538519e+00,-2.485409691050184389e-01,1.828173037835673309e+00,3.286640480729128289e-01,9.352702567109927312e-01,-1.032230056233983451e+00,3.991584654403723675e+00,-3.519890016442493330e+00,-3.410926734901795765e+00
1.000000000000000000e+00,-2.729329321053636237e-01,1.874867297312827530e+00,-5.462957136839372563e-01,-5.706075155112038111e+00,4.108035974539097079e-01,1.571503452220649688e+00,-1.920662843785493568e+00,-9.882856984329504435e-01,2.833343822028524084e+00,-4.124022081565391629e-01,-1.015816510486198032e+00,4.586952545466871367e-01
0.000000000000000000e+00,8.983853476777312608e-01,-1.788387824140458049e+00,1.006760480359677024e+00,1.070522112169537854e+00,1.832712224566822368e+00,1.042877481293189357e+00,-1.206981071992830223e+00,-3.089352339236292266e+00,-3.899148632105000623e-01,-8.058856542049359639e-01,1.570175727879441929e+00,3.373044332577168625e-02
1.000000000000000000e+00,1.492633521798733431e+00,-2.467042811329690777e-01,2.064692538197838267e+00,1.538460630125907114e-01,1.414117733044393255e+00,-1.829808200058137491e+00,1.767284751470042936e-01,1.732685438073308992e+00,-6.158513929132255482e-01,3.146233118397220974e+00,-1.085000014081130448e+00,2.276408066012480802e-01
0.000000000000000000e+00,1.234063351414231180e+00,1.743595037245531332e+00,1.383921065698773045e+00,4.037175653337979675e+00,4.335965003102998372e-01,1.462129303364096078e+00,-1.176205990747593022e-01,-3.224752200943160840e+00,-1.392498184650640791e+00,-1.733336901286572918e+00,-6.734975388727963974e-01,-1.907709149839308616e+00
1.000000000000000000e+00,-1.155225126678254943e+00,-9.969006826200748073e-01,-5.675156953764809664e+00,3.870428985397387667e+00,-2.096517614314698186e+00,4.529655767986428216e+00,4.523331882178164953e+00,-2.033964183518682134e+00,3.060867308611133542e+00,-2.401701829970363633e+00,3.257881929360275208e+00,-1.789504189041209781e+00
0.000000000000000000e+00,-8.649904828101067089e-01,7.184226283785501987e-01,2.819897197946923395e-01,-1.101402799573717894e+00,4.036064279756300666e-01,-8.130530681360016443e-01,8.862126884642387292e-01,1.974005163982917477e+00,1.444322422234776138e-01,-2.834195721425358805e-01,-9.974817018671412461e-01,-5.056046182283422397e-01
1.000000000000000000e+00,5.474598805651857969e-01,1.632281243714522212e+00,-1.504042832032133736e+00,-1.150051534365198913e+00,-1.550584499072965583e-01,-3.885805020392822939e-01,-2.861162725190330658e+00,-3.325084045128616772e-01,-3.810983606499813714e-01,-7.797548961931595191e-01,-1.127599889518661413e+00,-1.949370103979420898e+00
0.000000000000000000e+00,-8.993157516844400012e-01,6.311525578799520808e+00,1.780012309930323333e-01,-3.039976761927393412e+00,-2.679173392401512199e+00,-3.661663485639365945e-02,-6.694239171978866310e-02,5.608888877573379173e-01,3.743117122843023559e+00,3.217424880719629510e+00,-2.358110692313508672e+00,3.855060160438561478e-02
1.000000000000000000e+00,3.942046087343266114e-01,-2.186971439533652362e+00,-2.858810116005727764e-02,2.527581961732561222e-01,-6.951189742412999806e-02,-4.027099133863467628e+00,-2.316242010833331477e-01,1.630362503652836192e+00,-2.527377310541127464e+00,2.468146041193058249e+00,-1.481713935575103447e+00,1.665500867397002871e+00
1.000000000000000000e+00,-9.324474536348011933e-01,6.145586114646722997e+00,-2.596351406113900584e+00,5.531303850566724023e+00,-4.911823019714398164e+00,-4.595135194889397035e+00,2.892496473623347164e-01,1.253715695183712509e+00,2.905554958074570315e+00,-3.683372409685511162e+00,-1.838595540464256217e+00,-4.850215063850384922e+00
1.000000000000000000e+00,1.033256230803551778e+00,-3.682966859382565517e+00,-1.369688397230541366e+00,2.070441467098901089e+00,1.538071131195819063e+00,9.409215657159568647e-01,3.597085607396215412e+00,2.750307724707483636e-01,-2.340220133960180249e+00,1.520972357270816477e+00,-5.256369675550024434e-01,6.448679038470388480e-01
1.000000000000000000e+00,1.409889675901150552e+00,2.090287249355369248e+00,2.880497619904793360e+00,3.992003990695789817e+00,2.292986034831850706e+00,1.777609833190221256e+00,1.900835475392697038e+00,4.067316020743455551e-01,-1.609230429150366959e+00,2.427887684214370401e-01,-8.745889241545006243e-01,-3.247407753257638419e+00
1.000000000000000000e+00,-8.641998324681555710e-01,7.082737004207492193e-01,-4.967918641492642395e-01,-5.104837049016696326e+00,6.026306362239015613e-01,3.017435113976838945e+00,-2.930250353589932688e-01,-1.282411959397885548e-01,-1.519693442529872485e-01,1.745472338588309746e-01,-1.255695832467130568e+00,1.236032303124229959e+00
1.000000000000000000e+00,-3.442073722117942047e+00,4.368533672926810496e+00,4.387303602926689194e+00,2.350396101257647974e+00,-3.057333744138299725e-01,-1.511646067245330460e+00,2.383245324520982145e+00,3.068044821811886091e+00,-3.570972902511591940e+00,-3.635559809830324340e-01,-2.152824400175525899e+00,-1.305002341706862135e+00
1.000000000000000000e+00,-3.069061937928035277e+00,5.090791186767352983e+00,1.445491918972549250e+00,-3.320733682530664366e-01,-2.992985939218156588e+00,7.859727317514975109e-01,-2.385043264433513999e-01,6.828910478596679212e-01,-1.070856689242077664e+00,8.533191505975585844e-01,-6.453879645672588872e-01,1.546944300643238179e-01
1.000000000000000000e+00,-2.112779637215399742e+00,6.436084772863746473e+00,4.992971503046712556e-01,-3.182152623334078445e+00,-4.511307093431800030e-01,4.009133813903765775e-01,4.391533949352748323e-01,-2.573682974948682034e+00,4.145218906982607976e+00,-2.316921544988495896e+00,-3.448499222553225163e+00,-1.481178405632536332e+00
0.000000000000000000e+00,-3.554367290169699434e+00,1.971287052145036967e+00,2.684539635466543395e+00,-4.277411776330170667e+00,2.383225749200496235e+00,-4.685082859493242324e+00,-1.012579788243704204e+00,-1.750680587264362709e+00,9.156511818068654440e-01,4.486086570545693153e-01,-2.653063927135216993e+00,8.930025294146376469e-01
1.000000000000000000e+00,-1.536980677361651448e+00,4.848073393290491140e+00,3.101315575679544079e-01,-4.601888816990177489e+00,-1.801262040386102381e+00,-1.426433352192266302e+00,-4.011977860185039546e+00,1.229129474523245058e-01,2.317827806058953222e+00,-1.549527790164119123e-01,-1.289239827912131320e+00,-3.926258814199556912e-01
1.000000000000000000e+00,-2.908530366898447461e+00,3.129034305819010875e+00,4.498053469103219015e+00,1.403117229151571443e+00,2.111397020788827739e-01,-2.376362971050327122e+00,2.156427888149148764e+00,3.594385526041888212e+00,-2.072739095735245840e+00,2.047293736815177789e-01,-1.414050903640383883e+00,-6.671069700591301110e-01
0.000000000000000000e+00,8.478998308362784009e-02,3.074392810719139391e+00,5.588107190003281488e+00,8.041956121852913419e-01,6.851474018244443354e-01,-6.852346274076852595e-01,2.287265452085559758e+00,-3.343261191159781376e+00,5.507149922210370363e+00,1.116443243264458873e-01,-3.795251819467391208e-01,1.634285925758073299e+00
0.000000000000000000e+00,-1.349389629814392810e+00,-1.490971547552204068e+00,-4.273144521015053154e-01,1.166699078596174360e-01,5.058032634510076786e-01,-3.868801400750820907e-01,1.152309673050759820e+00,-1.133271229546619407e+00,-3.417476523780282882e-02,1.378144877126687984e+00,9.434599497575750782e-01,1.099854908613641546e+00
0.000000000000000000e+00,-2.000902000128507829e+00,2.123394024743717079e+00,-7.000132996800834118e-01,2.544194944175141249e+00,-3.435427136692100980e+00,-9.441338695054800612e-01,8.232796977604874833e-01,1.156156767655749373e+00,1.548726799299003476e+00,1.020702675414347560e+00,2.072710973976493953e+00,-2.973504556544970256e-01
0.000000000000000000e+00,5.011309048862999660e-01,6.630385887473638773e-01,3.476497696406885218e+00,8.322919227213400717e+00,-6.525271124998779371e-01,-5.310943496114648443e-01,1.382937271981596883e+00,-3.478212396360425007e+00,-4.271471728190107342e+00,-4.131852797922119791e+00,-9.191619734737382919e-01,-7.205736738099204342e-01
1.000000000000000000e+00,-1.904307115288800034e+00,1.253939179460208386e+00,3.976568079951594115e+00,3.678482751341041190e+00,8.050778026223741612e-01,-2.896322376280354050e+00,3.766380442845615573e+00,2.419239133620155080e+00,-6.278085301218331082e+00,1.885278090577391819e+00,-3.843331084688243582e+00,3.064968878873148839e-01
0.000000000000000000e+00,1.091483283282845829e-01,1.131732138816838962e+01,3.181897467549253289e+00,4.323230265277317130e+00,-4.839991765584050754e+00,3.058206823807129382e+00,3.234764305442187737e+00,-4.060501208175549159e+00,-1.211398989512995961e+00,-2.922970690340555233e+00,-7.966562801462295340e+00,-1.110841131409378679e+00
0.000000000000000000e+00,-1.338940928953491039e+00,4.122615531553218915e+00,-1.543112231679272472e+00,3.301318562272528290e+00,-3.826623401981999351e+00,1.860396327910743608e+00,1.662476170995542235e+00,-3.098225558805698387e-01,-1.979652520902011048e+00,4.564513283247432218e-01,-1.357742390596703652e+00,-1.071077925244072748e+00
1.000000000000000000e+00,1.451294727139001761e+00,-3.945521773835670043e+00,-1.672335534698066617e+00,1.080872450324132261e+00,1.650327517028067348e+00,1.274778126808970402e+00,3.156110303030071229e+00,2.605953440886116246e-01,-4.043516175015494651e-01,1.039053475667293114e+00,3.118901173859984777e-01,6.274252872473213838e-01
0.000000000000000000e+00,-2.367148898586083128e+00,-6.219977152555650202e-01,-1.922253767503358635e+00,-6.117572219131837130e+00,-2.647409479583160419e-01,-3.099218434392418065e+00,-1.095733096452030875e+00,1.762262791400595940e+00,2.601600892829974754e+00,5.564737257063653075e+00,4.372055981844131800e-01,2.492700687179228769e+00
1.000000000000000000e+00,-1.143726132256055239e+00,4.843529399693975890e+00,-3.408608271750390717e-01,-4.102116122855726132e+00,-3.212978859083397420e-01,-3.147431658031039525e+00,-9.652324575358794956e-01,-1.681442431469603038e-01,2.323899797760756503e+00,-3.181276880860010259e+00,-5.506285623768883752e+00,-1.440444430550670951e+00
0.000000000000000000e+00,4.245778938912661005e+00,3.616879077835102319e-01,7.186454701613471663e-01,-5.037101423324505944e+00,3.038530742741473389e+00,5.148579042936741956e+00,-2.682024996742328415e+00,2.805354355051653759e+00,-1.183436153145232206e+00,5.537935441914589862e-01,-1.574670297371334460e+00,-1.582106075764778241e+00
0.000000000000000000e+00,-8.522528848040361593e-01,3.216280132021595572e-01,2.280234485811229561e+00,-2.877257025011926039e+00,3.918889857330681625e+00,-4.286140018431904286e-01,4.948267419612557561e-01,-2.494040039201336212e-01,9.721692785594125974e-01,4.722273093198585681e-01,-1.035563119384609765e+00,-6.663996641845364444e-01
1.000000000000000000e+00,1.108753789586017779e+00,-6.494542241105926150e-01,2.063399488556351358e+00,-8.349032387463517502e-01,2.790494996995136923e+00,-1.961177765680408136e+00,4.406031075099768879e-01,2.820837122807707598e+00,3.252782462916311346e+00,1.120907479035183840e+00,9.979253029415808829e-01,-1.340330715479781665e+00
0.000000000000000000e+00,2.481339350873744465e+00,1.364022709662908728e+00,8.797755458129141726e-01,-3.855208996333880478e+00,2.235766910164918020e+00,2.701358567236447072e+00,-2.416899252509040252e+00,1.374690148886548169e+00,-1.490840860122508715e-01,2.878179188001370736e+00,-9.959651613939308756e-01,-1.148317327026838530e+00
1.000000000000000000e+00,-1.975529128637670162e+00,4.321100630587103808e+00,3.529139520637509797e-01,-1.107787206268651820e-01,-1.720403599719902532e+00,-2.287721342047445372e+00,-1.278512984173975298e+00,1.691580635910439057e-02,1.450685413704233095e+00,-1.856636716210258164e-01,-8.821534370006932635e-01,-1.484801451696288188e+00
1.000000000000000000e+00,-1.114340741876899799e+00,3.654181044553907576e+00,1.378702534512056710e+00,5.995721818081840571e-01,5.378938015380002602e-01,2.342488357019154588e-01,-4.629919938874742513e-01,2.692604014713597671e+00,1.685776263809184439e+00,-4.514257784855590927e-01,1.270628766266498122e+00,-3.860317590007221966e+00
0.000000000000000000e+00,-1.954725824288556346e+00,2.559662284485939132e+00,3.704635487985072473e+00,-1.443574845402265217e+00,6.808998731181303832e-01,-3.533379420622468459e+00,4.910863685386746003e-01,-1.001176398172775706e+00,2.615442953239720758e+00,-1.025577328092488916e+00,-1.801362203525230132e+00,9.253171758119259627e-01
1.000000000000000000e+00,8.851783056497921631e-01,-2.482147145608359473e+00,4.999183740741373061e-01,-5.993788308970148249e-01,1.348679997021625443e+00,-2.220184644568171883e+00,1.231549788238177179e+00,1.314419674743902533e+00,-3.078713452527482186e+00,3.645996711041619154e+00,-2.430841988904590245e+00,2.100037567341159317e+00
1.000000000000000000e+00,1.121132749284567742e+00,2.536912421164867926e+00,1.970091859126227529e+00,4.832407595602593808e+00,1.691638521564950981e+00,2.209630370200359462e+00,5.323061301019475167e+00,-8.814260323940366071e-01,-2.106635859724639737e+00,-1.134565036978281150e+00,-3.948166315882130295e+00,-2.477089380632848226e+00
1.000000000000000000e+00,-1.061090369847019987e+00,-1.206724470330138299e+00,-2.143029236431502671e+00,-5.966443372514518728e+00,1.705121709885115688e-01,4.041217695680830779e+00,-2.905202957753926896e+00,1.084922374686213331e+00,-4.138856887025275100e+00,1.293611354920355172e+00,8.125218608767359463e-02,1.541436348178163218e+00
1.000000000000000000e+00,-1.786566869495056498e+00,2.302417387608718946e-01,-4.711141644214359436e-01,-2.708686090950617853e+00,-9.901895173615999912e-01,7.070025293591841731e-01,8.709196216343717545e-02,8.920652147473666638e-01,8.432786422419547012e-02,7.290466194900335761e-01,3.205415019623640838e-01,1.582366898024353485e+00
0.000000000000000000e+00,-2.700828219212294545e-01,-4.777363648984896405e-01,2.147520350473924644e+00,6.491577581144878373e-01,9.425844496732627142e-01,-1.263863607296611846e+00,2.286780612101165566e+00,-1.354024078631850703e+00,2.231937019299671476e+00,6.485660654035124706e-01,-2.724729004281833955e-02,1.510141147992140720e+00
1.000000000000000000e+00,-4.314039191182554855e-01,2.853635917001051681e+00,2.916594935810226552e+00,1.175406446496343849e+00,-7.690005256765348740e-01,-5.095643777266317898e+00,-8.873450634147057592e-01,3.131731325595566773e+00,-8.232956451926227714e-01,2.399129134834986132e+00,-1.829754302672939481e+00,-6.475435384152767870e-01
1.000000000000000000e+00,3.173317554501695614e-01,1.589371126898041275e+00,5.148017832771032420e-01,-7.289358041056076543e-02,-5.722407949658360193e-01,2.477094302284304383e+00,-1.635006408226604702e+00,-2.181768561016003360e+00,1.036197385404387106e-01,5.309491460024602372e-01,9.200277046775291456e-01,-4.153879435119156582e-02
0.000000000000000000e+00,-9.291770639009585553e-01,-4.539128949266496349e+00,2.863824413121444312e+00,-1.176115884288509994e+00,5.720937081098388610e+00,-1.163664380011056210e+00,1.437839402998621008e+00,-3.435163487881100597e+00,-2.687382838775201233e+00,-2.421884692636628866e+00,-1.438138327347443957e+00,1.681296023548569440e+00
1.000000000000000000e+00,3.050640550174675170e+00,-3.268786569116833629e+00,-8.281794293486113290e-01,1.604084795473724290e+00,2.548437420055920111e+00,-7.605078813345436117e-01,1.573713261713568290e+00,-2.699842551184183925e-02,1.845078874748828923e-03,1.313085182960878283e+00,-7.712785975160273422e-01,-5.538889622632824361e-01
1.000000000000000000e+00,-6.195765712126881652e-01,1.983924458814571246e+00,-2.806421725276780244e+00,-2.100510547113167537e+00,-1.165956903658758259e+00,2.241749501797896116e+00,2.142314672409373344e-01,-1.848226914590780812e+00,1.230346083259755252e+00,-3.119406004621114725e+00,-1.947732804655309291e+00,-6.991755120023264158e-01
0.000000000000000000e+00,-4.447515247293074570e-01,-1.606844190044041998e+00,2.620790333433490993e+00,1.614322501635971241e+00,8.185421121593037252e-01,-2.078162441648217396e+00,-5.508789637628166425e-01,-1.290520307682041956e+00,-2.022468075729442205e+00,9.781200446028721629e-01,6.803628891012001301e-01,1.659792903906010864e+00
1.000000000000000000e+00,-9.048845123220040643e-01,5.486830940252427347e+00,-6.655456915552622199e-01,-7.066812759460821880e+00,1.705673132067760722e+00,-3.197701637274623643e-01,-3.457941929305354822e+00,-2.422551230566231339e+00,3.184871763126853494e+00,-2.224087488876810959e+00,-4.480533739888258538e+00,-2.459138505680207309e+00
0.000000000000000000e+00,1.187145214729466769e+00,2.311284245283628636e+00,1.385839078349782039e-01,-6.202900430712330326e+00,2.665715540809768136e+00,4.337067223339380106e+00,-2.190495944697969932e+00,-1.070063897428574773e-01,5.145558815117805551e-01,2.115269043517283620e+00,-1.627889718632877347e+00,-1.062847619879514927e+00
1.000000000000000000e+00,9.830649801473660965e-01,6.445328944620022149e+00,1.250437543552791908e+00,3.959108472374087029e+00,-1.341847678474489491e+00,-1.220728684015558008e+00,4.675751910180742099e-01,-4.201361143062556369e-01,-2.578854423204982593e-01,-1.674504384042896810e+00,-4.298721365079588352e+00,-3.962652922266338695e+00
1.000000000000000000e+00,-2.728489066683493114e+00,4.785065776677051907e+00,-9.142037709191883632e-01,-1.329702106709781173e+00,-6.858641740692560385e-01,-5.152270606168956046e-01,4.424710496030686002e-01,-1.110173479239380478e+00,1.395146221987100477e+00,-1.722589159784328583e+00,-2.580585933204851301e+00,-2.166452516222590052e+00
0.000000000000000000e+00,-1.328565398044366797e+00,-2.997454431181986845e+00,-3.499640307487608126e-01,-3.650411639443287282e-01,1.902224192494274657e+00,-3.905086471256902225e-02,1.167493192355595122e+00,-1.523824509854191600e+00,-7.689320115759483709e-01,2.290530450095743298e+00,1.458724399874269384e+00,1.423696037438276996e+00
1.000000000000000000e+00,-1.754738723890251872e+00,7.122520394637871455e+00,-6.264353514107789955e-01,1.657023941807264533e+00,-2.062864821239735136e+00,8.397171399640701583e-01,1.721909671555060584e+00,-1.597216820943298421e+00,2.534958859354603078e+00,-2.740073739310931344e+00,-2.839105866783351750e+00,-3.570956837847853560e+00
1.000000000000000000e+00,-1.886817022969407009e+00,-1.100477612784728221e+00,-8.512525324920949821e-01,4.331897610783586927e+00,-1.758342534514332645e+00,2.156646364584094755e+00,2.781147897656207846e+00,-1.228459720064669192e+00,-6.144330078014335061e-01,1.100531930394907487e+00,3.586850254317549336e+00,6.646700486953862619e-01
1.000000000000000000e+00,1.754816738306973711e+00,-4.029172715420990813e-03,9.013786507796784919e-01,4.219555906415913604e+00,3.289136902311221800e+00,2.064172418107157014e+00,2.480306229479333879e+00,-1.288674443179256279e-01,-2.628131247601335652e+00,2.166105563312373805e-01,-9.984393520229135621e-01,-3.575717256610521755e+00
0.000000000000000000e+00,1.826441665193927033e+00,-1.239801259620969986e+00,-5.975978482073038833e-01,-2.891609056718758897e+00,4.889241728950571853e-01,-1.620452572051235940e+00,-3.555894533646828837e+00,1.001115705874145334e+00,5.681766635779277319e-01,3.835138890807805456e+00,6.222091616055909213e-01,7.829563501678389326e-01
0.000000000000000000e+00,6.806563474762836741e-01,2.188004082050781118e+00,1.775751739423753861e+00,5.799749953272976377e+00,1.172697631178144295e+00,-1.065736273065265305e-01,9.448400831017247370e-01,-6.726648934227474896e-01,-3.924231581181357953e+00,5.773345562704829126e-01,-1.491732067802066020e+00,-3.425763017337618344e+00
1.000000000000000000e+00,5.486130545958237903e+00,-1.924149515570714897e+00,2.473603704656512914e-02,1.143902032735139906e+00,4.224912479811186117e+00,3.380897543961038920e+00,1.726294865790356514e+00,-2.270830737283144884e+00,-1.041581849118773384e-01,1.829794192963781985e+00,-2.201597957679240380e+00,-1.349331049238261304e+00
0.000000000000000000e+00,2.938596987560604390e+00,2.260792713482273619e+00,9.891424896431809666e-01,-1.631072479444483525e+00,8.262860003964423994e-01,6.148991087354396257e-01,-2.241820157730320950e+00,2.387902662449658209e+00,-1.852085100041922061e+00,1.691620119440182091e+00,-2.939249509843487207e+00,-1.644638141171892443e+00
0.000000000000000000e+00,1.115514970399184680e+00,-7.356644617699872768e+00,7.471145187724518300e-01,1.767295222767667262e+00,1.545546247740725354e+00,-2.290361538064726865e+00,3.060360411494926325e+00,6.834365967544928644e-01,1.751853424910198243e+00,2.674976709006201547e-01,3.189866191453318400e+00,3.532410802363761260e+00
0.000000000000000000e+00,2.311690145339292402e-01,2.296527788044855800e+00,1.633423245264731705e+00,6.305421271571930220e+00,-8.765431576345614761e-01,-2.088904473322921174e-01,1.911344090320994837e+00,-1.877595220868845116e+00,-1.736448026548276236e+00,2.362819363330839195e+00,-2.742142721877306455e-01,-1.257417732081010264e+00
1.000000000000000000e+00,-2.069344948468854639e+00,3.265772620593584197e+00,-1.323015986433423441e+00,-1.206377428531351104e+00,-2.747761765966588499e+00,2.180018649595552027e+00,6.110833089660427930e-03,-1.433482706533137474e+00,1.659457601888359779e+00,-1.326618348614022169e+00,8.985823297491046802e-02,1.389100774165457075e-01
1.000000000000000000e+00,-1.323729222017127061e-01,1.585815747404099252e+00,1.497982897657474721e+00,6.848101367563720565e+00,-5.535544835465513458e-01,-3.511807778807950697e+00,6.625187826616747433e-01,2.341982689529054085e+00,-2.890128042528143482e+00,1.187474495567205857e+00,1.555948223097378680e-01,-3.249125992474718227e+00
1.000000000000000000e+00,2.208763824521958519e+00,8.865085911292622356e+00,2.200594491063265323e+00,7.098679077056614162e+00,-5.522032062354875759e-01,5.665555249148641614e-01,2.026750311466595234e-01,-4.234322373030061648e-01,1.855627995081737147e+00,-2.331276274987672092e+00,-2.337382070735879225e+00,-7.911621354858110244e+00
1.000000000000000000e+00,-2.282926428601332880e+00,2.508706220985266633e+00,6.205897183001323203e-01,3.284040143299393311e+00,-2.755432874615170835e+00,2.483441615624849774e+00,-1.246308952651623558e-01,-1.690983000170303230e+00,-1.121710107359166209e+00,1.642100606764166582e+00,3.045741505940457117e+00,-1.866725336188435058e-02
0.000000000000000000e+00,-5.525149287768668094e-01,1.788247689199719659e+00,1.150552238663771876e+00,3.120705921144857897e-01,1.118454164971761200e+00,8.910387339824352715e-01,1.467917981499940794e+00,-3.328721102905055407e+00,4.040249599763646726e-01,1.355633125268259409e+00,-1.514829192140524583e+00,1.254514298533887517e-01
0.000000000000000000e+00,6.895002924688240498e-01,1.405548663949608423e+00,3.387659883600812716e+00,1.541715860815182415e+00,2.688244689684765376e+00,2.187979667523368033e+00,2.694860308093219636e+00,-4.339460497936165062e+00,-8.975330899729594414e-02,1.058277735570889444e-02,-2.177905267005192158e+00,1.834122037878256339e-01
0.000000000000000000e+00,-1.347331249377986762e+00,1.625642997923822719e+00,2.893750995128629988e-01,6.821840751552863402e+00,8.132143334122907685e-01,-2.441725349376131504e+00,-1.342243725040010993e-01,-2.447110603984356647e+00,-3.320598789859004363e+00,1.339102856680240095e+00,4.269590716832076804e-01,-3.837295102641389732e+00
0.000000000000000000e+00,1.649883758306363468e+00,4.098135111336508096e+00,3.424209797986849768e+00,7.288926507844654346e+00,-2.136989345649420446e-01,-6.798569498395212740e-01,1.510809656868678630e+00,-7.398542218601265041e-01,-2.970826519363694018e+00,1.558699330693525287e+00,-2.360565209189705804e+00,-2.855792102038001268e+00
1.000000000000000000e+00,3.433292925677896346e+00,2.202320833580372617e-01,4.818603839575174019e-01,4.046790125619332379e+00,6.249074532645696456e-01,-3.193882683333236105e+00,7.411287059748385975e-01,-7.778622965875470197e-01,-1.501537520540811022e-01,-1.734278022830681998e-02,-3.118631471567152147e+00,-1.526410199650000132e+00
0.000000000000000000e+00,3.472221721315866372e+00,2.451202894655333697e+00,-2.440239966662944848e+00,-3.250655667394942050e+00,-4.994107121598163612e-01,3.236443702676546241e+00,-2.571270265354197448e+00,9.716942222995441636e-01,5.069418653696085020e-01,1.742370544079500760e+00,-2.222898960585081518e+00,-1.676312124725231945e+00
0.000000000000000000e+00,-2.297774097954387029e-01,1.269181123043105375e+00,4.837903238657447424e+00,1.301123762277783591e+00,1.382339209859125617e+00,-1.294020310165398424e+00,2.736796434430740277e+00,-3.931756344645910062e+00,1.356777376596843832e-01,-4.104907452217188002e+00,-3.864521018454871726e+00,1.878296015180516587e+00
1.000000000000000000e+00,5.109002118969264039e+00,3.171527992409463037e-01,-1.343992923113715321e+00,5.121946179082621953e+00,5.320215160761521123e-01,5.843428960008070217e-01,-8.207458635169808669e-01,-2.573795589806168849e+00,7.465025618797576090e-01,-1.011439469930353940e+00,-8.965181867775994240e-01,-3.494883671235418543e+00
1.000000000000000000e+00,2.770411457573475067e-01,-5.820048424247223906e-01,7.855540669676900345e-01,-2.110352070056991547e+00,1.730433949164487561e+00,-1.940944398495200840e+00,1.957072062270107660e-01,1.688049178478086887e+00,1.343529464131117734e+00,7.475505570937890365e-02,-9.805323400108938436e-01,-8.571509691449452628e-02
0.000000000000000000e+00,-2.039469812363787771e-01,-3.816353384573492602e-01,1.975162079842298857e+00,2.727493402242632481e+00,-5.942737831099687007e-02,-2.984764326868039053e+00,-6.721892578137270702e-01,-9.968398185499439679e-01,-1.615157571935741831e+00,2.039201920788406674e+00,3.498691901893959955e-01,7.675460579979904718e-01
0.000000000000000000e+00,2.266489139681438836e+00,1.455075932693231877e+00,-7.232444430100264388e-01,-4.153862304071605394e+00,1.427452435723914892e+00,2.584500390959401539e+00,-3.872298049099843986e+00,-2.666517561523872093e+00,1.155834812393611077e+00,-2.261015689854430022e+00,-1.702545407292899382e+00,-1.174551932772159413e+00
0.000000000000000000e+00,-3.855956935449349032e+00,-9.768403629675536104e-01,-1.232497989904850488e-01,6.579668713569033045e+00,7.528170810720602457e-01,-3.115636852654910527e-01,1.794154524493210889e+00,-4.785386929274860535e+00,-3.311876305139945131e+00,-1.174952764841199482e-01,2.887664400860924463e+00,-1.370675994885757865e+00
0.000000000000000000e+00,-1.208338563406883281e+00,2.886951651189518131e+00,-1.755002931900329077e-01,-2.641565867446031390e+00,1.267856393528159931e+00,-2.213468749179712258e-01,-1.466438712217897899e+00,-2.107210653397344036e+00,8.949331624877077118e-02,2.790582728143251146e+00,-1.825904949106653241e+00,-9.801824551651809880e-01
0.000000000000000000e+00,-4.026641109831587961e-01,1.178851209312918868e+00,-1.877952452112070070e+00,1.284528572251243839e+00,-1.230154652967155204e+00,1.349689811027873443e+00,-1.357785139703729049e+00,-1.312749260105950944e+00,-2.329445348875875510e+00,-2.098757102442327938e-01,-7.224170924307871111e-02,-1.294921976260471563e+00
0.000000000000000000e+00,-2.242716103007080797e-03,4.591950077831209676e+00,5.742082637654277733e+00,2.963972267897775570e+00,-8.935474073837599285e-01,-1.272233227944075784e+00,3.517253147697700921e+00,-6.312744151603463472e+00,2.930339567264328871e+00,-3.220944174325850451e-01,-3.896380037959940701e+00,2.848502692895658939e+00
1.000000000000000000e+00,-1.302711951713567462e+00,2.365661973391915307e+00,2.361790363021285977e+00,4.640725920286398853e+00,7.614811577428729494e-01,-6.516518355301026411e-02,3.527416508084717517e-01,3.048856567036399401e+00,-1.828797543971550699e+00,4.580201432072594780e-01,2.327350450360644363e+00,-4.232645195430435159e+00
0.000000000000000000e+00,1.678810190003102942e+00,6.852958538438052027e-01,-3.474722580563958108e-01,4.243176971627718785e+00,1.894078909538020605e-01,1.016966209689688094e-01,-8.817294640316093446e-01,-2.521361356119875552e+00,-9.791570452152814630e-01,-5.562996788622127653e-01,3.802789340479084679e-02,-2.376048474638152719e+00
1.000000000000000000e+00,-3.124868897775437304e+00,5.160225143572626294e+00,1.843729589031698257e+00,-1.010528309628469845e+00,-1.622933647296142201e+00,1.690618750901170309e+00,3.623287847641876169e-03,-8.500013392285278302e-01,1.785372557475153998e+00,1.712721408174497473e+00,8.619951498510149968e-01,-1.991709417323028752e-01
0.000000000000000000e+00,-6.564486356791399135e-01,2.764096098710743910e+00,2.299999817045074835e+00,-4.866192405704902413e+00,2.275652778993145997e+00,1.660337671978803886e+00,-1.428743141734253985e+00,-3.475339732413823546e-01,-7.085261984693218551e-01,2.400161951816385475e+00,-2.172118705004999928e+00,1.229582403740241414e-01
1.000000000000000000e+00,3.050068415549410661e-01,3.108725592313072994e+00,1.933102523924058236e+00,5.432352655252372209e+00,-1.493658160866409013e-01,-1.807126851272676804e-01,-1.070242471188780353e+00,1.718509609669937266e+00,-1.745161912371474777e+00,3.422383615190179862e-01,1.585352230656891237e+00,-4.438702365408548900e+00
0.000000000000000000e+00,1.045733823136150153e+00,2.234983675497936417e+00,1.684434731971764077e+00,4.494848674702128122e+00,-4.177831985708668761e-02,2.154879983572041802e+00,1.163945352336981820e+00,1.992680449552781230e+00,-5.092642254796995616e+00,1.176804368951439361e+00,-1.307844102505168582e+00,-2.513140895390163720e+00
1.000000000000000000e+00,8.297494151143027796e-01,4.693272841420690344e-01,-4.339660461803145353e+00,-5.206503819611032036e+00,2.732629268360713404e-01,2.176491958747875266e+00,1.425093621774076613e+00,-3.051433915668732011e-01,2.696930695793453125e+00,-4.699132150665654706e+00,-4.245413882723437560e+00,-6.109569745830570886e-01
1.000000000000000000e+00,-9.907485575921330945e-01,6.721728035929055434e-01,1.988210800238161102e+00,1.586429540340156263e+00,1.104279231368563208e+00,-2.649333966638725890e+00,3.447365640101934581e+00,2.376919134929624811e+00,-6.023074954057214825e-01,1.443228627689052690e-01,-2.192905792539175280e+00,-5.754633800028270407e-01
0.000000000000000000e+00,-6.167492305075410464e-01,-8.547314526662790346e-01,1.403482965002183391e+00,2.653985146161903952e+00,9.490820956711241152e-01,-7.735681609562514716e-01,9.814876928031166514e-01,-2.694331746472620637e+00,-5.889626562306469193e-01,1.837330398979932777e+00,1.002033978290645333e+00,6.727589401496472110e-01
0.000000000000000000e+00,-8.338524779110434437e-02,-1.438563751761489762e+00,2.586292894704103063e-01,-5.532971017095570376e-01,5.119520799473366024e-01,-6.404090940934639153e-01,2.072413440306224430e+00,1.075805915148755787e+00,-7.939946454735857806e-02,8.178365354193950498e-02,-9.292157374407282733e-01,1.296833863867175696e+00
1.000000000000000000e+00,-1.773726526250024804e+00,4.907967721091231361e+00,2.213574754770337716e+00,-4.219957357282042132e+00,-1.500957505496125499e+00,-1.693620404549143643e+00,-5.011535659686301436e+00,1.266012159037619433e-01,1.042247887207599089e+00,1.732787379587342969e+00,-3.877644779377220630e-01,2.492092484228300986e-01
0.000000000000000000e+00,-1.463757349001817198e+00,-9.183277328541015194e-01,-1.062320271797835947e+00,-8.134520670963768518e-01,-8.291774827513187507e-01,-1.940838783529740041e+00,6.429792547272485947e-01,-4.439760552398125393e-01,-1.528661585577762771e+00,-1.291914624306695902e+00,-1.879026597911888530e+00,1.616561301400722517e+00
1.000000000000000000e+00,1.105939473429657927e+00,6.130136256144683715e-01,8.966059336941735181e-01,3.156474702292198398e+00,1.086905194812929576e+00,1.759261573326258876e+00,-1.041747715384664374e-01,1.501732526883482022e+00,1.710752602289773439e+00,-1.094631858260344259e-01,3.503343811218964099e+00,-3.518803640853739090e+00
1.000000000000000000e+00,5.244620726771362929e-01,-3.544441641884280347e+00,-2.447337404519331017e+00,1.179504342144152285e-01,-1.532865510207483073e+00,-3.777623663578335567e+00,-7.003397924016896425e-01,1.120161388532735058e+00,-2.959836509293630957e+00,3.114333333831099893e+00,-9.114897486512383296e-01,2.694087253566785467e+00
1.000000000000000000e+00,-2.344530814407105979e+00,2.497610092843240537e+00,3.511675831660973746e+00,1.996332880885663075e+00,1.729071218708471136e+00,-8.323791853478641478e-01,3.274147745504305096e+00,3.599445837410364391e+00,-1.477298435519608599e+00,5.093302120441871583e-01,-7.461827968583252257e-01,-2.274482109361112947e+00
1.000000000000000000e+00,3.113738859580963414e+00,3.495456345621845706e-01,6.719945494115686646e-02,8.746560355750830240e+00,1.027345304545209892e+00,7.972598499929441918e-01,1.974796896678136182e+00,2.165808242262777794e-01,-4.190214505301295134e+00,4.011893197975194170e+00,-6.774789221322163879e-02,-4.068225891461953125e+00
0.000000000000000000e+00,-1.308277349059459027e+00,4.102543974606180477e+00,8.217382696387526275e-01,1.434873864036731339e+00,1.581258108358543746e+00,-1.139795149023393961e+00,-7.067736635475945217e-01,-2.294873658414916306e+00,-4.837340564349346117e-02,4.746432297423501367e+00,-6.951854962310595187e-01,-3.020381960803097066e+00
0.000000000000000000e+00,-1.566456431009990435e+00,-1.368960506736795146e+00,1.110523869945352349e+00,2.586631819256483666e+00,3.814474748493553724e-01,-1.970395710392624178e+00,3.596115425951618150e-03,-7.376334280518253017e-01,-2.660155261131264659e+00,2.598159605732658584e+00,1.519565113550899849e+00,7.063534613583026811e-01
1.000000000000000000e+00,2.246667400044318974e+00,6.384532994009637363e-01,1.716522176982309134e+00,2.059024105938856319e+00,1.294538797357800641e+00,-9.649064834969878213e-01,7.633105771325121580e-02,2.646718414003675912e-01,-1.174698237368505982e+00,1.337242331356778724e+00,-1.738966529193784361e+00,-1.179833627356865700e+00
0.000000000000000000e+00,-2.273882482368309255e+00,3.784381666146510614e+00,2.889839688391495187e+00,-6.079487875268243968e+00,4.949563266587343691e+00,-7.704216599612987437e-01,-4.966308740140858990e-01,-1.577946153650584993e+00,-1.000908726765101786e+00,5.774450572078542177e-01,-5.383666001271998347e+00,-1.283898438597609548e+00
1.000000000000000000e+00,-1.825380645136240876e+00,-2.683884465491848559e+00,1.284385088002610642e+00,9.147336349077468398e-01,1.202268140658397932e+00,-2.079013212122176490e+00,3.715512911050206757e+00,2.136205615278782943e+00,-4.433705198682027060e+00,1.152467902156782076e+00,-1.899600303156340875e+00,2.075630102398940746e+00
1.000000000000000000e+00,-1.500911116071411477e+00,2.332481240230870334e+00,3.161415107666171398e+00,8.361030124184883894e-01,4.386042847842291925e-01,3.080970822402449016e-01,4.377409307385976334e+00,1.388485193192616762e+00,-1.917628204037365336e+00,2.115256448468377792e-01,-3.308847052883183704e+00,6.458320198088032260e-01
1.000000000000000000e+00,2.008726205077609794e+00,3.319390109490236718e-01,6.205113929864385369e-01,4.694900935235815531e+00,3.890896735246160976e-01,-2.883579970998421116e-01,3.330125238074622906e+00,-2.470025962820360466e+00,-2.047236627101249873e+00,-3.498536897760883946e+00,-4.287038074657218090e+00,-7.916864187633282368e-01
1.000000000000000000e+00,-1.322440762216074539e+00,3.573754371797131846e+00,-1.770438566851613160e+00,-2.015579487823812244e+00,-1.114204305566390829e-01,2.116717141719510309e+00,-1.041226793707593634e+00,-3.875566315128391004e+00,3.337675808104386466e+00,-1.820675183456973434e+00,-3.720109911266973324e-01,-1.927391983627723349e+00
0.000000000000000000e+00,1.474076462677168520e+00,1.185429956049146361e+00,2.943352122296196249e+00,2.453989413823457699e+00,1.338053038602124545e+00,3.521612072817144945e+00,8.012482242468357274e-01,-4.780787805696817827e-01,-3.422170905876511959e+00,-1.579253417958196515e+00,-1.163112285916776845e+00,-1.180564045634411974e+00
1.000000000000000000e+00,-4.925486465252970625e-02,1.007751192873729273e+00,1.871816125249803786e+00,1.244434360997348499e+00,5.809845305945251503e-01,-7.343508181149183134e-01,4.530714570835790767e+00,2.004401699115626601e-01,-2.845753979337354522e+00,7.783641043659024206e-01,-5.123101594518713497e+00,1.297133526193979147e+00
0.000000000000000000e+00,-1.320926018700467441e+00,1.487074228356893402e+00,7.543220147512438301e-01,-1.490324040308618425e+00,2.252400756870817311e+00,7.148796493239994998e-01,1.227290193297263077e+00,-3.149388508184979507e+00,-1.046555813018766656e+00,3.145026785748058717e+00,-2.361678589313195964e+00,3.141938862339438421e-01
0.000000000000000000e+00,-7.181042850658503340e-01,-3.128412623219035460e+00,-2.499862351382038383e-01,-2.382637499797555680e+00,1.974280140191510657e+00,-1.396352587624646535e+00,1.085851939058970483e-01,8.550043562853026913e-01,2.617339564458634804e+00,2.606162940614937362e+00,2.747776379264716518e+00,1.172721707162492244e+00
1.000000000000000000e+00,2.721724553028405769e+00,-2.365985960333365057e+00,-7.638718686579970552e-01,1.435507769954212920e+00,2.736043312761956559e-01,-1.013900403586945886e+00,2.356641964771435394e-01,-1.286214834739030533e+00,-2.135676385937565591e+00,8.439709160274355693e-01,-2.171327407237188201e+00,1.269407749923108675e+00
1.000000000000000000e+00,4.647903885936085500e-01,7.644542966845839782e-01,1.280803795238739218e+00,3.587365130343795450e+00,5.389727547634242111e-01,7.333284732185789689e-01,-4.645847970280576611e-01,9.899809180714123080e-01,-2.988607890346965945e+00,8.061968245543200684e-01,9.404883574223250609e-01,-2.308123829800912130e+00
1.000000000000000000e+00,3.258302353507278593e+00,-3.398424290346713672e+00,-2.182387401050145392e-01,3.453243733356184730e+00,2.053989289844559973e+00,1.810295533406098833e+00,3.363498710691907867e-01,-9.189616279718155756e-01,-2.184225287981439223e+00,1.086035901135829373e+00,1.224439812365849534e+00,-8.060088017883403344e-01
1.000000000000000000e+00,2.846563480141554692e+00,1.227106827591579297e+00,1.888210989403382278e+00,3.589647968567060587e+00,1.887656342091839967e+00,6.677269393226026306e-01,1.403265413656010985e+00,-1.463598217888010922e+00,-7.840870555385116569e-01,-1.551226970609556943e+00,-2.548624506920356136e+00,-2.306232761006798526e+00
1.000000000000000000e+00,-2.437509442936727666e+00,2.901622765179215246e+00,-4.070848570281098144e-01,1.359887652284945680e+00,-2.433059943551300286e+00,1.192020314996932395e+00,1.503137091513411683e+00,2.068971610683651985e-01,3.054794447212644259e-01,2.029989569511192471e-01,6.450437522827829895e-01,-4.616421635100261822e-01
1.000000000000000000e+00,2.444414638131636508e+00,1.093839575052528934e+00,7.230577270817591939e-01,1.137516466972616547e+00,4.822487206082589628e-01,-2.401168652629670941e+00,1.347396848576985606e+00,1.420175475624355643e-01,2.882892198789439142e+00,-2.753806691472011625e-01,-2.565913539745074523e+00,-8.742622019360641872e-01
0.000000000000000000e+00,4.083343283082708775e-01,3.462617668336198218e+00,1.253039539625968590e-01,-2.755091022589983396e+00,1.803555609249638092e+00,1.992044671182144455e+00,-1.246734564452626870e+00,-8.368060590306739543e-01,-9.875017859511725504e-03,3.057286690776714888e+00,-2.068813453773271860e+00,-1.980944320762789479e+00
0.000000000000000000e+00,2.755137263561684868e+00,1.464092869987272394e+00,1.845581980181743020e+00,1.889949463662954354e+00,7.103365324723065477e-01,-2.986925705747613957e-01,-6.976631385471316893e-01,4.257855759192730183e-01,-1.590407092841319869e+00,1.770564641008519846e+00,-1.954792759614193631e+00,-1.223689377276817591e+00
1.000000000000000000e+00,-1.628746993200185234e-01,2.731648378352001139e+00,1.499499306410986499e+00,3.719114017934016303e+00,1.810821188324473141e+00,-8.233992404883766492e-01,3.882144138541341771e+00,1.687329214885359363e+00,-1.082016476349408007e+00,3.324344580664195803e-01,-2.785040095533758198e+00,-3.558559047604184400e+00
0.000000000000000000e+00,5.029058933824129163e+00,2.353252186883284303e+00,3.202635383958633231e+00,-3.069091224817956931e+00,2.839815177624520182e+00,3.259781756550943044e+00,-2.124951564634892875e+00,3.915458361359119621e+00,-2.164256246837120035e+00,1.394111859590716263e+00,-3.605749373601299101e+00,-2.041763717405903567e+00
1.000000000000000000e+00,3.066014654281526974e-01,-4.160886676546947105e-01,2.619837535762884251e+00,8.838928250880047077e-01,1.975463741299769982e+00,-8.764674660096049008e-01,2.309825971478071338e+00,1.416830882372453360e+00,-1.045349276251826387e+00,6.154729421041490456e-01,-1.391721504784934282e+00,8.806969855819257731e-02
1.000000000000000000e+00,-7.254931711547605300e-01,6.856878833906535853e+00,1.467148357601453235e+00,1.711803033662806506e+00,-3.085436054273005269e+00,-5.422229331976611277e-01,-1.475462587412692539e+00,-2.002254774082627087e+00,1.868852206336601984e+00,-1.589974420327140203e+00,-1.746269813855167996e+00,-1.835561999070309813e+00
1.000000000000000000e+00,-1.419081394417871955e+00,3.905391781671214702e-01,-4.817450704303704256e+00,-8.542266780297541828e+00,-1.749957017814035565e-01,2.482432687614537947e+00,-2.048387627417384671e+00,-2.102365414490368956e+00,1.105268708687203727e-01,-4.465741662505829268e+00,-3.858200672469378034e+00,1.003411835885783532e+00
1.000000000000000000e+00,-1.337445744259607494e+00,2.638681872791666549e+00,3.164527324540460373e+00,-2.492053567124025426e-01,1.054274799573441390e-01,-4.290932426240227748e+00,-1.997507973171216200e+00,3.106679059860747660e+00,-9.904075365560123245e-01,3.823084735250961153e-01,-9.963822037260445796e-01,-1.187014275145766629e+00
0.000000000000000000e+00,-3.406140824882788465e+00,-6.986977872104147558e-01,1.927145733261591776e+00,1.540873489140422326e+00,1.973501100066060499e+00,-2.094150108655695508e+00,5.236052879555570527e-01,-2.770809199875422735e+00,-1.349970191601130409e+00,2.977706650941495781e+00,1.830272748354347279e+00,5.659423813084312194e-01
0.000000000000000000e+00,-2.405916754320558404e-01,-1.411605428276542451e+00,4.221058065243984414e-01,1.640848544537879761e+00,-1.514761294082833665e-02,-5.823969134552406945e-01,-7.366565002717143651e-01,-8.937844662939724572e-01,-2.688045988163276334e+00,-4.839568584335853796e-01,4.521838621393918789e-01,5.705299885529799830e-01
0.000000000000000000e+00,-9.420744067826716250e-01,3.679926698925354955e+00,2.131408097258613132e+00,-4.006024687174549292e+00,1.907715689504411838e+00,3.786892150225587006e-01,1.071385262891650259e+00,-7.806316144909140053e-01,1.343608150914943788e+00,2.145867722547737166e+00,-3.617171094723889535e+00,1.569956690974910751e-01
0.000000000000000000e+00,3.732533281039890127e+00,-1.022736416266432524e+00,1.188647426141444363e+00,-9.508838212085032993e+00,2.917793853039641672e+00,1.680340393572664848e+00,-4.001529038624486390e+00,-7.254324034996799675e-01,4.987767035561434525e+00,2.644573963627767199e+00,-6.942129918024215751e-01,2.790154317058149314e+00
1.000000000000000000e+00,1.700937718578608981e+00,-3.705293406755380214e+00,4.012930221111579154e-01,4.707049257896350758e-01,6.275912902981422015e-01,-4.288880203154146642e+00,-2.769714321702787974e+00,1.619159461164382918e+00,-2.157793539169895247e+00,2.912451632524916789e+00,8.588087720854837848e-01,1.351988710542022520e+00
1.000000000000000000e+00,3.902460077734259958e-02,5.718932832107612718e-01,1.131126367292270229e+00,2.350885299307490683e+00,-1.681516767439309668e+00,-5.042738267141927189e+00,-1.131442247758402075e+00,2.126776401334669941e+00,-2.321601313403027333e+00,2.094606566180386320e+00,-1.256745344221211536e+00,3.809310917538051289e-01
1.000000000000000000e+00,3.154389040811752309e+00,-2.293068870323695663e+00,1.264472784798265970e+00,5.078627626073922707e-01,2.331444550410101790e+00,-1.046739465359387555e+00,3.501315069401056412e+00,-1.551078671177342105e+00,-1.952874799895190971e+00,1.162104158889607053e+00,-5.306142089518634641e+00,2.358969840455817923e+00
1.000000000000000000e+00,-3.361887002005829572e+00,4.335564958386656009e+00,-2.769429515767202199e-01,1.663102955353152446e+00,-3.369138153439286132e+00,-1.063613438441222137e+00,2.097487890727080195e+00,2.141509354607886273e+00,1.022540511525682483e-02,-2.185942444573522048e-01,-8.670421828014653887e-01,-9.947319991123295679e-01
1.000000000000000000e+00,9.635000895306700119e-01,4.340129189086227690e+00,1.437608220090298428e-01,-3.321867161702269033e+00,-1.409704904109452261e+00,2.473399257623569270e+00,-1.916754736436496076e+00,3.267247935374024692e-01,-1.387917774969283702e+00,-1.833282823159168906e+00,-4.164471801921115102e+00,-4.827716188335466896e-01
0.000000000000000000e+00,4.664779560255353230e-01,2.970935407038345133e+00,2.027940968086764162e+00,-6.416898326430358068e+00,3.029567103302436060e+00,-3.503884174673776997e-01,-3.130540469794058200e+00,-1.759735463795290888e+00,2.085694260223677876e+00,2.910833326766079310e+00,-2.709977712126334204e+00,-4.812072286761859274e-02
1.000000000000000000e+00,-1.044677548260588562e-01,-3.940851280740671481e+00,-5.176476992636285246e-01,-2.313285677456790701e+00,2.643891967884052896e+00,8.540528632632466977e-01,1.142788439203580086e+00,2.080246779958288883e+00,-1.059116651735844572e+00,2.352332868797539778e+00,1.294447245134012103e+00,1.072009643968294679e+00
1.000000000000000000e+00,-3.226233823954968383e+00,6.142186273935545060e+00,3.972420668557860246e+00,1.494585899468849677e+00,-2.707157553771222247e+00,-1.525094640968104986e+00,1.938954304801273398e+00,2.903990088962780103e+00,1.172316381157173737e+00,2.795555666987148857e+00,-1.959643945023901157e-01,-1.897128911518826122e-01
0.000000000000000000e+00,-2.085930970722793987e+00,-4.686464003664500666e+00,-4.910253595817122285e-01,-4.448736645539882240e+00,5.179923396649064316e+00,-1.521113242864752468e+00,-1.327864876321691590e-01,-2.371156483304863727e+00,-1.311190804384330999e+00,3.081554042147474526e+00,2.413538640567747251e-01,1.810847383323604287e+00
0.000000000000000000e+00,2.819159747934675497e+00,-3.991847415812838307e+00,3.721130922266651542e+00,3.880818266409567840e+00,2.805398685764718181e+00,5.195658673571192931e-01,5.539589948072726422e+00,-3.818173663777368443e+00,6.450191101909716895e-01,-1.124018497528888716e+00,-1.340996374727110751e+00,3.189678352180060017e+00
1.000000000000000000e+00,2.104400497179375051e+00,2.763924369139569404e+00,2.579408301847646356e+00,3.247467450602357086e+00,1.789403273606413158e+00,1.226890106476803854e+00,1.982292454928539893e+00,-4.458986760000265281e-01,1.197790146387596177e+00,-1.815454418629204536e+00,-1.701380790448364433e+00,-3.160762370951359035e+00
0.000000000000000000e+00,-5.659490551210932807e-02,1.204964698227268594e+00,-2.483859210574657084e-02,4.752768153422151087e+00,-7.732264730656825957e-01,-3.140786761425528262e+00,-1.081766881350000986e+00,-1.492157881106091599e+00,-1.418385670338631055e+00,2.888681758720820447e+00,4.406739863808923907e-01,-1.672751779710430320e+00
0.000000000000000000e+00,-6.193561271107432820e-01,2.288372530820304451e+00,3.919482271158552411e+00,-9.099547084572168210e-02,2.120028720784890908e+00,-2.246569708064720672e-01,2.367514075060089596e+00,-5.541869143567516254e+00,6.789832612421893288e-01,9.243814769697157319e-01,-3.548636275254140049e+00,1.841777165162346463e+00
0.000000000000000000e+00,-1.681397097283032993e+00,-4.132767544336311438e+00,1.554519337169143700e+00,-4.275830652760629569e+00,6.356857660984656988e+00,-1.269401317732840706e+00,3.490549506074716035e-01,-1.905944751684364391e+00,-1.284540532762385112e+00,9.995104522923713430e-01,-5.108460960184979527e-01,1.168750000442793979e+00
1.000000000000000000e+00,-1.552159972720395853e+00,1.926482862401177831e+00,-2.875001199649920736e+00,-4.361969784589550869e+00,-1.655677892509970217e+00,-2.205853028959579021e-01,-2.755251741222179973e+00,-5.204654918161899513e-02,7.468640613241483983e-02,-1.993312886785163718e+00,-1.740648035347623690e+00,-2.509884267846623773e-01
0.000000000000000000e+00,5.472059257396693077e-01,2.708207715125209525e+00,-1.937706524327043933e+00,3.922050432482322879e+00,-1.659781279150853717e-01,1.931683677379375741e+00,-1.052475403104551566e+00,-1.368691518286849762e+00,-2.537223706220743225e+00,6.613756946436573081e-01,-1.302933131642655118e-01,-4.403734049990090327e+00
0.000000000000000000e+00,-7.924680299589174082e-01,2.531853874599647725e+00,5.226178332381489433e+00,-1.325738434518261011e+00,1.705280872508975865e+00,-2.352717665577700679e+00,1.270187793885309224e+00,-2.097789426034367022e+00,4.316148984395868027e+00,1.113384905082440701e-01,-1.321439474197478869e+00,1.440166601454488493e+00
0.000000000000000000e+00,2.915231601669249439e+00,1.017322716906465807e+00,5.410512153374570365e-01,3.808072835182670701e+00,-6.414868477255781798e-01,2.718573067339104199e+00,-4.800518487350753372e-01,-5.594326520351700083e-01,-2.647512682742952261e+00,-2.179857653416602759e+00,-8.809034224614270547e-01,-1.812789538365574771e+00
1.000000000000000000e+00,3.494479797268168486e-01,2.107246997112948161e+00,3.077912189990777758e+00,1.802148823279881851e-01,2.027013402968652400e+00,-1.650000735693875065e+00,1.660427043351612175e+00,1.001217362707404357e+00,5.907333477434830726e-01,-1.398684224069076887e+00,-3.019121391227358675e+00,-1.366820505058704782e+00
1.000000000000000000e+00,1.892420364120574572e+00,4.649998239190952454e+00,-3.429973906829273389e-01,-9.898415267037863341e-02,-1.131586939208101716e+00,1.559860718429199711e+00,-3.610073619268854728e+00,-2.078870792513916044e+00,1.065136679838784683e+00,-1.537123134583532336e+00,-1.481882162837568684e+00,-2.832489659964099182e+00
1.000000000000000000e+00,-5.111062495679663531e-01,3.507949066141716088e+00,9.227046526255282544e-01,-4.683680317896434353e+00,-9.903915267906959752e-02,1.697639294207277993e+00,-2.946812282561932506e+00,-3.040643180762128139e+00,2.039464804269067510e+00,-6.522038221733321706e-01,-1.363340672118306118e+00,5.958633350669850781e-01
1.000000000000000000e+00,-2.245262356463495479e-01,2.759125772624158923e+00,-2.398588230038329883e+00,-7.913114562490737303e-01,-1.134533872396981335e+00,5.478947357802733009e+00,6.031867435445503745e-02,-2.934698046611903699e+00,-1.011925821209818555e+00,-2.574126855189747598e+00,-1.524394180587228087e+00,-1.262424533489543421e+00
1.000000000000000000e+00,1.090675581573097297e-02,-3.228791418115711132e+00,1.065466661790116953e+00,4.431026148444276558e+00,8.589530251717700793e-01,-2.670960310292615603e+00,2.652645297351853060e+00,1.516486215624534672e+00,-5.088654922521170576e+00,1.719169053530463120e+00,-8.183908630989992217e-01,8.606466652641855397e-01
1.000000000000000000e+00,1.584938840508844482e+00,1.544513520837648812e+00,-2.164379234395259033e+00,-1.849042025092623387e+00,3.297696715395714850e-01,3.355457085221550173e+00,-4.550397228277655026e-01,-1.050245313873916730e+00,9.921501903845864057e-01,-1.872163048623762815e+00,-1.679963466784976545e+00,-1.781632844094389601e+00
1.000000000000000000e+00,-1.804610468128184930e-01,-7.780543857293577281e-02,1.089700068721898285e+00,-2.985303413593441424e-01,1.331147310117486438e-01,-2.816140877804619969e+00,1.002634715874237692e-01,2.296417689859657330e+00,-9.429638272521975173e-01,2.214616099324967280e+00,-1.023232984829939518e+00,5.939428166769880058e-01
1.000000000000000000e+00,-5.310551923380963046e+00,5.445222017441520457e+00,3.679347872341526049e+00,-3.129547259150218252e+00,-1.695859882114436168e+00,-2.749154051739864268e+00,-1.439873623198083985e+00,2.696735797673074586e+00,-1.063199234728777753e+00,3.793455801951719941e+00,-4.511996401818756386e-01,9.835766219312631620e-01
0.000000000000000000e+00,-1.756452585750332585e+00,-1.671024239467411576e-01,1.514590992927705049e+00,1.999456307952476530e+00,2.881852610868314013e-01,-9.380723130183987735e-01,7.895205274682643992e-01,-1.218204517422360356e+00,-3.250159016069920082e+00,2.171291010527245380e-01,-4.779286403883986623e-01,6.784629437986582357e-01
1.000000000000000000e+00,4.798699980958303968e+00,-6.552841476374777763e+00,-2.154312860290584553e+00,-2.220248835371956275e+00,3.050007986652605307e+00,-2.453589286644446865e+00,1.232154568161913266e+00,-1.955316070276193141e+00,-2.849809378581640296e-01,1.618050083209480405e+00,-4.054985949241514120e+00,3.404454230665850289e+00
0.000000000000000000e+00,-1.234374528793188652e+00,-1.024458306653079243e+00,1.329209841465398334e+00,6.799408598619981481e-01,1.052450298398171169e+00,-1.347776893493316530e+00,1.215198195718619978e+00,-4.744832545686579195e-01,1.388459056910549938e+00,-6.035092285737790885e-01,1.284276580009326096e+00,4.012835082523817931e-01
1.000000000000000000e+00,4.548027340720623979e-01,-5.403131726304522431e+00,1.062451494418798603e+00,1.112354345456364246e+00,1.045174983617253250e+00,-3.248886901058218868e+00,3.930751002866661459e-02,2.668796560665080531e+00,-4.785885634838082048e+00,5.243703664508934104e+00,1.143415083454204062e+00,3.116518408933960593e+00
1.000000000000000000e+00,1.886223925465814411e+00,1.756917563932086424e+00,1.109170877828385970e-01,3.606876584287746823e+00,7.280313277857726195e-01,1.271894398312627406e+00,-1.571043432188516498e+00,-1.209432139457333744e-01,-5.718826843161630702e-01,-7.944154299041170653e-01,9.500204292554046415e-01,-4.214789643345874026e+00
0.000000000000000000e+00,-1.195485430618628886e+00,-4.769797712173273752e+00,-4.856342198446368386e+00,-1.716426867432732095e+00,2.251813322133346063e+00,1.929734356146028063e+00,4.587921338989634501e-01,-1.637617446945446087e+00,-4.400396163008839956e+00,4.379013181081214512e+00,6.946503818891807125e-01,7.930903099102151188e-01
1.000000000000000000e+00,4.576852860882482332e+00,1.976263465189248003e-01,8.607158344768625069e-01,3.123968883451978318e+00,1.089527051893502740e+00,-3.057993433097578428e+00,-3.268983099540143655e+00,6.728295083644142416e-03,-1.125256772177790632e-01,2.717036236964669449e+00,-5.794218450726201786e-01,-2.428373171210333581e+00
0.000000000000000000e+00,-1.566207930714518248e+00,7.417483538092872308e+00,4.167218862936266532e+00,-2.593590380317977839e+00,8.183447732476591963e-01,-3.352428963145496210e-01,1.703097248820910625e-01,-3.702807573513575257e+00,3.206100659468924974e+00,6.834086754928921925e-01,-4.169229605250432513e+00,-4.869352579339132348e-01
1.000000000000000000e+00,-2.810050364331942774e+00,1.614949757291789689e+00,-7.017637723186466170e-01,-6.043580372463615902e+00,1.060430413446654008e+00,-6.526112764430713753e-01,-2.445166445017090240e+00,-4.516923054992743047e-01,5.651477087609886318e-01,6.382281487189915836e-01,-1.005575869194339944e+00,1.630507108565257823e-01
0.000000000000000000e+00,3.352431612217832591e+00,-3.679083098111282646e-01,5.851317739186325806e-01,-1.008745419443534574e+00,4.618273546604479973e-01,1.441310143488346851e-01,-2.533201019258869202e+00,1.533043615996163567e+00,-7.566595277405432363e-01,1.696187197219020781e+00,-6.899902463035965106e-01,-1.189933921589659827e-01
1.000000000000000000e+00,-1.275210262957144902e-01,3.933669670361174653e+00,-2.773277603149795656e+00,2.652466586308682484e+00,-1.030979811997303486e+00,5.200783430753979086e-01,3.345211355877997228e-02,-2.161618836389106679e+00,2.594631967870459022e+00,-2.544521348417385198e+00,-6.498571443348419852e-01,-4.513236677798390772e+00
0.000000000000000000e+00,-4.923641060636874123e-01,2.308713167938215793e+00,4.269037907012222632e+00,-2.121183071039275114e-01,1.931734193626677420e+00,-8.371376955990750268e-02,2.049980039339268867e+00,-1.962561861524291684e+00,2.847643178039932721e+00,-1.151025693046832110e-01,-1.067357595102681245e+00,4.019965504448954619e-01
1.000000000000000000e+00,6.984087260416953491e+00,-6.189732266750839429e+00,-3.459208593554426336e+00,-2.019989297019901819e+00,1.776008058446969518e+00,-1.793811200953724150e+00,-2.775344053900995256e+00,-4.178972317896976207e+00,-4.256754827121315143e-01,8.649531744013401191e-01,-3.611032546954553002e+00,2.921408599543831919e+00
1.000000000000000000e+00,1.091962273711091669e+00,1.724272578234502529e+00,1.772426733278883670e+00,2.849617301886717691e+00,4.206435304270388365e-01,-7.564579044112336170e-01,-5.669040677767893666e-01,2.076012450751384186e+00,4.043730800149787363e-01,1.842054535861824771e+00,1.274057217679983367e+00,-2.619794033127115007e+00
0.000000000000000000e+00,-7.575326669953024172e-01,-1.852651526378376268e+00,5.906908704724704862e-01,-2.497124236042997492e+00,2.511930595511626230e+00,3.524497687016059366e-02,1.405578218588273698e+00,-3.582315518588722547e+00,-4.436158861629961869e-01,2.412432648825341364e+00,-1.576761117807538692e+00,2.764537394147515759e+00
1.000000000000000000e+00,-3.815417354208648693e+00,6.501919740601761255e+00,2.393729015949182415e+00,-7.296940256819369530e+00,-1.327263539948849713e+00,-3.390155638384225512e+00,-4.611300837683664611e+00,1.012770882476841106e+00,1.520677419384191431e+00,1.134380316873812244e+00,-2.653653217923078067e+00,5.787770189381946651e-01
1.000000000000000000e+00,-1.702080770576804625e+00,5.490035983658133389e+00,1.025008416321329552e+00,1.019507489055900828e+00,-3.029507573174316182e+00,1.306001858023211781e+00,1.812684446750398859e+00,-6.247507661845301818e-01,3.383992625311822877e+00,-6.799334465933400962e-01,-3.675920667890045790e-01,-5.608405674194462120e-01
1.000000000000000000e+00,-2.029781449989792819e+00,3.558755656654263078e+00,-3.557553615428634686e+00,-6.848441346691167553e+00,-5.920822779948191616e-01,2.701509513642744942e+00,-3.066484907849653663e+00,-3.270089839886739291e+00,4.189394412734462891e-01,-3.721283050773023682e+00,-3.363778681178053009e+00,-7.484803244297373315e-01
1.000000000000000000e+00,2.888009778739603073e-01,-2.004710675307886381e-01,1.131755214816438038e+00,-2.700567234459543720e+00,3.271963666218910216e+00,5.285223760608765975e-01,-7.396595832090908651e-01,2.186590226963861738e+00,2.244475627179101096e+00,-9.599528347076313750e-02,1.294347063528663355e+00,-2.076941987481799590e+00
0.000000000000000000e+00,-2.985027833992565327e+00,-5.167406924182825767e-01,-2.666787319259356526e+00,-1.203304112004657478e+00,2.637787377682911938e-01,-3.082903642231881181e-01,-6.283807245969603716e-01,-5.018335945943914744e+00,-3.700797976933567490e+00,1.156737148795391246e+00,-1.807565133038013361e+00,1.266016171843594051e+00
1.000000000000000000e+00,1.911677469530803197e+00,-2.890674956551749997e+00,-1.234614108276211208e+00,6.524573672269078806e+00,8.190409969906145005e-01,7.767892220660297387e-01,5.745206850797942799e+00,-1.278618088013125931e+00,-3.480642296674132385e+00,1.557208700680566826e-01,-2.148139776122360622e+00,-2.415327031238106992e-01
0.000000000000000000e+00,-6.623196595593927594e-01,3.919166686414976564e+00,2.431241979950836907e+00,8.139293988446442141e-01,1.948332312125968802e+00,2.100923255735176465e-02,1.027263418147631668e+00,3.966818816104578094e-01,-1.563875028486596097e+00,6.397108751699954077e+00,-1.701589551056374550e+00,-1.962919188953409222e+00
0.000000000000000000e+00,-1.255652507173515398e+00,6.253558633868405714e+00,-8.377375535560585007e-01,2.710362230377116433e+00,-5.549041455479724938e+00,1.360086920039379699e+00,1.168243565361158698e+00,5.970809294524537236e-02,3.126116485040931092e+00,3.016501911376038958e+00,8.385752908907320169e-01,-6.219001814045341803e-01
0.000000000000000000e+00,-9.136008144717596702e-01,4.543661753132157699e+00,8.418540677309387377e-01,-1.564738812210225927e+00,-6.988414013617310072e-01,7.170357656471411101e-01,6.697130402345676803e-01,-2.374934803505760250e+00,1.476655518249873511e+00,1.482156536950649528e+00,-2.882185140792405509e+00,1.853078828668078826e-01
1.000000000000000000e+00,-3.855207750188047733e+00,4.184080877585142133e+00,3.384013101333616103e+00,2.262406800712499333e+00,1.779509654764402926e-01,-1.644086363567245579e+00,6.027219721833005917e-01,4.289320980693702268e+00,-2.683068236438077570e+00,-3.577752792309927266e-01,3.264370040135797790e-01,-3.373795045989282038e+00
1.000000000000000000e+00,-3.864954322221013649e-01,4.786764059086976886e+00,1.078724893334960022e+00,7.072732959698189992e-02,-2.331224055532286066e-01,6.904324240775977506e-01,-2.778299036279728185e+00,-4.521041817286448605e+00,1.523422117189353386e+00,-8.985025325289156539e-01,-8.385064772178815184e-01,-1.917669265146519031e+00
1.000000000000000000e+00,1.879491524060509899e+00,-3.619228558320389144e+00,-1.389895528037520922e+00,4.080432663372249635e+00,1.659358298900416306e-01,-1.265817154761497587e+00,-9.854954355062670590e-01,1.203416666632073806e+00,-1.227981971008502926e+00,1.733830548784188075e+00,3.329539357162916602e+00,-1.096802432301971164e+00
0.000000000000000000e+00,3.095506027110793035e+00,-4.228614116506830833e-01,-1.763253682612251350e+00,-1.893018370730455757e+00,-3.963715774836606975e-02,8.705641872887672772e-01,-3.128888953999735989e+00,-2.784071884896700544e-01,1.032692927836291741e+00,9.634615296495175896e-01,-6.434673443417493477e-02,-4.369698832586969006e-01
1.000000000000000000e+00,-5.740358591057475035e-01,2.128599860153814305e+00,3.038386054775853662e+00,1.723854705290616796e+00,-1.703632986391732551e+00,-3.593651865612346619e+00,-1.027421934083772914e+00,2.648439185995214551e+00,-1.341208364293399846e+00,2.168094645923587471e+00,-3.311214138405546015e-01,4.158755772486875113e-01
0.000000000000000000e+00,-1.596594293701055989e+00,-2.967248580488747844e+00,7.839739132736914806e-01,-2.466496666244052616e+00,3.020581515554887186e+00,-2.738320827105265920e+00,4.566671331255310884e-01,-3.374829282401185182e+00,2.360909984996094613e-01,1.370895379531065439e+00,-6.741669988220706511e-01,2.607056777066486752e+00
1.000000000000000000e+00,-2.733828331722230942e+00,6.086268604989246711e+00,3.479503716167071214e+00,3.077840434473869013e+00,-1.825799688322604197e+00,-3.379148857512578541e+00,2.354103791316335403e+00,3.012099267721434437e+00,5.019171553037833355e-01,-1.561477328852845847e+00,-2.339552403692116922e+00,-2.356900920419731094e+00
0.000000000000000000e+00,-6.714945439430730634e-01,-7.137250330655677821e+00,7.022740628248329564e-01,1.587863638986430459e+00,3.633914522891812382e+00,-6.703047342912901163e-01,2.491873778293078878e+00,-6.647942412639283205e+00,-1.695909834161986485e+00,1.652682367271438579e+00,1.575736744058771066e+00,4.407474754615683388e+00
1.000000000000000000e+00,7.934551875740789573e-01,8.450292355228647523e+00,5.809793047918248021e-01,6.339833999782214846e+00,-3.225754522054774309e+00,2.261884626831651701e+00,1.920960996147861533e+00,-1.325818424162392706e+00,1.210626542250471616e+00,-2.630472425731425368e+00,-2.682872074882969304e+00,-5.025375672486775080e+00
0.000000000000000000e+00,1.754963258575411578e-01,1.759668600178609099e-01,1.659752174860732898e+00,-2.445371957480933833e+00,2.288864668311100026e+00,3.293213877817334989e+00,-1.336870790519122387e+00,-4.245889660032613477e+00,8.543776633311850333e-03,-2.716803638829982770e+00,-4.198831739086547055e-01,5.303065954264389870e-01
1.000000000000000000e+00,-3.162999429224657266e+00,6.513635031483750559e+00,3.035434222698014661e-01,4.025066387127451129e-01,-9.840814095216625645e-01,2.781412235297249680e+00,-9.091667847566776706e-01,-2.805145596274827735e+00,2.962318361442595194e-02,4.135630591039607395e-01,-6.422108461214337538e-02,-2.959120818697281941e+00
1.000000000000000000e+00,2.484597369544425227e+00,2.207091254811928582e+00,1.300419642636633455e+00,3.053581307154867197e+00,-2.864414211101160568e-01,-2.226369922924986255e+00,-4.027910409402541969e-01,-2.571292504119699895e-01,-7.007498658249604606e-01,5.179192850927893943e-01,-2.850572010604978779e+00,-1.528786075417353896e+00
1.000000000000000000e+00,3.072422340583420564e+00,5.821119284480923417e-01,-4.935435952126754344e-02,4.957598552717108475e+00,2.332724170090098248e+00,4.480443654669581388e-01,3.841718944241688583e+00,-2.544467928204132257e+00,-3.070994778896166455e+00,-1.693621609943670503e+00,-5.601248348608350192e+00,-2.601204429923308581e+00
1.000000000000000000e+00,2.282748231718374488e-01,4.136583266544076487e+00,-2.315873206992207223e+00,5.108902309453842161e-01,-3.144393498354641991e+00,2.234043634280656665e+00,-1.763894601425339381e+00,-1.284310784546680351e+00,3.476404567956049352e+00,-1.601205582651259673e+00,1.086941559865934437e+00,-2.319854736623670810e+00
0.000000000000000000e+00,2.911399787857136268e-01,-4.409108607166111859e+00,1.857159347881980338e+00,1.193916174128785368e+00,2.491913681097205568e+00,-7.810169961867594601e-01,2.732797994862155466e+00,-1.299832123436991616e+00,1.082429709957476893e+00,-4.464754325427984227e-01,1.568492805681498847e+00,2.187756624170750008e+00
0.000000000000000000e+00,-3.472856041000709215e-01,-2.746170237569143247e-01,3.571765942067006705e-02,-2.294706405596425025e+00,1.860774265291288421e+00,7.892553948744529535e-01,1.386120054525476153e+00,1.009439460938577060e-01,1.660121358035093753e+00,4.921798124940726993e+00,4.571145116635360051e-01,6.578789939978348933e-01
1.000000000000000000e+00,1.269005497789085446e+00,3.909858617449908813e+00,1.920806546848091489e+00,3.319850829284329397e+00,-2.222060352811896955e+00,-2.011949641824923862e+00,-3.323674817002921777e+00,-1.053649405721751586e+00,3.199208264201658380e-01,1.553423149315702467e-01,-4.179001012207694821e-03,-1.683693551815582445e+00
1.000000000000000000e+00,-2.526851541842076276e+00,6.493842965124682287e+00,5.814899228720884494e-01,3.913658281680541418e+00,-3.956608422107805723e+00,1.021208465311229663e-01,8.082062731192443117e-01,-3.916900162678164099e-01,7.948511499886433684e-01,-4.735708706565532333e-01,-9.156157344444904034e-02,-2.266406509354723653e+00
0.000000000000000000e+00,-5.035073422502398532e-01,1.384932676522397932e+00,1.798340968102332571e+00,6.300595555146648152e+00,-1.276952541873426217e-01,-1.694534299992428661e+00,1.053100161163075921e+00,-2.465321114482162956e-01,-3.773846810848775046e+00,2.768199408748979184e+00,3.425527394309746398e-02,-1.796312946418090251e+00
1.000000000000000000e+00,1.143603815203145135e+00,2.775570765108727578e+00,2.370039791116381744e-01,5.407602334802640520e+00,1.153757270236793753e+00,5.209176856176838122e-01,2.355258936191005903e-01,1.278200226328865208e+00,-9.668304750478026177e-01,5.671352188001672623e-01,6.124563714354094301e-01,-5.790245734425786495e+00
1.000000000000000000e+00,-1.879199731405717388e+00,6.360281036188618842e+00,1.644601250787759650e+00,-1.826456880480281653e-01,-2.707060519234220308e+00,-1.698453484359187193e+00,-5.096350522124632576e+00,-1.625561194709275625e+00,2.264020029930033928e+00,1.348433975966414344e+00,1.435949414277541969e+00,-1.752809909094063645e+00
0.000000000000000000e+00,-1.895924398462232041e-01,2.480483779079172724e+00,9.707496690219724611e-01,-2.147975551616240208e-01,1.266215006327736203e+00,-5.890888826890310348e-01,-1.541250631569613283e+00,-3.204757328039298692e+00,1.014427205831117895e+00,2.077673866954196313e+00,-6.507525235983745437e-01,-1.160703659673719912e+00
0.000000000000000000e+00,-8.718762592805082701e-01,-7.641140720558740052e-01,-8.885611104543911232e-02,6.687773041975322297e-01,5.181400353299858708e-01,2.113429214727571726e+00,-7.546651722313264532e-01,-3.522407637275978054e+00,-1.539505625986552273e+00,-1.971802398056234473e+00,1.053711523100284708e+00,2.331549094729767901e-01
1.000000000000000000e+00,-1.233522505985251705e-01,1.672668387750595009e+00,2.879970652977554835e+00,5.464179155527888021e+00,-3.470227730863910676e-01,-1.547921742612768270e+00,3.042861358234651981e+00,1.410329712214056341e+00,-3.103364752443286356e+00,1.174363974659830667e+00,-1.665700213017426989e+00,-8.904740960158388230e-01
0.000000000000000000e+00,4.333814500399149949e+00,3.403507245120644065e+00,1.069937725417836827e+00,3.581242465956444132e+00,5.585293372191618699e-01,1.513155915780579397e+00,4.892320267503857956e-02,2.930208156488771643e+00,-2.017259252301134786e+00,4.129535343317517260e+00,-2.212173314700089932e+00,-3.950922125359200621e+00
1.000000000000000000e+00,-1.614022640442240419e+00,4.232907957163136725e-01,-3.076282147181728099e+00,-3.816506614685666321e+00,-1.932045964958394313e+00,-1.270666048222484079e-01,-2.908275528747167105e+00,1.986744860083934139e+00,-1.308657140242200256e+00,-2.245745144051436437e-01,-4.752263642695042645e-02,1.219209373159377829e-01
1.000000000000000000e+00,1.423368005446608464e+00,6.444666271764784682e+00,-1.913943404914747459e-01,4.033826056848142549e+00,-3.074077524206583423e+00,-2.601275199791825976e-01,-2.725941485438547751e+00,-1.562787095467458309e+00,2.550656801714145772e+00,-1.603181082612916697e+00,-3.102352509382928503e-01,-4.364839854003203179e+00
0.000000000000000000e+00,-1.220550054754836911e+00,-2.333388161993235344e-01,1.162109480086780389e+00,-3.721356662903413604e+00,2.397324027673082281e+00,7.930228247813261300e-01,-1.991342838673524129e+00,-1.411054800221851702e+00,-1.409780561824405254e+00,5.502843558002650237e-01,-2.746926118144854545e-01,6.071387672229682231e-01
1.000000000000000000e+00,2.651001955902509977e-01,5.839448028490613396e+00,-8.183545273696575251e-01,1.892896848192880954e-01,-7.490025523258847517e-01,2.454309835172317822e+00,3.555816687062545167e-01,-2.285469347813429142e+00,2.540851712124490902e+00,-2.661153936072953918e+00,-2.764608898451377250e+00,-3.441366673222355121e+00
0.000000000000000000e+00,2.628877200629110789e+00,1.637425755651892745e+00,2.567085058541707987e+00,-8.316277694281518862e+00,2.315721055689476060e+00,2.214408134694738628e+00,-2.750292649581604465e+00,1.398161321679381786e+00,1.320561342345681233e+00,2.190429391338724940e+00,-3.108147311180740058e+00,1.720915728513487508e+00
1.000000000000000000e+00,-1.933765155864328733e+00,4.630081206688887008e+00,-1.895167778825878280e+00,2.069707232509115258e+00,-6.890084711290698216e-01,7.597185724682068431e-01,3.975892789559606122e+00,-1.538214559363725309e+00,3.507322641685530318e+00,-2.784034142203736018e+00,-2.065138797895420097e+00,-3.590911506170890721e+00
0.000000000000000000e+00,-9.011447254628923709e-02,-6.003784693583242849e+00,2.200741260955078715e+00,-1.405773076568649804e+00,3.071216802635265530e+00,-3.166747254001313738e+00,1.899594648570025690e+00,-2.168147443004455610e+00,3.404152619875850494e+00,1.079586873512063505e+00,2.147162581482150667e+00,4.440793740796070921e+00
1.000000000000000000e+00,-1.138577746457130946e+00,4.893018792249897442e-01,2.570540936098291596e+00,1.893157395964972345e+00,4.120740224794583462e-01,-3.637172382679085381e+00,2.041657906460022431e+00,2.865720005595490782e+00,-4.016078796194193501e+00,3.135810939994929214e+00,-2.585524578290250730e+00,5.965164098007504911e-01
0.000000000000000000e+00,4.554954439886806927e-01,-1.668360937053738446e+00,-1.106681000069704268e+00,-5.132639876754203218e-02,1.816819221944637741e-01,8.174897780192413865e-01,2.191187705693082854e+00,-1.679882863606813048e-01,6.772348737154070264e-01,3.476420079181022249e+00,4.422961475953399724e-01,1.500236320061338890e+00
0.000000000000000000e+00,-1.608394206978885022e+00,-3.238009531728616164e+00,2.035527662903867663e-01,-8.883361007871600989e+00,5.106006304928281558e+00,-3.496579591843021806e+00,-1.475402904406705407e+00,2.799277748592827297e+00,1.682889771846874050e+00,2.257638503745158509e+00,-7.100503626515028976e-01,1.213064052945005411e+00
1.000000000000000000e+00,9.748085842965446002e-01,-9.612624154536143772e-02,3.652948871704859712e-01,2.397655309671706814e+00,3.146928153028815123e-01,-1.178204176279484372e+00,1.144205604993286052e+00,5.914260217233970884e-01,-2.182744301684593324e+00,1.293341578451456142e+00,-1.689883299698055286e+00,-5.098719778345106590e-01
0.000000000000000000e+00,-1.212325161007963281e+00,3.761231462314543750e-01,-1.312823720719447973e+00,-5.255316145617432433e+00,1.334367942978067045e+00,-5.254910019643412866e-01,-9.060014062428543014e-01,4.307987657722589958e+00,5.126700123183619340e+00,5.789027100940995041e+00,3.256256420785411443e+00,-1.006004862007631839e+00
0.000000000000000000e+00,-2.345512420601580938e-01,4.953579018616824925e+00,3.079269439003549547e+00,-3.641572529402345992e-01,-9.644329004234863945e-01,-4.822993623680527087e-01,1.946039151777081644e+00,-1.708229080070335471e+00,2.317074550240675102e+00,-2.990461556417367550e-01,-3.874753246858998246e+00,7.808587960880142287e-01
0.000000000000000000e+00,2.128523933881695029e+00,-1.017841441990785523e+00,7.867189430740052503e-01,4.200758829163745212e+00,4.082200855629531944e-01,1.152092117349083233e+00,6.970468569654775237e-03,-1.184465682539817433e+00,-2.155890686915513221e+00,-8.954127856372100513e-01,5.602696546325178772e-01,-9.889148345242558813e-01
0.000000000000000000e+00,-3.757968133719293391e+00,2.415935830354282388e+00,-1.636829375839140788e+00,-3.777159026428134059e+00,5.087068634331093353e-02,-1.421155630498422084e+00,-2.089787458042171142e+00,-3.116373555111215943e-01,5.222840722231860688e-01,3.832375327107313101e+00,4.412727184953688653e-01,-6.853896606822862392e-01
1.000000000000000000e+00,-1.625114171743908376e+00,5.225727438034475369e-01,-2.254248076267372003e+00,-8.061554341561040005e+00,-5.953997224245655140e-02,2.681687543601394275e+00,-2.295277945264961872e+00,-3.869472857115391351e-01,1.247801415603978725e+00,-4.850909816840757172e-01,-6.586498283409268906e-01,1.684524151639581913e+00
1.000000000000000000e+00,-2.215092592795011583e+00,4.226985751433624650e+00,-1.921421609373219264e+00,9.224273917778839094e-01,-1.589819200180401237e+00,5.683689409970116291e-01,7.450877219310814148e-02,-1.038613753963246511e+00,-1.010282262462941727e+00,-1.932448496627081846e+00,-1.958866236148508744e+00,-2.775684622604596363e+00
0.000000000000000000e+00,1.478886827499414913e-01,2.291471312540065863e+00,2.322140855412431648e+00,-1.466168720750300469e+00,1.006761835390481918e+00,1.153947187403483454e-01,1.720778420394235342e+00,-1.953376844686421920e+00,9.169025150764584797e-01,-1.366708244312388132e+00,-3.840732365255768777e+00,8.350048958125166898e-01
0.000000000000000000e+00,-5.552995285104508350e-01,-7.054382716002959519e+00,-1.847955607603468664e-01,-7.736712899061524151e-01,2.400290782293414527e+00,-3.133844002631712033e+00,1.241779523843813848e+00,3.846076439312506423e+00,1.423797563410440503e+00,6.069903483920706666e-01,4.263827755024152566e+00,1.672961579285010991e+00
0.000000000000000000e+00,-3.189692475184809917e-01,2.492158858417482747e+00,3.765107126174095598e+00,8.998984311274720316e-01,2.845727242240503330e-01,4.414503938740566014e-02,1.569945746583984558e+00,-8.343506568570517867e-01,2.432421348229137692e+00,-2.289708843025593410e+00,-5.949352300171315555e-01,2.128013414906226863e-02
0.000000000000000000e+00,-1.637757012356695352e+00,1.074859978186218479e+00,9.677457837767912130e-01,-2.429211758256511811e+00,1.864676010093043956e+00,1.074468529097630132e+00,-1.638774270595299010e+00,-1.789733161889669244e+00,-3.585029784207092618e+00,-3.043749423202103621e+00,-2.391751162707378420e+00,-6.046550412961106957e-01
1.000000000000000000e+00,-1.878329656037021067e-01,-2.269244963916525748e+00,9.109010213472106265e-01,-3.605196092268268426e+00,2.461078811204455707e+00,-3.711314226319679666e-01,1.289057575313738546e+00,1.193031595851752336e+00,-1.229751869336454195e+00,7.584214755342661984e-01,-1.943411391066059091e+00,2.017243686662996360e+00
0.000000000000000000e+00,-1.171787710673763971e+00,2.419369997644683912e-01,-2.270213607332766337e+00,-1.847892075100011411e+00,-5.702181802570442937e-01,-2.492072897663569986e+00,-3.459476878623752860e+00,-3.482467622044591593e+00,1.854955951111449952e-01,-4.450726158813027578e-01,-6.228317977939451522e-01,2.041637595885357204e-01
0.000000000000000000e+00,5.721087465699827845e-01,-2.609066042698390930e+00,1.828513798630884590e+00,-8.145431742280143106e-02,3.667299307101856254e+00,1.277457906276243005e+00,2.614131680735888974e+00,-3.825418856491449748e+00,-5.917564017558072376e-01,8.435459763192130200e-01,-1.057525689015718751e+00,1.840851207580467053e+00
1.000000000000000000e+00,1.954160001178207651e+00,-1.938774829985576265e+00,-1.442522706733572857e+00,1.082139014758896067e+00,-6.970829267751410541e-02,-3.140007740465339037e+00,-1.803984996710331856e+00,1.323050738930453996e+00,1.946972705134841775e-01,2.147679531053182878e+00,6.907009424826622279e-01,-5.372467523095023623e-01
1.000000000000000000e+00,-8.598716544265316841e-01,2.221967218831893742e+00,1.016700687242759304e+00,-1.104258744780188373e+00,-2.195431123414246954e+00,2.817486780345108688e-01,-1.489687850519294088e+00,1.312554111311056815e+00,5.545056014361759988e-01,1.618735701634725466e+00,1.041843210122187724e+00,8.680170568030862732e-01
1.000000000000000000e+00,2.088719741487069292e+00,-1.443358501561572416e-01,5.129200868617769249e-01,2.497256517734091741e+00,9.844993002336321908e-02,2.748693887182371842e-01,1.712556345917675360e+00,-1.359310689092456670e-01,-1.325913075326411450e+00,2.225981211275712468e+00,-1.537107870865049852e+00,2.107203985090650988e-01
0.000000000000000000e+00,-8.472714870810293952e-02,9.907153026814519148e-01,1.438258225860035600e+00,8.600890473927933044e+00,-6.434673563402932839e-01,9.346009039987919209e-01,2.443859337557993339e+00,-2.380255852547746187e+00,-3.947485810921134153e+00,-8.741076827040799024e-01,3.973736198709132417e-01,-2.021330253632045881e+00
0.000000000000000000e+00,-4.069306012534021022e+00,2.654217986156913511e+00,-1.358859340776947811e-01,-8.933532662916960021e+00,4.304821866489810134e+00,-2.209674017166324944e+00,-2.548982696662699166e+00,1.384378380195798730e-01,-1.191275786325768582e+00,3.361814534195200821e+00,-3.778324332730490731e+00,-1.074860279804012997e+00
0.000000000000000000e+00,3.252471904692046500e+00,-9.806749232590463716e-01,1.299201378377822236e+00,2.417086835455811933e+00,2.005898205515747712e+00,1.465133032960909354e+00,-2.287496213992282978e+00,-1.875992159416581817e+00,-1.067822255375075136e+00,-2.166241266539945975e+00,7.259239942691271263e-01,-1.982178703631408467e+00
1.000000000000000000e+00,-8.211277731576790417e-01,1.757749029159124399e-01,5.005910773292940874e-01,-1.618313469771542890e+00,-2.824927885346868450e-01,4.141606025458887119e-01,-2.451835953918055644e+00,3.927654663862005791e+00,-4.394602324372590019e+00,3.754086698220018725e+00,8.612238292089997582e-01,2.049162532044279672e-02
0.000000000000000000e+00,-8.523594996280672298e-01,8.366676095676106595e-01,1.187847282638833324e+00,-2.698549547190877362e+00,3.261798361092794085e+00,9.871385440027682368e-01,1.027996620787928972e+00,-4.456460556217842317e+00,6.945363728300634198e-01,3.573510848784361649e+00,-1.878807127299159330e+00,9.947580142106564605e-01
1.000000000000000000e+00,-1.543486444401883650e-01,3.921819219316662330e+00,-2.320842816410086051e+00,-9.491744130338926055e-01,-1.455461540985513613e+00,1.208641081771576697e+00,-1.466538192836169152e+00,-4.577119294760397139e+00,4.311124484271401158e+00,-3.818036560495658538e+00,-1.165786087200789245e+00,-1.954541818063618486e+00
1.000000000000000000e+00,1.264738886556243447e+00,-2.705303851772183910e-01,2.786397762470923523e-01,6.047542468270092009e+00,4.703093199773795696e-01,8.147318683440947229e-01,-2.109718164193572498e-01,1.371161531535208367e+00,-2.286728730344840699e+00,1.930356727274851414e+00,3.071710637022034618e+00,-3.468864752879668334e+00
1.000000000000000000e+00,-5.750218622802356627e-01,-9.015846736246780679e+00,-5.202357931570642524e-01,-2.905772368588129595e+00,1.507465639972999538e+00,-7.980186693713455792e-01,-6.020381563978216555e-01,3.080107296457066379e+00,-1.792664965614688022e+00,3.498450656215388310e+00,5.340381826187809544e+00,4.945296308663096774e+00
0.000000000000000000e+00,-2.179798802663257984e+00,-2.701058972573701089e-01,1.041628306718660468e+00,-2.215734219604229338e+00,5.010207893205913532e-01,-2.657406331778515707e+00,-5.691848868991502552e-01,-3.112821687662502557e-01,1.935291328860695881e+00,-8.114942118031545082e-01,5.827122059755682759e-01,1.140400932500234665e+00
0.000000000000000000e+00,1.069517184997124781e+00,1.939291138576461515e+00,9.260111510311661576e-01,-1.962350759483623808e+00,2.309989043876647052e+00,2.566435695117853300e+00,-1.330105116539404442e+00,-1.814640233002771996e+00,-4.137731488553831882e-01,-3.802588949904395221e-02,-1.659530608989458145e+00,-1.559487180965348108e+00
0.000000000000000000e+00,3.554951379708040538e+00,1.153065183272350414e+00,2.267270386706958796e+00,1.208715521486239908e+01,-2.718359070043951942e+00,-1.710877900172687927e+00,1.582009478635687749e+00,-3.132528784030386149e-02,-3.473274487154602852e+00,8.143738418869175266e-01,1.594380560423456217e-01,-2.134372359307788791e+00
0.000000000000000000e+00,4.641147242411626905e+00,3.042222342093446219e+00,4.428317929578872159e-01,1.375321147796487509e+00,-8.242848671962168527e-01,1.205063244155756497e+00,-1.756153151580782001e+00,-1.061106794807575415e+00,1.090946834045862790e+00,8.806381313740655470e-01,-2.365232756872388986e+00,-1.578617778209757461e+00
0.000000000000000000e+00,3.412055704919479293e+00,5.585448228587944541e+00,4.200418150419020336e+00,2.605294138653650560e+00,1.586831215252378691e+00,1.680082434211726650e+00,7.530246840876011483e-01,-5.235270205916351394e-01,-2.101012458818435347e-01,2.690373948076051569e+00,-3.711979448650571722e+00,-2.922398412818004054e+00
1.000000000000000000e+00,-1.116110430188247626e+00,-1.271362132538880474e-01,-1.227740610648445418e+00,-2.061790698352503171e+00,2.274098332590428484e-01,-1.937288139975374524e+00,-9.044990925652853786e-01,2.517441508793104354e+00,-1.068754708951837440e+00,8.161387733060836425e-01,-7.541011489805046208e-01,-5.815411331322866140e-01
1.000000000000000000e+00,-3.205411430454097044e+00,3.222698845289398317e+00,-3.533499408259249908e+00,-1.852964691236946848e+00,-2.904992781068080454e+00,2.967017652405629313e+00,-5.733467300223410446e-01,-2.210061536916975378e+00,1.316007155316487376e+00,-2.046154777448644602e+00,5.696042936822596214e-01,-7.424949165754115565e-01
0.000000000000000000e+00,1.588747065216125076e+00,6.343526764942509777e-01,-8.607622376046137891e-01,-2.568310666954618959e+00,2.451890959431939354e-01,3.227249173866539866e+00,-1.682398276318265884e+00,-2.228400162466642076e+00,1.434919257677611082e+00,6.786705431469776117e-01,4.043952469633049773e-02,3.290567944898115105e-01
1.000000000000000000e+00,-1.090808194461977410e+00,3.343620351668314061e+00,-1.265910896263719776e+00,-5.156454518312617807e+00,-6.700548198550049239e-01,-3.437950678142194683e+00,-2.899681332609316264e+00,7.130732626457936263e-01,1.917061073314757946e+00,-2.189849285469250617e+00,-3.794062380168820692e+00,-9.158047992209741306e-01
0.000000000000000000e+00,-2.649169544810122012e+00,-2.021763749703014146e-01,-1.787787236907619537e+00,-6.327651497852480045e-01,4.901219828481463425e-01,-8.878678760556688587e-01,-4.010107762670553910e-01,-1.614353087499057260e+00,-1.395306921480918838e+00,9.402078346325286606e-01,1.728167386361532110e-01,-3.713536533072412382e-01
0.000000000000000000e+00,-2.104723326983060083e+00,7.345423312904497681e-01,1.938316187076108310e+00,-6.519147625620632880e+00,5.206459879504968136e+00,-1.149509871236802594e+00,-6.478720398798332170e-01,7.961694762315627560e-01,1.836789060071947199e-01,4.284761479359057157e-01,-2.468919756146809696e+00,-9.812172247228099220e-01
1.000000000000000000e+00,3.452166784962755752e-01,2.094133907404844397e+00,2.922612320814409248e+00,3.627956952111582201e+00,7.203905248159578889e-01,-2.376385496481865811e+00,1.622753892799765563e+00,1.198221484844984364e+00,-2.794788759347961893e+00,7.213274108648133343e-01,-2.893585952038814302e+00,-1.475785314073647658e+00
1.000000000000000000e+00,-6.026248459858369877e-01,1.193875349451868795e+00,-2.119234270827353050e+00,-7.698681271352795008e+00,-2.974485997622235978e-01,2.004248126015321319e+00,-1.823668569053782162e+00,6.335097116139549733e-01,1.200517603623898921e+00,-1.445725911524610163e+00,-2.397079423775589024e+00,1.172478111693174618e+00
1.000000000000000000e+00,-1.038146602782984429e-01,8.248504955511913650e+00,8.484776106635205650e-02,-1.927015763607540788e-01,-1.191610901265737432e+00,1.873310030781481395e+00,-1.657475156697281626e+00,-3.549366197882360296e+00,6.062391678392284877e-01,-3.596410466508454196e+00,-4.852281928897101082e+00,-3.920254170246056713e+00
1.000000000000000000e+00,-1.912846017289744349e-01,1.689920395896294059e+00,3.502246818995374600e+00,3.165738098618982033e+00,4.175451333397591780e-01,-3.580094455663247910e+00,8.299732998565417796e-01,2.375723783028835356e+00,-4.492208637022868878e+00,3.163163352949883045e+00,-2.708282305564846837e+00,-4.407998056813730026e-01
0.000000000000000000e+00,9.704855719693394889e-01,2.910256499506521100e-01,5.075093472648566362e+00,-6.972373100111810551e-01,3.125998394755903576e+00,-1.128478556055522386e+00,3.211812637601472176e+00,-1.449410131752848052e+00,2.691800700821129766e+00,-3.815968987594071660e-01,-2.556857632053906926e+00,1.730064061160984767e+00
0.000000000000000000e+00,-2.354736548911539717e+00,9.276727274811452650e-02,2.523705603053792990e-01,-2.697473043517824021e+00,2.771219145317002308e+00,-2.005072038508699528e-01,-4.628110227553026146e-01,7.804124044032911822e-01,-1.307256645815030094e+00,-1.625370495288995354e+00,-5.548483940960062810e-01,-1.634750361658305007e+00
1.000000000000000000e+00,-7.591267432351168631e-01,5.863406269787299507e+00,7.946342937310886256e-01,7.427149271900138627e-01,-1.423498325827246447e+00,-2.457068338898473758e-01,1.017758697167507886e+00,8.795536226083111586e-01,2.702230592262488962e-01,-1.287758491321620458e+00,-3.635900840060402484e+00,-2.522710315938169412e+00
1.000000000000000000e+00,1.246879606535838736e+00,5.627003632452952431e+00,6.623325815286968954e-01,9.024369145792702218e-01,-8.164992140985996016e-01,-4.237877702463888063e-02,-8.969290553191981985e-01,-3.242439597275809771e+00,2.310241996988485091e+00,-3.294260798300411519e+00,-3.786163151010290662e+00,-2.646010862867575142e+00
0.000000000000000000e+00,-3.854688502220260382e-02,1.857258774832938553e+00,-7.981423649618408778e-01,2.041728540620215249e+00,2.046478677445283667e-01,1.736059829321930481e+00,-8.221184288457616951e-02,-2.230618234254973409e+00,-1.558537212786751169e+00,3.570187301823328774e-01,-6.246305807028379453e-01,-2.052410435600991789e+00
0.000000000000000000e+00,-1.195405171027097202e+00,-3.010688169867254071e+00,7.520269331364928256e-01,9.091352892531292529e-01,2.457049874831252367e+00,-9.438676056359632804e-01,1.541098001377422921e+00,-5.173854353490547453e+00,-1.517641718715976751e+00,1.267433751094823036e-01,-4.915120363062905895e-01,2.188517854126671658e+00
0.000000000000000000e+00,-1.741803639731458464e+00,1.241479317444734720e+00,-5.859148365114072998e-01,-4.719009252400915955e+00,-4.376138545446006667e-01,-2.806785561160376474e+00,-9.382390426889268831e-01,3.087246730182794607e+00,3.432848518350781752e+00,2.144207709082249558e+00,5.265456949271274389e-02,4.596997774508996271e-01
1.000000000000000000e+00,2.342082013111608241e+00,1.565053526947747908e+00,1.030014727843148181e-01,3.502216632846690825e+00,-5.434572381564863885e-01,-4.546009244582411846e-01,1.618002047119549758e+00,-5.588171442639269237e-01,5.153560294467240954e-01,1.709313375481338326e-01,-2.083091801506991914e+00,-1.383563167127013882e+00
1.000000000000000000e+00,-1.362804875528323745e+00,9.699716914122728795e-02,-1.910805717033553286e+00,-3.695344028926421664e+00,-1.663375116040385349e+00,-9.394191346833480338e-02,-1.948457370299380598e+00,2.254940517268141598e+00,-2.915858008811080815e-01,5.372556055300434785e-01,4.213045743893200079e-01,9.183384506774916467e-01
0.000000000000000000e+00,9.150163527238343031e-01,8.332663682691634488e-01,4.378633534581299891e-02,2.280705164864035961e+00,6.419262407651694646e-01,2.112209266949085062e+00,-3.726410864840850046e-01,-1.200798123706601661e+00,-1.861307011495996200e+00,8.012599475778923175e-01,2.672574146946724571e-01,-1.800911005946313814e+00
1.000000000000000000e+00,-1.088825169819646055e-01,2.314767718558870424e+00,-8.821460119450608151e-01,-2.603136660428843285e+00,-1.077510569977468968e-01,-1.777938476971283155e+00,-4.196515281157289223e+00,-2.271846124497286512e-01,-1.184948008330363844e+00,-7.657990717873122133e-01,-2.175525568659239184e+00,-1.584418752953871135e+00
1.000000000000000000e+00,-6.354828939833961909e-01,1.572079341909349948e+00,-3.711259294672871967e+00,-5.756021696990936576e+00,-8.907970659483808173e-01,1.123434813725406434e+00,-9.928330033514880526e-01,2.667402925378774992e+00,-1.111363513937877023e+00,-2.415647642107972892e+00,-3.891493919388971712e+00,-7.415763185765968935e-01
0.000000000000000000e+00,-2.968038354389434197e+00,-2.434733887131117935e+00,6.914990858634757487e-01,-3.721132693507435807e+00,2.635302151709976393e+00,-4.528389003739142993e+00,8.940845891914750432e-02,-2.907750634123694056e+00,6.643399678203998349e-02,1.782409598265804362e+00,-1.408596502219156221e+00,3.100771418210279240e+00
1.000000000000000000e+00,-2.309840097605581288e+00,8.377871768932966035e+00,2.723683235757115462e+00,-3.321137594697538553e+00,-1.440346530711856810e+00,-2.810993723536166833e+00,1.452579358303072166e-01,-1.191183555236552838e+00,3.390516776562593648e+00,-2.825058259448264053e+00,-6.198808306315348737e+00,-7.534971176181282093e-01
0.000000000000000000e+00,-9.425159482984927228e-01,-2.473619261685451598e-01,-8.549823622905172726e-01,-1.729908320712626679e+00,-2.797815523892037692e-01,-1.402348025118646646e+00,1.764075173669857888e-01,2.222417654259768671e+00,2.435606524859217359e+00,2.275413078461115735e+00,1.419600157156843512e+00,2.058839891512939113e-01
1.000000000000000000e+00,-1.676570301706191035e+00,2.777418443304109363e+00,5.034375855490935692e-03,1.190535572973419887e-01,-1.089356256656866417e+00,1.409007767660364729e+00,-2.734772212249190204e+00,-3.899947066359710224e+00,7.991539547069993477e-01,3.963365190759877699e-01,1.879363302042606154e+00,-6.541135992385986864e-01
0.000000000000000000e+00,4.084437712859768865e+00,-1.441610784299464099e+00,2.688819834818056975e-03,5.349149672733004568e-01,7.291971247993640493e-01,5.601726054645574493e+00,-1.545714812992256881e+00,-6.936229651619965075e-01,-1.074055483153520729e+00,-3.035163727669180744e+00,1.018360394223492893e+00,-8.214010058997451846e-01
1.000000000000000000e+00,1.541815998841419511e+00,-4.165471413128559064e+00,-6.034885336289332880e-01,-1.009990657113157386e+00,2.727906814331341856e+00,9.140818401915355995e-01,-5.983391975460201628e-01,1.224219867502645887e+00,-1.033552651503486297e+00,2.450283707641959907e+00,2.082689548077944597e+00,2.040094573793473920e-01
0.000000000000000000e+00,2.269639148600485434e+00,5.406013659180772812e-01,5.907529791720695922e-01,2.174406242055752614e+00,4.917528655000058535e-01,1.468584373208969174e+00,-1.934895983018414256e-01,4.029477418935587529e-01,-2.110791217953956078e+00,6.506716199840758552e-01,-8.376894703087167660e-01,-1.447196805532783515e+00
0.000000000000000000e+00,-2.308326036958649574e+00,-3.022465635754965518e+00,2.368850849672715642e-01,-4.964866411328947571e-01,1.692234178256361465e+00,-3.380900700211216581e+00,5.931715943087723097e-01,-6.416115575681751171e-01,-8.257327270493974858e-01,-8.906366718794229698e-01,3.549842920632155785e-01,1.264449717481974655e+00
0.000000000000000000e+00,8.260222063992083141e-01,2.045516529284217455e+00,5.167917991015125168e-02,1.931702032124043900e+00,7.093598280791045818e-01,-2.250218119430601238e+00,-2.194776777498749443e+00,-3.290207975540416552e+00,5.519004025727194396e-01,1.068148390021311567e+00,-9.583518733438385340e-01,-2.160404839069387961e+00
1.000000000000000000e+00,2.568629096710181248e+00,-3.249388644456340458e+00,-1.156288637966277566e+00,1.900918996524342708e+00,2.095135041980943136e+00,2.317870657531226897e-01,-3.335212485094518620e-01,9.913987717461228977e-01,-2.130400660477413943e+00,4.263638732293165035e+00,1.348987798043478570e+00,-9.928014892770524735e-01
1.000000000000000000e+00,1.342234162718299206e+00,-3.046353439027344567e+00,2.575938930991530373e-01,9.148072504737978505e-01,2.307364577738344025e+00,4.852124933958250619e-01,9.526489499616246359e-01,1.881456780986409782e+00,7.987699263864149746e-01,1.841101331615327741e+00,2.657576090309292205e+00,-6.905073851293841436e-01
0.000000000000000000e+00,-9.426455327224252390e-01,-9.787305775379580020e-01,-8.582413109878328505e-02,-3.039127398996145146e+00,1.928523083259081616e+00,-6.250751502240499136e-01,2.903017390781030826e-01,1.214839208520141156e+00,2.248714843837419153e+00,2.301434686938688134e+00,1.146434268175284821e+00,1.937195117512997555e-01
1.000000000000000000e+00,-2.815521830312405882e+00,4.375477243055422072e+00,-1.206627020976973164e+00,-3.994539933827189415e+00,-2.061581479511451320e+00,9.978391504894975617e-01,-1.495120377695662750e+00,-2.296449550570670350e+00,3.933156919865449463e+00,-1.441400337269048038e+00,-2.298028937169900310e-01,-1.632980709117504148e-02
0.000000000000000000e+00,-2.262329344805270814e+00,3.547021139461056460e+00,3.703105625552939317e-01,-2.340538154707282992e+00,-1.917296481961898724e-01,-1.361235390243513699e+00,-4.189328451139249232e-01,4.186270639124334281e-01,3.019662632636033184e-01,-4.122376653355628306e-01,-2.336051316913833276e+00,-9.706662178004750174e-01
0.000000000000000000e+00,-9.454032385844466368e-01,-3.436004460335730926e+00,-1.404646388752290864e-01,1.863253179181293628e+00,1.343332442738986332e+00,-5.220023925052075242e-02,2.187051927455538447e+00,-4.480252348433604759e+00,-2.992828664179092435e+00,6.090941539339496114e-01,-5.340431124354013681e-01,2.592503987719238623e+00
0.000000000000000000e+00,1.733108691733395990e-01,6.016062264514323132e+00,5.262289193810149257e+00,6.117013738352735652e-01,-2.089210242456458477e-01,3.069010794857152113e-01,2.456157439449692781e+00,-2.008718978086804441e+00,4.313721693897193177e+00,-1.327281309305995194e+00,-2.893544063223291385e+00,-1.972303870450908825e-02
0.000000000000000000e+00,-4.906960928955377277e-01,-1.213456394849945774e-01,2.488601165364080492e-01,4.279306431453456128e+00,1.957308893659833959e+00,-7.003397788285625758e-01,-2.671000584953334700e-01,-3.570045398296943340e+00,-7.844130734858454357e-01,1.256478569920333799e+00,1.711805078132291325e+00,-2.442537875592599050e+00
0.000000000000000000e+00,-3.916840517141231270e-01,2.745438054946889306e+00,2.489815060080193820e+00,8.942988768263679944e+00,6.080961468283963001e-02,-1.247238430360686934e+00,1.777124327007779669e+00,-2.711067443329856275e+00,-2.982284716917060319e+00,1.778229649675834079e+00,7.011957305448612843e-02,-3.012115807896332154e+00
0.000000000000000000e+00,3.397691325302898413e-02,1.446955039588964542e+00,-2.851084471244180740e-01,5.476399375357898780e-01,-2.011177155956311857e-02,-1.516881116235198057e+00,-2.068097479822466056e+00,-1.966342392789904636e+00,-8.736810685329631232e-01,8.978599176450486885e-01,-1.033801104057983533e+00,-9.686037189359141264e-01
1.000000000000000000e+00,1.673445874016734614e-01,8.001752259619831165e+00,1.233794801144451725e+00,3.593280759368461474e+00,-2.930776935899535474e+00,1.680616418871045958e+00,2.490331028545196279e+00,-1.462859786090607184e+00,2.998367786228090193e+00,-2.844228920217386936e+00,-3.230559379192033287e+00,-3.110325573249479891e+00
1.000000000000000000e+00,-1.962957954071930189e+00,7.146057056881247038e-02,-1.808429878914792344e+00,-2.384545462068604849e+00,-1.760760069687163920e+00,6.442011374597325535e+00,-4.812068021394487749e-01,-4.513483014235017521e+00,1.356084677733688348e+00,-1.574808172659304395e-01,3.423053519296293423e+00,2.387473525863820889e+00
0.000000000000000000e+00,3.781567891831953965e-01,4.934192840144491776e-01,2.654772778271363709e+00,9.476411152519622627e-01,1.015935468879740844e+00,8.952893175405114423e-01,2.352819811832019159e+00,-1.417876299369100312e+00,3.896091193687413856e+00,2.399318981716092036e+00,1.672771756346937533e+00,9.168621167090453827e-01
1.000000000000000000e+00,-8.615740088122654239e-01,3.005667193197474329e-01,-9.636731278490006103e-01,-4.114051790340435666e+00,1.224676228361150532e+00,2.585982053682471804e+00,-2.919671401824261991e+00,-2.730408994244823973e+00,-9.107636028064933775e-01,3.254892673692406646e-01,1.062519644492456727e-01,2.823074475753535317e-01
1.000000000000000000e+00,-2.241530494287797382e+00,3.887239474091018110e+00,-4.389408875173168578e-01,1.055087761638017207e+00,-2.250495346881839609e+00,2.775514090510300846e+00,-6.391997665588967648e-01,-2.451217769643373234e+00,4.767376541784787980e-01,1.049833494148886270e-01,1.468062956692557375e+00,-1.030609406162124042e+00
1.000000000000000000e+00,2.574709802920586155e-01,-1.010748418345821964e+00,2.092676542911707571e+00,-8.331142411913634582e-01,1.709530526888806801e+00,-3.624454236528034112e+00,1.817912710338706717e+00,1.781112656447105369e+00,-1.182582580178291431e+00,1.390558209871701312e+00,-3.208126775923593410e+00,1.435621877068880892e+00
1.000000000000000000e+00,-1.238169624701107141e+00,3.161926056926952722e+00,-1.369586567645274533e+00,-5.403264956454610690e+00,1.098603551791473176e+00,1.071089008764574357e+00,-2.707531542416199422e+00,-2.770710600958582237e+00,1.032563762673506913e+00,-1.778343935186153413e+00,-2.758415404346005406e+00,-1.233893537443702115e+00
1.000000000000000000e+00,-5.687091279748635042e-01,5.201203883220867574e+00,2.665386554953049991e+00,1.728031974213317112e-01,-2.678732510211897511e-01,1.482647733034037074e+00,-4.074260411677449456e-01,-1.869406658482957617e+00,4.289784658387726379e-01,4.094990754643064168e-01,-1.639267389801603692e+00,-1.188559256975945777e+00
1.000000000000000000e+00,-3.414846939965753947e+00,6.180579455889844809e+00,3.235360684166062040e-01,2.387109033309704059e-02,-8.579786639219642019e-01,-7.490913313127951501e-01,-1.070480529541707915e+00,-4.772981066710800135e+00,6.178928329525231966e+00,-4.044717702666733583e-01,1.360597266141728046e+00,-2.577340268805706991e+00
1.000000000000000000e+00,-7.346217464247957185e-01,1.255660205091068127e+00,-2.962105543834961274e+00,-5.560255540710586253e+00,2.262411925477414432e-01,9.196063736174638903e-01,-2.708336408796432782e+00,-1.791240656011609644e+00,1.400049576639980309e+00,-2.256255844947413713e+00,-1.841526689924645410e+00,-5.006653087314032469e-01
0.000000000000000000e+00,-4.218655523603487723e+00,-4.263957588033356672e+00,-1.740513303221715269e+00,-6.125381472919903203e+00,4.017963285734374779e+00,-4.415046701340640034e+00,-2.215440206881950314e+00,2.087645731619573564e+00,-3.277348443783700827e-01,3.697260800770648892e+00,2.422848842663869462e+00,4.894944344975641348e-01
0.000000000000000000e+00,1.415660567220345278e+00,9.772941626935066628e-01,4.731824185351823919e-01,6.556174799795982722e+00,-1.124793241920659881e+00,-2.416649545193494841e+00,-3.198226674361632771e-01,9.017360733910495529e-01,-3.816733847933325041e+00,1.988964734059959882e+00,-5.117031093705295408e-01,-2.314447670936673696e+00
0.000000000000000000e+00,1.969000388317826422e+00,1.933547313036665605e+00,5.698675273695348320e-01,-3.320891794508728623e+00,9.401762515318988767e-01,1.356859021642383922e+00,-1.364366234026905822e+00,5.526882808019197846e-01,2.674464780277596709e-01,3.140221458143006128e+00,-2.214780956762136821e+00,-5.876774179335875203e-02
0.000000000000000000e+00,-1.671355002682623159e+00,6.790132370448437316e-01,-2.004243543686912155e-02,-9.875473164402283288e+00,3.954659642853252777e+00,-2.683501361933204876e-02,-3.614473045585540056e+00,-3.515266403936104789e-01,2.077212882741211519e+00,5.759080928218259565e+00,-3.707333158318755206e-01,8.116641621665388051e-01
0.000000000000000000e+00,4.902140415075717517e-01,1.294302212659483420e+00,3.369140991164712329e+00,2.059193053345802049e+00,-2.567689058264011059e-01,-5.577377454904766108e-01,2.937978512944189546e+00,-3.521803505599159667e+00,2.935058496352494828e+00,-2.431687184196966722e-01,-1.233938123639958251e+00,2.220718987898239849e+00
1.000000000000000000e+00,-2.394996366110395680e+00,4.984597381410165617e+00,6.536065504388997027e-01,-1.331351840090003513e+00,-1.473823591247731102e+00,1.495101782546450320e+00,1.766595590166293750e+00,-6.500184581735382050e-01,5.409079998250119203e-01,-1.306062263464470963e+00,-2.864825261603979989e+00,-3.664508432518195358e-01
1.000000000000000000e+00,3.344611595778710367e+00,-6.031615802903230517e+00,-7.508334911671972201e-01,1.152224726868347648e+00,4.045696321369776527e+00,2.321805274733133029e-01,2.779023972273999554e+00,-9.578081319962998830e-01,-4.387729825012433693e+00,2.915924302019186953e+00,-2.498325768580871298e+00,1.593756247297714701e+00
1.000000000000000000e+00,-2.958689710952921992e-02,6.063729457433982839e-01,1.798983514551339091e+00,-3.967518654592568916e-01,1.661378169955407325e+00,-1.538209716546141692e+00,3.163470773273068914e+00,2.095261668159313473e+00,1.536842817396418592e+00,7.367061730736074177e-01,-1.964876320096518914e+00,-2.293612167252027101e-01
0.000000000000000000e+00,-8.985850426138273228e-01,-1.649889208866746892e-01,4.492543564794412303e-01,1.667120325637419187e+00,-9.701961235309548570e-01,-7.593915302530294120e-01,1.100894358215975366e+00,-2.405864615630455283e-01,1.384812327265604104e+00,3.067278104341224498e-01,1.602890909966124600e+00,6.361332183724427436e-01
0.000000000000000000e+00,-3.671741794780496893e+00,5.568824146943719411e-01,1.944411156458658141e+00,-4.110394277819272801e+00,1.037835525930465019e+00,-6.082646971448697037e+00,-7.342112030812120160e-01,-7.273817984609334264e-01,1.927119571733467041e+00,1.381987060225549069e-01,-1.703261518481792525e+00,2.137788460389070444e+00
1.000000000000000000e+00,-2.167146464124811267e+00,1.354955328504129808e+00,3.408064520180631440e+00,4.980891352381564691e-02,2.232148703781319021e+00,-3.033380625348528481e-01,1.993938973807697801e+00,3.479739127240442542e+00,-4.689803117695244827e-01,-2.367035666220256296e-01,4.086318526739329826e-01,-1.673831601102240940e+00
1.000000000000000000e+00,-1.309304563269098054e-01,2.982105346381658251e+00,-2.167503146789776292e+00,-4.033013952091883070e+00,2.935505368816428984e-01,2.505111201725552128e+00,-1.648761844560326484e+00,-1.135527379621843469e+00,1.140385840360044423e+00,-1.704037401714813882e+00,-2.170716824496281561e+00,-1.875422232040600434e+00
1.000000000000000000e+00,-7.913617979461715635e-01,-2.939829155380270453e+00,-3.878693519244787780e+00,-9.397532969140071302e+00,-6.435019732309696927e-01,1.831944494119312372e+00,-8.244934060529207187e+00,-6.273620048066048671e-01,-3.388218668441193238e+00,2.597277621984004359e-01,1.159319761789818770e+00,3.003073577372460612e+00
1.000000000000000000e+00,-1.467858631484591392e+00,1.365259758295201076e+00,-2.347855591166576161e+00,-4.048650783809335074e+00,-9.779764009748805886e-01,-1.224099543333387885e+00,-1.030661913756994563e+00,7.949735005461835424e-01,3.524459925581260311e-01,-2.053460084402387587e+00,-2.639696426276694208e+00,-3.791314706417103775e-02
1.000000000000000000e+00,2.274783442924830368e+00,-3.147937705914448103e-01,-1.768609328103480927e-01,9.975083276594411963e-01,1.028254294774362254e+00,-1.321089856463980805e+00,2.603370345884774117e+00,-2.538052432265505143e-01,-6.296625433633107338e-01,1.771466790348763531e+00,-3.995263576085786195e+00,2.952089998249392000e-01
0.000000000000000000e+00,-4.652030423423068939e+00,7.829170491463222081e-01,-8.641969358984309402e-01,-6.721472640957121492e+00,2.988706131579840886e+00,-3.692819448579648167e+00,-2.774794770625263141e+00,-1.190523644155513594e+00,-1.731188372741366610e+00,1.652345060799478738e+00,-2.457004694810334122e+00,-7.484144993105967814e-02
1.000000000000000000e+00,-2.246414751097769447e+00,1.580459703485236123e+00,3.819632471428265230e+00,3.852161894628437722e+00,-3.642693993419054976e-02,-3.181399429204608165e+00,2.656478278270983928e+00,3.856681932035027849e+00,-2.671728059614073558e+00,1.472228870854312088e+00,-3.201352370755468080e-01,-7.704025499010831446e-01
1.000000000000000000e+00,1.295492057764476179e+00,2.060020657903307573e+00,2.565465060644405604e+00,-8.052059845691974527e-01,-3.159479296380629521e-01,-5.562052187585123875e+00,-2.652370237878273862e+00,1.019185911235011455e+00,-1.923939026022322141e-01,5.082667187499618766e-01,-3.562606052017821767e+00,3.386500511771397548e-01
0.000000000000000000e+00,-1.300200033186177162e+00,1.566879194903046946e-01,-1.726895736840245998e+00,-1.633402892711240284e+00,3.206780237741141404e-01,-4.650898354915892208e-01,9.648041192427898594e-01,-2.339667427660590882e+00,-5.843385356597499136e-01,3.224168041732824896e+00,-1.875714618140315704e+00,1.231857103156911881e+00
1.000000000000000000e+00,-1.167332828331338224e+00,7.454595273392452093e+00,-6.085443100200125244e-01,2.619399207492427273e+00,-3.490540079303204646e+00,-2.543043397363892844e+00,-2.695009227415219755e+00,-1.184288409849113988e+00,2.157281827788216422e+00,-2.136197133056213282e+00,-1.500301316813330343e+00,-4.234107772536106040e+00
0.000000000000000000e+00,-1.282422586681155163e+00,1.831986709328778051e+00,6.228035009266050803e-01,-6.784022894096930045e+00,2.367021588184496927e+00,8.818598286747876269e-01,-2.554759184550080331e+00,-2.264787561817703132e+00,2.077899564672579302e+00,3.338164849921570365e+00,-7.205216658559635556e-01,8.446225077284210681e-01
0.000000000000000000e+00,1.356869818170184372e+00,1.214173224809193874e+00,5.138437323336921825e-01,1.956819734965218327e+00,4.628274333406486862e-01,1.801917719807995200e+00,1.871545242348426896e-01,-1.462810097685660393e+00,-1.076499930878083156e+00,7.912031812579388701e-01,-6.852126445115079845e-01,-1.160069557577612320e+00
0.000000000000000000e+00,-4.363026085674742705e-01,2.095635873682641037e+00,6.916153427227440531e-01,-2.251898845590849074e+00,2.532793624278748545e-01,-3.397576206570838142e-01,1.065064443535950645e+00,-1.533517960289945137e-01,1.733619966964595971e+00,1.760468739906639435e+00,-2.065658410469971784e+00,6.039689505135157344e-01
0.000000000000000000e+00,5.860634959808053157e-01,1.266338707125521434e+00,4.603533996289306707e+00,6.331442913543108286e-01,1.113753097138759474e+00,-3.206443088813125675e-01,2.065804001969664405e+00,4.413701864824421950e-01,5.898232395119137550e+00,4.882847871618539726e-01,2.067757147617850677e+00,4.409899423602492430e-01
0.000000000000000000e+00,2.265280678351964117e-01,-2.002098824890292228e+00,1.144476004883819842e-01,1.501756374004286299e+00,-5.089791762104869388e-01,-2.998107361933126658e-01,2.516192046826703610e+00,-9.761418034278378508e-01,6.472547192614626077e-01,1.449536028316370517e+00,5.069460755445780453e-01,2.353024839160854143e+00
1.000000000000000000e+00,-3.064382269931765546e+00,8.495432213295667223e-01,-5.587971999080200369e+00,-5.366879005297131577e+00,-1.291762555746160057e+00,2.461228999194025491e+00,-1.603446332207078884e+00,-2.436720935881165673e+00,2.981751763752966689e+00,-2.505877022802722287e+00,8.897910745878330196e-01,-4.359918215941602782e-01
1.000000000000000000e+00,-1.160247706198741735e+00,3.352758570170454866e-01,3.930851392988738091e+00,-2.007442150183585294e+00,7.401925599874610295e-01,-1.807516196742119163e+00,7.715365061126614465e-01,2.685827346478346200e+00,4.523016644068065251e-01,3.893682825785964585e-01,-3.833829005740625462e-01,1.826973293649187369e+00
1.000000000000000000e+00,2.099507602007657070e+00,-1.139855795839113117e+00,-5.393172644273862559e-01,3.738148061419848123e+00,2.967360115498661965e+00,4.051154338711089764e+00,3.751378935682076143e+00,-3.345895209715250562e-01,-1.911805645524165875e+00,1.388389063097267506e+00,-2.051503831485346208e-01,-2.672048087701182517e+00
1.000000000000000000e+00,-1.855871805599385027e+00,2.546143119763767171e+00,-3.549696819816305915e-01,-5.779830920484142709e+00,1.482459919193988007e+00,7.700087943948983327e-01,-2.034032449972022150e+00,-2.544137544814887075e+00,2.156547351556993064e+00,-4.367111558478706801e-01,-1.522792857219790408e+00,-2.331101375238678886e-01
1.000000000000000000e+00,-2.680838206717728767e+00,4.237108005983046155e+00,-1.760038677837874488e+00,4.447003069853559809e-02,-2.122606831446899989e+00,4.038268207931355880e-01,-1.082651235892936326e+00,-3.199021398275744499e+00,3.085726069167588292e+00,-1.533357051658814196e+00,7.527267626001088452e-01,-1.820788963707057562e+00
1.000000000000000000e+00,1.407425772056761559e+00,1.230967914400433738e+00,7.605530504855405605e-01,6.510019206710992101e+00,2.425102635349269065e+00,3.859285108370080764e+00,5.669496804979390348e+00,-7.287367616027689010e-01,-1.744660843943301565e+00,-1.073762602038576208e+00,-1.393306925169381261e+00,-4.064772147890058918e+00
0.000000000000000000e+00,-8.061773145234842897e-01,1.648723075855563991e+00,3.725076022674119525e+00,2.899670495965237738e+00,1.383115755431644445e+00,7.983531123243987615e-01,1.985931372523210836e+00,-7.927933103740737453e-01,-4.472209514940187702e+00,-1.532755620105176853e+00,-2.494574061512465413e+00,-5.924350543217774545e-01
1.000000000000000000e+00,-1.045737061016598801e+00,9.562529432968940313e-01,1.304825836063259858e+00,4.145170020502714436e+00,6.011495418107009048e-01,1.326857837855963673e+00,3.265453012820975776e+00,1.805851365297244104e+00,-1.660166345196666171e+00,-1.933710731054432141e-01,7.799900400735320094e-01,-2.264785848874634411e+00
1.000000000000000000e+00,-1.083302134428953067e+00,1.264936627457654117e+00,4.101917478839257392e+00,-1.154694840977429804e+00,3.032750903361088213e+00,1.343057047623875899e+00,3.981361631460597739e+00,2.441668750944797850e+00,-1.287684038656207175e+00,1.704647915630256527e+00,-2.106275500124084488e+00,1.563743938970194591e-01
0.000000000000000000e+00,7.484401090060199824e-01,2.947707113740159368e+00,3.420927829469678105e+00,2.954389101328991352e+00,7.812310301585763117e-01,1.045851157457900360e+00,1.087692137194741449e+00,-1.965297651638939769e+00,-2.427217332667124250e+00,-6.627068440310059927e-01,-2.724748863801014220e+00,-9.509257873748433454e-01
0.000000000000000000e+00,-5.908439723800880117e-01,-5.030382172215998260e+00,-9.653871729740377550e-01,-2.759821665343570540e+00,1.623538403406244335e+00,-1.805169010939751573e+00,5.036157473808667850e-01,4.350086945238222924e-01,2.245859551271194743e+00,3.237762518546194013e+00,2.833548346426768560e+00,2.955862455997243732e+00
1.000000000000000000e+00,3.376620999212653906e-02,-4.862266371312606861e-01,-2.605787263349887084e+00,-5.133312999839514390e-01,-5.452615211353761815e-01,1.520880460988049077e+00,3.498098876576962724e-01,-4.587573922491477996e-01,-1.455108682545322996e+00,-1.862634721792958192e+00,-1.280876057835327320e+00,-3.278276639020155647e-01
1.000000000000000000e+00,-3.263511933220615724e+00,5.997012587120218008e+00,-9.363156835054025073e-01,-2.247211858702700571e+00,-1.994044807486687443e+00,-1.246483238954276818e+00,-2.512174335447395546e+00,-2.023121324692104039e+00,2.843250968387293298e+00,-1.349647076998958362e+00,-9.861104542650577232e-01,-2.051284967191326025e+00
1.000000000000000000e+00,1.283843200165124099e+00,4.285194940661286367e+00,1.627625149644057689e+00,3.113371167519552341e+00,1.484605632254049068e+00,8.278016261189244940e-01,1.671388354420293432e-01,1.161463667561035029e+00,1.120734490788189763e+00,-6.033241200988737063e-02,-3.906025582296224208e-01,-5.296793422420455144e+00
0.000000000000000000e+00,-4.226320213803913539e-01,-1.656650914427401755e+00,-4.826578025939964878e-01,-1.293658917302728417e+00,4.615666911527916971e-01,-7.754531815375068637e-01,1.147256333714381737e+00,-1.017853282796173486e+00,1.173206519196085429e+00,1.803170330134393762e+00,4.836760499928316470e-02,1.990112063396035191e+00
0.000000000000000000e+00,3.040578659203796441e-01,3.134804748091293836e-01,1.342579121824948096e+00,-3.525026008409153810e+00,3.753522088303032245e+00,2.151670834066401472e+00,1.625179558797666957e+00,-1.806270037181041843e+00,3.446515750603048600e-01,3.072648796306314711e+00,-2.262269196594758114e+00,6.292588838017374453e-01
1.000000000000000000e+00,1.357819400462310089e+00,3.167476201757819521e+00,-6.795107855512438899e-01,6.530632301361369407e+00,-2.330675782876289404e+00,-3.153687654004653229e-01,1.383925313915057576e-01,-1.799154482337969707e+00,1.066028712795082933e+00,-1.707864485100250906e+00,2.720758085830019546e-01,-3.419329505264773417e+00
1.000000000000000000e+00,7.482271903338189034e-01,4.287713290775894137e+00,2.099769745224609352e+00,6.062125861492361878e+00,3.565168317400073672e-01,-9.592683116175633184e-01,2.358550883652727581e+00,4.594676377934293621e-01,3.094872987415229204e-01,-2.599355892844124494e+00,-1.957741971054173025e+00,-4.780087739919859580e+00
0.000000000000000000e+00,-9.375525826634627524e-01,1.645104482818101399e+00,2.477666850979091784e+00,3.070920107438620317e+00,-1.218169684112960116e+00,-1.044638867365274892e+00,2.200161423364320523e+00,-3.220231137166491120e+00,8.555569835286078728e-01,6.348558197047186047e-01,-5.868740424932608057e-01,1.735801203244141444e+00
1.000000000000000000e+00,1.008821003585145926e+00,-9.711857754621314731e-01,1.324980245582956240e-01,3.016162701487309583e+00,3.169676196609371166e-01,-2.884941224220946232e+00,2.954625224862195143e-02,1.300058318676540425e+00,-1.648215043893794141e+00,1.075766853990095973e+00,-3.758615748577540661e-01,-1.050474461756560007e+00
1.000000000000000000e+00,1.176747371464310854e+00,-1.081720036702407128e+00,4.072558886590127436e-02,3.178526803185769634e+00,5.145549032622054320e-01,-1.638204746959485369e+00,2.782100313039378214e+00,1.148872000636065316e-01,-4.086595042505074105e+00,2.188518650896870810e+00,-3.455579557264758961e+00,4.890173786069997863e-01
1.000000000000000000e+00,-7.718811703549592895e-01,4.075647251257917603e+00,1.936243379503833406e+00,6.488218483938976711e-01,-2.207522446768046542e-01,-1.128510041800372843e+00,-1.586413913651836260e+00,-8.126274716702441836e-02,3.046205126603804825e-01,1.478833655354546917e+00,-4.614354636339261795e-01,-1.902006017863371756e+00
0.000000000000000000e+00,-1.316374336490085728e+00,-7.258633697008961549e-01,2.304813222328877309e+00,1.165178391998947127e+01,-9.162768003068764155e-01,-3.609749785694738033e-01,3.882804574736521630e+00,-3.168632650511591820e+00,-5.301950226977504066e+00,-1.333376644922293242e+00,1.659562569973552115e+00,-1.025121217466521406e+00
0.000000000000000000e+00,1.445211763645779302e+00,-8.590421660525198178e-01,-7.260956251849652876e-01,3.530620850157989210e+00,4.924554105141280003e-01,1.193537814452371837e+00,-1.028240171519813728e+00,-2.005437934913799403e+00,-1.763669120322302053e+00,-9.109035078458667112e-01,1.138366933022986416e+00,-1.830237108881028085e+00
0.000000000000000000e+00,-2.371577424032291770e+00,1.920078277602593531e+00,1.859189395129494216e+00,6.926331480731199974e+00,8.777259398211024743e-01,-1.984514343845555917e+00,9.812862031727211942e-01,-4.468686502781706871e+00,-2.942938301426386349e+00,1.354926474626756416e-01,2.008155126957025249e-01,-2.464615557768659038e+00
1.000000000000000000e+00,-1.907688301611148773e+00,-4.932181758167698327e+00,3.977073391138978398e+00,-5.280260784050632594e+00,3.906657246876615641e+00,-2.697794275070799053e+00,4.386362661345007963e-01,4.930048576063329691e+00,-1.806900225061216059e+00,4.052676244616541190e+00,1.494239652657702422e+00,3.964719538439743118e+00
1.000000000000000000e+00,2.645021910111040153e+00,3.463897440079666268e-01,-6.719676870479109887e-01,4.312741014756423574e+00,2.042942206913928693e+00,3.177124240948996814e+00,1.114764257309198703e+00,9.020008022091443589e-01,1.212024308138805129e+00,2.037056864225551323e+00,2.701575806210781749e+00,-4.716400071083892698e+00
0.000000000000000000e+00,-2.640860060980911861e-01,3.364905412066265811e+00,2.532380580262734604e+00,9.215676901864625625e-01,3.083632841189523077e-01,8.642107230471351986e-02,5.140077410524670487e-01,-6.080675853626958949e-01,-1.027872864292949107e+00,3.680528512369581673e+00,-1.589872889875210582e+00,-3.869711642242631422e-01
1.000000000000000000e+00,-7.242304603110112371e-01,2.292166919039535955e+00,-5.447448524256512936e-01,-6.748254285509270645e+00,1.341597783674378874e+00,1.136387556632944662e+00,-2.223048382948249468e+00,-1.372979812828030166e+00,2.687229960616621227e+00,-5.502146056070966740e-01,-1.890404201868518985e+00,-2.473813602187635574e-02
1.000000000000000000e+00,2.407550855429464454e-01,5.863933790212377595e+00,1.699188994101570094e+00,5.742659892711125202e+00,3.650782241723194987e-01,1.245936824190629011e+00,1.672774046195208975e+00,9.673595893289856917e-01,3.357733581812647472e-01,-1.477563124488913360e+00,-6.887056494373653415e-01,-6.328279900133053637e+00
0.000000000000000000e+00,-1.988673449846613206e+00,-8.175205283995230499e-01,3.028616800053686831e+00,-5.159771400951759013e+00,5.387445232608341961e+00,-2.619179330140730677e+00,-2.127211240511956980e-01,-9.321656649600362776e-02,7.212096524207245452e-01,8.951536921558443938e-01,-1.444007603016017383e+00,2.952286816772327072e-01
0.000000000000000000e+00,-8.449912140153179596e-01,2.033368003643022615e+00,2.397136602714939890e+00,6.555049512767059383e-01,5.204364544670316839e-01,3.316112959511456904e-01,1.792459765655258996e+00,-3.461749955087460862e-01,1.593427984065284964e+00,1.039015540914394187e+00,3.190809298480701273e-02,-1.265740356018065782e-01
1.000000000000000000e+00,4.130589611689164942e-01,2.743054821722958336e-01,3.149465328091543892e+00,1.713147051249845010e+00,1.002323371839921817e+00,-2.016056738710642726e+00,-5.112803581514309137e-01,2.063699793324674125e+00,-1.540146069724001254e+00,1.395100523995613573e+00,2.182277971790198556e-01,-5.717836106072771152e-01
0.000000000000000000e+00,-2.500285830316653524e+00,-6.745850261391422853e-01,-7.739439085333372770e-01,4.430462671720227785e-01,-1.101022415938700760e+00,-1.462145436852385183e+00,-2.906930006714476544e-01,-2.186135775537288994e-01,1.919501233840637866e+00,2.185595266804758019e+00,3.668401785109064228e+00,6.855708783329026446e-01
1.000000000000000000e+00,-3.235373282716976551e+00,5.313782134985920003e+00,2.999477355771817955e-01,-5.268050333289946430e+00,-1.488656429612236876e+00,-7.134370631098674309e-03,-3.282714258870851332e+00,-2.334512250297169800e+00,3.645925915038502829e+00,-1.751656680646630493e-01,-2.700907192656605282e-01,1.111492296831770865e-01
1.000000000000000000e+00,1.418814935692500168e+00,1.957691243305359485e+00,1.190188677406404771e+00,-3.578781169491654701e+00,-1.593815314071866940e-01,1.345703685676312267e+00,-1.544903525927449506e+00,1.130720984539439922e+00,-1.005828701452703200e+00,-1.664311571532760547e-01,-2.990329797786649202e+00,7.692679200162477748e-01
0.000000000000000000e+00,-1.488421635574231239e+00,-4.984442658832995754e+00,-1.724959595232653520e-01,-2.517840832496655246e+00,2.124939327904649566e+00,-2.913308513905948249e+00,4.756612537174300659e-01,-2.875038417080858277e+00,1.118356036940849174e+00,2.470228524977764017e+00,1.299729535283627335e+00,4.047650719905741212e+00
0.000000000000000000e+00,9.558552077224458099e-02,1.439898398284277237e+00,4.022077863631808858e-01,-1.253525271852216960e+01,3.456346591521526346e+00,2.438496386822992079e+00,-3.416756840634435299e+00,9.636860332084433711e-01,2.367372700069428682e+00,4.092820974665787759e+00,-2.428313703338733198e+00,1.768548427448025873e+00
0.000000000000000000e+00,2.067898724176229219e-01,3.290694077391672412e+00,1.725934586677460691e+00,-6.955511620121193950e+00,2.409223450410819201e+00,7.725697896248899799e-01,-2.698337390290592275e+00,-1.584577729079250652e-02,5.592730234026914715e-01,3.203761703313886766e+00,-3.173842422542620945e+00,7.064202881878567375e-02
0.000000000000000000e+00,-1.531039583187864705e+00,-8.096922977751023209e-01,1.383699611304039401e+00,2.814670109370756901e+00,1.960253974043858261e+00,1.278465707764824266e-01,1.925529409237235257e+00,-5.646517204194052120e+00,-3.165822190810533066e+00,-3.033980377004239504e-01,-1.376880859898660825e+00,8.965904849001109511e-01
0.000000000000000000e+00,1.601923998966276130e+00,-3.241593814781955629e+00,-4.158058024218520554e-01,4.367591214778412834e+00,-5.879812636373793477e-01,-7.698455204960348297e-01,-9.273881835170074694e-01,-1.969798734011493746e+00,-1.239579455589567614e+00,-8.502168426279408386e-01,2.419996931328738832e+00,4.854515467530338135e-01
0.000000000000000000e+00,-2.220788636109991110e+00,5.336326494955729416e+00,-2.994478248105634233e-01,-8.977419255814971244e-01,-2.212386070817132566e+00,3.218909202281627913e-03,1.418207631016102921e-01,-1.424636515215194077e-02,-6.286273175541423619e-02,1.262447318023438569e+00,-2.446676446203380983e+00,-9.016544965147614832e-01
1.000000000000000000e+00,-1.162476436197529495e+00,-5.847111160808761143e-01,2.803003217091941668e+00,-1.409947361073145444e+00,3.274429326421447684e+00,1.981269644680583308e+00,-7.018659253321202218e-01,3.797612990642282860e+00,4.871179450533080768e-02,1.933411668311333376e+00,4.208169611294414025e+00,-1.890014152581827922e+00
1.000000000000000000e+00,1.236627969176884445e-01,-6.215260694626243421e+00,-1.323392627217040651e+00,-3.818691504913044987e+00,3.288941460067373868e+00,-2.934326680542237664e+00,3.179526549976098959e+00,1.677486092335155332e+00,-8.246844385334072269e-01,1.380663314786783724e+00,-2.413636787040376319e+00,3.353111640940418248e+00
0.000000000000000000e+00,-4.656931892208597823e-01,3.654466063793351815e-01,8.028541342855690655e-01,-6.988010932819834764e+00,3.269886362351170028e+00,2.643498682096104169e+00,-2.327777374961051748e+00,4.612035979097830474e-01,-6.756123748642917093e-01,2.228942512565480705e+00,-7.619768322898862190e-01,3.221297969126530880e-01
1.000000000000000000e+00,-1.095409504817677071e+00,2.377463365005219931e+00,-1.628904665470999102e+00,-1.500075993079564407e+00,-1.935743152608725204e+00,2.772304217935086967e+00,-1.630886272877684728e+00,3.951871462094966869e-01,-1.907243283029707026e-01,4.681312469156140299e-01,1.004985744845497742e+00,-7.811626152367686649e-01
0.000000000000000000e+00,2.323647899138666872e+00,1.294479380261776225e+00,1.936621941998749152e+00,-1.517145377590829902e+00,1.734006471257431459e+00,1.561621722848975491e+00,-1.252272360050869171e+00,2.904954241297439399e+00,-2.951331628693677267e+00,1.941782557358016081e+00,-2.226045129788771781e+00,-1.204176336500423217e+00
1.000000000000000000e+00,-1.223559354436311697e+00,1.034338959857691087e+00,-4.744702861798931082e+00,-3.458051719867071938e+00,1.964200632259580637e-01,3.137678268478178101e+00,-7.220785241692045942e-01,-2.657681101935844836e+00,3.516741658617583699e-01,-3.173464440348654936e+00,-1.580198423866525870e+00,-1.755974347235637278e+00
0.000000000000000000e+00,-1.216501915571828185e+00,2.441284677408842807e+00,1.499370169736984337e+00,6.857460876024015661e+00,-1.024413223340127743e+00,-1.719690098749815821e+00,1.559893124212636373e+00,-9.503991094227943748e-01,-4.544948220614093870e+00,1.095967601077737941e+00,-1.259607966387249034e+00,-1.887918492950231286e+00
1.000000000000000000e+00,1.092863014653774334e+00,1.468558156762064526e-01,1.152043768969507109e+00,3.773458186717844054e+00,3.290278591401233355e-01,-2.498144506558543476e+00,-5.252358937093004609e-01,1.492559826166732107e+00,-2.549205612606188609e+00,1.889554999794433865e+00,-2.675266631013745178e-01,-1.660359996496927337e+00
1.000000000000000000e+00,-7.065561926506548351e-01,4.814729214635431909e+00,-4.812992881792310662e-01,-1.619372447862645670e+00,-8.969355838566299699e-01,3.604096017688720455e+00,-2.262072700849167006e+00,-4.927469528958252631e+00,1.346109769117030286e+00,-1.968445018729167106e+00,-1.064057708469830166e+00,-1.367294733206592339e+00
0.000000000000000000e+00,-5.760706819652887667e-01,1.743469495434738725e+00,-3.999311644567646873e-01,-1.867971801619583205e+00,1.377991499829245736e+00,2.172058859469177428e+00,-2.107103515879112265e+00,-5.907720826984760087e+00,1.097891842463198930e+00,-2.650048672743443579e+00,-7.481817526061190771e-01,-8.595810597468306336e-01
0.000000000000000000e+00,-1.697652298033370588e+00,-2.250470856849352774e+00,2.116267746389146165e+00,-1.598828935138795426e+00,1.332086819653345744e+00,-3.325808047031213022e+00,2.729315401135856689e-03,-1.795063123019689399e+00,2.557174942847586951e+00,1.266721813522384554e-01,1.456184107934351157e+00,2.786040537956387730e+00
0.000000000000000000e+00,-1.109051855494059158e+00,-2.717924237381942110e+00,1.386855294065283406e+00,2.323408422034974219e+00,6.988690965141852729e-01,-1.396334777949651773e+00,-8.128508873282014324e-02,-2.201144466320657855e+00,-1.651304621183858679e+00,7.674415859298775455e-01,2.219467606493039202e+00,1.654422268040169008e+00
0.000000000000000000e+00,-6.960137476751877550e-01,1.734743771506304322e+00,3.313805275850648657e-01,3.356438096941846805e+00,1.460423449402847851e+00,-1.602636569306772341e-01,1.167550651712088161e-01,-3.838868312961911222e+00,-7.649908009818900956e-01,9.317738934746383483e-01,-1.167509753039407405e-01,-2.452914243323879973e+00
1.000000000000000000e+00,-1.855017680191980434e+00,6.478414490945594295e+00,-6.000423490464406040e-01,-6.162386469990244642e+00,8.323248801986762313e-01,3.437168376614283982e+00,-2.218372709639817586e-01,-6.025492481431310443e-01,5.584948163556004985e-01,-1.739698405547541959e+00,-5.103017767792145776e+00,-2.295798568937518880e+00
0.000000000000000000e+00,-2.713942446391190533e+00,3.236891040925740537e+00,1.238899647098509860e+00,1.418724621627692528e+00,1.192011243207433902e+00,-1.325647218948210693e+00,3.422918783560906508e-01,-2.221833011238147471e+00,-1.828021084246410632e+00,3.159935431680113371e+00,-1.221649133136687881e+00,-1.659408908999770560e+00
0.000000000000000000e+00,3.992259505257960139e+00,2.031304630515613496e+00,1.535846833355579033e+00,-1.394601540151416241e+00,1.975658092592647908e+00,2.265296879291183618e+00,-1.370680030549854322e+00,-1.358482685377770949e-02,9.998310360523727791e-01,2.187530270083892336e+00,-1.898175013497175101e+00,-1.519903319071109316e+00
1.000000000000000000e+00,6.417107185105945799e-01,-4.364585715109536163e-02,1.614365949063697236e+00,-1.095499044208691819e+00,1.770878739452598438e+00,-2.540034656130957025e+00,1.279818014899471335e+00,2.431740289576921121e+00,1.412658243568504002e+00,2.152928196628438151e+00,-1.374353444335166152e+00,-5.601618113019002365e-02
0.000000000000000000e+00,1.842213950194521388e+00,-2.871014446287248223e+00,1.726913148815224286e+00,6.176388407678066184e-01,3.387020622996252506e+00,1.757198334031765175e+00,3.522630774770020068e+00,1.628188790488069859e-01,1.152113541646732076e+00,1.285824798833506755e+00,5.293796929554941411e-01,5.741411112934177163e-01
0.000000000000000000e+00,2.369888135610477953e+00,5.176660309881028210e-01,2.313874923683937102e+00,1.267111754201619256e+01,-2.220533619838281680e+00,3.929882316503502393e-01,4.013904386914820321e+00,-1.806604794008786374e+00,-4.414061702122804576e+00,-1.474774860404434396e+00,-2.730484011378843112e-01,-1.496346338328097048e+00
1.000000000000000000e+00,7.969893025173511170e-01,2.296270745631807664e+00,-9.459351101069982670e-01,-5.254454781426612264e+00,8.673273572516670971e-01,2.938985916612128602e+00,-2.693791372094185288e+00,-2.006965294807764089e+00,1.305058832434317750e+00,-1.245190915267183618e+00,-2.030125843938905827e+00,-5.522521979372883028e-01
1.000000000000000000e+00,-1.971370872149583509e+00,3.788725836371057643e+00,3.463493819713401312e-01,-1.327504921262410376e+00,-2.125802192817193514e+00,-1.452533960639324384e+00,-2.055119989144482240e+00,-7.393256426711050100e-01,1.494235316263320845e+00,-2.883553630617243790e-01,-4.106508809899669377e-01,-2.035793397006905314e-01
1.000000000000000000e+00,4.060028191895894700e-01,4.811793636521129458e-01,-1.702457797308880583e+00,-7.713107775440999347e+00,-1.749575064879710151e+00,-6.784494117264650015e-02,-5.696435030385479159e+00,2.721103867006693378e-01,4.900435452139941805e-01,-1.318108903274985755e+00,-1.411597091068941490e+00,2.320864340977068174e+00
1.000000000000000000e+00,-7.531744416513961315e-01,7.560101842975814002e+00,-6.780611338667520416e-01,-3.954357945594636714e+00,-6.955298940665577412e-01,-3.602320871949663328e+00,-3.830969914554407829e+00,2.024848107681130216e+00,1.675957033940197460e-01,-2.333441065134344683e+00,-6.312208652899077066e+00,-4.402272582426398628e+00
0.000000000000000000e+00,-1.495179901712137216e+00,-2.504351462795541217e+00,1.098077991658277242e-01,-9.044402542064905459e-01,4.409313372173396806e-01,-2.963408873659161280e+00,9.797884600123679677e-01,-1.022275297125992521e+00,-9.241261288710500565e-02,9.955081840064723409e-01,-2.657529948689163479e-01,2.737041367664709846e+00
0.000000000000000000e+00,4.149247932030419861e-01,-7.611571999886930229e+00,-7.149574688423048219e-01,1.772994747707928864e+00,7.452907555223106106e-01,-1.445208077628878263e+00,2.249060702375980547e+00,-6.044065526697561808e-01,1.400644027020656379e+00,1.424305989026314334e+00,4.452127751810991185e+00,3.840858702922089307e+00
0.000000000000000000e+00,-1.548650252833968510e+00,2.463366175612634601e-01,2.075840909528690048e+00,4.898105531580359551e-01,6.569291854937787667e-01,-2.808063488078057723e+00,1.327755156411782878e+00,-1.934609516419409925e+00,7.346842363429831879e-01,-4.063584028684801286e-01,-1.127977563805269368e+00,1.305062838008975490e+00
0.000000000000000000e+00,1.575948034183319191e+00,-9.647640426007713099e-01,-1.554930344903761252e+00,-6.108749746353332455e+00,1.816635679340719456e+00,3.642236277747424644e+00,-4.165637379769067117e+00,-1.806593176558327407e+00,6.628055328291890813e-01,-2.558528638691799362e+00,-9.049300111854774453e-02,2.794664023602533298e-02
0.000000000000000000e+00,-1.030423668892658018e+00,-1.525999185639506095e+00,-8.124406663037262444e-01,1.085022834123331670e+00,2.638879242486268373e-01,-5.616538418720513626e-01,1.639942750934510141e+00,6.396225551064615988e-01,-9.479861000721605535e-01,6.956471007883416879e-01,5.978861290851047450e-01,1.593794657452279884e-01
0.000000000000000000e+00,4.389229432843016809e+00,3.134535446895637900e+00,2.446849906489736881e+00,-6.268079661959998994e+00,2.554895824874036769e+00,5.102817234213396169e+00,-2.273620889313482607e+00,3.011731145869211979e+00,3.120596898522849383e-01,2.778837226470539878e+00,-3.010870128659266509e+00,-9.550778037605807125e-01
0.000000000000000000e+00,1.089836616315495554e+00,8.745428728698380061e-01,4.000159838821197411e+00,4.422338039785891795e+00,-2.215667428947027950e-01,3.606176948279116168e-01,3.974201733405967829e+00,-4.555111745914899757e+00,3.325358941886964903e+00,6.094393409693181773e-01,5.616002731213076693e-02,2.272133082522201697e+00
1.000000000000000000e+00,-1.519105350107817110e+00,6.057139207925873237e+00,-6.622036414370868762e-02,-2.751374283601263571e+00,-1.456182886324033809e+00,-3.348829876527315008e-01,-2.697108931098738172e+00,-7.946801639899883085e-01,2.237266930664040920e+00,-9.062498917313414060e-01,-1.888332317683445005e+00,-2.098897236635352215e+00
0.000000000000000000e+00,-4.550529779611109937e-01,1.356636459025410746e+00,-3.396729565968830133e-01,3.877265580677987433e+00,-3.150494584914345086e-01,-5.100411279391445785e-01,-7.528521737091573574e-01,-2.948990930652258147e+00,-1.721524779574051145e+00,3.298032394068894924e-02,1.385676107325193307e-01,-1.876445953024574731e+00
1.000000000000000000e+00,-1.084868373529444430e+00,2.253048801496058129e+00,-1.616172638680233087e+00,-1.206812588241003903e+00,7.900959228450024074e-01,1.685208002446854758e+00,-7.083196485210521143e-01,-2.122748313764212469e+00,9.529221678955632768e-01,-5.608364258869367180e-01,-3.664537358421968705e-01,-2.274409363922322846e+00
0.000000000000000000e+00,2.602175940654654962e+00,1.965773280156308145e+00,1.886250305654187720e+00,6.371009441415598218e+00,9.686274173218809569e-01,2.318383916532958722e+00,1.557892510886449866e+00,2.299994759802995947e+00,-4.173712253338525358e+00,2.703742967042954248e+00,-3.863669624040427797e-01,-3.942278724152199931e+00
1.000000000000000000e+00,2.591476521057630045e+00,2.895727098414297540e+00,7.481862263220835363e-01,3.444000786817310367e+00,9.316384940823647653e-01,-2.044518444572245741e+00,7.371297884797756161e-01,-2.631387220531691273e-01,1.078863949936253341e+00,-9.842653482733594306e-01,-3.220214568971588864e+00,-3.638697247380631605e+00
0.000000000000000000e+00,-2.233070848392670893e+00,2.502387130891388534e+00,2.441606558227745749e-01,-6.976222727438171622e-01,8.645371922095255179e-01,4.036317742435795441e-01,6.381193087437553313e-02,-2.042635530119281118e+00,-1.816242258040354773e-01,2.493582359493638378e+00,-4.022599908588218032e-01,-8.726758341764453419e-01
0.000000000000000000e+00,1.097006543378650889e+00,5.840700515447553975e+00,4.308533657391134142e+00,3.268107909636824626e+00,-4.438096763923967458e+00,-8.277291921825439269e-01,3.243201326572940690e+00,-1.481336035478431956e+00,5.599988149137892002e+00,-1.217702916367846999e+00,-2.193173875371322801e+00,2.018742464665239211e+00
1.000000000000000000e+00,-1.146505621790446572e+00,4.818704754240783039e+00,8.768657607276826305e-01,-4.505919264075312208e-02,-1.023697251376282757e+00,2.210673862834084957e+00,-1.000682014312426205e-01,-8.909711614412589853e-01,6.621338691759848238e-01,3.140734266680045295e-01,-7.104490202220340445e-01,-1.574856455500075025e+00
1.000000000000000000e+00,-2.231657370535841345e+00,4.772589446953318104e-01,-1.290602705724631427e+00,-7.938128012513825382e+00,1.394877958891586722e+00,-6.279278381854729307e-01,-3.286758428865074855e+00,3.905277302067082790e-01,1.441176976203393467e+00,1.033602303673015754e+00,-4.399593429062678140e-01,6.797690079105154215e-01
0.000000000000000000e+00,-1.919428860148274740e+00,2.254104751971659493e+00,7.497007069657917189e-01,3.302295594767213238e+00,3.521097567405310214e-01,-2.176898800294366332e+00,-7.175977564735749326e-01,-5.646599491843215191e+00,-1.068215783527590723e+00,-1.520660228011385673e+00,-1.211883538238998081e+00,-1.379018286502449619e+00
0.000000000000000000e+00,-1.227976483424106480e+00,5.579392675687050440e-01,2.956757947251994700e+00,-1.606659037326124029e+00,2.182234145999593089e+00,-1.694116291238324745e+00,1.450023224671683542e+00,-1.555515653093178852e+00,2.692851255565804625e+00,3.178890214944648296e+00,-1.697940063310888759e-01,1.517017482459107169e+00
1.000000000000000000e+00,3.939136646292872079e+00,-3.787084699615274275e+00,-2.189856918420995058e+00,1.813248975307067523e+00,1.530282776851449977e+00,-1.159323151520237793e+00,-1.453620736192032581e+00,-9.021683897431720389e-01,-1.037207641408772751e+00,1.284691624113962538e+00,-5.806012805040638991e-02,-7.104482135089482675e-01
0.000000000000000000e+00,-2.235767703571858167e+00,1.073218708961043211e+00,2.485893530358846970e+00,-1.612193946049530924e+00,-6.779564416470542643e-01,-3.810850570715634600e+00,1.187785397092609996e-01,-7.898754042328874903e-01,4.773538222316235924e+00,1.244353255281252180e+00,1.214679343860578964e+00,2.326321764683367377e+00
0.000000000000000000e+00,-2.804222905742369321e+00,-9.231778086445112663e-01,1.351520124549263624e-01,-3.318391942807645378e+00,2.468809427702353343e+00,-1.905683924973418986e+00,-2.963872188405074493e-01,-1.650646434978971566e+00,3.449025016084247275e-01,2.647362825242076667e+00,1.503421929310022609e-01,1.040298923003690090e+00
1.000000000000000000e+00,1.603143230560121868e+00,3.360237410707868300e+00,1.651505049656370128e+00,6.938067567006902081e+00,4.520073454339201824e-02,-1.687915885900903579e+00,2.390444296886422126e+00,-2.938438408283969849e-01,-1.527805846223520003e+00,-1.548291555698777522e+00,-3.179894257387789747e+00,-3.848010157364360140e+00
0.000000000000000000e+00,3.141771690735490896e+00,2.615768113426817809e+00,-4.573095516224543466e-01,-9.639448347596444311e-01,2.585188772425690562e-01,3.199405974148007648e+00,-1.948375189599163670e+00,-4.628434600180938441e-01,-2.476285340503712185e-01,1.615634827133878293e-01,-1.998345191770998897e+00,-2.040021762721158538e+00
1.000000000000000000e+00,1.128653350285234724e+00,-4.235789239752241642e+00,9.234950395929495404e-01,-1.266638967628095802e+00,4.422207256515605422e+00,-1.619274759761509586e+00,1.098902246345826894e+00,2.424674164609625482e+00,-7.061945495529003969e-01,2.646871449260873810e+00,3.380392835797485507e-01,6.746012919995481028e-02
0.000000000000000000e+00,-2.741027009264564995e+00,-1.548000767108955511e+00,-2.804757764977402257e+00,-1.788778026231971463e+00,6.757146136375320467e-01,-2.869273228271216336e-01,-5.730152019668435237e-01,7.451664104661692711e-02,-1.166208627884679050e+00,3.147573051198113703e+00,1.868861171882850503e+00,-8.872522468183019484e-02
0.000000000000000000e+00,-1.526277476795730781e+00,2.706757262328620239e+00,-1.742553829884889716e+00,-6.354602839673860082e+00,3.018582750506913825e+00,8.363989865963078474e-01,-4.057291278091433639e+00,-2.422499327840164085e+00,-1.796875574152118071e-01,-2.111367520759745986e-01,-2.364428557130732855e+00,-2.600717397506418394e+00
0.000000000000000000e+00,7.485600324938644912e-01,3.724171855302118139e+00,1.003089684661576886e+00,7.772458821824727693e+00,-4.242069724633990013e-01,-4.920198115706857500e-01,1.403794312614873530e+00,1.131059510465505014e+00,-5.513446929658297080e+00,1.737588015763833926e+00,-2.303889178774680246e+00,-4.557640530744819785e+00
0.000000000000000000e+00,2.692298943869932515e+00,1.233955672051084251e+00,1.554575166328073133e+00,6.879460863619932809e+00,1.128749190895513843e-01,7.273520382579230503e-01,5.290619926114830118e-01,4.748796747373504878e-01,-3.400642086246854490e+00,1.461518172668239135e+00,-1.157959455133237281e-01,-3.008837993932523602e+00
0.000000000000000000e+00,-2.403012760388255842e+00,3.359715132974092633e+00,3.844319501700369290e+00,-2.274955490560436111e+00,2.319499820949905811e+00,-1.366594374711877169e+00,2.028230674799826883e-01,-2.694078322071624676e+00,1.548873893734803220e+00,6.331029893292614563e-01,-1.892687422281285059e+00,1.520309852248624694e-01
1.000000000000000000e+00,1.337850238733179875e+00,-5.754168293083419261e-01,3.982201611345574932e-01,3.265705453821062809e-01,-1.134265751864946825e+00,2.959728870969680514e+00,-2.070032884660256478e+00,-2.007487222397663640e-01,-1.213860965650726875e+00,1.926822312351082811e+00,2.515731518642237763e+00,1.049746324005993880e+00
1.000000000000000000e+00,1.801342514789654459e+00,-1.019174457875287265e+00,1.927408515857141458e+00,-5.343914134957417517e+00,3.093179841184638512e+00,3.172184690075752211e-01,-3.516494583764592008e+00,2.030764627648434573e+00,3.434546220697132668e+00,1.905556173643895512e+00,2.212620888426704457e+00,-1.016792290178984981e-01
1.000000000000000000e+00,-3.844636333064734846e-01,-1.295520220747232276e+00,-3.538889822306985344e-01,3.955410903524128496e+00,3.124651686460192535e-01,-3.998584160503889651e-01,5.283389768789660268e-01,2.564836706552061862e+00,-3.646309232832742442e+00,3.177967459841559705e+00,2.135181759646552546e+00,-1.733468361982170691e+00
1.000000000000000000e+00,2.476991334583129145e+00,-5.159010077635066693e-01,-6.501858606706845123e-02,3.895781594885506571e+00,1.236427987637694681e+00,1.742232004786462785e+00,3.266556964056280599e+00,-1.586651030348284142e+00,-2.077642614617160266e+00,-1.217760161316614465e-01,-2.537763395604449634e+00,-9.691458926426539389e-01
1.000000000000000000e+00,1.094500751508893810e+00,4.796394712315572129e+00,-1.626190387337096421e+00,4.770053739678574267e+00,-4.151878708309057586e+00,-1.686790912400115694e+00,1.686113004087349321e+00,-9.772728337851482872e-01,2.018997788122463000e+00,-5.462105381133666171e+00,-3.842910755228900133e+00,-2.640148481415910187e+00
0.000000000000000000e+00,-1.282514547501641289e+00,1.844605518093698215e+00,3.635710237726017091e+00,1.749300810066601874e+00,4.129541585061636821e-01,-1.060614697836032017e+00,1.402324357976840297e+00,-3.199519602861733425e+00,2.977341146617071388e+00,3.598673060937951362e-02,7.477058827381215522e-01,8.516753161952228535e-01
0.000000000000000000e+00,3.467673477092276801e+00,2.644582656566017320e+00,2.841861412895508643e+00,-1.666765240870315967e+00,2.497534753054792223e+00,2.978378825837658894e+00,-5.021798397155081695e-01,1.811213537544622110e+00,-8.532929361289464110e-01,3.033323718019941495e+00,-2.572664142875676685e+00,-1.593617232719525489e+00
1.000000000000000000e+00,-3.655650979812314016e+00,3.931002923465338306e+00,-9.737599944284902609e-01,-1.285538100929578853e+01,1.435636967537967656e+00,2.116125728898620828e+00,-5.404870377850869545e+00,-1.107772017611725390e+00,-1.314796609041308351e+00,-3.169453239915642762e-01,-4.054923543909866979e+00,1.024962310425455936e+00
1.000000000000000000e+00,2.510531775342911054e+00,-4.849438781592260383e+00,-1.800268120797571925e+00,2.360555302732934457e+00,1.537273459658067054e+00,5.416644867647675277e-01,1.830732583615406472e-01,6.175687736749141399e-01,-1.239111721883531692e+00,2.706969770533976138e+00,2.656560099346609860e+00,-1.795338187482575787e-01
0.000000000000000000e+00,9.270635130432438586e-01,6.167405297154214816e-01,-3.105007582624641493e-02,-4.203420623824249414e-01,7.320235881729031391e-01,2.265858411801981109e+00,-1.655445022067613348e+00,-4.031552392494162085e+00,3.152323617183965254e-01,-2.327511967770871326e+00,-3.433749495378072281e-01,-4.375207497075187524e-01
1.000000000000000000e+00,1.484122956099948265e+00,7.186788392331862341e-02,1.605542321887699408e+00,3.715846358597605370e+00,1.106015405442358990e+00,-3.075088404379681783e+00,1.555774370838461929e+00,-6.045458023187340046e-01,-6.097706150871297304e+00,1.082296889212578161e+00,-5.556622018879315839e+00,-9.016281883777765849e-02
1.000000000000000000e+00,3.971072858405333417e-02,3.063188296027685276e+00,3.016780957677193786e+00,2.135146894199357437e+00,-1.676081869788539347e-01,-2.403814855959781838e+00,1.791067207408781670e+00,1.038151678178404147e+00,-4.441880837482341526e-01,-6.204966811945311633e-01,-3.207648245738406789e+00,-7.782295015859084231e-01
1.000000000000000000e+00,-1.242086083750105763e+00,8.367195122441536626e+00,-1.087037733667330919e+00,1.037079857662193350e+00,-2.355227841230301156e+00,1.380022836230047512e+00,-3.440683834419010267e+00,-4.742766417578327953e+00,3.614134639931982473e+00,-2.332984209512609208e+00,-4.728624647249521917e-01,-4.747638582730926871e+00
0.000000000000000000e+00,5.099043163603833584e-02,-6.863312535605338383e+00,1.358394445290661334e+00,1.082070931282608228e+00,4.134891318978347385e+00,-5.432284458586293940e-01,2.071248913248321610e+00,-2.929992067749700446e+00,1.619691328850796364e-01,9.919508787956275997e-01,3.170241595120406153e+00,2.640114286031685076e+00
1.000000000000000000e+00,-1.240452524574936710e+00,7.176039397464720082e+00,-4.092686868663819588e-02,1.502633632433101329e+00,-2.904603172099025521e+00,-2.051880435165974959e+00,2.435595130732844726e+00,-2.814733561407867235e-02,4.150437335198877697e+00,-3.671963949127498683e+00,-4.228720226701071283e+00,-2.772963015099224826e+00
0.000000000000000000e+00,-3.125536014524930017e-01,4.100636283956758277e+00,1.829835856162249197e+00,7.760981925284012872e-01,9.578986942819471828e-01,4.576505433824576974e-01,-5.707687182390579483e-01,-1.066096937439106052e-01,-3.460236217613022358e+00,6.536515099862210132e-01,-3.257209171461635133e+00,-2.493052988789762558e+00
0.000000000000000000e+00,-1.673363819611865200e+00,3.330945910894345108e-01,9.956168999482575277e-01,-7.005415298273114821e+00,1.539495366842411173e+00,9.179556139589799546e-01,-1.879669058670107473e+00,-3.288263182354617342e+00,1.437042512684115980e+00,5.331459433098644229e-01,-1.188733573190979387e+00,3.102926366599159103e+00
1.000000000000000000e+00,-4.411282135779132085e-01,1.272153042742481643e+00,6.462064956736643939e-01,-2.855847536536584741e+00,2.202032549907756653e+00,-1.060427004810089890e+00,3.275219609340791482e-01,-2.064641311156429904e-01,6.706427274664922278e-01,-1.558290530178957356e-01,-2.849545203897858592e+00,-6.665706650448419701e-01
1.000000000000000000e+00,3.006220730872644076e-03,3.309062228034947983e-01,1.112266947595334177e+00,1.879222794533812468e+00,2.019024191166815640e+00,3.413180920156172249e+00,2.042060072241639546e+00,1.271405785957706147e+00,-8.768155900804925906e-01,4.608420793820597883e-01,1.506671559446354891e+00,-2.339684787982767133e+00
1.000000000000000000e+00,2.344222519875742261e+00,-9.487426642666015875e-01,1.994164969628675621e-03,-1.924205675416508443e+00,2.458407491980103998e+00,-2.929852164844747531e+00,6.034375753760116146e-01,1.299189389502453995e+00,2.392173487716227509e+00,2.027545350045873107e+00,-2.413498176614088386e+00,-3.445168197300965129e-01
1.000000000000000000e+00,2.096512005218102992e+00,-8.095356860798057497e-01,-9.791842167407891484e-01,4.090702676209966526e+00,-4.574224953737882071e-01,-2.688583227770108941e+00,3.312756569442034671e-01,9.863253777667143618e-01,-5.971474614991338914e-01,2.241465491358284989e+00,-1.791834132419000136e-01,-1.339906218482647349e+00
1.000000000000000000e+00,3.516795409609112522e+00,-2.200691765676638489e+00,-1.706402893724245917e-01,1.120434067112442644e+00,3.007123202700358711e+00,1.977713091550142188e+00,2.503203993622970636e+00,-7.978314413477243239e-01,-5.636165015057303940e-02,1.871341308088491528e+00,-1.364038412366971320e+00,-4.887941322800322119e-01
1.000000000000000000e+00,-7.191129294568667785e-01,8.832057045380103943e+00,9.680761938622892693e-01,3.262136813460112972e+00,-2.597492831692861159e+00,1.869090062119463269e+00,7.644138611463575650e-01,-2.551541101422230007e+00,3.466985454360613783e+00,-1.897324333433173749e+00,-1.741987144105783258e+00,-4.122727941025997822e+00
1.000000000000000000e+00,-2.024467041469064643e+00,-2.224334522788496304e+00,-1.341477358612743309e+00,-3.785278921991214407e+00,1.114088594941784471e+00,3.085725586023343237e+00,1.307921866668927624e+00,1.253362823803909620e+00,-1.710726872207875005e+00,1.974008086370546700e+00,1.045985637843279026e+00,1.770360377319089906e+00
1.000000000000000000e+00,5.563478897711169324e+00,-6.870085033182727896e-01,-5.487768462608086928e-01,4.053421952865628342e+00,3.324212738842486470e+00,2.614784519885535286e+00,1.538437909916392510e-01,-1.895294665267204248e+00,5.232604538733154342e-02,1.274716876895184203e+00,-4.827344914892589545e-01,-3.980535189311235733e+00
0.000000000000000000e+00,1.886268077101034280e-01,-1.344736621345102301e-01,8.754723467089283728e-01,2.789763551067223180e+00,-2.123168536946139717e+00,-3.677165835825689788e-01,2.572655386619540963e+00,1.315156583358817244e+00,4.005589144880414842e+00,2.923864867576598137e+00,3.282721345539425073e+00,1.339991391724589143e+00
1.000000000000000000e+00,-2.905306975393769697e+00,4.083605336945423048e+00,-4.488858143037282034e-01,-7.792874186607188225e-01,-1.971753295456927679e+00,3.423748280049146997e-01,-2.490721495629276916e+00,-2.117157023530110926e+00,-1.124279600693807168e-01,-7.771307106489044880e-02,3.560504542120530580e-01,-9.486539941710705470e-01
0.000000000000000000e+00,-2.156536359204857423e+00,-1.128530106069820932e-01,5.767733801462646692e-01,1.315137894701722310e+01,-1.661323560151710677e+00,-2.885112368779819469e+00,2.874969234926304740e+00,-4.767956037247014223e+00,-4.499387722115693933e+00,-1.110810964679342483e+00,1.943829149925456079e+00,-2.234181835991346787e+00
0.000000000000000000e+00,3.738362248502637986e-01,1.718269125875959258e+00,1.018165824487102578e+00,-1.315929823681144306e+00,-4.715593906045445483e-01,-1.199783821456861244e-01,1.887193353083013170e+00,-2.891732822634248468e+00,8.234549468508715053e-01,3.064433899514615867e-01,-4.012862383258867460e+00,2.412121174059870921e+00
0.000000000000000000e+00,7.190962526857089809e-01,1.723423459077430553e-01,-1.310931294906318545e+00,1.511468992109383125e+00,-3.073953885429523858e+00,6.703041759565087077e-01,2.317018854950593454e+00,6.685103081421390758e-01,1.524302431274507930e+00,1.195541739635849421e+00,1.059058210969217040e-01,1.654565168807500708e+00
1.000000000000000000e+00,2.583160882111764423e+00,3.088386418951742929e-01,-1.767947933702940677e+00,1.395553706994027365e+00,-6.561488868680318554e-01,-2.132175447764233844e+00,1.425114415566920201e+00,-1.448690752249047975e+00,2.130632539415163951e+00,-2.217780773279339979e+00,-3.637548009176141406e+00,-5.040166161066113037e-01
0.000000000000000000e+00,-2.449271374951274005e-01,3.278083636113847898e+00,3.544424284633059585e+00,-3.190515626790581649e+00,1.952368089203127877e+00,-1.081683938189630823e+00,1.184996811967804708e+00,-7.069154331052711626e-01,2.844996178718677271e+00,-6.752623157896642248e-02,-3.542560061129794935e+00,4.020542112946492441e-01
0.000000000000000000e+00,2.612850565505265177e+00,5.509901680046758177e-01,5.795545466688902803e-01,-6.676260070093705146e+00,2.267402839348028110e+00,3.376393566370181176e+00,-2.514546288222113901e+00,4.414457472242374614e-01,1.596725326701323056e+00,2.047836967221151383e+00,-1.248044526006223620e+00,6.550403981228183348e-01
1.000000000000000000e+00,-3.219889810007843245e+00,-3.304281119427039670e-02,7.062485217263037018e-01,-7.854360017782315850e-01,-2.396862586482907620e+00,2.203503111327031583e+00,-1.134946178436906594e+00,-5.047059343429889378e-01,-1.303613840180589900e+00,3.126428444986887101e+00,4.158881667205378996e+00,2.945622457327885524e+00
1.000000000000000000e+00,8.832519511728227357e-01,8.130286252578206030e-01,-3.236749122890441921e+00,2.888012810036638900e+00,-2.013761894821298082e+00,6.141448923777650393e+00,-5.553030673340415557e-01,-2.860009375605879534e+00,-1.264639260859191427e+00,-1.221207698448611545e+00,2.184361380418117893e+00,-1.785940280413355286e+00
0.000000000000000000e+00,3.839424792410390808e-01,-3.600099046296629357e+00,1.242218765113177525e+00,-1.640036675940812483e+00,2.094555797138102360e+00,-1.020089414365480396e+00,1.921338511036066343e+00,6.616084518139193626e-01,2.055717228577388589e+00,1.537325224029039372e+00,1.096631562251032310e+00,2.481901178790905327e+00
1.000000000000000000e+00,1.309296755366215592e+00,-5.153630314229183940e-01,-2.581671433094983037e-01,5.799964128262156127e-01,5.085920676991484424e-01,-1.129416837305401211e+00,-3.711673175665197721e-01,9.756399502521448941e-01,-1.879160057926149152e-01,1.406608425653270711e+00,-3.228402730337929238e-01,-6.520723273977742096e-01
0.000000000000000000e+00,-7.004112176098953313e-01,1.437244688820412231e+00,2.022194950294888827e+00,-5.166187113410042331e-01,1.050791968132400278e+00,-1.833196599944283633e+00,-6.598163161892216522e-01,-2.128439227185082494e+00,-2.569478736408359332e-02,2.367319477275033890e+00,-1.208286945980937999e+00,6.057441414693727211e-01
1.000000000000000000e+00,1.406478845482259210e+00,4.473873433282468781e+00,1.528858325264371487e+00,8.302050814884339047e+00,7.149477766317124949e-02,-8.479017104030526220e-01,3.864584148652836504e+00,-2.881637814987159096e-02,-1.741234780162070006e+00,-6.208750647379579490e-01,-3.462458279350423052e+00,-4.899654500380620448e+00
0.000000000000000000e+00,2.018994295134625361e+00,3.201396465624411380e+00,2.923860995026978493e+00,-5.476480689607934771e+00,1.962812139112138254e+00,2.832678159140066043e+00,-1.014899217443624435e+00,9.159347786623839305e-02,1.236096390736467487e+00,3.026721933631014050e+00,-3.074814152024475611e+00,8.024468895990222173e-01
1.000000000000000000e+00,5.516089298435440380e-01,6.192429221060436362e+00,1.472997566976552264e+00,4.387065682410240086e+00,1.671743344753322091e+00,2.439979110019869335e+00,3.900982820306830412e+00,-4.120806968001848869e-01,1.038690952624521380e+00,-3.467648713487273326e+00,-3.494106667123018095e+00,-6.243742000523948121e+00
1.000000000000000000e+00,2.268708647921393151e+00,1.250767502863126213e+00,-5.480099533890334662e-01,-8.077846714920549065e-01,1.798584901916672862e+00,1.021082215450328512e+00,4.288892260809027412e-01,2.631556657015470257e-01,3.847261598708175079e+00,-3.959852069968652355e-01,-6.425192897238436451e-01,-2.638839191899990055e+00
1.000000000000000000e+00,1.561893952729010326e+00,-9.933993917258731043e-01,8.328455572754460690e-01,4.322194674350962273e+00,5.802141872425974345e-01,-1.004384937703450387e+00,1.847663714908391430e+00,3.942280646019313828e-02,-3.211024589459981371e+00,1.055413082390194601e+00,-1.539532647385827069e+00,-4.268566065470285054e-01
1.000000000000000000e+00,3.407502695642015134e+00,7.723407379613760337e-01,-2.328967363335410212e-01,4.899844365938091251e+00,3.111307841522283901e-01,-1.855408626327457178e+00,1.586133163256451262e-01,-4.290264988524326029e-01,-1.742041490627435962e+00,2.047429529669368975e+00,-2.316951271193650186e+00,-2.422981371259431693e+00
0.000000000000000000e+00,2.163981652701985503e+00,-1.831350033645369121e-02,-1.224283015665463381e+00,-7.878080138590203951e+00,1.289058277926712570e+00,3.017974788480271897e+00,-4.549618679796706644e+00,-2.990600225378966526e-01,1.732720404942811765e+00,6.446243567305769417e-01,-6.061437685733248593e-01,8.615361023706369359e-01
0.000000000000000000e+00,-8.068486926197729892e-01,2.155533850192740797e+00,1.052390621017228911e+00,-1.709349873541800013e+00,-2.623200061612922518e-01,-2.352874263923230291e-01,6.279715258450353499e-01,8.896012707172884504e-01,4.201583722688830846e+00,3.787937122986729133e+00,1.336812746620577919e+00,3.336449670045131821e-01
1.000000000000000000e+00,2.582956251596817410e+00,-4.341268871005488528e+00,1.118134642187051719e+00,-3.067631528309921585e+00,4.232756009910506378e+00,4.586311124177870902e-01,-8.184957088022908334e-01,9.013459602207591903e-01,1.828638900326396310e+00,1.009067439960056767e+00,1.660572634064695130e+00,6.824888280245118288e-01
0.000000000000000000e+00,-9.444141894485830191e-01,2.307143834600609900e+00,3.099818492417496962e+00,2.381185999932931008e+00,2.434035322348948149e+00,2.089325780254798648e+00,2.386719837950645129e+00,-6.153988748067602543e+00,-1.631017842558136532e+00,3.732493724317903494e-01,-2.269164055226130294e+00,-1.095557878276374186e-01
0.000000000000000000e+00,3.274497783783034244e+00,-9.622189563992461503e-02,2.369719563750412039e+00,4.141419597791025531e+00,-4.818872347606728557e-01,2.366113041593421507e+00,3.791687138611485874e-01,-1.070598256759897282e+00,-8.110027086331236257e-01,3.926298193069843734e-01,8.129163065562841073e-01,2.842885957379510664e-01
1.000000000000000000e+00,-3.008150353119759757e+00,4.146547776994739642e+00,-3.357561872317650575e+00,-4.343570746594688226e-01,-4.558770913120019364e-01,2.155195223676663829e+00,2.421344933041034597e+00,-2.629048191157680847e+00,1.922132801276354552e+00,-3.201457459955562079e+00,-2.114681038118095824e+00,-3.164721033280884832e+00
0.000000000000000000e+00,-3.177269470238307303e+00,-1.412811416553456434e+00,-1.463068568741957343e+00,-3.637231471873605404e+00,1.034744659184602567e+00,-2.126376674073367390e+00,-1.471697643434482394e+00,-4.822815829823580147e-01,7.048597455341414353e-01,3.445750623882804398e+00,1.867868086527340488e+00,1.123914026069391614e+00
1.000000000000000000e+00,-8.409457850981902904e-01,1.396703506203750500e+00,4.397487378063302810e-01,3.490872082794639564e+00,-2.959601360254475733e+00,-8.778232420242677581e-01,-2.382813505520039454e-01,1.117237689876228401e+00,-4.636120370533625135e-04,1.481775962647464251e+00,2.379130252969725134e+00,-1.649761216807679176e-01
1.000000000000000000e+00,3.679075616576083174e+00,2.521466953948665157e+00,7.374452814421262881e-01,6.777981399925309347e+00,-3.417451640736699492e-01,-2.481877058917193235e+00,-1.356498620243829833e+00,-8.791172490487035862e-01,-1.065985046280075066e+00,-2.972019009091961816e-01,-1.753091654725190462e+00,-4.138521594003265136e+00
0.000000000000000000e+00,3.626000549059371636e-02,1.615391973088696753e-01,8.081224812846465877e-02,3.347026273731768420e+00,1.502947958812224094e+00,-1.634943231401762453e+00,-9.904484246210452092e-01,-3.809345344163812097e+00,-7.805193256745059927e-01,-2.827186009472546502e-01,7.829957023633338231e-02,-2.037106409037768628e+00
0.000000000000000000e+00,-2.984711618684340984e+00,5.818720389902282797e+00,6.467486010570999699e-01,-5.822767750066348391e+00,2.279311625607665537e+00,1.470127934095331046e-01,-1.159848756383869972e+00,-2.320322908072455004e+00,-5.460676635078807184e-01,2.817282707556410859e+00,-4.849769861103650825e+00,-1.373346342591234226e+00
0.000000000000000000e+00,-4.259663679981758877e-01,-1.836039827552991666e+00,-1.529637385970852304e-01,2.947640980010508116e+00,-1.943333956680230568e+00,-1.559452281126273654e+00,2.098905464575406832e+00,1.857227351837788643e+00,-1.590655609442005236e+00,-2.351497522283063191e+00,6.871479606567132414e-02,1.175388435669191933e+00
0.000000000000000000e+00,1.127303379687753626e+00,3.653974160185329279e-01,4.384884322912814270e+00,4.584744734365519214e+00,8.204104630920734387e-01,2.129670933728924798e+00,1.522736681242226719e+00,-1.873546512644379991e+00,-4.252508632745119144e+00,-3.657346847802677381e+00,-1.425232084989301651e+00,8.218710540118445707e-02
1.000000000000000000e+00,-1.846879283647840708e+00,1.759619871952160519e+00,-8.404983939948318383e-01,-3.441567821585955311e+00,-7.183915866046926002e-01,5.153833184865133088e-01,-2.138407868618704910e+00,-8.556654315274672129e-01,1.867314593586216542e+00,5.635048994417291013e-01,9.420940094396412778e-01,2.065182535335163827e-01
1.000000000000000000e+00,-3.398484426687639726e+00,3.173239727609390215e+00,1.476193681828139592e-01,2.829751708080895600e+00,-4.494225902348762958e+00,-3.371652397250479716e+00,-1.144777748677573204e+00,6.789963190349030953e-01,4.927624700123532930e-01,7.173030010304517479e-01,2.023261560472183085e+00,-3.066810044239032251e-03
1.000000000000000000e+00,-2.948900255176327700e-01,3.323862990620980007e+00,3.387948482734648437e+00,4.049791849148159706e+00,7.872688150186794021e-01,2.658964776529049168e-02,2.220137445409184451e+00,1.485026077987791071e+00,-8.150279110802862714e-01,-8.931772995035491824e-01,-8.700115699616659537e-01,-2.933368940536131841e+00
0.000000000000000000e+00,2.191703305177484573e+00,9.644038576118479922e-01,6.041097983518317616e-01,4.028547933856330587e+00,-1.047522883996947485e-01,-4.704917199125608906e-01,-8.020903825031746592e-01,3.423635240018028103e-01,-1.423359718197460211e+00,2.699645239364917071e+00,2.845709642813962770e-01,-2.010916479836514448e+00
0.000000000000000000e+00,1.335158191488452939e+00,1.445705834467873263e+00,8.569026397873391598e-02,-9.622850602246669771e-01,8.656504394419863857e-01,2.231981295455042869e+00,-7.033616707214740416e-01,-6.372825372944126432e-01,-9.162872802729403743e-01,6.213824000688215055e-01,-1.528681944612106047e+00,-9.777992830763694299e-01
0.000000000000000000e+00,6.326199813449548959e-01,2.782859860586461842e+00,3.323776409478150562e+00,3.445249516475361151e+00,-2.112830392625370202e+00,1.457295818641755059e-01,2.534812919834207534e+00,-3.740643898217572705e+00,4.914466283991641760e+00,4.858648580495333880e-01,5.992952442364931631e-01,1.921071361845519299e+00
1.000000000000000000e+00,-3.460739945394286643e-01,3.549942885757711775e+00,2.011884435016336514e+00,3.675566265233996877e+00,4.753532102420897631e-01,2.264431945260633849e+00,5.330165262282172911e+00,1.745902247662777240e-01,-3.204940068019860311e-01,-1.425949321095291378e+00,-2.732107740219852587e+00,-2.121278538773284872e+00
0.000000000000000000e+00,-2.469522348002316292e+00,1.953780241427500064e+00,-9.583170824803237675e-01,-5.362809694027400598e-01,1.653195660898055364e+00,2.195797180668040749e+00,3.846084538315588386e-01,-4.434406202723748969e+00,-2.316263172018028005e+00,3.965314533195787750e+00,-9.316455215907460952e-01,-7.254343700001297801e-01
1.000000000000000000e+00,1.795909418828041115e+00,-1.331252899655057220e+00,-7.645493389141071461e-01,1.741179308943673565e+00,1.224024091742322629e+00,-9.896880892196465718e-01,1.256855618153292165e+00,4.129435992649552745e-01,-8.019621392433378126e-01,1.252289374863773119e+00,-1.275962028030256823e+00,-8.634501825474688586e-01
0.000000000000000000e+00,-8.899353676230650212e-01,1.705654176487949147e+00,2.866545028402420314e+00,-4.607413137900519651e+00,2.452561366732951775e+00,-7.910575841659372998e-02,-7.607115725645632320e-01,-1.181525485545565912e+00,-8.746776426834119711e-01,1.167522476951678767e+00,-3.129711622833800888e+00,1.315870067481610395e+00
1.000000000000000000e+00,2.540776955016108118e+00,-9.318772143987462897e+00,-2.314090427212106338e+00,-2.127908389549598045e+00,3.654874515358696563e+00,-1.162150844983996789e-01,-5.604546196298190175e-01,1.623004999466489018e+00,-1.178577204101128428e+00,4.657011281184812113e+00,3.695204101795387608e+00,2.596154373437117080e+00
0.000000000000000000e+00,-2.068436892277070172e-01,3.227111773004253337e+00,2.396602418883413854e+00,-6.834739044489885451e+00,2.211871126446361302e+00,5.459225083295826675e-02,-2.203455130791562411e+00,-8.193054861751972728e-01,9.381028042436865277e-01,2.809001540713577327e+00,-3.480046909871477023e+00,9.961845586352995330e-01
1.000000000000000000e+00,3.581988452003630474e+00,-3.781290633386497291e+00,-2.453107151203555603e+00,-2.095065357827759822e+00,2.725258593177144917e+00,-1.647835263480351031e+00,1.638803439880404111e+00,-9.215373440185603560e-01,1.668531836249779854e+00,9.725073060592237528e-01,-3.368934558297394410e+00,9.828893698903571341e-01
0.000000000000000000e+00,-2.806313563004335876e+00,1.179117766000204126e+00,-1.289218611533691661e+00,-2.132941521519481132e+00,5.832072260596865565e-02,-1.484510953432744529e+00,-9.253834679952339659e-01,-1.995992373946565035e+00,-8.281477473673242162e-01,9.871646928782503716e-01,-1.239660680827488148e+00,2.252498235400434146e-01
0.000000000000000000e+00,-6.844428890759635120e-01,2.741428762194126900e+00,1.730455976116025196e+00,-1.967851532232440137e+00,4.218878447191665160e-02,-6.988706331197975796e-01,8.938520960800790949e-01,-8.648252385848489432e-01,3.793429278120458381e+00,1.896249542270658672e+00,-8.901981843544252149e-01,7.956747743040232246e-01
0.000000000000000000e+00,-1.095294543670694010e-01,-2.157740741687412811e+00,1.906158048577226038e+00,3.133572356898534306e+00,6.860215262584886675e-01,-5.007643823432783581e-01,2.971730189745964257e+00,-1.566007561682163818e+00,1.788502200573503176e+00,3.074321836122950735e-01,2.100397239717325171e+00,1.516245342617988712e+00
1.000000000000000000e+00,6.584938164890951073e-01,5.253983822065926290e+00,3.035510847409063295e+00,4.003609369594757439e+00,-8.632307839519861581e-01,-2.316166969503575146e+00,1.173996538658813371e+00,6.938962084111166551e-02,-2.168996528899811871e+00,-5.517216854581508123e-01,-4.913043873831563602e+00,-2.122032828808054106e+00
0.000000000000000000e+00,-1.837223368692270320e+00,1.538734539498802123e+00,1.554053213857095050e+00,-2.754624074961321778e+00,2.406851225273799688e+00,-1.714066048373771078e+00,5.352192529420983780e-01,1.883325265265442638e+00,1.061297255119584282e-01,5.612797194255186861e-01,-1.799904293903307639e+00,-1.145444437896871559e+00
1.000000000000000000e+00,1.235124287959232348e+00,-2.911921844714114638e+00,6.537568747043287498e-01,-4.007513811966329498e-01,2.642184855910818086e+00,-3.307117824415263252e-01,2.559168883214211210e+00,8.230031152554633245e-01,-1.119981557027437624e+00,1.673798967893419753e+00,-1.462080088452300419e+00,1.137508308891412412e+00
1.000000000000000000e+00,-1.172988438913770137e+00,1.703092212290288288e+00,-1.268444932854511986e+00,3.403868515558848173e+00,-2.704543199208151893e+00,5.134579468085556542e+00,2.135618296523165593e+00,3.801861616328119364e-01,-2.464458606497090365e+00,7.336068901361887384e-01,1.855672180516863889e+00,-7.710096434034103829e-01
0.000000000000000000e+00,1.679389673452778453e+00,2.369421535350282326e+00,1.283184852751272143e+00,1.926653100473220581e+00,1.541981022903236020e-01,-7.306714354005698908e-01,-3.824705910787583596e-01,7.563177043531634780e-01,-7.927911953175388327e-01,4.547331738130090173e+00,-1.107924173360120168e+00,-1.377980174069126873e+00
0.000000000000000000e+00,6.221459059065168606e-01,-1.754005844873667064e+00,8.486977002619250365e-01,-1.621047761636058349e+00,2.685527536393621517e+00,5.663233514445014105e-01,1.824262184493145256e+00,-1.231079732310011998e+00,1.006322832466866490e+00,7.778820604083747092e-01,-8.578362018507507125e-01,1.133712617149693180e+00
1.000000000000000000e+00,-1.506591133501647306e+00,5.200267956260552715e+00,8.616319466707225150e-01,-1.078806775461467415e+00,-8.461733413494436640e-01,1.653231617582760826e+00,-1.733542266444789037e+00,-2.613883978372652184e+00,2.419156218682495307e+00,2.873970079900680652e-01,1.818719963046260268e-01,-1.555179092616078229e+00
0.000000000000000000e+00,2.374459231173668972e+00,9.988546370145661157e-01,1.707505485018687041e+00,2.995513352190344314e+00,9.323155104504654567e-02,-1.028243816846253988e+00,5.485886017143417615e-01,1.958041728296374018e+00,-2.313550058535527310e+00,3.181735673654347618e+00,-1.732573449526513709e+00,-8.649635210737525171e-01
0.000000000000000000e+00,4.366523334561577263e-01,-1.325174373086698498e+00,1.377402193473153957e+00,1.004866859752404196e+01,3.884087157201143725e-02,1.729299218021008500e+00,2.908002237719907956e+00,-2.108073813137710140e+00,-4.445490719934133139e+00,-1.080463274295176745e+00,2.355244601390687809e+00,-1.989508239523162914e+00
0.000000000000000000e+00,9.614864454081618605e-01,2.581891414425199649e+00,2.404359240875439951e+00,-7.805533096070964127e+00,2.280438329239716566e+00,1.367239900960228294e+00,-2.133203756692152453e+00,-5.129056965761564779e-01,2.061593259392906941e+00,3.107186874998539405e+00,-3.006094986151405912e+00,1.681036360127195373e+00
0.000000000000000000e+00,2.660747671999137864e+00,2.037121946115973081e+00,2.408848419997168477e+00,-4.008603339059182424e+00,2.224766507579634123e+00,7.894063880035318004e-01,-1.418372942546758164e+00,1.746397719347612121e+00,8.348593879652037586e-01,5.231731386919489246e+00,-2.147230163092952893e+00,3.496153665219736695e-02
0.000000000000000000e+00,4.219139265029329344e+00,1.814523339373156074e-01,2.470609320853144331e-01,7.724630251088037802e+00,-4.324905662123239569e-01,5.112460794263657071e+00,2.072503342620474864e+00,-1.071133629879539306e-01,-2.964689096247387745e+00,-7.272804143862048321e-01,7.798708238828981898e-01,-2.961801295179426141e+00
1.000000000000000000e+00,-5.062291232016272735e-01,1.732052404311355431e+00,-3.505433237807946245e+00,-6.058383572104602877e+00,1.344376973205514858e+00,2.218091780077505959e+00,-1.163938539038075426e+00,-1.780127577736577482e+00,2.273211097466754094e+00,-2.729525931224368041e+00,-2.753431912460320596e+00,-1.570865705694767911e+00
1.000000000000000000e+00,-1.086711343116922635e+00,4.878527623621428333e+00,2.084653868540820465e+00,3.311401726040563265e+00,4.470631469892401011e-01,-1.667431237611984862e+00,3.060403562844738801e+00,2.108862499633402443e+00,3.921288767148007892e-01,-1.102827424481821694e+00,-2.754858857263533523e+00,-3.938192055768239275e+00
1.000000000000000000e+00,-2.055630594753306006e+00,4.761678951280139405e-01,-2.145502498642777311e+00,-5.680646460203019998e+00,-7.810519757177203370e-02,3.865132909685560669e+00,-4.234850687236746403e+00,-6.846667121732046724e+00,1.730619666233105036e+00,-1.367733077337029979e+00,1.663039254436466052e+00,1.800487741397268859e+00
0.000000000000000000e+00,-1.116158769611340196e+00,-5.187764765521131416e+00,6.860904206558278151e-01,-2.705740801325866141e+00,3.621309632026100900e+00,-2.392278531456943469e+00,4.904548022964133613e-01,-2.621619274322681825e+00,6.337723508294765828e-01,1.540561744899096031e+00,1.021708223388965386e+00,3.230614400790595475e+00
0.000000000000000000e+00,-1.555773291857501794e-01,4.810454682927545189e-01,1.480521627273313046e+00,-2.805336693145147997e+00,5.618189916148762508e-01,-1.561317997846143113e+00,1.045109626823182758e+00,-1.333598065807338751e-01,3.039325219229949582e+00,9.590712827799945384e-01,-1.401166172313520031e+00,1.918257273086106274e+00
0.000000000000000000e+00,-3.861711957851598154e+00,1.489836572454568797e+00,-1.057381306704352486e-01,-4.825275349228135724e+00,2.367320499022244285e+00,-1.109479341178841949e+00,-1.745962200210456672e+00,-3.969281877655396418e+00,-1.135561605312028099e+00,2.636540992268703310e+00,-1.764877318012588736e+00,7.102877127819761105e-01
1.000000000000000000e+00,-1.340517034802072516e+00,5.705138565671590278e+00,2.331883439731591956e+00,4.063588067141006732e+00,-3.463860696768309211e+00,-4.655894214712801293e+00,1.014397449030289611e+00,1.142131886668326546e+00,-2.817400777058412853e+00,-6.268522060343673097e-01,-5.007352161938051438e+00,-8.211169925053727336e-01
0.000000000000000000e+00,3.256372901058814939e-01,-2.414010992890032625e+00,1.759614357077761149e+00,7.590316533292563728e-01,9.829495731563000493e-01,-2.050626820380323956e+00,1.838588639299738148e+00,-1.289690206843447928e+00,3.245640931543224639e+00,4.529411750665919278e-01,1.367881695651687490e+00,2.171243557553963921e+00
1.000000000000000000e+00,-3.025668165663635278e-01,4.905778284199270978e+00,-2.418359491688024665e-01,-1.987919381233616445e+00,-1.294245842083853848e+00,9.779991153864295850e-01,-1.185161025768304288e+00,2.112043579440399110e+00,-1.816797457179977648e+00,-7.858378162998539418e-01,-3.713115870913264338e+00,-2.072043504790173074e+00
1.000000000000000000e+00,5.027503551544000304e-01,-5.875894987445567930e-01,3.026470255137293286e+00,-2.131959840457096522e+00,3.210784963521109425e+00,-1.065323937039331037e+00,1.956129961745510570e+00,2.440680442321463417e+00,3.326859179989161142e-01,2.613939173400174454e+00,-1.564103216207304969e+00,6.513697924272783268e-01
1.000000000000000000e+00,-2.685541827821948058e+00,5.109707631542901751e+00,9.941475162636472795e-01,-3.495933018889242128e+00,-1.289820673103383442e-01,-6.492272546697170910e-01,-3.149841328369010540e+00,-9.967278177283638296e-01,-8.071836309875481952e-01,4.444158987412305528e-01,-2.162850678246793557e+00,-1.276070994580222662e+00
0.000000000000000000e+00,1.190731081861497342e+00,4.541216441668396442e+00,9.452144620839513234e-01,5.290667159365140648e+00,-5.005289141907427464e-01,1.615790696133847737e+00,4.119833471384017898e-01,1.139510633019671371e-01,-3.918703293756465200e+00,7.127740891548397517e-01,-2.316295676961241945e+00,-4.116288232636664546e+00
0.000000000000000000e+00,3.417121688441109306e-01,2.655118156033341226e+00,5.897906121546039326e-01,-4.824779290420726952e+00,1.814013836433136628e+00,-4.922926301214525235e-01,-2.881366784560062566e+00,7.709253936095823434e-01,1.110135061189308825e+00,6.054677750186762353e+00,-1.098643095482526588e+00,-7.170018838598762878e-01
0.000000000000000000e+00,-8.110743671941810229e-01,-7.744500616900912071e+00,-5.590657933355878129e-01,-3.701943094858259897e+00,5.776366649212953952e+00,-1.322052179511934433e-01,9.735354627025583074e-01,-3.346684315845620095e+00,-8.290912771699803230e-01,3.660452003496773354e+00,1.916268956779686672e+00,3.462650538865805316e+00
1.000000000000000000e+00,-1.968780455257799211e+00,1.965751667989743545e+00,2.608779940549315057e-01,-7.747043123120561647e-01,-1.758787476850545151e-01,1.496069005432965948e+00,-3.569237561184716023e-01,-2.674900329648409070e+00,2.988691473610289862e+00,1.163589415583067055e+00,2.295728168539025393e+00,-1.396241677474925336e-01
1.000000000000000000e+00,-1.205874752497182456e+00,1.449711612534009930e+00,-8.306119620795149316e-01,1.929310770187480983e+00,-2.634758826779118657e+00,7.669198176836113934e-01,-1.169859240038850112e+00,2.781425634205920705e-01,-1.593714316803462427e+00,7.484196076786637786e-01,1.679082643270047193e+00,-4.481271762516120249e-01
1.000000000000000000e+00,2.537729703017114868e+00,3.495629324523886527e+00,3.309639630799147136e-01,6.809471697648797672e+00,-8.724304548433394757e-01,-2.900353235654778761e+00,-1.716263137070996869e+00,-5.187839801246152405e-02,-2.331309463236280077e+00,8.117492583263810069e-01,-1.858409166659264367e+00,-4.680556389744420898e+00
0.000000000000000000e+00,-3.244180330204006868e+00,4.751600278037773073e+00,1.884446991860731391e+00,-3.771704821950545128e+00,6.298068120438635731e-01,-3.083508708029595091e+00,-7.288963770897338712e-01,-4.777458418980118360e-02,6.697435741555399780e-01,4.987303056957026470e-01,-3.559256312849127024e+00,-5.762188766001024032e-01
0.000000000000000000e+00,-2.437987321377227623e+00,1.276730338089553385e+00,1.419852460667443417e+00,-7.455399041528143478e+00,3.611710642685852957e+00,-2.706304495823302680e+00,-1.328387224949448608e+00,1.153409470569300765e+00,2.810717795949379649e+00,2.212660973282651877e+00,-1.489045550510094795e+00,3.128776158203550040e-02
0.000000000000000000e+00,-4.057204091389350342e-01,3.206312888212549783e+00,1.969546932924894023e+00,2.251950485263704671e+00,4.259609660893277638e-01,1.652246998350395568e+00,1.803499447546411005e+00,1.519460919466026017e+00,-3.234634368519991643e+00,4.524924988647478941e+00,-1.276401687278834407e+00,-1.540613426859574364e+00
1.000000000000000000e+00,-1.640245652758089534e+00,1.909769038185331835e+00,3.486803128455733702e+00,7.625423343720321157e-01,-6.215494558945799941e-01,-4.537234883959657239e+00,-2.381548403077298648e+00,4.009104699573319053e+00,-2.528844757520270381e+00,2.727043017139060055e+00,3.924269087924574517e-01,-3.972197493331447449e-01
0.000000000000000000e+00,-3.351958775520316181e-01,-1.520259567923095911e+00,2.827070979806471485e+00,-8.160191844612600942e-01,2.680265790984650565e+00,-7.830181079897285956e-01,1.733327685432490606e+00,-5.027199548385016037e+00,6.231432656759411381e-01,-4.060666875271996545e-01,-1.740798072553012332e+00,2.942476084249234347e+00
1.000000000000000000e+00,7.862296280002984972e-01,3.394914379177471631e+00,-2.677023789649781271e+00,1.371324373987199696e-01,-1.628489733068295031e+00,3.582107931957853264e+00,-1.124556968493820142e+00,-5.168989844476458373e+00,6.752766820013727411e+00,-2.766762848891134219e+00,1.829224655651944254e+00,-2.236247353143049565e+00
0.000000000000000000e+00,-9.746176411293494546e-02,4.361093450942135519e+00,4.214354104787550348e+00,1.298820162841633064e+01,-2.121811654328439989e+00,-1.407502712314952387e+00,4.483119891699231196e+00,-1.199083954753080272e+00,-6.697675393244636233e+00,-4.922284516218984329e-01,-2.953035172077766113e+00,-2.736081205523853477e+00
1.000000000000000000e+00,2.182558073597038462e+00,1.255857871343852628e+00,-9.752018712219534535e-03,3.985974402150171958e+00,2.698269274954055330e+00,2.399689971487335427e+00,7.030506696850225001e-01,7.675439380699333736e-02,-7.641375092196948104e-01,2.110133942907735927e-01,2.982475761820855276e-01,-5.142008578211933134e+00
0.000000000000000000e+00,-3.836599458962079989e-01,3.504465349164550769e+00,2.236227011458219449e-01,1.450355601620001211e+00,-5.254711398943261447e-01,-2.039774528576280055e+00,-1.113863504493088685e+00,-1.952002720079585085e+00,-9.238268079181227721e-01,1.971863885702085373e+00,-2.332319072800764559e+00,-1.487976367322700888e+00
1.000000000000000000e+00,-1.976434740046944860e+00,3.687031491521424176e+00,-3.445692681421275161e-01,-8.116637338065176843e-01,-1.739778340623368447e+00,9.787758045799519468e-01,8.484287181887908424e-01,-1.461312118665011539e+00,2.457209022178302060e+00,-1.216242978565213129e+00,-7.155757181376495302e-01,-3.574057916833192072e-01
1.000000000000000000e+00,-3.205061435926328972e+00,5.206881043647531904e+00,1.815702762284517657e+00,-4.199001756229277404e+00,-2.440745725926035670e-01,-3.584340187298140634e-02,-3.599522612461362403e+00,1.815067263229930283e-02,-8.465910627918398212e-01,2.334199123363640549e+00,-7.339748362787852365e-01,-7.254946672060142987e-01
0.000000000000000000e+00,-1.329499820615657413e+00,-1.743235373877880745e+00,-5.048720801680306458e-02,-3.330367791968828151e+00,2.526696265079593218e+00,-1.722293823345887542e+00,5.475935496595988328e-01,1.373685321547324367e+00,-5.804656232555598372e-01,1.444798823971253476e+00,-9.873283176787245319e-01,6.404667610621166407e-01
1.000000000000000000e+00,4.337523199538201091e+00,-1.329505881261838107e+00,-2.367543550311030476e+00,3.956277568118417243e+00,-4.794030548085028709e-01,-1.887012460696022575e+00,-2.305795516333391859e+00,-1.075648080372990201e+00,4.836637414162365811e-01,7.833925149429856738e-01,3.120161342225351575e-01,-2.112499295199323335e+00
0.000000000000000000e+00,4.357779563971581283e+00,4.543744681000114194e-01,2.820291379654129571e+00,2.619780159018875398e+00,9.428201310253504497e-01,7.556213647383520637e-01,-9.491062698384034046e-02,1.713975712371454740e+00,-1.351395230661439184e+00,2.101968857440608573e+00,-1.147328284708956092e+00,-8.616044204646640114e-01
0.000000000000000000e+00,-1.019886319399823771e+00,9.064822694028162875e-02,2.531346367575052270e+00,-3.120219670891115626e+00,3.902995786834009717e+00,-6.863384950783044669e-01,8.161832024311195255e-01,-3.780211732324660012e+00,9.075681254703426015e-01,1.974244390466763921e+00,-2.067433325472745942e+00,1.424321135761119184e+00
0.000000000000000000e+00,-7.233310071953392706e-01,3.537117884886445407e-01,1.146054110777210200e+00,-9.133990448926234684e-01,1.860249488790731709e+00,-1.008836482929503120e+00,1.089978290352279666e+00,1.155428880135911385e-02,-5.060909263556938598e-01,-6.653334298518724932e-01,-1.974470735214973072e+00,-3.639147436643663802e-01
0.000000000000000000e+00,-7.144784511211781375e-01,4.129041025525362896e-01,2.047328110512560251e+00,2.120953253168171848e+00,1.277074021569936102e-01,-6.200604946843566445e-01,-2.660989493355686575e-01,-1.024425307162832421e+00,-3.331963771789939521e+00,-4.126527552963592527e-01,-6.836864467073173746e-01,2.366502500971146006e-01
1.000000000000000000e+00,2.643207772173342462e+00,1.187388045351333465e+00,1.598047732752784000e+00,6.695236795111311423e+00,2.225064590156801136e-01,1.476328338297556275e+00,-8.972624846836585455e-01,-6.956813032497832783e-01,-2.080839255848625946e+00,-4.128381611678393348e-01,1.519214035132554930e+00,-3.547260469865411547e+00
1.000000000000000000e+00,-1.218222278208548115e+00,-1.195787312342527997e+00,1.498558113931772739e+00,-2.572262446982854556e+00,3.376595976308840452e+00,1.204933365488043417e-01,4.003434472103196029e+00,2.928244669510210230e+00,-5.519455242970627840e-01,2.314430079205821222e+00,-1.633605188123598229e+00,6.073012088973510636e-01
0.000000000000000000e+00,-4.909624769462874738e+00,-1.890432946907717682e+00,-2.849314170568209903e+00,-5.146535541108340439e+00,2.934038613065275136e+00,-2.786596002300765207e+00,-2.977121008355314569e+00,3.481588110962561267e-01,-4.001429843181223411e+00,9.599113502863861891e-01,-1.203930333151018717e-01,-9.494983568711621302e-01
1.000000000000000000e+00,-1.236370779737207215e+00,1.153174431147453438e+00,-2.192193955685741269e+00,5.439478934585139508e-02,-1.889094097957439322e+00,3.093673396300759215e+00,8.343885973466533823e-01,-1.261671802573908652e+00,1.488138685086128010e+00,-7.232217610869666746e-01,1.511015830672158611e+00,-2.057931884905355169e-01
1.000000000000000000e+00,-1.877878894071627780e+00,-3.146851377992325727e+00,1.629612960669675203e+00,3.385122875497167394e-01,1.232710107465769811e-01,-1.546959595415235977e+00,3.715023949535836145e+00,2.747861561474961967e+00,-2.825183162963694983e+00,2.184816488342339991e+00,-7.379238104040108936e-02,3.527281380943451339e+00
1.000000000000000000e+00,-1.007817590446941969e+00,4.114827946235758205e+00,-1.100741330014774366e+00,2.222941963291386047e-01,-3.176595872674906840e+00,1.934735657331154712e+00,-8.635374369933238592e-01,-1.357899278674360222e+00,1.408992513259658574e+00,-1.490237084105396015e+00,-6.159179091972522002e-02,-8.828652065662454529e-01
1.000000000000000000e+00,-2.372970251553654375e+00,3.443467390371122594e+00,2.247306403939196784e+00,-4.161233481587756522e+00,-8.872175977180011275e-01,-7.182132584583957868e-01,-1.682847862162634822e+00,-1.730408741065165623e+00,1.443060701951639269e+00,1.629683262367436214e-01,-1.444006154431491051e+00,2.024896672763625727e+00
0.000000000000000000e+00,1.994142839021021851e+00,4.114511309165320263e+00,1.352893560032492282e+00,-4.255308560255617323e+00,1.055603171697160780e+00,2.643704201257966346e+00,-2.293058869988941595e+00,2.358203105891321538e+00,-1.503823794940769787e+00,2.999648559286065996e+00,-3.379389444358856132e+00,-1.446392812076280787e+00
1.000000000000000000e+00,-1.537841679842239628e+00,-7.361198655048008244e-02,-1.055781974159493819e+00,-4.533170416379782353e+00,-5.120750868441774628e-01,2.184848033516817001e+00,-2.148786276404106133e+00,-2.034978772550107173e+00,2.732529402698773424e+00,8.432171907518388743e-01,2.498841836546148887e+00,1.877162023903314214e+00
1.000000000000000000e+00,2.132414120422871928e-01,7.741539301585099730e-01,3.029702153803527587e+00,-1.087339555585029593e+00,2.812870082681707018e+00,1.571724574697253018e-01,3.327428166894282668e+00,1.952257736272897226e+00,3.388502175850239162e+00,-7.766859309539788647e-01,-7.968887509019375592e-01,-7.739996209986518272e-01
1.000000000000000000e+00,-1.099305706855531195e+00,5.872052911120211327e+00,1.628563292939589235e+00,2.931128248079081011e+00,-3.161098730241148846e+00,1.513137792495725886e+00,-1.139138889782826736e+00,-2.254775791547776187e+00,-6.071277180035101750e-01,-4.208748824077840345e-01,-3.997381015643191038e-01,-1.277983597834358553e+00
1.000000000000000000e+00,1.059721514881711402e+00,4.712367361429359747e+00,2.572181293419183223e+00,5.008474977407816553e+00,4.448046324788009764e-01,5.605417008664890233e-01,1.694158413271142472e+00,6.114150508644672355e-01,-7.327594000666282081e-01,6.336201959345821866e-02,-1.785800583185334300e+00,-4.140586410714856669e+00
1.000000000000000000e+00,-1.582262949246138195e+00,7.195609438182749784e+00,-7.690655382966171683e-02,-7.337902209850869717e+00,-2.908860465761566871e-01,-1.166257249998701173e+00,-6.463583993342435718e+00,-2.109492752500185198e+00,1.313982119197685261e+00,-1.875801637798608423e+00,-4.387261093648330501e+00,-2.095294409829958848e+00
0.000000000000000000e+00,-2.045239623357836489e+00,2.262156264756531421e+00,2.765990437526886669e+00,-3.170807098386553502e+00,2.385260113089286982e-01,-4.462061677849428420e+00,-3.200330566062303816e-02,1.236107757874824742e-01,2.415342235793197290e+00,-7.630052938839955168e-01,-2.671715668450274972e+00,1.490435221080137707e+00
1.000000000000000000e+00,-1.056230615203474166e+00,2.096215594833283458e+00,2.838927491058547581e+00,2.819818835094996867e+00,3.130845239537879410e-01,-2.774535529408245438e+00,9.964517133261618920e-02,2.158115583077035993e+00,-2.613818931371249210e+00,-4.252227508867656436e-01,-1.144397437823099661e+00,-1.881748184118431366e+00
0.000000000000000000e+00,2.090962746394959826e-01,7.604657400633015873e-01,6.793019104628729155e-01,-2.447859714365516748e+00,7.822335454884251638e-01,-1.169528555459357744e+00,-2.573519409108127043e+00,-4.781164861373576880e-02,-2.054814817629861956e+00,-1.826468353374073317e-01,-2.261858442021186022e+00,4.738576697594876208e-02
1.000000000000000000e+00,-2.313658744890734198e+00,-1.991849011538301850e+00,-7.386084301747237735e-01,-3.335871569952857385e-01,-3.019415288095946837e-01,3.638745051107651118e+00,-8.763148977191503874e-01,-2.487429858619311318e+00,3.653421926407367515e-01,3.272014042448655680e+00,5.960342275800003087e+00,1.759968610357384833e+00
1.000000000000000000e+00,-3.092650948252903209e+00,4.546569044541415749e+00,-7.988125747903356277e-01,-4.740305403624462538e-02,-1.177175233601150950e+00,8.751451454299509214e-01,1.855696753167920487e+00,-1.522156181621104221e+00,3.491926509917274490e+00,-7.588711202715214821e-01,-1.022566700856863964e-01,-1.862049442422881729e+00
0.000000000000000000e+00,-6.739372131887599870e-01,2.885949961203303271e+00,1.153939947917499209e+00,-3.857767688115667504e+00,1.778299897054406831e+00,8.272010195826950962e-01,4.937946164614477329e-01,1.685785669360950756e-02,1.108269608838142739e+00,1.104099818374261632e+00,-2.751570546300925457e+00,-5.146476442783891603e-01
0.000000000000000000e+00,2.563476137140861866e+00,-8.807261904718030054e-01,-6.942598178987462454e-01,-2.649264854771678834e+00,1.531930094371342310e+00,4.377228047897036234e+00,-2.660696637117345276e+00,-2.197105475893270654e-01,-1.417310942587655109e+00,-2.362747533553118728e+00,-1.238629637851508258e-01,-9.551554817391932906e-01
0.000000000000000000e+00,4.335914865470180679e-01,-1.432279805350333834e+00,1.210370928737374063e+00,2.049139350393594849e+00,3.184991262090918207e-01,2.452973896202734760e-01,2.368651678244074965e+00,-2.663683687850822324e+00,3.938462384544891393e+00,3.662214342444571891e+00,2.957715119407438031e+00,2.008580468894379578e+00
0.000000000000000000e+00,1.343700406164733518e+00,2.109535947021778934e+00,9.073215883951316618e-01,-5.580001181163042334e-01,9.221072982136371277e-01,2.513328942769448293e+00,-5.699130638150351480e-01,-1.097979925212460461e+00,-2.156332343917195526e-01,1.096418523902593423e+00,-1.129886448450208469e+00,-1.026889732022415513e+00
0.000000000000000000e+00,-1.634490192473219361e+00,-6.332412585655338155e-01,2.114258765259183992e+00,7.199324894392767904e-01,1.173766578199444188e+00,-1.680594982712176888e+00,1.748142397270357140e+00,-5.561433280320110306e+00,-8.637323011503861281e-02,9.342054399409790433e-01,-1.308397503147564755e+00,2.947795013979664258e+00
1.000000000000000000e+00,2.908686882413356933e+00,6.475578889327614496e-01,5.687500058832164473e-01,2.521762528647839563e+00,1.537075993788155071e+00,-2.885445678079248122e-01,2.017536319053654381e+00,-3.832341808307533348e-01,4.770136059922933658e-01,8.753736500738191761e-01,-2.525462641404146780e+00,-1.666619671040115325e+00
0.000000000000000000e+00,2.653994433228212824e-01,-7.198011396500482384e+00,-6.394909062500828689e-01,1.398818583491898249e+00,2.651391790685209582e+00,-7.921115051708262911e-01,2.086050849729681023e+00,-3.702979040485448348e+00,-7.078817947054929505e-01,-5.528393616518689768e-03,1.949450729818969386e+00,3.178063474481495732e+00
1.000000000000000000e+00,2.761526638096160724e+00,-5.149533072786386612e+00,-2.195731992679151645e+00,-8.246930155374450067e-01,2.037616542230400007e+00,1.048696635453159054e+00,3.251326389104705950e+00,-1.406987018686705504e+00,-1.027541673087979612e+00,1.159152255051430824e+00,-2.339958311134044067e+00,2.681658721747252283e+00
0.000000000000000000e+00,-2.808670972261070098e+00,-1.695620966297571586e-02,5.027973174933313416e-01,-4.504511980491576750e-01,1.092311216976764365e+00,-2.185117742198662505e+00,-2.849863013893656483e-01,1.070794434551940455e+00,-5.245783648373580910e-02,5.081020054194906876e-02,1.329160100439326531e+00,-9.806381869089153547e-01
0.000000000000000000e+00,-2.441313699571924012e+00,-1.125963721557682318e+00,-4.194036039321115794e+00,-3.556113667546739077e+00,4.214231379568887936e-01,-3.507086728967629963e-01,-1.240229440093911784e+00,3.309313879070044706e+00,-2.274434679261341685e+00,1.112011309765719380e+00,2.849213640702246142e-01,-1.467472890375109529e+00
1.000000000000000000e+00,-2.894606032198408840e+00,4.077699434971150616e+00,1.014416151937489463e+00,5.069858575491287267e-01,-2.086915382826111554e+00,-3.096790662708286845e+00,4.057759687627005007e-03,1.314384078820154844e+00,2.305045249578491884e+00,1.069213046638996190e+00,2.889879644813739823e-01,-9.292528646089897038e-01
1.000000000000000000e+00,-3.679905655073111514e+00,2.221314950909443642e+00,-1.156926016090602971e+00,-9.088116758637293513e-01,-1.771586433227135160e+00,2.839958086154040107e+00,1.003924075047421205e+00,-1.058650048261543519e+00,1.428898427109182023e+00,1.004606704848614918e+00,2.414482621143711594e+00,2.047052732787124629e-01
0.000000000000000000e+00,1.589859063101495273e+00,3.278059004667970289e+00,4.628849645799102852e+00,-2.069950549493482672e+00,1.972279061695977553e+00,1.226102451884272693e+00,-1.295896764142951296e+00,-5.420668580926819580e-01,-1.119691128805738956e+00,4.889809889159335565e-02,-3.324479763150509193e+00,-9.849069723031711465e-02
1.000000000000000000e+00,-4.604711832750645328e-01,4.576970177709953624e+00,4.579598929179772959e+00,-2.215241262703193936e-01,2.128466265221041098e+00,-3.971930528355203993e+00,-3.563702891800615280e-01,3.360305490631891878e+00,-7.898740168226642266e-01,2.233930500268463071e+00,-3.363458487096036453e+00,-2.639995430005614097e+00
1.000000000000000000e+00,-1.836386988395468656e+00,5.020501558310856538e+00,4.172458343199034747e-01,-4.881419229375898894e+00,-1.708562509324434098e+00,-6.242586200315523026e-01,-2.756090496529587153e+00,8.002933825677183144e-02,1.299884913087036242e+00,-8.325789749153845731e-01,-2.628746553408610076e+00,2.693466725369897397e-02
0.000000000000000000e+00,7.325128513352473503e-01,1.829880927045023364e+00,2.297435325827863473e+00,-1.218067632263389655e+00,1.397989688166010103e+00,1.292057755194098601e+00,-5.573633926761789592e-01,-1.385486225149697992e-01,-9.882044343620973725e-01,2.244723387382844493e+00,-1.331434707660726691e+00,-1.505392435540522378e-01
1.000000000000000000e+00,-1.028928097802194852e+00,4.903873205489086118e+00,-2.218913616286683155e+00,-5.747529964521977952e+00,5.328814891410393884e-01,5.730726350266690527e-02,-3.227669890910424666e+00,-2.384664698506280267e+00,2.806203939690975702e+00,-2.968491633211518987e+00,-3.704493257048520061e+00,-2.698987016765384439e+00
0.000000000000000000e+00,-2.520070716164140023e+00,-3.027780516026845614e-01,2.071907556316941790e+00,-3.265449874126749474e+00,4.870822125589132412e+00,-3.173651461339636048e-01,-1.380191935575199036e-01,-6.556279924132698333e+00,-1.277180688015539189e+00,1.321894128594863549e+00,-2.167618529585229048e+00,1.303136874368519438e+00
0.000000000000000000e+00,1.326074301520825394e-01,3.100586933416160207e+00,3.742120816495959623e-01,8.641342534068584769e+00,-7.119587197100367693e-01,-1.979039235944334951e+00,8.003133095753689474e-01,-1.200551443891932912e+00,-2.879137064091715104e+00,3.183772242307527200e+00,-4.059289666485199621e-02,-4.155558153053708459e+00
0.000000000000000000e+00,-1.091158276650142644e+00,-2.030446110644443802e+00,4.459446506864098714e-01,1.813606294512768224e+00,3.687626665071515042e-01,-6.356753571398361391e-01,1.536834276801489985e+00,-1.356630126152317928e+00,1.449485166338286835e+00,2.036105555837392167e+00,2.938295291718393987e+00,1.271132993451291160e+00
1.000000000000000000e+00,-6.184232416826418444e-01,2.853842147741337598e+00,1.363287867806834974e-01,-1.755634056871088866e+00,5.780607279789573560e-02,3.115819978198210105e+00,-3.400274818033530710e+00,-2.046152079689188774e+00,-1.689674316455214154e-02,1.719594710458852038e+00,1.585187270703497298e+00,-1.295091859474971407e+00
1.000000000000000000e+00,-6.967678391115281755e-01,1.578626794256790644e+00,-2.474098531419480551e+00,-7.960181650745870030e+00,6.158929400380119823e-02,-9.568238249471057166e-01,-5.537740981483699088e+00,-4.256618197579178364e-01,8.393088300938881252e-01,-1.498635860419533561e+00,-2.280473578061374962e+00,-7.464930458376395350e-02
1.000000000000000000e+00,-1.839602358755084932e+00,-8.447206417353264607e-01,-7.524868344408607301e-01,-4.657547785591184208e+00,6.369077440432657777e-01,1.988757053589274015e+00,-1.460637826552014351e+00,-1.863307007730592879e+00,-6.464870853757329616e-01,5.259745012068213210e-01,4.060477852038764102e-01,2.109184138474168524e+00
0.000000000000000000e+00,-1.970734909509668231e+00,-1.764333477980083886e+00,-1.740990798746044455e+00,-4.828067446178943012e-01,-1.186232034303945415e+00,-2.945596003767076088e+00,3.166896182736314014e-01,2.551329344892128148e-02,5.444214081921491255e-01,1.697024738813272648e+00,9.692916334541634704e-01,1.823738880460442191e+00
0.000000000000000000e+00,-1.216407383186192792e+00,3.221501173092277792e+00,4.402744666698033882e+00,-3.021981738105500526e+00,4.502197064521469727e+00,9.539803478739727893e-03,9.722142125674689828e-01,-2.149372583683096138e+00,1.736881785330302019e+00,1.379386365417039073e-01,-2.778724120907088313e+00,-1.047927164230502139e+00
0.000000000000000000e+00,4.071665977700254402e+00,3.169650875740256946e-02,3.727670941089020751e-01,4.627996857578834389e-01,9.717414158308531613e-01,2.134008104235602055e+00,-1.872724652425742153e+00,-1.136270679676538498e+00,6.465378793248954814e-01,-2.760966315575361651e-01,-2.887810854162624619e-01,-1.145129595153303148e+00
0.000000000000000000e+00,6.134647471326433177e-01,1.686197549060549861e+00,2.252455206292360401e+00,-2.077880478187700497e+00,2.102992236310774921e+00,8.878185239916288607e-01,-1.565529431476126998e+00,-8.873638078861297851e-01,1.423105019589323561e-01,2.440932894484742377e+00,-6.238389439777142220e-01,-4.157895944540840327e-01
0.000000000000000000e+00,1.464750766184484299e+00,2.817216655180767138e+00,1.344799956929824569e+00,-1.530307313414499992e+00,6.467729812151430391e-01,2.694492951907709877e+00,-8.608981704606666341e-01,5.262828385925024666e-01,-6.475664155638973796e-01,3.178735561318453584e+00,-1.310985111579447082e+00,-7.640624020244144443e-01
1.000000000000000000e+00,2.848871710348397368e-01,1.007153761625602550e+00,-3.654392304698391492e+00,-3.658754569686416769e+00,6.242213294337906060e-01,2.059618669878005015e+00,-1.872522185229373193e+00,-3.299822825039162133e+00,2.943014501601691535e+00,-2.874652028272057347e+00,-9.630542662672511023e-01,-1.617195408197292794e+00
0.000000000000000000e+00,2.475767864570007637e-01,1.061894790586658255e+00,-2.413996544050520665e+00,-4.970220121684072012e+00,6.342140899350738881e-01,1.128516524571417712e+00,-3.924274332553004729e+00,-2.276205028179067114e+00,1.170196474056315328e+00,8.770896291221172980e-01,-6.454426407715296854e-01,-4.650107537278657110e-01
1.000000000000000000e+00,4.922964656664946759e+00,-5.856101455694703306e-01,-4.787285408089674288e-01,3.408290244200257391e+00,2.213351580133676055e+00,7.004201915544627788e-02,6.367459702693597512e-01,-2.052867688099200727e+00,-1.899849323647755384e-01,3.374869826846086385e-01,-2.697873068563178656e+00,-2.331947196584758686e+00
0.000000000000000000e+00,3.475492912538496793e+00,1.545484192507756926e+00,1.152212546128375648e+00,1.880045929528371129e+00,1.793392848730339662e-01,6.958300948378859374e-01,-4.748606737117625487e-01,-1.281633123691589438e+00,1.934484165044665804e+00,3.374920894226693502e+00,-2.314242773843010470e-01,-7.102451878967511734e-01
0.000000000000000000e+00,-9.306599201930887411e-01,3.009354414122777044e+00,-1.679025845837222697e+00,-6.806406191000651695e+00,1.699393008981287645e+00,1.536062973840384593e+00,-4.098608972353546598e+00,-4.144855185323078395e+00,2.713947286519199587e+00,9.881392865452480745e-01,-1.298096733636173727e+00,-8.821130996423196535e-01
1.000000000000000000e+00,4.485833103710512582e-02,8.663474576811689420e-01,-2.439007761291232423e+00,-4.616775322591948338e+00,8.325446973149952523e-01,4.286505111245357824e+00,-1.467197768004212755e+00,-2.255107389825730557e+00,-1.392148261414030586e+00,-2.026385100736066924e+00,-2.368503998651253717e+00,-2.813111930466435373e-01
1.000000000000000000e+00,6.742209445275544333e-01,6.162879438518292785e-02,2.148327298649231665e+00,1.721934218924104920e+00,1.025037542293081527e+00,-2.052978708639947136e+00,1.569318479465444227e+00,9.356200309267814763e-01,2.318045869027058892e-01,-9.842928458488280352e-01,-1.329813272392969425e+00,-4.256957615181227172e-01
0.000000000000000000e+00,-1.737110647901910720e+00,-2.315064109252420455e+00,-8.682702378593196713e-01,4.565581748527194783e+00,1.204437876965611887e+00,3.818097795759815005e-01,-1.499003821398172676e-01,-6.116077826373428117e+00,-1.279647708772691406e+00,-2.887154802690674149e+00,2.924627485537112825e+00,-9.842072799936043559e-01
1.000000000000000000e+00,-1.572189821109424734e+00,2.361291870333332987e+00,-3.722131661219896248e-01,1.952151139848291028e-01,-2.205096339018631113e+00,2.505090452507117149e+00,-2.744638837989604729e-01,1.083522391685576292e+00,-9.021123622628592909e-01,1.486184680959280247e+00,1.471905178848249118e+00,-3.160857769357248159e-01
0.000000000000000000e+00,-2.675331562638255889e+00,7.229012528670178961e-01,2.855247636441149872e+00,-1.997267986883068502e+00,3.012554261851871473e+00,-2.857583026967152051e+00,1.299726286417006715e-01,-5.505416898619967192e+00,-8.565046147567523249e-02,-3.156594688074834121e-01,-2.741386581942625078e+00,1.623816385721079891e+00
1.000000000000000000e+00,2.427583285543716052e+00,-4.757705694066048707e+00,-3.356179505255606266e+00,-3.529857454685052076e+00,2.835795051528440247e+00,1.636684463497235953e+00,1.186428833809282324e+00,-6.628720678527268984e-01,1.522047567784066135e+00,6.132523510731890948e-01,-5.888594120544041743e-01,1.077497980373177011e+00
0.000000000000000000e+00,3.756747614286171100e-02,6.336008914022304983e-02,6.963521487734276594e-01,1.896508925494427178e+00,4.272789380939722159e-01,8.677271308983507403e-01,2.152767352870716966e+00,-8.890368463676927568e-01,6.706621801899431690e-01,3.076609187370612508e-01,3.350562684059770202e-01,-1.207151556467127573e-01
0.000000000000000000e+00,3.088873845369763949e-01,-1.549036913967704487e+00,4.250884722284936856e+00,2.399166789743918837e+00,5.764479106487381266e-01,-2.158060751352029349e+00,2.744083340122643655e+00,-4.488555258650988478e+00,2.959528238647517018e+00,-1.539494645731025013e+00,-5.086766941867115754e-02,3.751172540165716551e+00
1.000000000000000000e+00,2.976547308377089252e+00,3.571134362769654569e+00,1.316724984287095612e+00,4.577269083988738885e+00,-2.038472535498241367e-01,-2.045374235912941874e+00,8.991394334176106007e-01,-1.135144944033713799e+00,-1.403858382069902433e-01,-8.112638132647598255e-01,-4.310990875485279261e+00,-2.743704056505779310e+00
0.000000000000000000e+00,-1.954858721967628998e+00,1.915920980162984177e+00,1.280520706630342564e+00,2.381326995198699947e+00,1.090796813252702613e+00,-8.792240396665986779e-01,-1.092111408511792225e-01,-2.261488535451543491e+00,-2.706687555836694514e+00,8.910027142559162616e-01,-6.972449160121265699e-01,-1.611473941604689042e+00
1.000000000000000000e+00,-1.574294213743036686e+00,3.135153238822089516e+00,1.489185322698287850e+00,2.905911419112132243e+00,-1.159289500566417885e+00,-2.450911917846546384e+00,-7.565748119227118096e-01,3.464019641583563569e+00,1.197230301776138983e+00,-4.869381363456033451e-01,2.090789415215675184e+00,-3.360868517733962335e+00
0.000000000000000000e+00,-6.526710961457411475e-01,-3.032780656336524494e-01,-5.681542760546065551e-02,-2.932286662668030175e+00,2.538196228318166270e+00,9.008782768163763333e-01,8.298107259571873007e-01,-2.133751212678542064e+00,-3.506950615672854710e-01,2.509935227538270475e+00,-1.671751035978652933e+00,8.554486880291322093e-01
0.000000000000000000e+00,1.214413570536854836e+00,-7.912757113340512793e-01,4.408988686254263767e-01,-1.850147948987636681e+00,1.329488436189367295e+00,1.851650898353072172e+00,-1.521676893260192953e+00,-7.945697126907024233e-01,-1.202896063947278993e+00,-3.791648465744648089e-01,-3.871055644158896136e-01,3.609028899176671690e-01
1.000000000000000000e+00,3.530365610682405286e+00,-3.442853972952091723e+00,6.659968738673669453e-01,-1.355568768044593364e+00,3.758019360007688103e+00,2.013724929143445586e-01,-1.388139012662237270e-02,-6.018463463771981381e-01,-1.295037819648810817e+00,2.229311973581103334e+00,-1.732969242856270853e+00,8.706488962818377253e-01
0.000000000000000000e+00,-1.822977420616238575e-01,1.737447208261499343e+00,6.708884049542402916e-01,1.758207377845148356e+00,1.185265789598646702e+00,-5.128824107371126040e-01,-1.858180913590517402e+00,-3.187707919039121318e+00,-1.543798564293454634e+00,-1.371119544285605674e+00,-9.516973315741383832e-01,-2.217199981794045094e+00
0.000000000000000000e+00,2.364991792183855246e+00,1.674558633865214752e+00,-4.702516093990871671e-01,2.163749156287050113e+00,4.813041129101859328e-01,2.877882955984336188e+00,-8.195851953746762231e-01,9.978479241660598298e-01,-3.711888433692418943e+00,-6.933560318908389419e-01,-1.706966516199677208e+00,-3.291062331880360681e+00
1.000000000000000000e+00,1.046128248354892598e+00,4.102166746665581343e+00,3.361627551485841803e-01,6.746554331741088539e+00,-1.999289262412450530e+00,-3.944202633024052940e+00,-4.495839059464612486e-01,1.066231878699710478e+00,-2.725023252360153636e-01,-6.863761774150836104e-01,-1.315121375560842409e+00,-4.478410266380818960e+00
1.000000000000000000e+00,-2.712685044188937411e+00,4.595812663932472120e+00,8.184875470996955116e-01,-4.002498845579962050e-01,-1.811897367792181246e-02,1.415690737033736379e+00,6.007639954796073489e-02,-1.963638748614838336e+00,-1.360089397134006006e+00,7.794579521219313634e-03,-1.808372246142095907e+00,-1.588166776057360563e+00
1.000000000000000000e+00,-1.790790621647716074e+00,1.776730131433953863e+00,-1.478763548635073644e+00,-3.917277414126961510e+00,-4.048850054449788516e-01,-8.394255821824347930e-01,-1.280201284578363685e+00,4.978074153011120551e-01,6.428811511973426818e-01,-7.579782099541201301e-01,-1.656909511611872610e+00,-2.834908349307300179e-01
1.000000000000000000e+00,3.179687972394656725e+00,4.890818474096833235e+00,-1.765148528416693452e-01,2.050094068262418467e+00,-6.703338977743305005e-01,1.475388390572387465e+00,2.379758040432915500e-01,5.026433581391700489e-01,1.922600791623022554e-01,-2.561869840743024263e+00,-4.322195583725657819e+00,-4.006966062834962372e+00
1.000000000000000000e+00,2.933090769685535726e+00,-1.546849604792424948e+00,-6.765494580789961354e-01,1.686562341385512351e-02,2.833199329310549963e+00,-9.652965252607250690e-01,-1.791815931875651025e+00,-4.730421686198615916e-02,1.351084427356543660e-01,3.435135809861681322e-01,-5.205719455447926913e-01,-2.239250052915806144e+00
0.000000000000000000e+00,-6.518294189164208774e-01,3.687941960120929785e+00,3.142764787499709556e+00,3.781364710300840759e+00,-1.908743417478862892e+00,-3.321469418704892096e-01,2.576255496870039075e+00,-2.418523041018755038e+00,-4.692193686487808879e-01,-3.729964270764694945e+00,-3.031534364954233229e+00,4.052567966200463223e-01
0.000000000000000000e+00,1.075463042148640191e+00,2.230672014947050474e+00,9.938628630959253085e-01,6.838093846207352833e+00,1.031719582760087128e+00,1.951330282159849938e-01,7.673037832432361149e-01,-3.194944974228216772e+00,-1.798455179834874240e+00,-1.889604073595307909e-01,-5.451293062183502069e-01,-3.861466259545804025e+00
1.000000000000000000e+00,6.556695622961412617e-01,1.504968822722525523e+00,-8.466889580194014719e-02,-7.907543511728383212e-01,1.669245203771600350e+00,-2.609810478519178023e+00,1.600630284776241252e+00,6.939777446148963636e-01,7.857479927826409583e-01,-6.606339999999966128e-01,-4.371035084271319704e+00,-1.625724784139968460e+00
0.000000000000000000e+00,2.780914257518378729e+00,1.592081582257420580e+00,-1.524561004261938635e+00,-2.194717193833413571e+00,1.082476842782944537e-01,1.351130692469546313e+00,-1.971832025162999047e+00,4.400781557589753312e+00,-1.416146467674050280e+00,6.122341589548662810e+00,-1.121994061056785341e+00,-1.821137554365634070e+00
1.000000000000000000e+00,2.162630822883451209e-01,6.099129786290363731e-01,2.297190611343238764e+00,4.163492075089281208e+00,-1.175653431076641997e-01,-3.471510644638240883e+00,-9.191606930658577923e-01,2.847786330114772113e+00,-3.118140056534987270e+00,3.251259534843196075e+00,6.310077827201452383e-01,-1.467682897501636274e+00
0.000000000000000000e+00,1.077476885037196963e+00,1.543285959376577532e+00,-6.583135371572805816e-01,8.870641039776028691e+00,-1.924602916916988260e+00,-1.226913600059281517e+00,1.451982834820535473e-01,-3.924020928552538034e+00,-1.955437351908961618e+00,-1.114250141035604269e+00,1.328784701479632790e-01,-2.773566158221063560e+00
0.000000000000000000e+00,-6.392630538530532647e-01,1.999859821124204684e+00,-4.919555656778653585e-01,2.653623340102828632e-01,5.054095793458825980e-01,2.015398047637992907e+00,-1.043311993931375303e+00,-4.226410055531784948e+00,-1.001483414397021710e+00,-2.713678336143459990e+00,-1.277188349559793989e+00,-1.451744807655976466e+00
1.000000000000000000e+00,3.119022429760742288e+00,-5.594504916965847841e+00,-3.077240347096010353e+00,9.896618242798840281e-01,1.783575844216523265e+00,2.746338692869906506e+00,4.227282383034250302e+00,-1.722126105801256468e+00,-1.435545219445837350e+00,1.801060947960021474e+00,-1.275454818943439150e+00,2.151718087007564506e+00
0.000000000000000000e+00,8.845495352354839635e-01,8.542580554158160089e-01,-1.635115354316241998e+00,-6.540488622634200055e+00,1.240426657187083226e+00,3.728688230794545699e-01,-3.827136579136908523e+00,-1.200278240708823496e+00,2.519013106637763677e+00,3.100593187542807438e+00,-7.931957833010754300e-01,3.608380812064382326e-01
0.000000000000000000e+00,-1.924698846033257027e+00,2.092347446785653542e+00,4.778560272193174141e-01,-5.495378792905432519e+00,1.922839712791104994e+00,1.881310796291776999e+00,-2.469954132028325589e+00,-3.913425711632712023e+00,-4.694614905112173275e-01,-2.359665067681638639e+00,-2.315908405770127132e+00,2.513227437496634575e-01
0.000000000000000000e+00,-1.164025684762806101e-01,1.182048051837846780e-01,3.628656611271341426e-02,-5.015201398807057842e+00,2.111030571263931677e+00,4.649954138977442364e-01,-3.323591050821853354e+00,-2.301908837907752137e+00,7.856784252259607637e-01,2.099222817078503223e-01,-5.481139870843892981e-01,3.946267436034069931e-01
1.000000000000000000e+00,-9.742444174230291409e-02,-1.200697238996256688e+00,-3.244127533441810041e+00,-2.906547861696330948e+00,-2.176776625172428759e+00,2.584297167908295112e+00,-3.357844040197975888e-01,8.983154617444544243e-02,6.864526763939013954e-01,-1.660166863666307391e+00,4.580217700447271056e-01,1.776775253394863086e+00
0.000000000000000000e+00,1.054359613714944910e+00,1.250451206085403610e+00,2.582831537487414231e+00,-2.862998326626725376e+00,2.497471849415103584e+00,3.079945511314043038e+00,-1.686615013345089675e+00,-2.247406943917448441e+00,-1.040254597560799299e+00,-2.440438584796509325e+00,-1.884098795426584205e+00,-1.487352029224341399e-01
1.000000000000000000e+00,6.930665959367455775e-01,-2.173757953656118680e+00,3.441126515154552257e-01,-4.919709114471314537e-01,3.137491101635972779e+00,8.402161292136085535e-01,1.136272249800362344e+00,1.618116039995332045e+00,-1.190684201536810871e+00,1.974748647195573970e+00,4.006847920372627048e-01,-7.973454974354921010e-01
0.000000000000000000e+00,-2.595768624503745237e+00,2.920451317381385081e+00,2.995344317652365085e+00,-2.402660349117922145e+00,1.888846465153420251e+00,4.943025925424140432e-01,-1.078857965539229191e+00,-4.876950142057787652e+00,-1.340705626363160929e+00,-2.677733183714610998e+00,-2.734648314170085914e+00,4.421084668900843173e-01
0.000000000000000000e+00,-1.183781347490787006e+00,1.282327819232977673e+00,2.261879222342856544e+00,5.859749708475849417e+00,-5.878641572930258796e-01,-2.443503535824238071e+00,1.014843503448397133e-01,-5.148384695998831084e+00,-1.163141413828919335e+00,-8.481974213250769168e-01,2.323730070088483313e-01,-1.960135498420029210e-01
0.000000000000000000e+00,-3.005396588573197025e+00,3.062527817221730952e+00,7.475748094028278334e-01,-6.480848969530296877e+00,1.974879508316090604e+00,-1.910486074119605027e+00,-9.958313027935870032e-01,-5.920736884184600868e-01,-1.953003112077071890e-01,2.930232077516392586e+00,-3.862010901610489544e+00,6.116590241415913454e-01
0.000000000000000000e+00,-3.378270908787508908e+00,2.813569183288763487e+00,-8.919452766835944679e-02,-3.395719497124861430e+00,2.352110566756943300e+00,-7.530152308666078209e-01,-2.317339259369279869e+00,-3.661752635151395374e+00,-7.432569674938271920e-01,1.089398827076717868e+00,-1.481022645471429922e+00,-1.471001593638217031e+00
0.000000000000000000e+00,2.649387193438206722e+00,-1.500316269468110919e+00,-2.824403324689099826e+00,-6.035102270101871946e-01,-1.276736128349740262e-01,1.889587046596706621e+00,-3.247846477821752842e+00,9.926074242177953533e-01,-1.394658033894586646e+00,6.688243262343067652e-01,1.175710144925831369e+00,-1.400951241556875448e+00
1.000000000000000000e+00,-5.682360159679882283e-01,2.466735432140123141e+00,3.688233672273780517e+00,2.142846597043802870e+00,1.905179198219034920e+00,-2.089399742439632668e+00,2.001064453289275180e-01,3.463557705012610732e+00,-8.841617714191141175e-01,1.666566978378722252e+00,1.415301186023465441e-01,-3.068708883782134578e+00
1.000000000000000000e+00,-1.528621633263851809e+00,2.563185783832559128e+00,1.404991485938177131e+00,4.515944131792006822e+00,1.277518915666953081e-02,-1.491428967590870069e+00,4.590797985990954899e+00,1.898131270544777038e+00,-1.948517604035002515e+00,-5.909427914934242132e-01,-2.641355411189600488e+00,-2.239446908922536394e+00
0.000000000000000000e+00,-1.029194345590669801e+00,-5.883782840834459016e+00,6.643515406751996366e-01,5.876598164515340894e-01,3.489544811061387808e+00,-2.247745642267875432e+00,1.513549710590308628e+00,8.756177951451931118e-01,-1.061100702185707956e+00,-1.295736204770940869e+00,2.265488125517796103e+00,7.816596319372081103e-01
0.000000000000000000e+00,-3.003298356331371544e+00,-5.416661695189432635e+00,-1.609674000986467846e+00,-7.594105650839361843e+00,4.505480529318164784e+00,-4.197239744242761361e+00,-1.760197190186614247e+00,7.845760372277221784e-02,-1.081140191308639142e+00,2.901459574970470356e+00,-1.768216931829345029e-01,2.632571829330188518e+00
1.000000000000000000e+00,6.017699254141657406e-01,-6.075284875114925764e-01,-1.287682185614590802e+00,-8.634971416266242761e-01,-1.048544004785924244e+00,-7.204229100945074293e-01,-2.895310574736090992e+00,7.798736573966600361e-01,1.453316234394738560e+00,1.167682283404773536e+00,2.391728476438267581e+00,-1.300379048688596884e-01
0.000000000000000000e+00,-6.389123069550776135e-01,3.527633840570416068e-01,1.109952651026893777e+00,-1.290521020383035844e-01,-1.570273775923537229e+00,-2.157499857982185354e+00,1.477759893285903070e+00,7.102791123788170236e-01,3.263981507703061613e+00,9.747022853771502016e-01,4.978923063483402522e-01,2.043284217152720128e+00
0.000000000000000000e+00,9.799724942402630035e-01,-4.946230529013444510e+00,3.079185724556566806e-01,-1.904295007724582156e+00,1.626867280126855775e+00,-1.473005910239558069e+00,1.330533307635693774e+00,3.627511528972346966e+00,5.351013534196316535e+00,2.973117094512551795e+00,4.736519963775219999e+00,1.938192253044944913e+00
0.000000000000000000e+00,-3.181303531898227455e+00,8.871080545094828240e-01,-1.711791510510234815e+00,-8.051486149028417305e-01,1.530340228652833146e+00,-1.412077474102161112e+00,-1.396012942046322980e+00,-2.704246202582982761e+00,-2.013793594531307463e+00,1.266265945967910422e+00,-4.811051059610781389e-01,-1.673158903075359749e+00
1.000000000000000000e+00,5.063809463232367136e-01,3.939340053943776621e+00,-4.448686538194844831e-01,-6.154220624780883109e-02,-9.959155851802623527e-01,-9.386605345427501135e-02,-2.256223092824809928e+00,2.609603069328358949e-02,-2.481554494371747133e-01,-8.966782364054237675e-01,-1.946819163652634632e+00,-2.601944302124080899e+00
0.000000000000000000e+00,1.914207517427342076e-01,6.376075088093950960e-01,3.490902645834825790e+00,4.942693707302690420e+00,4.446513392820197197e-01,-1.531389876345054191e+00,9.241318940725520292e-01,-3.056608748801099118e+00,-1.276408117747465765e+00,1.013917622411479869e-01,-1.763736667990229989e-01,1.966902517118245264e-01
1.000000000000000000e+00,-2.466504985667853145e+00,4.907943287187756631e+00,3.966108779157556441e+00,-1.892855549530130466e+00,-2.638559554931385609e-01,-8.698249192180107503e-01,-3.302360019781986900e+00,-8.930053332709733116e-01,-6.940336790266510292e-02,3.294317804144481165e+00,4.243271028371156106e-01,2.866690445602793069e-02
1.000000000000000000e+00,-1.634346870005848995e+00,-2.020653085908762081e-01,-4.052663693818191248e+00,-1.971304542485538214e+00,-1.203075695589137073e+00,4.793303066329619000e+00,1.153020548713005411e+00,-2.379827986131738626e+00,3.330864347109372847e+00,-1.152517568477567478e+00,2.682212186921776098e+00,1.245513771550863513e-01
0.000000000000000000e+00,1.249019184062690968e+00,1.126726813315708231e+00,8.342075375805420023e-01,-1.368516570998010273e+00,1.426018403076342089e+00,1.349691488523142358e+00,-1.790960570150597508e+00,-2.250223853970751087e+00,9.999283291352043523e-01,1.528570837838871599e+00,-1.269931557770288544e-01,-4.666312523195457196e-01
0.000000000000000000e+00,-2.029757054648764658e+00,5.414747970643913000e+00,3.192151939516310932e+00,-2.585167549753264904e+00,8.860284681429279052e-01,-4.622036518234534652e-01,2.902481097363562856e-01,-3.894708319140661512e+00,2.305868613409014056e+00,1.724734072431747478e+00,-3.136520241267254594e+00,4.792915629219767215e-01
0.000000000000000000e+00,1.066112730072090731e+00,1.392015767797462944e+00,8.427822536635223294e-01,-7.058150133710814345e-01,9.669684163211105243e-01,1.303601693280308726e+00,-1.664399088674099580e+00,-1.689776275649026882e+00,-5.813225450808414685e-01,8.374899464350005207e-02,-9.914874358601725168e-01,-7.668469370971998655e-01
0.000000000000000000e+00,-2.325288332724521290e+00,6.731003091880703337e+00,5.006943413611864013e-01,-2.643420701234761250e+00,-1.362053427974171171e+00,7.493866239366786530e-02,-3.362383009349547702e-01,1.030446015552121342e+00,1.632933285006852309e+00,3.329229490170334316e+00,-2.107881476109681351e+00,-1.580523245911980901e+00
1.000000000000000000e+00,2.104468784065833820e-01,3.496639978785494929e+00,-1.473153121953496569e-01,1.951366274142614765e+00,-1.539436902006995567e+00,-1.323285230492230458e-01,-2.722973178143781592e-01,-1.674059433447122824e+00,2.432900021513452415e+00,-1.335596855441435249e+00,-4.667697764314314712e-01,-1.896096738893431999e+00
0.000000000000000000e+00,2.965302520753946958e+00,7.559928221540258564e-01,9.587165906668360105e-01,-6.369433323465378827e+00,3.105185956452970686e+00,3.596680063307581054e+00,-2.616628029782369858e+00,1.275510855966338397e+00,1.850455080754636938e+00,4.299926147375158436e+00,-3.536777173224036064e-01,-2.215062141192921663e-01
0.000000000000000000e+00,-1.326762222312807715e+00,6.900261961154673385e-01,1.222287495254406053e+00,-5.306582280307536870e+00,2.062404997598752843e+00,-1.322041818984517558e+00,-2.187801791511974514e+00,-1.444728563888741490e+00,1.711948160908245420e-01,1.522004678121586130e+00,-1.754076611909619832e+00,1.338294006095084754e+00
0.000000000000000000e+00,2.038921990466321166e+00,-1.097151026456984590e+00,-3.013085165580053904e-01,5.439516420586270939e+00,3.583883682552368999e-02,1.801864505279600515e+00,-4.678753789526546303e-01,-3.428850960989869190e+00,-1.889844369716546124e+00,-3.221002382275572451e+00,1.083212062160978206e+00,-1.703759097547733692e+00
1.000000000000000000e+00,-3.895697359520091663e-01,6.248034629807781570e+00,2.658570996689479937e-01,-4.215907552431415795e+00,9.554799064874446302e-01,-2.676147485448389318e+00,-2.658670037469496261e+00,-3.659302632186839377e-01,1.784469061160161019e+00,-2.228511877413394515e+00,-5.732372792236316350e+00,-3.352618158734655740e+00
0.000000000000000000e+00,-2.542281554820103651e+00,1.825368728900629844e-01,7.389312302047394976e-01,9.573539249393951067e+00,1.023136091685764804e+00,-2.917031703995855541e+00,1.303153483889953002e+00,-3.568985390472496633e+00,-4.716826649268602623e+00,-3.731956335415964610e-02,1.369835913751756173e+00,-3.596125823583349312e+00
1.000000000000000000e+00,-4.177685701198876167e+00,2.794407991532611213e+00,3.389239941420996161e+00,1.144358445441080230e+00,1.242135216063357861e+00,8.758158692957083158e-01,4.461193497003767661e+00,4.326819912874524832e+00,-5.578547743925368341e-01,-5.467462270024463500e-01,6.940828800306364510e-01,-2.050893902505077193e+00
0.000000000000000000e+00,1.864928749400558194e+00,4.659208053515220271e+00,2.108947913113393469e+00,-4.805695099794875524e+00,1.142133501145005559e+00,5.115255494687920290e-01,-1.933716791038246230e+00,3.486629501066401460e+00,-3.436267838071616065e-01,6.515926794744622441e+00,-3.638113529099380905e+00,-8.538225855753057703e-01
1.000000000000000000e+00,-7.644311709024471657e-01,1.694750559934363299e+00,2.196291667740266185e+00,1.627480695508176645e+00,1.966108521540070431e+00,2.016599389913698470e+00,1.465540178679979100e+00,2.027405850593911651e+00,-1.610596795949479132e+00,5.343221220094456214e-01,5.887100912462692737e-01,-2.696744116207952402e+00
1.000000000000000000e+00,1.272301350419100530e+00,-1.642811195813397296e+00,1.359362626852179456e+00,6.651687460995892032e-01,1.544035071684413563e+00,-3.709008523019980075e+00,-1.757022748075847129e-01,2.518309892818043405e+00,-9.972152469064989866e-01,3.580658762091779135e+00,-4.786372127761251427e-01,1.337321286863473180e-01
1.000000000000000000e+00,1.708440051521794345e+00,-2.853684982043720009e+00,-2.764254371165286717e-01,1.435997511702294949e-01,1.088603172080724102e+00,-6.469274317846784861e-01,3.776571671463178070e+00,4.716966505814801369e-02,-1.569636796722413408e-01,1.594456653284819669e+00,-2.446250833882932518e+00,2.335963586191154739e+00
0.000000000000000000e+00,-1.278610342979122461e+00,2.465091419679936169e-01,7.430230861139944798e-01,6.034212689596557544e-01,1.441491131996305741e+00,7.692119854246151078e-01,1.652916379018516402e-01,-1.621636108057691095e+00,-1.979362094847166187e+00,9.553909125097572730e-01,1.274772677930817721e-01,-5.168956848514923985e-01
1.000000000000000000e+00,6.671876992491734271e-01,3.727070821428118963e-01,1.992857951677868389e+00,3.043775595114372123e+00,-1.498817074152139384e+00,1.253859001813401042e-01,-3.963592742960908577e-02,2.312833978662994561e+00,-2.503255537255774765e+00,2.618416829584405914e+00,1.243626955230398679e+00,4.366743004804662931e-01
0.000000000000000000e+00,-1.961333565570211324e+00,-1.952907877859545227e+00,8.661367892599319829e-01,9.542628319369585554e+00,-3.659171958731675112e-01,-1.323196920688426204e+00,9.659926629982718005e-01,-5.719681648154001152e+00,-4.356257283435655658e+00,-4.608956362302278897e+00,2.304421519132686669e+00,-1.070985455376860296e+00
0.000000000000000000e+00,-2.129404180694116633e+00,-7.519758578375255187e-01,-1.335281662372136413e+00,-4.475388295720113874e+00,1.219368497527139050e+00,-1.847890358594952875e+00,-6.574547172277467322e-01,2.945394913194134823e+00,3.006481874568504020e-01,1.985131516898565929e+00,4.096664860715404366e-02,2.686986200281893389e-02
0.000000000000000000e+00,-1.012353551350401171e+00,4.655005955682154806e+00,2.881252136026097865e+00,-9.695627960048718297e-01,-5.643936078116040811e-02,-5.507709643579554726e-01,7.915905890879213480e-01,-4.977902347851614895e-02,3.161913307352222535e+00,5.813220057135906060e-01,-1.380049323146896434e+00,-6.975360167749136142e-01
0.000000000000000000e+00,1.836768962002457206e+00,1.919062687746721618e+00,8.393877569131228400e-01,-9.236654109047188754e+00,2.152137565230568761e+00,4.263143147226420737e+00,-2.981437210632774892e+00,2.984667861716651327e+00,-1.712614045188251888e+00,2.879905250793266536e-01,-4.002701425656184142e+00,4.098257967250695799e-01
1.000000000000000000e+00,-1.792958385041791392e+00,-2.139598832008565044e+00,-2.783204494142174301e+00,-9.767931899720506905e+00,4.375148966642103954e-01,1.543675415818419383e+00,-5.876688721197732335e+00,3.445724926921631681e-01,-2.864603565688308429e+00,8.899096065749292350e-01,1.060825428052940556e-01,2.805553163082706636e+00
1.000000000000000000e+00,-2.689576387916207345e+00,-3.495941082727992644e+00,-3.923094356046312292e+00,-1.023389406592401940e+01,3.553775597775130635e-01,5.945367459488679618e-01,-3.695962267050030725e+00,-6.088699082154621633e-01,2.319141557962903777e-01,-5.054962649163308175e-01,4.762556827687747241e-01,3.865359358900005482e+00
0.000000000000000000e+00,2.569989518314764743e-01,-1.787341520824427654e+00,-1.146722385603459404e+00,1.211463865621268177e+01,-1.732204773799896458e+00,-2.675262620432274030e+00,5.585813728342767792e-01,-3.781136529203228402e+00,-4.365304138233351061e+00,-2.875190321960634510e+00,2.124961795709677137e+00,-2.796255750009352337e+00
0.000000000000000000e+00,3.158033795919678255e+00,3.902073392767523963e+00,1.897717652433517532e+00,-3.833878122003188782e+00,1.927409919765954438e+00,1.467153590357290094e+00,-2.410546903945019803e+00,2.713852235367393284e-01,2.026273441058944691e+00,4.320561796880776129e+00,-2.539269331197523183e+00,-1.346713737645499176e+00
1.000000000000000000e+00,-6.244619028759433865e-01,3.208570975099879874e+00,-1.922286459842406536e+00,-3.997637182948851731e+00,6.101396290201888117e-01,7.502864665503472530e-01,6.278101771047908120e-01,-3.602335378968495760e+00,5.729269764057970171e+00,-3.787189722349170395e+00,-2.882988715010393665e+00,-1.237286849851845005e+00
1.000000000000000000e+00,2.345434109600701866e+00,-4.250926568399552297e-01,3.128849144398077042e-01,-2.612819138798397334e-01,2.660626089808271644e+00,2.124267285604232391e+00,-1.262020369625796334e+00,9.424209793976308092e-01,2.657864776005072205e+00,7.300442617694495873e-01,2.607103229279465584e+00,-2.838149924222828080e+00
0.000000000000000000e+00,1.024384587474272745e+00,-2.250047047913677378e+00,2.182472113693755045e+00,1.421809816143387195e+00,4.706946067987882731e-01,-1.227055077770022873e+00,3.796526893508674672e+00,-8.012518271753268362e-01,1.605910260535798884e-01,-1.672369433665005900e+00,-2.108681399949652313e+00,2.988975963377414224e+00
1.000000000000000000e+00,1.397971569769446365e+00,-2.281352056948142248e+00,1.024741266186089517e+00,-1.298591840250534091e+00,1.655874870920401198e+00,-1.544585479323010713e+00,-1.452006934445659425e+00,1.371050532967812208e+00,1.371288217977564283e-01,1.502257402250183782e+00,7.909284980043866931e-01,6.686136259209964905e-01
0.000000000000000000e+00,-1.994966636752367961e+00,-3.141565848429272112e+00,-2.109944479347422241e+00,-8.090723540955496063e+00,3.829866873035172592e+00,-2.547593354525077292e+00,-1.423427536819002803e+00,5.719576491090982984e-01,4.106134495855260358e-01,3.585252430677909885e+00,-1.045169030497205664e+00,1.627242253337379374e+00
1.000000000000000000e+00,-1.242115019739469250e+00,4.496432001187717020e+00,-2.179463147175091819e+00,-2.765262334803983979e+00,5.825473236770348784e-01,-2.356746825760895891e-01,-3.080237767789061110e+00,-2.554139336769911672e+00,3.392002936545723824e-02,-2.504977744963039044e+00,-3.346442017038834926e+00,-3.604035401040192266e+00
0.000000000000000000e+00,-2.035749602252280077e+00,8.582080969011796512e+00,7.651927205245502295e-01,-4.111941040285445048e+00,-3.408270588854466432e+00,-1.416835025158275085e+00,-9.776705886378613819e-01,9.141233467335585505e-01,6.118732937172957520e+00,4.500933298680780403e+00,-1.825593970211318195e+00,-3.090520286661095906e-01
0.000000000000000000e+00,-4.864785053616031973e-01,-2.141830499652661146e+00,-5.114833770282303238e-01,1.692355715006858219e+00,1.117649110947974922e+00,1.156971832282475798e+00,-1.717011747776746811e+00,-3.094369130142569535e+00,-2.693209775222681124e+00,-3.111211157756063272e+00,1.622827524837881619e+00,-6.749567258838317096e-01
1.000000000000000000e+00,1.118607760040842170e+00,-1.519620673692186008e+00,8.056207871948620758e-01,2.265460913914454089e-01,2.208322491039692359e+00,-6.945687701592626606e-01,1.752626760040388199e+00,1.561467398478750379e+00,-2.419598072696037550e-01,2.106014337733266295e+00,-6.266561255641123207e-01,-1.793540520974717944e-01
1.000000000000000000e+00,-9.276891438122547573e-02,6.015956768210102723e+00,-8.217906071279105218e-01,9.880106975340081643e-01,-1.298669766319334506e+00,4.157036978892621804e+00,6.239910998304558643e-01,-2.481369122013382000e+00,1.888252658898191161e+00,-2.010430842438642784e+00,-1.614033597798439690e+00,-3.346548499256270404e+00
0.000000000000000000e+00,1.305967705837480786e-01,-8.540488564154491424e-01,-7.248538533434252251e-01,-1.093922957628052917e+00,1.399511957859890243e+00,5.820261774398833854e-01,-2.613365379376042519e+00,-3.408043299976696971e+00,-2.498851064431067970e-01,-1.614413466716495993e+00,4.938121905913614995e-01,-4.627173415700741588e-01
0.000000000000000000e+00,1.529793599383262759e+00,1.734287203252873194e-02,2.165630934401291618e+00,-1.584029596387754590e-01,1.227273181045727357e+00,6.642350054424455141e-01,1.740965488696799568e-01,1.224549153957421588e-01,-7.024622608436372762e-01,2.661416570587274766e+00,-6.367708773803610889e-01,7.719256600093380438e-01
0.000000000000000000e+00,-3.284554552039632425e-01,-3.015174964460952900e+00,-5.745388157899879999e-01,-6.503532827588864862e-01,-8.710270308580225773e-02,-2.568840359905403048e+00,1.218355885395932869e+00,7.786911413759787237e-01,2.124502909381133176e+00,4.270876960263906286e-01,1.102194213858868288e+00,2.124933489223738814e+00
1.000000000000000000e+00,-2.328584324826550311e-01,3.091153240979261696e+00,-3.564948118470837368e+00,9.741801473370670372e-01,-1.413574228498939878e+00,4.265291758707972392e+00,1.934568724633694448e+00,-1.702600552083599172e+00,1.519609988907441700e+00,-3.020434473880301951e+00,-1.072596228934954876e+00,-2.932384947138734876e+00
1.000000000000000000e+00,-4.293488036196192459e-01,2.000991566529264354e+00,-2.115495532766626496e+00,5.691157150492761607e-01,-6.876509159581803976e-01,3.213324067179971433e+00,6.750452939928346385e-01,-1.868603405692402575e+00,7.935995090350658199e-01,-1.298149124727807413e+00,1.879451424539313464e-02,-1.830714278652115556e+00
1.000000000000000000e+00,-1.143682754310316296e+00,2.508328159657140954e+00,-1.550706041615385278e+00,-2.225047926007184707e+00,-2.339743103532933688e+00,3.358734533378163745e-01,-2.049087331671995305e+00,1.518470313563090368e+00,-3.313364706735129062e+00,-1.307809495163346103e+00,-2.652826244774422193e+00,-2.476165946148554120e-01
0.000000000000000000e+00,1.411711144999905354e+00,-9.077004220056926753e-01,2.484757203438881845e+00,3.147820308493392560e-01,6.906360358335732474e-01,-1.798039521899200466e+00,-7.914984630813297617e-01,-3.728338657035789039e-01,-3.849160003384738404e-01,1.908952302363305042e+00,-3.303470934781378432e-01,1.648187612790903422e+00
0.000000000000000000e+00,1.712749890397715191e+00,4.228412571506844353e-01,6.617297251844498351e-01,5.077502971760786465e+00,-5.897010802929509854e-01,1.926756584936797356e+00,1.338717320456301429e+00,-7.982984977685962935e-01,-2.881570384863749723e+00,-3.245104938501524039e-01,-3.654833849717239458e-01,-1.136521829914823645e+00
1.000000000000000000e+00,-9.295576949260822008e-01,2.455476714681175121e+00,1.463263001467771662e+00,2.800708879171121435e+00,-2.272762306208628402e+00,-1.626734888898468512e+00,9.992454487191144707e-01,1.180743023877392606e+00,5.383184482987078967e-01,7.783652024042926332e-01,2.459547056510567042e-01,-1.649784043193157634e-01
1.000000000000000000e+00,1.384747692256050211e+00,2.799312942450287611e+00,1.587993877860973679e+00,9.164504037426645766e+00,8.880672322518446959e-01,9.372273711720990885e-01,1.891107695980265513e+00,1.329251307206463339e+00,-8.044330334830763762e-01,1.192833755503208693e-02,2.037715639441212812e+00,-6.458919076137489057e+00
1.000000000000000000e+00,2.379271071730995946e+00,-2.361070373820811863e+00,1.158380599413885381e+00,6.646512512989424248e-01,2.053974077700154943e+00,-7.174461425387557156e-01,-1.951048591911112240e+00,1.825124621975555028e+00,2.436165512135546329e-01,3.360495488703915345e+00,2.781851260226425371e+00,-7.440142220386176675e-01
0.000000000000000000e+00,2.401639573429844354e+00,3.726525942585974249e+00,1.212974231898756639e+00,2.741733245603890978e+00,4.281514651582988273e-01,1.739456694943866344e+00,8.488840392611449737e-01,4.262555460315752498e+00,-4.424421261393769456e+00,4.806729749987475486e+00,-2.860068680993349766e+00,-3.475952371657206275e+00
0.000000000000000000e+00,-6.847908392853310211e-01,2.740952366433574650e+00,1.676458367392893001e+00,5.050758500863320455e-01,2.556853463964055884e+00,2.766806222948480443e+00,2.449369842548761333e+00,-5.804191752024284945e+00,-2.063059765962624414e+00,1.412644284032244180e+00,-3.863702916290791656e+00,-1.772947229623509369e-01
1.000000000000000000e+00,5.879178424797317781e-01,-1.267525492320367597e+00,-4.855546914473606535e+00,-5.017000067213039038e+00,1.521103781693839974e+00,3.485946464652620147e+00,-3.656140318922024290e-01,-2.966077525484435817e+00,1.849828941003312188e+00,-3.597963650888772680e+00,-1.771144902007998123e+00,-6.028872484236137419e-01
0.000000000000000000e+00,-6.305737580718133728e-01,2.371695988860758941e+00,7.521786002598419563e-01,-4.097445756750826895e+00,2.288167142904680595e+00,3.084748577018459059e+00,-1.548190106553763989e+00,-6.897819230721473627e-01,-9.112666431919016485e-01,2.043710196463058626e+00,-1.056204431981060399e+00,-1.030222199223110424e+00
1.000000000000000000e+00,-1.516877033105556549e+00,4.720961972304228982e-01,-8.678795734972009068e-01,-2.339912858087004888e-01,1.101995609330607806e+00,1.220525443866243398e+00,1.019395120675722577e+00,-1.804950669476608427e+00,-5.335733700078948427e-01,-1.272261168544355225e-01,-3.876245470863264320e-01,-8.263953297312849333e-01
1.000000000000000000e+00,-4.705118688007636329e+00,3.594444584784487251e+00,-2.358225118129507081e+00,-7.806025863938184095e+00,1.614919055502315626e+00,9.265831878078718553e-01,2.338227386843867439e-01,-1.877950459236949143e+00,3.432752984696422427e+00,-1.338135143064803190e+00,-2.398521094709098467e+00,-1.005664267105945697e+00
0.000000000000000000e+00,1.601848041478153295e-01,-6.705322461201771445e-01,-7.365122689052685523e-01,1.021357398448338838e+00,-1.037519948614120224e+00,1.569668477140730989e-01,2.263368665453098671e+00,-2.743056274675891526e+00,-8.974871420949475098e-01,8.383691444740531962e-01,-2.022440387534271800e+00,2.419395053617604763e+00
0.000000000000000000e+00,2.740845485895045952e-01,3.431879927308181699e+00,2.171474803346525206e+00,2.336375841571264989e+00,4.847053339766249636e-01,1.187416964304312650e+00,-4.006852713037689639e-04,-2.340824148064995391e+00,-1.634716987705443270e+00,-1.852157867341890363e-01,-1.869964356127813199e+00,-1.678768987926316569e+00
1.000000000000000000e+00,5.882219928890467520e-01,2.989987214844854080e+00,1.946786920620549921e+00,3.818474961791205935e+00,3.614884995095957176e-02,-2.591336983485868384e+00,4.963310039364893456e+00,-4.506120320010864599e-01,-3.702695424677746150e+00,1.853853545414075876e-01,-7.683300155581277657e+00,-1.891490045403608766e-01
1.000000000000000000e+00,-2.365602577973092924e+00,3.581767379155096354e+00,-1.625246021657498208e-01,-3.475717065556858665e-01,-1.416833916224736090e+00,3.824815963401390295e+00,1.011421859545778013e-01,-2.596149691863888442e+00,6.429507866910956215e-01,2.779124356972402232e-01,1.066236346092604315e+00,-4.395505948191561485e-01
0.000000000000000000e+00,-1.690324695077893846e-01,2.013185896600375724e+00,2.844581520000927233e-01,2.903338888180471145e+00,1.444396474877326364e+00,-1.974122211145948658e+00,-7.393722597154883669e-01,-2.441119963472833554e+00,-7.703086692675851221e-01,2.279064107616550316e+00,-7.754256414914650897e-01,-2.786275077131707967e+00
1.000000000000000000e+00,3.447801648242855288e-01,9.806151033888882429e-01,2.092228253297990115e+00,2.600243465894659600e+00,1.843223188045347127e+00,-1.411082363048837607e+00,-7.373366354503259057e-01,2.283345946926671921e+00,-1.609108452297488556e-01,-2.494397400158618883e-01,1.312455085206229555e+00,-3.512090734033834316e+00
0.000000000000000000e+00,-1.262735277999234906e+00,1.188044995271251070e+00,1.806348959698758527e+00,3.541330195600313591e+00,-2.087096110086078760e+00,-1.884584833312029417e+00,2.548261889680019543e+00,-2.028490349070190213e+00,-2.377214597063373347e+00,-4.011603790320948271e+00,-3.218508246689946173e+00,1.621027538089553133e+00
1.000000000000000000e+00,-6.464288878835655616e-02,6.558531390937466732e+00,9.799387508935086810e-01,6.508923653390571218e+00,5.743889629884267878e-01,1.335246668746628451e+00,3.740793489349541812e+00,1.075268553262632709e+00,-5.391393765709048269e-01,-4.847621773191845840e-01,-2.449424338897244535e+00,-6.866301182335644349e+00
0.000000000000000000e+00,3.837703997835221204e-01,8.216397512214347332e-01,7.632430870553535973e-01,-5.741943379937294090e+00,2.074233473568257491e+00,3.113091620830261697e+00,-2.207037826003259262e+00,-6.071447713138984348e-01,7.074905428815014830e-01,2.363472819489540022e+00,-1.891176283263800162e-01,7.171614458764163924e-01
0.000000000000000000e+00,-2.176592228713287724e+00,-5.023654937718160518e+00,-3.000122916732644640e+00,-4.585382609650072716e+00,1.742907377915436928e+00,-2.820069204389135997e+00,-1.296015206705217526e+00,-1.405197013878085599e+00,2.370520947088353481e+00,4.236551734085243659e+00,3.107044502944608766e+00,2.832171884675940277e+00
1.000000000000000000e+00,-1.507262603023202363e+00,3.991511847409165537e+00,1.488920015293878407e+00,-4.896134704495442413e+00,-5.442987952704165799e-01,-3.881315505776594676e-02,-2.577770033536986638e+00,-9.909467522862662747e-01,1.796040896606125870e+00,2.057801934379146491e-01,-1.598023279489716453e+00,7.453066333287967637e-01
1.000000000000000000e+00,1.533673665293925348e+00,-6.769156758907201699e+00,-1.184776159095361603e+00,-6.369043259547099822e+00,3.727484922691459701e+00,8.017260514950279582e-01,-2.072400348911464185e+00,2.583914100304451900e+00,2.210988849007807122e+00,4.004639213558267130e+00,4.251775773052457907e+00,2.385620983422791941e+00
1.000000000000000000e+00,-2.895978289623170276e+00,7.740814818356250626e+00,1.586260265348510057e+00,1.884468752436978756e+00,-2.191620287282782797e+00,-1.996194770027711840e+00,9.400963636935688594e-01,-2.116759024958776436e+00,4.127806430360397627e+00,-1.337357969407906744e+00,-1.732420177464287336e+00,-2.633895869501921894e+00
0.000000000000000000e+00,2.295169296786345292e+00,5.287054251737922650e-01,1.321078945362395229e+00,5.704906293920187110e+00,1.458562906785542124e-01,4.789032535055335327e-01,9.113321151135831411e-01,-5.926878212372941324e-01,-1.741996433156952406e+00,1.654113162116044533e+00,2.499475680319991344e-01,-1.742423317299653718e+00
1.000000000000000000e+00,-6.038084011460767009e-01,6.079725375758864736e+00,8.678759631152122012e-01,4.660346504382823163e+00,-9.809920738887600855e-01,1.933437711292058880e+00,1.926662142183775295e+00,-3.699616979297676522e+00,1.348890774659427638e+00,-1.780184812418212470e+00,-1.585368600412216722e+00,-3.606471492186879679e+00
0.000000000000000000e+00,6.724503416168288172e-01,-2.585983988219465957e+00,3.787957291338362786e+00,-1.694989256094794561e+00,3.444727686988938942e+00,-1.024826021470914617e+00,1.549617856194287047e+00,-2.049449327302816481e+00,4.724211790265534283e+00,1.145344004857840936e+00,1.636047270793154151e+00,2.602395673800195208e+00
1.000000000000000000e+00,3.417442688032283904e-01,6.475667728343833529e-01,-2.949264958141408322e+00,3.321338902393542458e-01,-1.351559937367894815e+00,1.286076247181222154e+00,1.053884141353235382e+00,-1.521332127405097712e+00,2.015318617242731314e+00,-3.001174858051459449e+00,-8.379156786419115210e-01,-8.836762700940373749e-01
1.000000000000000000e+00,1.405348822160889188e+00,5.065018980701287532e+00,1.930416036776678279e+00,5.200489355132114078e+00,3.606816033412357791e-01,2.469340650756790545e-01,-5.626413256439639632e-01,1.591635737305309828e+00,-6.687874719162885118e-01,1.882399877729432180e+00,-4.103789007162839120e-02,-5.599366881239363103e+00
0.000000000000000000e+00,1.325079749482279468e+00,3.267261596801110279e+00,-5.926487509311202384e-01,3.196448594630621809e+00,1.058379171646521844e-01,4.925208071160638745e+00,8.521272740980934124e-02,1.420187905345267065e-01,-3.696375612799561949e+00,-9.079671256120880329e-02,-9.374310158764436185e-01,-4.143498703785136961e+00
0.000000000000000000e+00,1.791560556183989572e+00,3.838924737665144193e-01,2.604458369382859573e+00,-1.095986383028320965e+00,1.258503441722551575e+00,-1.000891698843413558e-01,-5.581846936733475539e-01,-5.181538166079464602e-01,2.575175966662168747e-01,1.684656269456126676e+00,-1.299191532802344229e+00,1.097781915945216014e+00
0.000000000000000000e+00,7.708145081232475881e-01,3.117468981357360391e+00,9.393468686491411868e-01,-9.815237314727054407e-02,1.277126950834550634e-02,6.124223038527889518e-01,-1.111156985725018975e+00,1.198736478706903696e+00,-2.572366216010695261e+00,2.331465379679898753e+00,-2.343190322577124896e+00,-1.497071879398362171e+00
1.000000000000000000e+00,5.143413880095359936e-01,5.835275002621220786e-01,1.485306220267949451e+00,4.565223774496924292e-01,1.223115589970995121e+00,-7.945777976341246163e-01,1.136987898105062733e+00,5.120085485905907507e-01,-6.498640274597866640e-02,-1.279437738183749396e+00,-1.797769656221606560e+00,-7.262761638645542916e-01
0.000000000000000000e+00,-4.911367215129180952e-02,8.168217265385968595e-01,-8.678346897989535069e-01,1.039925074561544482e+00,-9.851754398655092615e-01,1.685880454151253982e+00,1.850794867181311698e+00,-1.431728494575901234e-02,1.791715006503163954e-01,2.143810769037986397e+00,1.047960556858098524e-01,1.104840658826128363e-01
1.000000000000000000e+00,-1.284233872656312503e+00,4.386830323987462421e+00,7.737260939182455388e-01,8.982614043629292055e+00,-3.285159484096455529e+00,8.851442188524007992e-01,3.097096276712896668e+00,-2.373920486845713995e+00,2.035695205057899582e+00,2.075481048407357143e-02,2.657886676462642317e+00,-2.816985667950808292e+00
0.000000000000000000e+00,-2.189192820129546302e-01,1.299626052839494728e+00,-5.514264296853796932e-01,3.267041820387162065e+00,-1.271175961096560059e-02,6.528647632413444590e-01,-2.387000361593256681e-01,-1.147347284002953716e+00,-2.807043317102187352e+00,8.985746855168684766e-01,-1.353676148787552602e-01,-2.193185755350500088e+00
1.000000000000000000e+00,3.589326184833051325e+00,-1.399367827560995980e+00,-1.489570328101457175e+00,6.987187812057931602e+00,1.819019295184863827e+00,1.753135363013718084e+00,4.852815286388155736e-01,-9.716558586755996707e-02,-9.626280974699038540e-01,1.571200434023138248e+00,2.582450267315875347e+00,-4.834039972279242647e+00
1.000000000000000000e+00,-1.934363300003559827e-01,3.458135116356774841e+00,-3.913118545994812347e+00,4.735735745400734054e+00,-2.829518049589034412e+00,3.271479660923886978e+00,2.080845331303477153e+00,-3.921605004806071548e+00,1.003254929449243216e-01,-5.105635647651038944e+00,-1.691552514180732381e+00,-3.348179000021354490e+00
0.000000000000000000e+00,2.106536950161419952e+00,8.310065124403140935e-01,3.665510424776857956e+00,1.286941875084554598e-01,1.874103756416208855e+00,2.328863946431395604e+00,-9.607945958991692681e-01,-1.731369339406997998e+00,-7.765306628095596242e-01,-1.577880465769811114e+00,-8.343944399656633149e-01,-6.513764377447228693e-02
0.000000000000000000e+00,1.062644645354914985e+00,-6.176666540351226864e+00,4.153127459121757070e-01,2.659097414900975842e+00,4.579229557248735150e-01,-6.165111692235135665e-01,3.176664217391164335e+00,7.922080676010614386e-01,2.097571957144373833e+00,4.299013922811378841e-01,4.129294643865499381e+00,2.922852781810837186e+00
0.000000000000000000e+00,-1.649778620485290226e+00,-3.874009741582917332e+00,-8.415254236724372117e-01,-1.909045844856357865e+00,8.436117659847663930e-02,-3.559380640174937938e+00,1.731570124203875016e-01,-5.842283494521218756e-01,3.255112003475050031e+00,3.782971146828208120e+00,3.142230215543999172e+00,3.505771916556454038e+00
1.000000000000000000e+00,-4.003266962419358421e+00,2.918669177780474300e+00,-1.902553936642636945e+00,-7.693183433895388390e+00,-2.627668512884416829e-01,2.766224819158795256e+00,-2.245346940518155421e+00,-1.770239322981125518e+00,1.344713859067049766e+00,-1.656050314325275830e-01,-3.750627919626285944e-01,7.195225576662978018e-01
0.000000000000000000e+00,-2.383769422117521408e+00,-2.541535151855666697e-01,5.070856719068594920e-01,-1.165165386927340307e+01,4.101505968256774715e+00,1.454246725991059863e+00,-2.728907347035908426e+00,4.997550839286426516e-01,1.319998668246736173e+00,5.767337121206309369e+00,-2.090541392868958681e-01,2.449256419705749810e+00
0.000000000000000000e+00,1.002220444227436058e+00,4.440910117804731883e+00,-1.977025819917057170e+00,-5.665660100481600736e+00,1.579649542793788441e+00,2.509868327776544117e+00,-3.361275065951195185e+00,4.423186360794453265e-01,-8.165160459457687647e-02,2.494839949125249312e+00,-3.316543951034824911e+00,-3.228498359238578530e+00
1.000000000000000000e+00,2.538759478665251645e+00,-2.682678891669117327e+00,-8.462903639894614471e-02,2.121176577561210586e+00,7.164472478579205772e-01,-1.428774733917695716e+00,2.020181088936437774e+00,-5.459738236127225086e-01,-2.447503550195127442e+00,2.237973606803498772e+00,-2.570224244793894108e+00,1.692756649287450621e+00
0.000000000000000000e+00,-3.679372776773401021e+00,2.920099126539392298e+00,-2.390735136038472319e+00,-6.052655833658048934e+00,1.118823602786847893e+00,-2.062201373731872955e+00,-2.272812002652715879e+00,3.005358119514276893e+00,-2.164199706358209241e+00,1.772856847791849599e+00,-2.973800792608769950e+00,-2.294614718327404823e+00
0.000000000000000000e+00,-4.970652883261619248e-01,3.359795663915801089e+00,8.947869081449898454e-01,-4.934826294688487991e+00,1.909504069812122395e+00,2.848290922066476050e+00,-1.893481200642812556e+00,-2.327781461981850875e+00,8.738097446633124044e-01,1.197866566489759643e+00,-1.764918946266906374e+00,-5.810709165905119100e-01
1.000000000000000000e+00,-6.048738496351598881e-01,1.456534042372567672e+00,-2.091225252233629206e+00,3.490559148250079957e+00,-2.825962043806163226e+00,2.560999968834516416e+00,-4.997514964745586319e-01,1.773132982811076452e+00,-3.687499733150046310e+00,8.754067396766049836e-01,1.647361551568514049e+00,-2.009928646723050605e+00
1.000000000000000000e+00,8.576706320999116784e-02,-1.179280420643137539e+00,-2.838668228720666153e+00,-3.439415504589089068e+00,-1.335319877066433403e+00,1.783634064337567882e+00,-1.766590389606693901e+00,8.428364369814378421e-01,-1.115620136042362542e+00,-8.677622823292394649e-01,-1.366996078773758949e-01,1.179989901305595001e+00
0.000000000000000000e+00,4.180602735707658724e+00,-2.263829621974530748e-01,8.443085036808118948e-01,4.311830687537762330e+00,2.401382655812054345e-01,2.465218041986746655e+00,-2.642674169235162962e-01,2.211447660739418897e+00,-2.515434162408137553e+00,1.808985143073502666e+00,7.291535231230763525e-01,-2.191074034388595049e+00
0.000000000000000000e+00,2.099343873257638382e+00,-2.048365862168442408e+00,2.964163719658915230e+00,5.240319777574455884e+00,-1.031531625290016407e+00,3.957681998887192520e-01,4.740546208947096218e+00,-2.669432027065550272e+00,2.743537500371814986e+00,-3.624534353689761179e-01,1.083404867808324124e+00,3.359747520241087582e+00
0.000000000000000000e+00,-9.977953868307016805e-01,-1.237122651904055237e+00,2.234220993979648018e+00,-3.637223658877095644e+00,5.351666207209254011e+00,-6.088265245494098865e-01,8.023287117039643590e-01,-2.103507686369114893e+00,-2.703511961633267013e-01,7.174715004875464874e-01,-1.997149152561606744e+00,3.873599910500382659e-01
0.000000000000000000e+00,-3.145999612450153027e+00,3.652255896505991029e+00,1.186839348917112069e+00,-2.543729869887862913e-02,4.094310027843783839e-01,-1.315577980596548402e+00,2.322466747643856522e-01,-4.770837681102268135e+00,-2.448965355447059622e+00,-6.881854477334989895e-01,-3.943612597338040260e+00,-5.005812811570709009e-02
1.000000000000000000e+00,3.642884288458939857e+00,-1.487033107999187420e+00,-1.763205228193843954e+00,6.183406341124939587e+00,1.976875996212429376e-01,-1.387769497615522818e+00,7.381617732096057427e-02,-8.525434704749934589e-01,-2.725414985749088359e+00,1.869979427055059373e+00,-8.048041232411736745e-01,-2.314268170509461875e+00
1.000000000000000000e+00,3.853481464869589868e+00,-5.290118091216869267e+00,-1.208693200460694950e+00,7.829472012079268239e-01,1.771014571039117858e+00,-1.701783249673969545e+00,-2.943526107904157918e+00,2.979519831558824494e-01,-4.515720801324896172e-01,2.611066102978553349e+00,2.422614989173323519e+00,3.234220489857784209e-01
1.000000000000000000e+00,-4.264919123356882835e+00,1.678988685114507717e+00,-6.607783673334425290e-01,-1.842977893220587138e+00,-2.231884801088148684e+00,-9.295356737209288234e-01,-1.036141770411177720e+00,-1.979156274193355491e-01,1.271816944986394304e+00,1.366289796567545345e+00,2.339736539393606929e+00,1.088061846777057973e+00
1.000000000000000000e+00,1.828766722176056181e+00,-2.796590365705306613e+00,1.357425447712812261e-02,3.035748479478160289e-01,9.564911946841074819e-01,-2.517693651693802437e+00,-2.295834265359884441e+00,1.538548910223936916e+00,-1.236832995454016704e+00,2.962580681893058454e+00,1.197387856598464140e+00,3.034184289444163962e-01
1.000000000000000000e+00,3.075429343094624457e-01,-7.010364468195159349e-01,-3.532130292609652944e+00,-6.078769335617326242e+00,9.998123725898389047e-01,-4.970962566259682358e-01,-4.192038957852300740e+00,-2.527403867473224430e+00,3.643319456846873639e+00,-1.974672594333155784e+00,-1.769198148075852295e-01,-3.032996767560798279e-01
1.000000000000000000e+00,1.071851517850818336e+00,2.199178418838739990e+00,1.288198508395566932e+00,5.215058750928189824e+00,1.923063944655106772e-01,8.936269941502383851e-02,1.904102288693175771e+00,1.973887841039746460e-01,-3.223456520055614671e+00,9.189057987460461652e-01,-2.112052427021628098e+00,-2.490391028262151529e+00
0.000000000000000000e+00,-7.320857597157739427e-01,2.774746142922749126e+00,1.283182043387957272e+00,2.783488524680952647e+00,9.274050109792649765e-01,4.123923138101960317e-01,-2.295212285842708200e-01,-2.655490888493644341e+00,-2.782939924681316235e+00,-1.084626527820662378e+00,-1.751071750962876816e+00,-2.403634971976704726e+00
1.000000000000000000e+00,-1.628101692373780107e-01,-6.544549640133406898e-02,1.642535100097250789e+00,-2.058202943775811963e-02,1.279758805121355092e+00,-3.068031029640248430e+00,-9.961634864397383993e-03,3.208938067704934838e+00,-1.928855253925487734e+00,3.804439160421722477e+00,-8.930304237031003733e-01,-2.875691007475512651e-01
0.000000000000000000e+00,-1.037238616274266612e+00,7.248260037943420331e-01,-6.504119178924323563e-01,-3.844382727010955403e+00,1.747007489963402493e+00,9.538105440758544162e-01,6.514926224226536000e-02,7.074765271007605882e-01,6.671997106267424371e-03,1.401193625724751035e+00,-1.263390039137261223e+00,-4.536607374365488887e-01
0.000000000000000000e+00,1.538223478683832912e+00,-3.833320432610042960e+00,5.056305735746213781e-01,-1.659840556883207833e-03,1.757374070692481638e+00,-2.669817337239821509e-01,2.754671937752280364e+00,-5.882346649076799494e-01,2.221127342968483909e+00,1.314425330283479632e+00,7.267478264033417901e-01,2.332322480505131690e+00
0.000000000000000000e+00,-1.522953061810149222e+00,4.041657120032438932e+00,-9.851554791322469917e-02,-3.304937825898968562e+00,-6.886222528216350280e-01,1.041756204850423639e-01,-1.601350452940271119e-01,-1.374088653496342349e+00,1.772608276329406873e+00,2.673529961429689461e+00,-2.301190454381598194e+00,4.047791903372912614e-01
1.000000000000000000e+00,-1.792561089987100953e+00,3.921431476316730613e+00,2.725747003693538062e+00,4.800491192039467947e+00,-1.508577922518686165e+00,-2.186010865953162075e+00,1.389413216348406976e+00,2.622013055333732634e+00,-1.899603655360048604e+00,2.415410654579686067e-02,-5.001787177716880972e-01,-2.391197833223696723e+00
1.000000000000000000e+00,2.285246565033260957e-01,-2.364389916925849100e+00,3.560830810189985485e-03,-7.312833398874299951e-01,9.730587201252396401e-01,-2.462026396025250641e+00,-6.147213926805235040e-01,2.330071733414804225e+00,-9.648870747529174619e-01,2.502144041341452407e+00,5.945374421854414670e-01,6.511650826528720959e-01
0.000000000000000000e+00,1.273644034150665405e+00,3.156779142284590112e+00,1.093727481172312777e+00,3.669536020634020623e+00,1.320830068114056122e-01,-3.244262946690221749e-01,4.097238272444554408e-01,2.215477197489568173e-01,-2.308100252206664482e+00,2.356822792207212913e+00,-2.189764217433663340e+00,-2.656447044065625818e+00
0.000000000000000000e+00,-5.153241616305592743e-01,-4.845405716217086933e+00,2.331407940146263957e+00,-4.859645110795624556e-01,4.328503668939147175e+00,-1.243070272346866068e+00,1.894859226987540168e+00,-3.843839735459057216e+00,2.383168345473071215e-01,2.170113660038545111e-01,6.996030137448410180e-01,2.817831772836526305e+00
0.000000000000000000e+00,3.646675316046321669e+00,3.763256235287006923e-01,1.450397521026440373e+00,-4.058295075481957781e+00,1.931907540667858081e+00,1.711439777973861709e+00,-1.967770901023953245e+00,1.678434154243177101e+00,2.180808925341707560e+00,5.256711438818079785e+00,-1.510456622691641604e-01,4.749658544404877780e-01
0.000000000000000000e+00,-1.561089204763954630e+00,-1.416680953027192214e+00,1.743582111822991276e+00,-2.965231860823918097e-01,2.133894041337453640e+00,-2.563827130569778845e+00,1.322010529814656277e+00,-4.566295008496660257e-01,-6.879513822841052395e-01,-1.157726515887251395e+00,-9.966892564722646952e-01,7.440150243395844409e-01
1.000000000000000000e+00,1.741306384308104915e+00,-7.145113366374284958e-01,-8.974376069404426115e-01,-8.128032186161868733e-01,7.531981552057580576e-01,-1.340316463944976721e+00,-2.927162786600503441e-01,1.314316284778885624e+00,2.734083238361793455e+00,1.370218335220368289e+00,2.414306476879048979e-01,-7.461310791183978219e-01
1.000000000000000000e+00,1.238738772556015277e+00,-3.845747775162696058e+00,2.047489748745872973e+00,-1.180313308305799946e+00,2.971781245612473032e+00,-7.260501294919048387e-01,-6.601617889311635068e-01,2.302787660991206131e+00,1.442474208840429650e-01,2.283077432285006925e+00,2.584998354530928744e+00,9.150159530304009525e-01
1.000000000000000000e+00,-2.253192863357733611e-01,1.584200759138780112e+00,1.582159686685286282e+00,2.623140483508621834e+00,1.388637494741315592e+00,2.328737477751614549e+00,1.163393220539221895e+00,1.713798718951645483e+00,-1.050033227346435449e+00,7.962209307688986604e-01,1.505077172475350000e+00,-3.017736970567417298e+00
1.000000000000000000e+00,7.963515274930285104e-01,-3.282270009894980412e+00,1.504693062826495398e-01,-1.962379555369663686e+00,3.950395462942857261e+00,3.079425370028713083e+00,3.949975720295248571e+00,6.016404058155443435e-01,-8.107554877471045973e-02,9.569871105577534287e-01,-5.396635378213671119e-01,7.545450902113972624e-01
1.000000000000000000e+00,3.107096665776661881e-01,9.548496391651952742e-01,1.611755481954944003e+00,1.340988487120868822e+00,8.380514506389553642e-01,2.167713480116966185e-01,1.133964180448733483e+00,1.582378414030161551e+00,2.057676521772922040e+00,-8.589351868705321635e-01,1.092734013636289081e+00,-1.749234182766953083e+00
1.000000000000000000e+00,-1.774421324835427916e-01,2.024676351517563866e+00,9.555032244120413853e-01,2.703074221951772493e+00,-2.700757749837514154e+00,4.616171927645795758e-01,5.363612150281780178e-01,2.540907928156272089e+00,-3.333352271968209379e+00,8.222049673663744951e-01,-6.851848225203662768e-01,-3.426661780303896787e-02
1.000000000000000000e+00,2.496741058535505431e-01,3.998064743011565003e+00,-7.829145194936711905e-01,-1.736042841341713272e+00,-1.539746508500419608e+00,2.307796515873850929e+00,-1.808964056032017931e+00,1.986861423786723257e-02,-1.023799838179697552e+00,-1.307200008953346870e+00,-2.407153234388054841e+00,-1.440052669286219666e+00
0.000000000000000000e+00,-1.608043997106818113e+00,1.378912372049859281e+00,-5.020745116746032632e-01,-6.174499281878204293e+00,7.432054726883685625e-01,-1.160118277400844722e+00,-2.298333691563827497e-01,3.037713287712042742e-01,2.433260456119019643e+00,4.320219919740089232e+00,-1.724723529657323340e+00,1.757191791293514882e+00
1.000000000000000000e+00,4.897417589065911070e-01,3.427807125847015968e+00,-1.930050839303586674e+00,1.935839503654813276e+00,-1.183915200752463148e+00,5.246193841525148560e-01,4.681133989675168028e-01,-4.412776440348790130e-01,-3.553092150175503061e-01,-2.779567038872078122e+00,-2.873150269220962283e+00,-3.261537340947089358e+00
1.000000000000000000e+00,4.018133852521529326e-01,-6.397348405676261951e-01,7.847371445362569808e-01,6.337085105427402887e+00,-2.079905870053775363e-01,-4.657484340267161738e-01,1.399296308619140561e+00,1.618093918230990358e+00,-2.731015310726233380e+00,1.376764265368824791e+00,1.996006543049853033e+00,-2.003826461174640805e+00
1.000000000000000000e+00,-2.057357828834849300e+00,7.931533749006883127e+00,-4.160267011702832862e-01,-1.338996671987207732e+00,-1.878539586839520492e+00,2.389806578532521764e-01,-3.875627905851114718e+00,-1.793780587158803730e+00,-1.779558201314273003e+00,-1.962557742542614836e+00,-3.766533486269334041e+00,-3.662083670318224460e+00
0.000000000000000000e+00,2.690766230736215903e+00,3.706690356245488704e+00,-5.541490566043203447e-01,-1.464972561019666664e+01,2.695633027400698545e+00,4.195787435908201246e+00,-5.498687142054134114e+00,6.172224388563889441e-01,3.897219089411014359e+00,2.271126508195385529e+00,-4.513664471540645096e+00,7.064778607898105633e-01
0.000000000000000000e+00,-7.757407796042514736e-02,-4.164569362453990564e+00,7.745289686669977192e-01,-3.292567218723457589e+00,3.469182982600678145e+00,-2.327987340556231022e+00,8.235429503560650621e-01,1.243445841386530137e+00,3.482214235378412237e+00,1.811862641593831924e+00,1.930561432397705612e+00,1.578029459379402866e+00
0.000000000000000000e+00,2.527641613530878573e+00,-2.337327481349487368e-01,-6.877976992260605993e-01,-2.193986327103622180e+00,9.722516601805917258e-01,7.684062117296051042e-01,-2.968126845006518799e+00,-2.475219438302680430e+00,1.811254782552525366e+00,1.245349284239026799e-01,-2.708806093262150494e-01,-9.083957915371909664e-02
0.000000000000000000e+00,-2.244993224464726378e-01,-6.832438778018910419e+00,-1.248919102893746302e+00,-3.366657582536706883e+00,3.207930360907216283e+00,-1.821334738221679350e+00,7.243324826951309525e-01,-1.978789861007051787e+00,9.250872154678811965e-01,4.181916086916930730e+00,1.760336603026686042e+00,4.121492794134312021e+00
1.000000000000000000e+00,-2.569907717039894290e-01,1.248130026282034954e+00,-2.427909346043366501e-01,3.114610419680641673e+00,-2.494848101749155056e+00,2.721549969799613944e+00,-1.523361667857097146e-01,-2.829954582995186652e-02,-2.388367980366258525e+00,8.995170613299419138e-01,1.706596865246710948e+00,-2.785193391646557659e-01
0.000000000000000000e+00,4.519827693968761828e+00,8.263216613811241729e-01,3.411748798965231533e+00,-1.261725497173689536e+00,1.528607668130780972e+00,1.965216524123961417e+00,-8.105209865437199568e-01,2.937954689875477143e+00,-5.768480486074608615e-01,2.930952917172179983e+00,-1.639160931762809081e+00,1.171413494966269120e-01
1.000000000000000000e+00,-2.536236730454553889e+00,5.468926658312623701e+00,3.520883970113595662e+00,3.696410230028780219e+00,-4.312696758740903746e-01,-5.798425023710043646e+00,3.533528206943234551e+00,3.488138193089071137e+00,-1.988924213550204989e+00,2.062100347205023665e-01,-5.149100687619333705e+00,-2.500075032281649179e+00
1.000000000000000000e+00,-2.955604603283937815e-01,2.281355511761443911e+00,-2.179292254701922893e+00,2.892986938504997774e+00,-1.714023198405179693e+00,2.013162866903734027e+00,5.546655416079262491e-01,-4.279524639389530316e-01,-3.160832097448889044e-01,-9.247837417303328422e-01,3.896513792265492437e-01,-2.669979172043385418e+00
1.000000000000000000e+00,9.752007484138650595e-01,-2.293188961206341414e+00,2.719691521168322357e+00,-3.312527828754986192e+00,2.342054702509646980e+00,-1.201259198622781188e+00,4.502828376518249742e-01,1.720100958311534534e+00,-4.264587363126983721e-01,2.843774806759475915e+00,-1.124633049948807750e+00,2.897151533048719418e+00
1.000000000000000000e+00,-2.940397805743422133e-02,3.251095489801049787e+00,-2.574867123097033694e+00,1.694016101205278346e+00,-6.328743853661998875e-01,1.502038879858495823e+00,3.583532539673894846e-01,-4.120100402511434723e+00,2.537480929941180463e+00,-3.576975145992404848e+00,-1.343585737200821528e+00,-3.190596038937991707e+00
1.000000000000000000e+00,5.677842476877270617e-01,5.886599723811645646e+00,6.274598260404384842e-01,-6.857135804327928463e-01,-2.431393608111442006e+00,-2.840878625658285639e+00,-2.985861438456324901e+00,9.693925137718502061e-01,7.718453701471401640e-01,-1.993068542276211552e+00,-3.913948825778725826e+00,-2.179385079826849925e+00
0.000000000000000000e+00,-1.449757407145977561e+00,9.971989473008774363e-01,-8.084566643353001680e-01,-2.349287259979651044e+00,7.773283148959387878e-01,6.611115073558311295e-01,2.899529486899711239e-01,-2.445968673241114111e+00,4.386266363185042927e-02,3.424820342230134429e+00,-1.046067174200635996e+00,8.529134019637113484e-01
1.000000000000000000e+00,5.281139129509153651e-01,-3.426224018328897447e+00,5.701977913406869325e-01,-2.608618920702555077e-01,2.042639350270448961e+00,9.980909156241355440e-01,8.772992824875727180e-01,2.216893551212212099e+00,-2.386283266513483881e+00,4.291548179207730129e+00,1.798767378176628462e+00,1.117733218547915186e+00
0.000000000000000000e+00,-1.362319952232903031e+00,1.088685819429332291e+00,6.309124330373422351e-01,4.035863357845606569e-01,-1.255706723946110603e-01,-1.348930694995993385e+00,1.352487044071534195e+00,-1.556120346712304148e-01,-2.450388645491647921e-01,-8.541236143208887910e-01,-1.504414824051411248e+00,1.835926077459926198e-02
0.000000000000000000e+00,-1.238995276017321512e+00,-1.092382703987711867e+00,2.665384859379988924e+00,8.572435465450977787e+00,-6.594531845496676148e-02,-8.389005847965422813e-01,1.940639181677687564e+00,-4.561416740761106148e+00,-4.254730799727823864e+00,-3.625719269806738865e+00,9.332602050747123013e-01,-2.325140910958422014e-01
0.000000000000000000e+00,5.271961019699279438e-01,2.005915542795406736e+00,-2.576160039498158749e-01,-7.345899845545446283e+00,1.817572807623331954e+00,1.372370257176525721e+00,-3.694533892318350166e+00,-1.450067760772902004e+00,1.369527678421012862e+00,3.671647473883613566e-01,-2.470487993952521499e+00,1.196290352988640393e-01
0.000000000000000000e+00,6.103399108039885279e-01,3.298951139526477672e+00,3.241054483739161718e+00,-4.140648636466471189e+00,2.891577829211914086e+00,3.089978791666317948e-01,-6.858249836796457277e-01,4.472652138627815077e-01,1.214056109420830865e+00,6.274899063910584829e+00,-2.096976356342711956e+00,-1.003665881343647204e-01
0.000000000000000000e+00,-8.726032919331936366e-01,2.632099881564741395e+00,7.832276129448763058e-01,-6.232775906274993893e+00,2.201162084479388437e+00,2.499561707758535256e+00,-1.513973812869418900e+00,-9.517870529168864779e-01,-2.906027111843871857e-01,1.546782421237814731e+00,-2.566907593519761832e+00,9.590824801716735237e-02
1.000000000000000000e+00,-4.004227377873537108e-01,5.771453146153429081e-01,-2.010054141546712803e+00,2.982854284122153921e+00,-1.701669151087497944e+00,1.468647594371004228e-01,1.080348242348120102e+00,2.553303245108604180e+00,-1.737802196837506141e+00,2.807622684301200877e-01,4.812444523654506590e-01,-1.974224018173547979e+00
0.000000000000000000e+00,1.745631009674530443e+00,1.879299998715214137e+00,1.656840295529958373e+00,-9.082829553308922499e+00,3.446679616172528604e+00,2.078030878299776951e+00,-3.490666866910781430e+00,1.588919061234814745e+00,1.010153425244023406e+00,3.281870860506585164e+00,-2.655288304973171698e+00,2.576995774725054922e-01
0.000000000000000000e+00,7.907854591589164039e-01,3.017574322689429156e+00,3.416084559288057765e+00,4.481486544763985336e+00,7.419303188870052246e-01,-2.970509387923984779e+00,-2.443525562820276775e-01,-1.719153839226047698e+00,1.278277349635525972e-02,4.667610854995650982e+00,-4.723694374123519335e-01,-1.535871378161823619e+00
1.000000000000000000e+00,-1.589208828489525605e+00,1.737101391753657298e+00,2.899794864047987364e+00,-1.956575813622185134e+00,1.578001911761253595e+00,-2.056630008145467592e+00,-1.491816878222651077e+00,3.626930725860987970e+00,1.214277893299544164e+00,-2.696019080866749462e-01,1.070188248311899848e+00,-1.776443166861413125e+00
1.000000000000000000e+00,2.329668044412511740e+00,4.904969630551001991e+00,9.683318902487472180e-01,3.169360557171893689e+00,-1.901227619795938129e+00,1.708186432082967832e+00,-2.660945589333058248e+00,-1.886313032126772482e+00,4.885621334475889199e-01,-6.700246731041128445e-01,-4.581226943668860185e-01,-2.891094531146345403e+00
0.000000000000000000e+00,1.840222244499949422e-01,7.330657965442554103e-01,8.432630653553987443e-01,3.404747948212032860e+00,-1.743702292068305404e-02,1.687507993083003477e+00,2.975332842524859522e+00,-1.861726229668589916e+00,-1.884211924952495121e+00,-1.251499784862199149e+00,-1.659592953569235529e+00,-2.095175497610262116e-01
0.000000000000000000e+00,-2.402604545367927891e+00,3.564967077907122972e-01,2.438858238602030770e-01,-2.932979901610360152e+00,3.337702311160779534e+00,-6.041358926043389754e-01,-9.027503716204976492e-02,-3.037497804819024427e+00,-1.682523413790733890e+00,1.936337794370830867e+00,-2.089574802533998188e+00,-3.701822291144063470e-02
0.000000000000000000e+00,-2.365516650216498817e+00,3.943892058195634487e+00,3.390512160759843852e+00,-1.272922288191588036e+00,1.443263996784838188e-02,-3.556933024051812886e+00,4.618697523532023785e-01,-2.093426640164545383e+00,3.619780626512348221e+00,1.102911909426777859e+00,-1.628918492964130715e+00,9.446635466094157607e-01
0.000000000000000000e+00,-7.615541972272532600e-02,4.088906195652711739e-01,1.616678590386302350e+00,-3.243605700086812593e+00,6.110760800177317265e-01,-2.206643161089904659e+00,1.282521461186656886e+00,3.705059842361389855e+00,8.152789150508068516e-01,-2.720069301169750098e+00,-3.244463394266183354e+00,7.201541068308185967e-01
1.000000000000000000e+00,-2.031810585504104427e+00,7.134878264881382215e+00,4.824565426944921853e+00,7.452201714198273264e-01,-1.315984962653264922e-01,-2.327745097782588424e+00,2.784385614958906352e+00,3.288054956689148600e+00,2.889561307997188688e+00,-9.389938077655006765e-01,-2.913303443376267232e+00,-2.659003982397366350e+00
0.000000000000000000e+00,-1.897378887444703732e+00,-2.869311482150223025e+00,-2.453505378492603306e+00,-7.168375547087945110e-01,-3.347107210656823373e-01,-1.723122044591208546e+00,3.042116021603344933e-01,-4.370255994642899822e-01,-4.534771501298684448e-01,2.171033360919685684e+00,1.450024022932516754e+00,1.716363965299937622e+00
0.000000000000000000e+00,3.350448232495653045e-01,1.522925930363701719e+00,-1.139418739803111258e+00,-4.214022430676950925e+00,-1.079670321541998934e-01,1.654225036167915164e+00,-2.646540457559577675e+00,-1.898882560603922132e+00,4.689770229599197204e-01,7.743667441247936711e-02,-1.494510975109121897e+00,4.695303151474417014e-01
0.000000000000000000e+00,-7.187591798233590179e-01,-8.684211985956286739e+00,-1.353892645948465034e+00,-1.130482298904107008e+00,3.142718448584244761e+00,-2.160353788868921932e+00,1.188101132113583258e+00,5.249421388258412868e-02,-6.923450548004093097e-01,9.416710780637982392e-01,3.271737864273674745e+00,3.135287371010594182e+00
1.000000000000000000e+00,9.782802090267939121e-03,-2.682746684950318983e-01,-1.375593555798601653e+00,-5.396338292274633908e+00,4.652051242057018143e-01,2.177857254276286625e+00,-2.613058334657244686e+00,-6.493406950729136984e-01,-3.795799085290968655e+00,-1.358705454841072857e+00,-3.143464383536359819e+00,1.390573013433968441e+00
1.000000000000000000e+00,-3.733770746747524960e+00,2.795682823604137113e+00,4.146615936384264955e+00,3.414035341598123274e+00,2.104550445327507902e+00,1.845968294089662454e+00,3.178353715710123595e+00,5.121273898615427811e+00,-2.224354865585091545e+00,1.465593150721099747e+00,3.055181112352984840e+00,-3.972156371302214328e+00
0.000000000000000000e+00,1.636480093233233291e+00,1.220908469612494773e+00,1.746086859870431773e+00,3.924977000493592882e+00,-6.534399699092960923e-01,4.053226309787972825e-01,8.725007448911810126e-01,-2.430941202009201607e+00,-1.212150194194804298e+00,-6.674540259167414114e-01,-1.454390975525322371e+00,-6.468572361907343193e-04
1.000000000000000000e+00,7.200140224598969851e-01,7.270208988438839448e+00,1.252742013448256309e+00,-2.876071129819553374e+00,-7.383867549929632457e-01,1.394790163807744898e+00,-3.799427143302026355e+00,-2.409272178382498852e-01,-1.749942450959721008e+00,-1.308883058746455941e+00,-5.050801588564556077e+00,-2.781053510453932454e+00
0.000000000000000000e+00,7.634595102502079733e-01,-1.472281398167772037e+00,1.368376402144484860e+00,5.581904558858260534e-01,9.559622445391036116e-02,-5.233358433426419376e-01,1.964098229335031531e+00,1.702598948529311595e+00,4.527576988025597160e+00,8.276072773713745168e-01,2.783580974254084239e+00,1.018650468149751021e+00
1.000000000000000000e+00,-4.865133811529596120e-01,-1.050402735000290466e+00,2.216506684042044206e+00,6.067853751683134345e-01,1.606141700804815997e+00,-2.178825727053410155e+00,-8.337704981219462574e-02,3.166738047649606980e+00,-2.151220227385898021e+00,2.707166095350200585e+00,7.848250950414585869e-01,-2.603094310468274664e-01
1.000000000000000000e+00,-8.729493920856049582e-01,-1.230901384404006343e-01,-7.420306206646252178e-01,4.911559477039896926e+00,-3.405269936790411123e+00,-3.292467888267687215e-01,1.148249120538374246e+00,1.575903498565969230e+00,-1.403858097178398268e+00,9.332065644510363356e-01,2.573467152895544174e+00,7.619100689396618442e-02
1.000000000000000000e+00,-1.590706626394948309e+00,6.190505224196903633e+00,2.406508066675020707e+00,3.906386317055455581e+00,-1.416683043028375444e+00,-4.169156520724135895e+00,-1.420566613029814462e-01,3.269512579478893510e+00,-4.821292377987623778e-01,-4.214959031419618363e-02,-1.804690316560662033e+00,-4.324563888469118211e+00
0.000000000000000000e+00,-5.868558592124886175e-01,1.762090737862243461e+00,-5.299547092297496320e-01,-5.250283788159740617e+00,1.960738713729487603e+00,2.939269626913060485e+00,-1.736312070940603469e+00,-8.756082365010708912e-02,-1.622236419297469645e+00,6.008426118524814452e-01,-2.129984569542372697e+00,-8.294579235836243569e-01
0.000000000000000000e+00,-3.537046250316640883e+00,-3.819113754371226133e-01,-2.079538146906373619e+00,-6.922846067782920443e+00,2.589391056607002639e+00,-1.865815795561330148e+00,-2.005810936867211236e+00,-2.989840918719660401e+00,-3.925478122068430942e-01,5.165682599715013090e+00,-1.379180817026663064e+00,1.647420179675486152e+00
0.000000000000000000e+00,1.710281079983541730e+00,-3.931757607233458685e-01,1.686549259644040788e+00,3.217918785864366527e+00,5.273986205055253285e-01,3.469117392512086617e+00,3.573508672752279125e+00,-5.195740503782944053e+00,2.663150621160641496e+00,3.135623016869994562e+00,1.292566702670169487e+00,2.058165004243525775e+00
0.000000000000000000e+00,-2.767489144961998271e+00,-1.092891198170591327e+00,1.484528190071377152e+00,-7.055123241391232369e+00,4.859571315959431814e+00,-3.527069992301509860e+00,-9.822590004630031846e-01,1.254211786978104204e+00,2.383739746359390121e-01,1.210012301815968971e+00,-1.876881415611748594e+00,4.837885313511131047e-01
0.000000000000000000e+00,1.662190090868375991e+00,-2.605505388591795146e+00,1.107048458600252916e+00,-6.073235688300354873e+00,2.653658332205071968e+00,6.374898572685803178e-01,-4.023948965898565433e+00,-2.875248589659334941e-01,5.311285409148254200e-01,1.684175781617037737e-01,4.995539093789844731e-01,1.966114286627346885e+00
1.000000000000000000e+00,-9.840827776609650801e-02,1.123102980257219663e+00,-3.833503577504052018e+00,6.216131665880799684e-01,-1.085901390901650831e+00,-1.413949568303873860e-03,-1.106352081046715119e+00,-1.527147944418357772e-01,4.885713650664680330e-02,-1.999106280547367831e+00,-5.288331086184803187e-01,-2.880103398260906999e+00
0.000000000000000000e+00,-1.451641893903244274e+00,2.275993727365242858e+00,3.162561837767241979e+00,7.867944775330453666e+00,-4.675349072800967232e-01,-1.420162124307530860e+00,3.040350004772560233e+00,-2.077781481317824586e+00,-3.275390369972678517e+00,2.883948731616213568e+00,-1.489797817085297682e-01,-9.206597918601696628e-01
0.000000000000000000e+00,2.032140828216609130e+00,2.980805486795662151e+00,1.360329552551259535e+00,-8.315904671002332549e+00,2.795182560665240068e+00,1.202038258222271727e+00,-3.636269650157954114e+00,1.048738911321871470e+00,2.376658018179755860e+00,4.487131337152939992e+00,-2.670551499158120734e+00,-1.719029743612474626e-01
0.000000000000000000e+00,-3.112188073413540312e+00,5.138139908682138879e-01,1.451715034358905809e-01,-6.065942389768240517e+00,2.142626465871856567e+00,-2.738140755407499682e+00,-1.328297694799844386e+00,-3.868277733356652037e-01,1.883205816230653085e+00,3.988281592102764783e+00,-4.302689143056823706e-01,1.218468357677050307e+00
1.000000000000000000e+00,2.881934487121152522e+00,1.928520790500507065e+00,-3.567256139606194143e-01,3.208813691047810668e+00,-7.262223158765925835e-01,-1.294394715558627729e+00,-2.100858165016827872e-01,-5.619268162961330582e-01,8.884161786544160222e-01,3.436179494997928519e-01,-1.861610691940230655e+00,-2.082921381766368985e+00
0.000000000000000000e+00,2.233407831452626446e+00,3.330623199897480902e+00,2.235817180823269190e+00,9.656573643099785054e-01,8.674216962878058546e-01,1.233642663057518352e+00,-6.963626904347028912e-01,-4.234233968509372170e-01,-9.042819862353395077e-01,1.440167084212991000e+00,-2.345439977798807085e+00,-1.788239943412700761e+00
1.000000000000000000e+00,4.630936689510108950e-01,-6.364765300148251814e-01,5.759611449077290946e-01,5.138188358120128640e+00,8.210045835862360697e-01,-1.426102424945343783e+00,5.097723018529863204e+00,1.647627040967377665e-01,-3.991721150321417166e+00,4.410951634130243493e-01,-3.770571373270177773e+00,-4.104094458569523818e-01
0.000000000000000000e+00,2.788335212741702485e+00,4.108777879689209378e-01,2.492291736040501693e-01,9.305780731106171544e+00,-1.888589317941629098e+00,-1.938266095515905896e-01,1.335252161709373997e+00,-4.522446088874157999e-01,-3.322813069830674149e+00,-1.683495911009118551e-01,2.216995864456605680e-02,-2.317800884629838798e+00
1.000000000000000000e+00,1.428887320395776150e+00,2.706878235814472955e+00,4.676277600578715443e-01,4.955631246559839553e+00,-1.633007439498961100e+00,3.110723480687926923e-02,1.909408691704772565e-02,1.835380951175649145e-01,5.183697651255564365e-01,2.951110210789860133e-01,6.647039909960095194e-01,-2.665219239400975937e+00
0.000000000000000000e+00,-2.626155088847343944e+00,6.886341081983928802e+00,2.811868149909854342e+00,-2.491587338325679468e+00,7.299855207545972169e-01,-3.634099835426002345e-01,-1.995030187847026681e-01,-3.111414273685928933e+00,5.105972498208000143e-01,3.440156415825001979e-01,-4.447821914081041328e+00,-1.056677370475290534e+00
0.000000000000000000e+00,-1.021670949502446524e+00,2.773746613032527786e-01,-2.683689977043550723e-01,3.652028206628274987e+00,-3.005318841093986393e+00,-1.126257422412816789e+00,1.687050945075642794e+00,3.855229235109214336e-02,-4.654777153328699679e-01,-1.453096499418718324e+00,4.434046215917910594e-01,7.917038214996070522e-01
0.000000000000000000e+00,4.304239659025419495e-01,-1.448932371853203782e-01,6.427395062639369439e-01,4.395019138266979652e+00,-2.441738204768916010e+00,8.709499470808621524e-01,2.608580762425558142e+00,1.188145503079809817e+00,2.190347597020972259e+00,2.186789571238977326e-01,3.051641393884284348e+00,4.000823687789573091e-01
0.000000000000000000e+00,-5.560799922816473950e-01,8.409052071738647882e+00,3.371736907066725131e+00,3.901517718729895723e+00,-4.201906531796608668e+00,1.017725861880179217e+00,2.647356126841300394e+00,-2.508911066611318574e+00,2.248335642872201667e+00,-7.016920077154646940e-01,-3.218920881727553862e+00,-3.201210551403794735e-01
1.000000000000000000e+00,1.456605512788444745e-02,1.538912220555891386e+00,2.755581546130154713e+00,6.143645248344967724e-01,1.919899188335849605e-01,-1.228777794315653260e+00,-1.077014695149363543e+00,2.775400729156993762e+00,1.002547751665137543e+00,1.760785032686252638e+00,1.725106831401475471e+00,-1.065871637626566670e+00
1.000000000000000000e+00,-1.459901869446911249e-02,-1.186131834005190955e+00,3.791587383995114191e-01,-4.869670781454631392e-01,1.329590437959840887e+00,2.217724744774675294e+00,2.864433804159530750e-01,1.591626871419390632e+00,-6.281160916680958994e-01,1.556958624461181495e+00,2.075722547602942836e+00,-3.682577383001356397e-01
1.000000000000000000e+00,2.943326380505289830e+00,1.702438214610934697e+00,-1.384661059454155296e+00,5.524730190688480924e+00,-1.558153152008183717e-01,2.271213573927024498e-01,1.367867615982297114e+00,-1.815524932834408300e+00,-4.986413439522983104e-01,-1.562007153311158358e+00,-2.421939715539450422e+00,-3.562058686198833701e+00
0.000000000000000000e+00,1.397435695255880628e+00,9.015463328877021398e-01,1.725220968314002068e+00,1.762367314370019589e+00,1.847845865286311673e-01,9.693257121524178066e-01,-4.317459152537351796e-01,7.056154978244724152e-01,-2.815077831811543696e+00,9.909001535301256158e-01,-8.424229014216044753e-01,-6.061325369052359413e-01
0.000000000000000000e+00,7.155651316024079778e-01,3.424306820369588333e+00,1.552043341794083098e+00,-9.196495553925256417e+00,4.712951464974166171e+00,1.837986951912430111e+00,-4.714391911286288206e+00,-1.562172667030594653e+00,1.605128790245679671e+00,1.066105595180797616e+00,-3.224551524333418850e+00,-1.589296946953500989e+00
0.000000000000000000e+00,6.904498361220881009e-01,2.004601015018796506e+00,1.716397493346324188e+00,-1.379336751554379070e+00,1.700727486053175364e+00,2.393979159406245838e+00,-1.047086726949225666e+00,-2.553653332095276784e+00,-1.185557694033611220e+00,-2.324774873791868757e+00,-2.370407387484998907e+00,-8.105277506153680811e-01
0.000000000000000000e+00,-2.072392558434843490e-01,-7.045702633859080022e-01,8.708226240082245218e-01,-1.622760820862437336e+00,1.863590049970948570e+00,-7.274182129370245775e-01,2.077809954367793921e+00,-1.204892208311267643e+00,4.234580974785925322e-01,1.773719507611852819e+00,-2.039585843730729486e+00,1.591751050173999538e+00
0.000000000000000000e+00,-2.741509196177791097e+00,5.528390330489171056e+00,2.708502685058977733e+00,-3.682645521490210516e+00,1.503396309641454209e+00,-8.146478566299087953e-01,-5.400080227380381626e-01,-1.396967375558584523e+00,1.591295910819660708e+00,1.548685343754706345e+00,-2.734366065769264331e+00,-9.925744700923406771e-01
0.000000000000000000e+00,-1.858925303225611447e+00,1.414381147806748507e+00,2.839399581565831276e+00,-2.282394686818244978e+00,3.212758324222594108e+00,7.872329976105638671e-01,-4.839524118620527338e-01,-2.261748553301428544e+00,-1.479293250332673004e+00,9.016114457603365828e-01,-1.110520554550596284e+00,-1.531093190924018854e-01
1.000000000000000000e+00,-4.158194138397451667e+00,1.749849987460025957e+00,-8.962896683391917696e-01,-7.689147587021483155e+00,-1.132267268153421380e+00,-2.320804477961665224e+00,-4.480754934998635086e+00,4.671124942583912976e-01,3.425812373345011874e-01,7.933167630635695744e-01,-2.998354317633761257e-01,1.902393322557317745e+00
0.000000000000000000e+00,-1.535645173454457391e+00,-4.778763317178686520e+00,-2.907576417030888205e-01,-4.147843511405124417e+00,5.125938552619719424e+00,-1.217019846493082369e+00,2.818731289641599469e-01,-1.682106450222865091e+00,-2.776444982229273606e-01,2.585551743349943976e+00,7.211245249145727954e-01,1.572285579642177744e+00
1.000000000000000000e+00,2.345024886730075586e+00,-4.397071813200487123e-01,-2.615788370152287712e-01,1.149827731136420450e+00,3.191644441605530069e-01,-4.486826669701777348e+00,-1.335676144515298258e+00,9.874288025105488753e-01,5.375180093383273849e-01,1.568874090233752572e+00,-1.611262768900812770e+00,-8.596131994650944019e-01
0.000000000000000000e+00,-1.456879871965855111e+00,3.336052740835373509e+00,1.546326025753179678e-01,-3.696516851619152000e+00,5.787039500589687968e-01,-2.992844885656886778e-01,-8.456467547248713856e-04,7.762274455179669630e-01,1.189876253091179281e+00,2.393796491314058805e+00,-2.224686835779658090e+00,-6.057062964576767072e-01
1.000000000000000000e+00,-1.144683425124701337e+00,8.306102880968425639e-01,2.675751062731280605e+00,2.675234557409557734e+00,1.866415824065680518e+00,7.189828476886563902e-01,3.278162888885058912e+00,2.275983858425085327e+00,-6.103725773531213372e-01,-8.035643825239706661e-01,5.501488425778020552e-01,-2.075955370801852773e+00
0.000000000000000000e+00,-1.490104595131273690e+00,-6.237871474095658009e+00,-1.595926997967362926e+00,-3.430712208954009412e+00,5.576113137539243425e+00,-3.197238010184499934e-02,3.277457847946131375e-01,-3.796132427919658436e+00,-1.476320739533079962e+00,4.456752529462340462e+00,1.569656205143293182e+00,2.038114027394994476e+00
0.000000000000000000e+00,-7.297486990789312511e-01,-1.029654175479656875e+00,8.525811512250853763e-01,1.071035105310180668e+01,-8.585154166811805876e-01,-5.084754097990502597e-01,2.400670035422713955e+00,-4.054727702880667195e+00,-4.342679054145767381e+00,-3.014455941049821952e+00,1.601526651299185033e+00,-1.688885684340326598e+00
1.000000000000000000e+00,1.303505322250005261e+00,2.078784309820184806e+00,2.699003271523917391e+00,3.297336917734858375e+00,8.304149208285703798e-01,4.220685691655901017e-01,3.579667287455664537e-01,1.073456155011207835e+00,-9.167366640368856956e-01,1.368797941753744141e+00,2.725563228932315063e-02,-2.227730058415590353e+00
1.000000000000000000e+00,3.634414992703605574e+00,1.081308370225427140e+00,-1.536620012277831737e+00,5.373679746418888570e+00,-9.787091779943373204e-01,1.131385583287605190e+00,3.449927941131003983e+00,-3.870862268283544516e+00,-1.792653485316004769e+00,-1.877389602393022994e+00,-5.264305274813401603e+00,-8.344084964885216671e-01
1.000000000000000000e+00,3.261468231095721038e-01,-1.242768552046040309e+00,-2.406294302370803884e-01,2.545047244849721224e+00,-2.573229543429689237e+00,-5.100544167044768429e+00,-3.163130538302439732e+00,1.826174584766474318e+00,-2.169208580120593588e+00,1.488333576890729093e+00,1.116866694787485237e+00,7.303645912590646105e-01
0.000000000000000000e+00,6.035872134396085276e-01,1.260138390228458638e+00,3.112352667714571641e+00,-6.314791795000967767e+00,3.650732764388097795e+00,1.369481336090723866e+00,-2.625591190012548815e+00,-2.613328771046254939e+00,1.840842411281196966e+00,4.181584091746948229e-01,-1.645373420916085738e+00,1.012446045653212945e+00
1.000000000000000000e+00,1.438062346914076528e+00,4.649712958123588535e+00,-1.284645740021210791e-01,3.207428483985612644e+00,-6.479509189102305999e-02,5.225485132247274400e+00,2.487988697839178087e+00,-4.767633939756175998e+00,4.238620537818939660e+00,-2.146896684898188745e+00,-3.893538928329665083e-01,-3.250103716742457571e+00
0.000000000000000000e+00,4.803419851341225177e-01,7.671497591035603136e-01,1.072318369976370311e+00,2.810947655474747009e+00,4.314395507366408644e-01,-1.439910130554176160e+00,-4.971786952695983475e-01,-1.575534935640837908e+00,-6.587074204602363370e-01,2.150231658373102928e+00,1.078738903834766116e-01,-8.555242658755412011e-01
0.000000000000000000e+00,5.213285926754640531e-01,2.691739405500036764e+00,5.127735081205655909e+00,-4.232375305444799451e+00,2.396189736393610659e+00,1.970169953048864553e+00,2.252182764184831321e-01,9.200856589214452264e-01,-9.664844266844353493e-01,3.159436829488862841e+00,-2.913105080422432991e+00,1.653219942065857762e+00
1.000000000000000000e+00,9.057431079801947504e-02,2.027005951991498467e+00,3.260340479230148247e-01,-1.392051624155402845e+00,-6.956885596653537007e-01,1.109387388518965789e+00,-8.340633141755062763e-01,-1.275185708864642553e+00,1.730901823683382412e+00,-3.587832107921657965e-01,-3.745363730357678111e-01,1.544515672773356663e-01
1.000000000000000000e+00,-2.504662176872068713e+00,9.687773052229362580e-01,-1.804851678211063515e-01,3.555249832493584616e+00,-1.563322280035518874e+00,2.205623212549297385e+00,1.840848196155207006e+00,-1.328164648805354453e-01,-1.989139182273092832e+00,1.944702806012406082e+00,2.618930850202097371e+00,-4.711515110474830959e-01
1.000000000000000000e+00,-3.313220582644672341e+00,5.652422498071992152e+00,5.458327216360698841e-01,6.251310426558549516e-01,-2.640339991750056736e+00,-1.818807108278442719e+00,2.670352384537367119e+00,-5.454546338977995790e-01,3.784712673626023260e+00,-1.792234980828253832e+00,-1.968658760154411880e+00,-8.612013554008446370e-01
1.000000000000000000e+00,-1.740395135268903104e+00,3.954502425671982291e+00,1.743692046659106154e+00,2.470264380552503525e+00,-2.201567452354759702e+00,-5.641001809827272950e-02,1.088962935327971948e+00,2.104016319950454239e+00,-2.007082675591234544e+00,1.439822650241897595e+00,-6.738884228849072455e-01,-9.148983651926346772e-01
1.000000000000000000e+00,-3.854059854440440303e-01,5.741333515692552680e+00,2.202512910953841274e+00,-2.679539309272141345e+00,-8.860813972289861562e-01,-3.468839452438238879e+00,-1.571588023988207627e+00,3.629712975742999781e+00,-1.255760420821336432e+00,-3.726745624408678292e-01,-5.704699558002471527e+00,-1.484685163865535618e+00
1.000000000000000000e+00,-3.775998250927239841e+00,4.914054617800851510e+00,9.498351700800771180e-01,-5.238111849940628062e+00,-1.259567943115389443e+00,-1.375368043655302408e+00,-3.046258725478762752e+00,-7.456691488307849447e-01,2.114386351468490410e+00,7.093322410199502936e-01,-7.381917683843967071e-01,4.030819260301921059e-01
1.000000000000000000e+00,-8.216924907649134635e-01,-1.470636704212891832e+00,2.996072754738419608e+00,-2.565341765284195663e+00,2.184881466050056176e+00,-6.625518411001007912e-02,-1.969061298827181616e+00,2.887640060324049074e+00,-3.114762071103581720e-01,8.618568769014331998e-01,2.897519079020956401e+00,3.976727537405302382e-01
0.000000000000000000e+00,-2.718544963593559904e-01,2.875378750469683720e+00,5.679311535197002492e-01,-3.875420650433072378e-01,-1.663132196966741194e+00,-5.386344003336536179e-01,1.580333198635522907e+00,2.864596435223883297e+00,2.591488899951759350e+00,-7.946724188123501786e-01,-1.096704843338354607e+00,-6.386591071746232640e-01
0.000000000000000000e+00,-7.736553311561340518e-01,4.990837322807255561e-01,1.633246695247110747e+00,5.537989812457166927e+00,1.072367554023664793e+00,1.219284236947567157e+00,8.959187992363837338e-01,-4.216048518496290143e+00,-3.236964835910403959e+00,-3.231268037576740859e+00,1.433486336726843557e-01,-1.844252435371377397e+00
0.000000000000000000e+00,-9.189983096224199066e-01,4.733031633198740096e+00,2.994773665827736853e-01,4.954082920260666434e+00,-1.658687131666699344e+00,4.168264278506723208e+00,2.656935915987280517e+00,-1.284563692261728729e+00,-5.591445696025620915e-01,1.154082128999727619e+00,5.860390856467851961e-01,-2.839302641512282399e+00
1.000000000000000000e+00,-3.598189130885041553e+00,6.336317156820783225e+00,1.174818350601412487e+00,-3.965119444987877717e+00,-1.598579037393360380e+00,1.709075812374265757e+00,-9.780814529537068536e-01,-1.605051606235638806e+00,2.866881395324520909e+00,3.593760914492238889e-01,-6.359128363897975644e-01,-1.176498834581471975e-01
0.000000000000000000e+00,-1.036259640036064633e+00,2.981950130020119882e+00,-6.806982255105653579e-02,-1.086515069703381409e+00,-1.511395043572572039e+00,-6.689147224765491506e-01,1.325001441596743934e+00,-4.021184589091442163e-02,3.178701794957027316e-01,2.035166161782139049e+00,-2.775222339787341674e+00,8.195925776783402616e-01
1.000000000000000000e+00,-8.146129336806406940e-01,2.904071344297614488e+00,-7.213769407706475123e-01,2.139475948394924831e+00,-3.198856523407786145e+00,-3.229587655783940914e-01,3.766883247931458456e-01,1.547604213537760565e+00,-4.351137823469035659e-01,-6.666066482688379757e-01,-5.081619489264312950e-01,-1.024875896006296916e+00
0.000000000000000000e+00,-4.825508965969536046e-01,8.516473059329922046e-01,1.666440389302527025e-01,-1.803043274878528113e+00,2.805476022489547638e+00,1.850260110416300563e+00,1.593979046297803404e+00,6.842580329862153476e-01,-1.592260399934643189e+00,1.118235533108737911e+00,-2.112432326679724248e+00,-1.493351368035978677e+00
1.000000000000000000e+00,-6.376217345135302139e-01,3.304081180984855148e+00,-3.474123490143407711e+00,-3.918606246765902412e+00,-2.383912914738195443e-02,3.428342145431662935e+00,-1.898306706787122211e+00,-2.047252094904957964e+00,2.971453561820055267e+00,-1.748448552725434535e+00,-4.929486347288869474e-01,-2.717233243044145929e+00
1.000000000000000000e+00,2.801936681342422908e+00,8.734017192303497046e-01,-3.098782735219465234e-01,7.009222845519449407e+00,-1.572205211417107673e+00,-3.089115217642768751e+00,5.692583528016659233e-02,-1.310129618714896971e+00,-5.365665649456113684e+00,1.463001420433416078e+00,-3.892915566852282350e+00,-1.283191671251967092e+00
1.000000000000000000e+00,-1.153188525661753561e+00,3.530222861871257667e+00,5.360497957786625189e-01,3.762064137418138499e-01,-1.673517789094538077e+00,1.394995734082309147e+00,-8.246119330250739621e-01,-7.705778936066991491e-01,3.268151807000232445e-01,5.228542667713580450e-01,3.671643140909566227e-01,-7.755075708409695512e-01
0.000000000000000000e+00,-2.932151566450251323e+00,3.340427078021745100e+00,-9.123483007554933355e-01,-1.643357717956035469e+00,-7.064778925034629342e-01,5.162917500829378170e-02,-3.487834745058067121e-01,-3.286861086169974744e+00,-3.189542857751969329e+00,3.153747307416219225e-01,-3.854787521992874666e+00,2.553370951578723957e-01
0.000000000000000000e+00,-1.311980486104164845e+00,-1.666118962658421410e+00,-1.171681350819370415e+00,5.559612003841510885e-01,1.455600990291571195e-01,-5.614347151626867261e-01,9.327655017475438015e-01,1.890765092043598550e+00,7.715840788553446350e-01,1.714792057601747022e+00,2.770054760953747586e+00,-3.618736745959125756e-01
1.000000000000000000e+00,1.082077416897044397e+00,9.035556804798567931e-01,1.640086703660974754e+00,-1.834610412698352233e+00,5.637537405444248417e-02,-3.630671955716044952e+00,-2.938058682269187205e+00,1.854303739098764225e+00,4.423131416734868981e-01,2.289784785444060056e+00,-1.006832680985594752e+00,3.408584366001765620e-01
1.000000000000000000e+00,2.548698574238921655e+00,1.778610901306231007e+00,6.856822393952799466e-01,1.914446343096244396e+00,1.974291925356064681e+00,-1.872679191008519872e+00,4.436380052128505724e-01,7.212755563213313348e-02,1.017865136765555789e+00,-4.760899079284255375e-01,-2.913860747371495918e+00,-3.236348833520457990e+00
0.000000000000000000e+00,1.418738458498969068e+00,7.514119121816235092e-01,4.245687305570974290e-01,-2.318166909473131088e-01,1.160738920274043462e+00,2.944088950024310147e+00,-4.945857334357000035e-01,2.377429491212257329e-01,-2.113207160240123450e+00,5.877619622421510481e-01,-8.286903286652159695e-01,-1.195066395585225649e+00
0.000000000000000000e+00,-1.420036526134575761e+00,-3.689383842569395888e+00,-1.777106781487080678e+00,5.030172935210044383e-01,1.653179281404855816e+00,1.279973101174158856e-01,1.878561411136404846e+00,-1.317771702781868060e+00,-3.696781225263332082e+00,1.552531353368264533e+00,-8.968833220613225965e-02,1.196764615954534872e+00
0.000000000000000000e+00,-2.040572114207459542e+00,-5.073888112316994325e-01,1.646259708449989478e+00,5.533487188050798977e+00,2.068416528823226130e+00,-2.312955886583468956e+00,6.274803624052585072e-01,-2.564387144212322056e+00,-2.445643995936114479e+00,2.885175433950426971e+00,2.220960926305684424e+00,-1.811203864789802997e+00
1.000000000000000000e+00,-6.122877419268111243e-01,3.618635796614932065e+00,-2.948464965001603710e-01,-5.517112046074257314e-02,-2.815016531758078422e+00,-1.272441286637635116e+00,-2.111450826951185800e+00,-6.770357568838802909e-01,1.300528596425121197e+00,-1.399250558919583387e+00,-8.687124404156597590e-01,-6.266301326323708842e-01
1.000000000000000000e+00,-2.317698287192843765e+00,1.412654168475606653e+00,2.409654592831949493e+00,-4.423481693799295456e-01,-3.970469587533340672e-01,-2.996876316221906755e+00,3.811664489257431399e-01,4.280386459110477659e+00,-9.320846874657128245e-01,2.835583020939785648e+00,2.421845148812886706e-01,2.646098984609972504e-01
1.000000000000000000e+00,5.327993675672725082e+00,-8.235282726694778788e+00,-1.294116710534570558e+00,2.985349700481204849e+00,2.706390377808469694e+00,-1.246634699880207808e+00,-3.580691443331273760e+00,1.828232933779760927e-02,-3.298758305176814343e+00,5.189249018780398792e+00,4.042444716548005523e+00,7.153599230112064333e-01
0.000000000000000000e+00,8.835735677319536130e-01,1.656422335674652135e+00,3.095073960364060461e+00,3.976912139254396461e+00,-3.292083752086993886e-01,1.298095649192726242e+00,8.122109036154327999e-01,2.967496693184203949e-01,-4.138316844817779838e+00,-3.708682442924482459e-02,-1.227101658364700532e+00,-5.401143333898218435e-01
0.000000000000000000e+00,-1.650938938649128440e+00,-1.188562458824909962e-01,-3.518275841152327388e+00,3.458010720714859154e-01,-1.671109140456636055e+00,1.350529700418454659e+00,2.789722650715270591e-01,-2.953038170587568567e-01,-2.328111266973749149e+00,1.543967265972212122e+00,3.795756014335409656e-01,-1.453211576772894809e-01
0.000000000000000000e+00,-2.385342612248570138e+00,6.553048880209122906e+00,1.738325896195445086e+00,-4.772487201302653581e+00,-2.121750720920645428e-02,-1.225312331285537404e+00,-5.037125156964210593e-01,-1.827067895515252172e+00,2.227626657551498912e+00,2.011549463090568146e+00,-4.505862270360740496e+00,5.171683979794738928e-02
1.000000000000000000e+00,-9.614148067539212139e-01,9.073518636821273020e+00,2.386376963678227270e+00,-3.994377056183601837e+00,-1.812892926387885240e+00,-1.318965163653667005e+00,-2.841229028148847036e+00,3.642571524770299440e-01,1.631998949067892113e+00,-1.541366599339734078e+00,-5.488430525422741901e+00,-1.895808892042054161e+00
0.000000000000000000e+00,9.084039593157438031e-01,2.662207559299325066e+00,5.348220768745094666e+00,2.104674992741479844e+00,5.352100711052902859e-01,-8.589398756377863986e-02,3.014192771060160148e+00,-4.838437212207891136e+00,3.188873221863733232e+00,-1.720968195207583928e+00,-2.491875589992636808e+00,2.013292159367764622e+00
1.000000000000000000e+00,-1.990405267614555829e+00,-1.197821249812868416e+00,-2.322857764070606734e+00,-5.518639852470013096e+00,1.221508176582908778e+00,2.824475245760024400e+00,-2.933979045024884602e+00,-2.146962851931112581e+00,2.529602517819866669e+00,2.030318529133159355e+00,3.844382245305310697e+00,6.936943695021866585e-01
0.000000000000000000e+00,-7.911077450396513111e-01,-3.542696581101766551e+00,6.323491532673917170e-01,-4.239781324592112099e+00,5.224662505449341410e+00,-9.142337742746312612e-01,8.057161182611146666e-01,-3.432916088657298914e+00,-8.064478999423829730e-01,1.655347775836857771e+00,-1.953140236320933365e+00,2.099654755391268779e+00
0.000000000000000000e+00,1.788784813411283814e+00,1.406617329160985586e+00,2.916327168772196110e+00,-1.793342988272336624e+00,2.561410385079283092e+00,4.880982963517127793e+00,-3.297955236699456893e-02,-8.747351036138162339e-01,-2.234428585811009338e+00,-2.406598336783654535e+00,-2.406071923532277168e+00,-5.739814824465265808e-01
0.000000000000000000e+00,2.090659199693022607e+00,1.738506290565484891e+00,1.348618456211190697e+00,-6.949775205870605266e-01,1.497008156078591723e+00,2.297213203090663569e+00,-1.459670730617120604e+00,-1.534315747243140127e+00,2.038227422061011929e-02,-1.320540316544693837e-01,-1.167232810171357826e+00,-1.271184916718461677e+00
0.000000000000000000e+00,1.800654868491320393e+00,1.109907392527141212e+00,-1.784581934654605462e-02,-1.011263028545604570e+01,3.037546829786651692e+00,3.020292916214950552e+00,-3.976465251481337226e+00,3.326945988003791044e-01,2.676830499639807126e+00,3.358868185945047991e+00,-1.462122803009565430e+00,7.387656286250410265e-01
0.000000000000000000e+00,-1.179141277258886067e+00,-1.484749424813912866e-01,4.993587900870437579e-01,-3.591326350698172409e-01,5.427755292343632298e-01,-7.044047024420925229e-01,5.917173216541173897e-01,-2.094059069042698784e+00,3.848862894980725757e-01,2.178442175185151264e-01,-3.006615033898877298e-01,1.007211202737219313e+00
0.000000000000000000e+00,-1.402978437579170290e+00,6.485555658360716569e-01,-6.525179192220353919e-02,-1.262846911022311502e+00,2.063502399478963412e+00,1.994643502054596951e+00,-1.357178120937921673e+00,-3.887110723034466808e+00,-1.353468724308783733e+00,-2.069413368912083051e+00,-3.898159713343235522e-01,-1.096122973468807826e+00
1.000000000000000000e+00,-4.601955013538829853e-01,2.969196056697078312e+00,-4.056697442843580248e+00,-5.632305893708739575e+00,3.343708709781521016e-01,-1.310653270449153585e+00,-1.928231841879918917e+00,3.320009756627142483e-01,3.276151988960025907e+00,-3.464471075287570034e+00,-3.842147893949056758e+00,-2.925811978997698404e+00
1.000000000000000000e+00,-9.347161777666848081e-01,1.531186348870205105e+00,-2.461536297774041593e+00,-4.478921551985624028e+00,4.342572913930697887e-02,-1.214184179284404141e+00,-4.946024667824824306e+00,-2.394206135691408832e+00,1.392219989312695638e+00,-1.431973174772589896e+00,-6.435705121536940965e-01,-1.103047272830319780e+00
0.000000000000000000e+00,-1.636231635939360718e+00,2.671537797414787807e+00,4.896625885677743373e-01,-2.020000588307816702e+00,1.123733041334103344e+00,3.544590837661686367e-01,-1.015031384825742400e+00,-6.628108623531842047e-01,-2.426016344306235695e+00,1.521546502529476319e+00,-2.242908047649586400e+00,-1.019285690770749930e+00
1.000000000000000000e+00,1.117096676521237564e-01,5.230320752853891975e+00,9.803436272494463477e-01,3.813535899999119572e+00,-2.893092899387079697e-01,1.075179843356990794e+00,2.073998310070028772e+00,5.757975270571928927e-01,2.728699985684734930e-01,-1.083288670952684107e+00,-1.989891774378702571e+00,-4.308340978394360476e+00
0.000000000000000000e+00,-8.629554475459078056e-01,3.384575946765469912e+00,2.521649209253149060e+00,-2.221948068691737554e-01,1.731412951535556743e+00,7.069103893263735117e-01,-4.021719468186332191e-01,-3.257131746799224459e+00,-1.634225194339613996e+00,-1.886235901438639839e+00,-3.101824397762418695e+00,-1.258815386856349194e+00
1.000000000000000000e+00,3.411606539218763334e+00,-3.586579028194117225e+00,-1.134349890976662945e+00,-1.286830081254484615e+00,1.673356591497401569e+00,-1.990488311500403285e+00,7.977785054777118967e-01,-6.923307891223529076e-02,1.376886668905150213e+00,2.146751377106455028e+00,-1.841136410205071794e+00,1.722990558267549321e+00
1.000000000000000000e+00,-2.655079048325990065e+00,3.463280276780703826e+00,-5.279776837263883138e-01,8.186911727451695597e+00,-4.724410469363530041e+00,1.576496373387762606e+00,2.949636621185310226e+00,1.547824807653154444e+00,-2.081442759428553835e+00,1.392825185337560612e+00,3.061160458261318773e+00,-2.193469110782014564e+00
0.000000000000000000e+00,-2.276128085931947709e-01,-1.708333104871641916e+00,-1.888385255354198211e+00,-6.558889766067092175e+00,8.705882831875053629e-01,-6.437149725690272106e-02,-4.168163838721629766e+00,-9.409477958972075617e-01,1.402260338288048303e+00,2.140915494654239914e+00,1.058706486182575457e+00,1.864745488276296825e+00
0.000000000000000000e+00,1.428978211662330189e+00,-2.662777937537720074e+00,1.202971630412083881e+00,-1.071071767909355321e+00,1.543425284427511812e+00,1.472025537603421474e+00,-2.023888984331394525e+00,-1.952222421123176233e+00,-1.211662815693970163e-01,-8.135469471879805958e-01,1.817215008255226749e+00,1.414945234768419269e+00
1.000000000000000000e+00,-1.106599856966878903e+00,3.367367115371636466e+00,-1.644313222825689147e+00,7.339495182410976426e+00,-2.839236917623368939e+00,2.062121770393374742e-01,3.897670689573855540e-01,-1.962149463644297098e-01,-2.196084602819725617e-03,5.839163361303598698e-01,2.895979345405047312e+00,-4.386514179230101007e+00
0.000000000000000000e+00,-4.007381614034249750e+00,-4.096308451087415037e+00,-1.718019414678185530e+00,-3.159027169387806477e+00,3.594556288524468624e-01,-6.634575629800440133e+00,-1.661045642381428156e+00,-3.595648048321967716e-01,9.029243511360375285e-01,6.025274258326502874e-01,1.781682163507074534e+00,2.761658623388359324e+00
0.000000000000000000e+00,4.206290169832815895e-02,6.698254897334550151e-01,-1.115217859722649862e+00,3.667384142492284838e+00,-6.384139335806167104e-01,1.325776120892899979e+00,-1.257222150147224715e-01,-1.466120897420338132e+00,-2.704788817078343843e+00,-2.124218648507905094e-01,3.251167915165926736e-01,-1.839666471365641653e+00
1.000000000000000000e+00,-1.237092607085882534e+00,1.745494346244212513e+00,1.914135526658132136e+00,8.105627808501305154e+00,-1.875825858585010497e+00,-1.978000054025995658e+00,2.223547923574764162e+00,1.747306868888839348e+00,-4.408272318596121231e+00,-1.382458507384762836e-01,1.375811571345322282e-01,-2.088823222792817624e+00
1.000000000000000000e+00,3.404648390592363238e+00,-6.732527235588355863e-01,-1.358202588158314406e+00,2.118592684771512413e+00,2.046607458635601340e+00,1.228721187456114361e+00,4.209073928900899375e+00,-1.905259637000472406e+00,1.639567754006495903e+00,-1.219634879179157583e+00,-3.534468401604662802e+00,-1.390593465091518155e+00
1.000000000000000000e+00,-1.160281045739952166e+00,8.292093323894608403e+00,9.262401544268767939e-01,7.763862850094239640e-03,-1.268801812536881624e+00,-3.584017319763246334e-01,-4.820032259427720067e-02,-2.804313876398043526e+00,5.409406924725277399e+00,-2.284163115081281781e+00,-2.724004679296288867e+00,-3.523550628452204236e+00
0.000000000000000000e+00,-3.921377979338411812e+00,3.252634984668131057e+00,1.289497690654539674e+00,-4.804836401361117559e+00,3.863487627017228032e+00,-1.692530582292573138e+00,-1.682747998387671196e+00,7.067107685393847483e-02,-8.570167490651545705e-01,5.202137948304748072e-01,-2.136456811944936085e+00,-2.720125175286590480e+00
0.000000000000000000e+00,-6.428273717455745828e-01,-3.548775124859714136e+00,-5.872512317148022021e-01,-3.057453979419026080e+00,2.381434716626284587e+00,-8.233852901025682236e-01,1.135872971109781249e+00,-1.236141930809673495e+00,-1.558317245574220689e+00,1.646459835207245037e+00,-1.497723331160101257e+00,2.733900638397249061e+00
0.000000000000000000e+00,-1.391804361723671501e+00,1.226955385180852121e+00,-1.881214737614211874e+00,3.311632153943162571e+00,-4.823796677963205770e-01,1.196619453044110992e-01,-1.120957887404071096e+00,-3.785229496285903217e+00,-1.824462966562350852e+00,-9.336411088628484567e-01,5.155395838302176958e-01,-2.298072243807741444e+00
1.000000000000000000e+00,3.998864711523162807e+00,4.356237336472061017e+00,1.113383797085489846e+00,2.795427606849529845e+00,-1.556438199344016837e+00,-3.521396316999638287e+00,-1.566889234547850229e+00,-1.832572981925125521e+00,6.004647865088674763e-01,-5.921479056002332264e-02,-5.426544708580043341e+00,-1.487736176971121260e+00
0.000000000000000000e+00,4.332385471992607151e+00,4.323872105122243070e+00,2.922951612454904868e+00,-5.313921486405428496e+00,3.230215173695392128e+00,4.208932421705283922e+00,-2.452849579904375688e+00,6.095932429042927314e-01,1.415591315633344394e+00,1.748079358489573965e+00,-3.737304765377644333e+00,-1.961369952022048224e+00
1.000000000000000000e+00,-1.203166747114320145e+00,3.077605784896963126e+00,3.226562008619824340e-01,4.414154186878981534e+00,-3.116422584684165997e+00,-4.593965876629980016e+00,2.216659915426389738e+00,1.240657536396357008e+00,-4.527595400982983520e+00,1.484335296636823731e+00,-4.941467009982170033e+00,7.504747434734082567e-02
1.000000000000000000e+00,1.503963128453178477e-01,5.075784208616829218e+00,-2.552200235943120621e-01,-1.488267755302393747e+00,-2.101312869684002216e+00,-3.518121770040356644e+00,-4.114448321107051498e+00,2.089871306186596556e+00,-2.239075212610985410e+00,-1.891404903791678471e+00,-4.784228571820797526e+00,-2.420140002809862523e+00
0.000000000000000000e+00,-1.177386088145803589e+00,-4.447499584343380441e+00,1.700292264863851877e+00,-5.782338469509492818e+00,7.133317637113662180e+00,-1.395529641450297120e+00,5.970667265475019247e-01,-2.215260380666646878e+00,-9.010003760838831699e-01,1.393490249513776424e+00,-1.698403650000514187e+00,1.858535013961134297e+00
0.000000000000000000e+00,-6.711018372230561635e-01,1.711832039028144292e+00,2.454642171536612683e+00,2.385170565108169605e+00,9.200508989448730190e-01,8.253666044472500740e-01,2.740591218420869168e-01,-1.735119610311603111e+00,-3.218325946374152924e+00,-8.356000167255477340e-01,-1.193886532496067243e+00,-9.529531668853091775e-01
0.000000000000000000e+00,-1.710821719575637223e+00,5.014683554023898537e+00,1.749345487108316721e+00,-5.102896939899778772e+00,8.439349598146590470e-01,-1.336150103425677083e+00,-3.538497165899066044e-01,2.451018441645065327e-01,2.758002307539972442e+00,1.433521319868210409e+00,-3.521253525459044020e+00,-3.839409675296925339e-01
0.000000000000000000e+00,1.356767562000806837e-01,-2.687396737147570214e+00,5.537388700621778348e+00,-4.062064678177874200e+00,6.220247950965019257e+00,-2.562314334315750841e+00,1.814756391255742729e+00,-3.358711094514702733e+00,4.055028013967124423e+00,1.113391547462053044e+00,-1.073126171974779108e+00,3.222206688271711084e+00
0.000000000000000000e+00,-1.524618120640230945e-02,-3.280748437009434415e+00,-5.324471826546819386e-01,2.412019241741287789e+00,2.917669204754334000e-01,7.006544899886801847e-01,2.337467186035688815e+00,2.442263508971247443e-01,2.028618078914561806e+00,3.279394003220464704e+00,4.437703208356114537e+00,9.996851304145238926e-01
1.000000000000000000e+00,1.649853373123828293e+00,-1.451997907953232803e+00,4.077232387217344378e-01,1.678973135184845811e+00,1.604255273904856782e+00,-9.637703485311154283e-01,8.806650348313835863e-01,9.464475084802843607e-01,-1.183333415342182171e+00,1.816824456578791658e+00,-5.726580308090818416e-01,-6.487731827078668800e-01
1.000000000000000000e+00,4.750613947042634511e-01,6.560818022348198220e+00,5.261578585748971637e-01,1.114850345599782550e-01,-2.949242419718834940e-01,1.673770146742604936e+00,1.317883143904492904e+00,-7.335961557617243223e-01,-7.965861016080686419e-01,-3.164756733304986192e+00,-6.262974908019107723e+00,-3.276702408089821272e+00
1.000000000000000000e+00,8.758514734680964420e-01,1.526055245323814535e+00,2.476806653690190707e+00,3.703462839856327626e+00,3.235038919568822280e-02,-2.978526123446719076e+00,7.346039060258441333e-01,9.055463375748593613e-01,-1.945367147944745634e+00,2.754795726093161035e-01,-2.248080957865451701e+00,-1.074923708068466155e+00
1.000000000000000000e+00,8.995677304877579550e-01,-6.847202213186154296e-01,9.992514849949956091e-01,-6.696477337647623873e-01,2.480321522488157626e+00,-1.802046893055188059e-01,4.151358209574340208e+00,1.394666191170089942e+00,8.613658527387901831e-01,2.165619089257106999e+00,-2.467324573646088481e+00,3.904946218538201119e-01
0.000000000000000000e+00,1.964091439756426194e+00,6.794780628828471780e-01,1.105397958394933822e+00,-3.175719563659009204e+00,1.192823738558924429e+00,9.540152761898054168e-01,-2.137807315428646326e+00,-1.004387124271293175e+00,8.523098681931737808e-01,8.102069598711649778e-01,-1.340939481061230731e+00,6.242233926593305782e-01
1.000000000000000000e+00,2.556803688354261528e+00,1.935810950578722434e+00,1.678115147435318200e+00,7.835169487878781425e-01,9.998314503875238568e-01,-9.063703132549078001e-01,-1.902112097001934732e+00,3.804291087516543657e-01,1.279768451551289932e+00,7.588530161429541954e-01,-6.649306318214600608e-01,-2.140000553479552092e+00
0.000000000000000000e+00,-8.518180031349209536e-02,-1.046019055905613282e+00,-3.633812985105757676e-01,5.862412107892635227e+00,-6.186325987865217702e-01,1.322658845429544483e+00,1.821119823004890836e-01,-2.806028388016113873e+00,-5.168190571351429341e+00,-5.466447469639531320e+00,-9.369338360232959406e-02,-1.476143029116230299e+00
1.000000000000000000e+00,2.908114210719894288e-01,3.441028794092862775e+00,-2.473637046271480067e+00,2.170998135477057556e+00,-2.548602842215372810e+00,8.985570792677264329e-01,-2.107261866800863581e-01,-1.617643826618186287e+00,1.202098588684181735e+00,-3.207851682909139690e+00,-1.330132379801663989e+00,-2.595435622647050522e+00
0.000000000000000000e+00,-1.994363745786271958e+00,-3.565279751534025099e+00,-2.498419481918083385e+00,-5.148153937711307471e+00,2.469885468638781223e+00,-2.199361874261268390e+00,-8.598289623621109268e-01,1.594701773011793389e+00,9.136933653399966770e-01,4.955002805619693973e+00,1.787305483585587940e+00,1.175400357676489094e+00
0.000000000000000000e+00,7.851877062431502630e-01,6.359162663416643158e-01,-1.057998700307524853e+00,-8.888376111105420918e+00,1.938905652293812842e+00,5.064820790586135324e+00,-3.279085785557535715e+00,1.079886355292525302e-02,2.288781079084145631e-01,-4.699237491897010344e-01,-1.428656536380338071e+00,5.811353041614031323e-01
0.000000000000000000e+00,3.133166538192651895e+00,2.836978058780183165e+00,-4.715310366253266938e-01,-1.685975853023372384e+00,1.576883492293457145e-02,-2.651773090377946840e-01,-2.232961647680269834e+00,1.203582166105304108e+00,-3.045688885237857191e-01,2.356126113613936646e+00,-3.549862247341936783e+00,-1.622410260622516809e+00
1.000000000000000000e+00,2.688812810242217743e+00,2.461255313972881442e+00,-3.559234342729384881e-01,-7.227023520783841803e-01,-1.077800686759639026e+00,6.446868339887825705e-01,-8.038112782497536246e-01,9.818737748468686632e-01,6.897409628728057296e-01,-1.998810767676716837e+00,-3.119369525893578299e+00,-1.177701980206242949e+00
1.000000000000000000e+00,-1.859826558627996729e+00,4.367501656063872417e+00,-1.706089257879061183e+00,-2.535159758935861429e+00,-2.768210064005379945e+00,-1.622599830030115431e+00,4.980656568225461100e-01,9.611043177326836773e-01,2.101816271545459802e+00,-3.342318379692762687e+00,-3.826240563813024576e+00,-6.802503686840196684e-01
1.000000000000000000e+00,9.306194647687454635e-01,-1.837506796549875476e+00,-5.448832789472588534e-01,-6.702612803095056027e-01,2.472981685486094428e+00,-1.386403813384392114e+00,4.050027196778902550e-01,2.501601786022745522e+00,6.035114171036704001e-01,2.750019462624134547e+00,5.260563072420256781e-01,-1.278674836658758585e+00
1.000000000000000000e+00,1.571273212754592530e-01,2.985735435836950113e+00,9.177878724510393216e-01,5.464193901562004463e+00,1.043456189027244241e+00,2.219718758493702815e+00,4.677792824339316979e+00,-1.783720144836951071e-01,-1.953803032192561906e+00,-1.534040255952088927e+00,-2.498647132110949798e+00,-3.775860875843588094e+00
1.000000000000000000e+00,-9.949692699981556032e-01,-1.602670773559533801e+00,1.692080677781291342e+00,-3.397792196702908107e+00,1.205720728705293121e+00,-1.951829304467977533e+00,-1.027921178810699665e+00,2.573143748847099399e+00,-1.782669176951855450e+00,2.216748397078095234e+00,-2.486103262606909059e-01,2.094502607856730148e+00
0.000000000000000000e+00,3.666332144074267774e+00,-1.117806958885827484e+00,-2.598343367847786300e-01,-2.027346528688109828e+00,8.138172578205650209e-01,5.007012490275462469e+00,-8.409091297475188576e-01,1.062597972859387507e+00,-1.504259363463346322e+00,-1.538898934783399230e+00,-9.131484234078655060e-01,9.127401751669017571e-02
1.000000000000000000e+00,-1.494097707184677937e+00,-5.009278537418128049e-03,2.196924990664820498e+00,-2.173023950828658624e+00,2.277997830205328977e+00,-1.668642037938021350e+00,1.294785131059583927e+00,3.912723206842126267e+00,2.351251957916495883e-01,2.242986502702625007e+00,-2.312094547224152752e-02,-2.579367544328186046e-01
1.000000000000000000e+00,4.491402748122503841e-01,-7.155054161928262602e-01,-4.332826645634559881e+00,-6.096733756824630923e+00,1.315789898149288817e+00,3.676264317584053920e+00,-2.292931544390731879e+00,-2.667310384133094736e+00,1.474541796607290678e+00,-2.429821169199558373e+00,-9.579221348439499462e-01,-4.605399105362418810e-01
1.000000000000000000e+00,2.587664940448384243e-01,4.361235576527394464e+00,-7.896809089035065066e-01,3.436875877280472391e+00,-1.945074320190149475e+00,2.904251730355434713e+00,-1.476800102265755088e+00,-4.636264478246484799e+00,2.396022514067329467e+00,-1.334213014673783171e+00,1.553149319745271928e+00,-2.871218775756061881e+00
0.000000000000000000e+00,6.372914467405591310e+00,-8.170622351512682457e-02,3.619173056964989366e-01,2.859937507749269248e+00,3.194941479667927631e-01,3.398288007465844807e+00,-2.178896918254988879e+00,1.182503005573063426e+00,-1.276393879677488075e+00,-1.220247954039709093e+00,-2.812885116978263156e-01,-2.601521021986204385e+00
0.000000000000000000e+00,-3.257460119791175224e+00,-1.968092230765358330e+00,-4.488801209832745442e+00,-2.954892174734922605e+00,9.105073253636630781e-03,-1.300287824014511928e+00,-1.664673384088051655e+00,2.585446655992564846e+00,-1.951064959948575872e+00,1.903060110897311974e+00,1.805782282317035303e+00,-8.761331541666299572e-01
1.000000000000000000e+00,7.131511955165292793e-01,4.304004398196945580e+00,1.125646873780945967e+00,-3.985032163813000405e+00,1.002288774694253259e+00,1.592081998672465470e+00,-1.922562213199408898e+00,-2.636525845611613406e+00,1.505144817933143475e+00,-1.623217342673449970e+00,-3.740747284836289932e+00,-9.082812983964355658e-01
0.000000000000000000e+00,2.746179430218018691e-01,-6.081195965816286630e+00,-1.240223495720474300e+00,-1.504093287448814431e+00,2.935490373268286213e+00,-8.107439217037224477e-01,2.033015557027077147e+00,-1.047624599153069935e+00,-8.746419483108769377e-01,7.656114509753273456e-01,5.237486924446210779e-02,2.664237935922711298e+00
1.000000000000000000e+00,2.801550960061445217e+00,-2.669761430722005002e+00,-1.344018194558763923e+00,5.280411793579969704e+00,1.240023174246973836e+00,-1.366008519114044750e+00,7.554804980105435108e-01,-2.062897511940953166e-02,-2.824194007148369323e+00,1.789346731789432488e+00,-1.407505865564600001e-01,-1.927495225735326834e+00
1.000000000000000000e+00,2.546733093621339705e+00,1.736691235694590052e+00,2.000960877106737090e+00,-2.408811744088890094e-01,2.734932126243426742e-01,-2.127574310031157268e+00,-3.752676863128656670e-02,-3.004685904088746362e-01,2.348338746242063735e+00,-4.377278358293519300e-01,-3.041063093408143292e+00,1.173304279405174011e-01
0.000000000000000000e+00,-2.171363596553437247e+00,9.901853832749843431e-02,7.606100899513751346e-01,-3.076455988613998827e+00,2.142908395791532694e+00,4.479223551241272583e-01,-2.139846944537492135e+00,-2.700679056045538040e+00,-1.964376751437832525e+00,-1.451208949804414061e+00,-6.179551594668126757e-01,1.850356106328214789e-01
0.000000000000000000e+00,2.529785994530483695e+00,-8.788898302316843214e-01,2.909687772420118002e+00,1.715844098393389583e+00,1.424556620112845895e+00,8.054365797669698068e-01,4.140837720101066211e+00,9.958775905494188230e-02,1.584148301689159322e+00,-1.050896088439667420e+00,-1.755007747971104815e+00,1.175946630702873641e+00
0.000000000000000000e+00,-1.693169042320252782e+00,1.378759139790381172e-01,2.551759441370310189e+00,-2.405408298709423853e+00,2.498812852534966211e+00,-2.180403078451361054e+00,7.179861899618694698e-01,-3.386933436146177812e+00,2.702950092203316057e+00,1.749179149856647353e+00,-6.401088224259241510e-01,1.912790689987809767e+00
0.000000000000000000e+00,1.640595878704993460e+00,-2.004316633825224958e+00,-1.441759475684389891e-01,-5.199510789995711590e+00,2.819856691775368240e+00,1.620321590766702347e+00,-3.616998661633378465e+00,-3.333986769177203158e+00,2.235042816441867419e+00,-1.518266993958415689e+00,5.370946786446115784e-01,9.520745076273884333e-01
1.000000000000000000e+00,6.645596302031560043e-01,-4.303062169266857140e+00,-9.382364656370281164e-01,7.640017398885640132e-01,1.531774496654419782e+00,3.867120805063628541e-01,5.422121979790667012e+00,6.216034142270454588e-03,-2.937110777539829964e+00,1.748239768566268282e+00,-2.718324120484554296e+00,2.890209322486822607e+00
1.000000000000000000e+00,-1.290061590737775488e+00,-1.509564373044332219e+00,-5.101359633912549985e-01,2.122187348052110956e+00,-5.885242227926856806e-02,2.556114533881702400e+00,-7.821971314833120470e-02,-4.469019334326829185e-01,-3.508761523430258045e+00,2.661717082816325242e+00,3.130666031247708148e+00,1.213857777663045479e-01
1.000000000000000000e+00,3.784990879749814852e+00,-3.694215997300859033e+00,-2.314501310308398896e-01,-3.220677318099675723e+00,3.565075555412137387e+00,1.398710520670412460e+00,-1.935303950577151433e+00,7.279123146742949579e-01,3.029130807147534021e+00,2.797752599695219722e+00,2.391283751325222973e+00,9.490144663242272571e-03
0.000000000000000000e+00,7.826642120333616726e-01,2.736078935862477746e+00,-6.394144782673105709e-02,1.613436720058068374e+00,-3.116456297467016245e-01,-1.024906398320486467e-01,-1.618620904976504793e+00,2.763045138217457009e-01,-1.612190040952666603e+00,3.183910244537476952e+00,-6.739351972876217456e-01,-2.270579419207719774e+00
0.000000000000000000e+00,-1.740357117921663921e+00,3.242512193637857809e+00,1.402743999331219626e-01,-8.246840510391949541e-01,9.426880978805673994e-01,-1.906029932340845612e+00,-2.430287778121756226e+00,-3.498623898575649704e+00,7.391482858160416392e-01,2.583684401036484779e+00,-7.088612510634737518e-01,-1.584684324915349274e+00
1.000000000000000000e+00,-9.830103367432296846e-02,3.936802923475496652e+00,-1.200664608855998683e+00,-7.346334551710800298e+00,9.924887841443006398e-01,-3.697032466107101456e+00,-3.584993602141483660e+00,-1.586644801959532503e-01,2.213831406585022421e+00,-3.523263084026576841e+00,-6.424306344980322159e+00,-1.562623128614745394e+00
1.000000000000000000e+00,-1.428589188820841072e+00,5.740138179543823327e-01,-2.917745564325557872e+00,2.294356599944593622e+00,-1.064828479328903121e+00,4.047212859926281325e+00,2.868079539949575985e+00,-1.754495356416536422e+00,9.067605253611257243e-01,-8.127956317976336997e-01,1.832264890070206764e+00,-1.407179177277188664e+00
1.000000000000000000e+00,-2.495124004781578364e+00,4.073077127442635614e+00,-3.056584265762643859e+00,3.066073801167678026e-01,-3.500855892323214036e+00,-1.486917954843089973e+00,-1.197238641238631329e+00,6.943445824395606536e-01,1.903410697847820909e+00,-1.632250861275804432e+00,4.261805482119096489e-02,-2.499675747069493248e+00
0.000000000000000000e+00,-1.418614152783705951e+00,2.792368939816820550e+00,2.331672437588404589e-01,3.883860102869668207e+00,4.697041190876056760e-01,-6.584851481993418965e-01,3.602721612686510255e-01,-2.442250053880758998e+00,-2.535462669402356095e+00,8.637072327047912168e-01,-1.148017041716403952e+00,-2.790861478905609872e+00
0.000000000000000000e+00,-1.023995924011108283e+00,4.517692902048060510e+00,4.749877824149523198e-01,3.867832398171315855e+00,6.072112521848697098e-01,-3.678999032902907640e-01,6.686646373140892052e-02,-1.704682219105994712e+00,-2.891880010294426206e+00,1.662835345842558876e+00,-2.109856350931070601e+00,-4.036895482818165348e+00
0.000000000000000000e+00,-9.533224813765572847e-01,-6.242745007185880324e-01,3.683958223449345315e+00,-9.777695823936578989e+00,4.268903410506910134e+00,2.290634766988981497e+00,-2.824820966272232781e+00,-2.855629382640089808e+00,1.127082399645460864e+00,-1.322287368599158519e+00,-1.348716471631725033e+00,3.510318440488922498e+00
0.000000000000000000e+00,3.421121321059531262e+00,1.246517427457520144e+00,2.724514005751364376e+00,1.766667567019130913e-01,6.554582918624816124e-01,7.691064152954495414e-01,-4.000664144410912559e-01,7.925595429873648623e-01,-3.319388538454203230e-01,2.213899334200495339e+00,-1.881128723198538966e+00,2.611457547284148362e-01
0.000000000000000000e+00,2.327982498267912259e+00,8.182822827345030969e-01,3.660758939005324120e+00,-1.497812620435386544e+00,2.091350301480450202e+00,1.684783411599112490e+00,3.399497403172821564e+00,-6.627836208298039100e-01,4.620223959756344811e+00,2.383566174714946140e+00,-1.230134897868853328e+00,1.794510185299786009e+00
1.000000000000000000e+00,8.945929030995247722e-01,1.016659871652902725e+00,-2.357609579570413061e+00,-5.317906720025797895e+00,-3.745242602997767012e-02,2.797830313097423360e+00,-1.172018962758883953e+00,-2.644975223037661083e-01,-6.697203006578982265e-01,-2.824105529883425447e+00,-3.803912654353593048e+00,2.342440417831133104e-01
1.000000000000000000e+00,-1.739579681369107789e-02,6.606600606845193902e+00,-5.669171735015354763e-03,5.944421943940827902e+00,-2.217690160451117887e+00,-6.279737053618350551e-02,2.456899386107149752e+00,-1.502159455926840748e+00,1.986420998005626437e+00,-2.747553079299994483e+00,-2.462408012891788456e+00,-4.633230186782842708e+00
1.000000000000000000e+00,1.805461618066859675e+00,3.994159084183828590e+00,-2.265068729059271924e+00,1.302847288749498844e+00,-5.957177432234270764e-01,6.041603708348071144e-01,-4.577299269121093417e-01,-3.843947621171037277e+00,3.968921420905056952e+00,-4.556367596007002696e+00,-2.671602267231760308e+00,-3.754049637547250740e+00
1.000000000000000000e+00,1.788568403201896029e+00,2.793954473027365992e+00,-2.554411908227009143e+00,9.577372492019403438e+00,-3.857430930631225774e+00,3.793055753295377031e+00,2.548426072214691196e+00,-2.516662450279805174e+00,4.952532185164515433e-02,-2.892424293013754699e+00,1.311461679387265544e+00,-3.844086444928006330e+00
0.000000000000000000e+00,2.430663447469193494e-01,-5.749638776786248906e-01,-4.843946663788352147e-01,-1.004883882876582701e+00,2.200731413708854056e+00,3.852764472979535171e+00,-7.899343343105938997e-01,-2.225701854182791983e+00,-2.267457073672995094e+00,-2.250745479849028730e+00,-2.413104806865978835e-01,-1.190280031896229218e+00
1.000000000000000000e+00,2.127801553849227645e+00,3.410811120334135804e+00,1.138041874239166029e+00,2.921342477388104264e+00,2.552056195179788212e-01,-2.378801973981663043e+00,5.344373856742857809e-01,9.119976753664316149e-02,-7.023298246068153672e-01,9.832996059014506018e-01,-4.151568867271790531e+00,-2.524186227770068847e+00
0.000000000000000000e+00,1.247657651627824382e+00,-4.763210382912468788e+00,2.198730256310563291e+00,-6.364319889764147309e-01,3.265984673025298601e+00,-4.201223486771090698e-01,3.254374977454296491e+00,-2.743343576282651242e+00,2.249782198420691604e+00,1.883527484039727806e+00,4.861862550974915820e-01,3.894984807429186180e+00
0.000000000000000000e+00,-1.333566510513415793e+00,-1.009448109835390905e+00,2.834110473161565835e+00,7.148425851625167304e+00,4.036300621003829914e-01,-3.039485208456315313e+00,9.897958211729174227e-01,-3.250480358474926668e+00,-2.961102228108415169e+00,-2.147471177997131164e-01,1.396078189625862720e+00,-1.021268954912156746e-01
1.000000000000000000e+00,-2.041834974700031058e+00,5.136948206770298064e+00,1.323194920607491998e+00,-8.796078489268099876e-02,-1.600111891885041882e+00,-2.173815055255530204e-01,-5.418393375092648290e-01,2.255513549353860281e-01,-7.138955927274277524e-01,2.275220677531035740e-01,-1.808496602949225984e+00,-1.234189250893069412e+00
1.000000000000000000e+00,-1.999136782952064539e-01,6.104293277942127283e+00,1.018051154686543391e-01,1.865519954028389105e+00,-1.531823818690773553e+00,3.003851415574712025e+00,1.934684836566643806e+00,-9.014284942588844940e-01,9.125460618755067976e-01,-1.801964956062538814e+00,-2.666890718494030921e+00,-3.021873676993435787e+00
0.000000000000000000e+00,1.036170752598309264e+00,1.083394143567109502e+00,4.207780781897063616e-02,-2.255945560561499086e+00,7.300635348138171388e-01,3.028255537194846969e+00,-9.491085218774267807e-01,-9.840898255422803054e-02,-1.081056387799918195e+00,7.542244750575233248e-01,-1.115797889414577249e+00,-2.752141240317669268e-01
1.000000000000000000e+00,4.096544281966451706e+00,2.870459993589824510e-01,2.176764435930018671e-01,1.571917211938886672e+00,2.517485085826639768e+00,1.563630461308255004e+00,-2.343740888986139304e+00,-4.586275171894587110e-01,3.125391595396878941e+00,-6.303745282438719677e-01,1.935170710871148003e+00,-4.149035560305060599e+00
0.000000000000000000e+00,7.100803313292691765e-02,-1.171757233517019436e+00,-8.400607477743442519e-01,-7.445555291409926113e+00,1.105766146791324456e+00,2.269712256995182198e+00,-3.929382624008744163e+00,-2.352247386236802296e+00,1.571900848487782998e+00,-6.411890518952481077e-01,3.724990349292636171e-01,2.399231551992825562e+00
1.000000000000000000e+00,-3.010689875924390524e+00,5.400328465283665835e+00,3.092056648137533337e-01,1.735086452564830184e+00,-2.994847696134045556e+00,4.024748578930818610e+00,4.049103652471237602e-01,-3.784562610103457292e+00,2.901880774341756286e-01,-5.423950898155307510e-01,8.924091497022521580e-01,-6.404091754960439253e-01
0.000000000000000000e+00,5.993758185628065283e-01,2.001935685579682822e+00,-3.106846307699984155e-01,-5.364279545454902376e+00,1.678931229723732210e+00,1.148878349195362469e+00,-2.338143378961274887e+00,9.987918129026529535e-02,4.919609195959109282e-01,3.206002769363439420e+00,-1.968122512225450649e+00,-4.272855875770648071e-01
0.000000000000000000e+00,-2.135218985557547633e+00,4.006682787480968067e+00,1.308620028779006406e+00,1.706859587707398429e+00,1.015648185750048782e+00,-1.625986501686671470e-01,5.756494010287565022e-01,-2.317843634632450467e+00,-1.775317217926778879e+00,2.777941130789989721e+00,-1.601680176228934549e+00,-2.095432323657579587e+00
1.000000000000000000e+00,1.392189425301368910e+00,-5.025847736317099468e+00,-5.215093246571325114e-01,9.724064702402752947e-02,2.520473270610968264e+00,-3.009237897878636048e-01,2.508467887956796538e+00,1.383880643367455532e+00,-9.157423879372766917e-01,2.762923121029554618e+00,5.991185522886175452e-01,1.525266040863659800e+00
0.000000000000000000e+00,-1.188967761169309689e+00,1.089848778374294058e+00,-1.165703812443867449e+00,8.975816182583770675e-02,-2.474730774498606234e+00,-9.620585223101276728e-01,4.710147342424381156e-01,1.438422855358910013e+00,3.172210734402183707e+00,2.951964254628093975e+00,2.235669204059488546e+00,5.092896585918518237e-01
1.000000000000000000e+00,2.253465855168033993e+00,-5.026675645851264917e+00,-2.184468475085608485e+00,4.038251096469593904e+00,4.331893559818822403e-01,5.519210239484888536e-01,2.350692813060091702e+00,-6.596720184979094626e-01,-3.656906181408386747e+00,1.852670279636815076e+00,2.301308566220037211e-01,1.171786802413302908e+00
1.000000000000000000e+00,5.126591921445921018e-01,2.397299850507105035e+00,2.806310130636548106e+00,2.066370674656109685e+00,9.182425561063108921e-01,-1.817911592447452929e+00,4.606697979124968256e+00,-3.278273612937068204e-01,-6.456377055616853156e-01,-2.065858277228484141e+00,-5.895093287847330998e+00,-1.239102370266317310e-01
0.000000000000000000e+00,-8.542234442307452547e-01,1.529235192653655595e+00,1.460985645290575174e+00,1.006393166914472337e+00,-2.300508202320306061e-02,-5.034568653450273157e-01,6.155062892066998081e-02,-8.720027584432484824e-01,-3.492970986392736066e+00,-6.574676680660622718e-01,-2.470711851639445733e+00,1.292404968440408197e-03
1.000000000000000000e+00,3.919935206748905721e-01,2.614161956181690685e-02,-2.226996601706416001e+00,3.586312815937034770e+00,-1.899592874565000589e+00,3.666656529546715948e+00,8.762330937950120191e-01,-2.340964003322808296e+00,2.803003113170087879e+00,-2.637685805605161082e-02,4.208550336734456110e+00,-1.064373031740423414e+00
0.000000000000000000e+00,1.736695391818621204e+00,-1.926251229154357092e-01,1.337847535559794743e+00,3.323328219844164266e+00,-1.617033863172695263e+00,7.079784852071429047e-01,3.589367486066880719e+00,-4.944492753024514187e-01,3.317544990400218552e+00,1.313672368118756761e-02,7.411152371710849618e-01,1.610278003644090905e+00
1.000000000000000000e+00,-3.380588470494259035e-01,5.123883870169122501e-01,2.305381208431688922e+00,2.405258522644219354e+00,2.349344157184019899e+00,4.179068715820972724e-01,2.660126942744299505e+00,1.631442553575275678e+00,-3.321420098204913796e+00,1.327996475042484636e+00,-1.357700905259384916e+00,-1.596293268702252632e+00
1.000000000000000000e+00,2.870897555661329204e-01,2.246846536227919966e+00,2.255930447228042368e+00,8.097686675250432842e+00,-8.661200823354886502e-02,-7.745949506641619520e-01,8.236718924066066094e+00,-1.162790529585233212e+00,-4.150889902393053887e+00,-1.966120354336017062e+00,-6.481809548651849440e+00,-8.786331542115808357e-01
0.000000000000000000e+00,-1.574479137528669970e+00,1.443279474255388273e+00,1.224723563350442967e+00,2.793273909897730167e+00,-1.112004508976731643e-01,4.324306022969659491e-01,1.582310754468414071e+00,-4.540323710884949904e+00,1.406195941693575424e-01,1.132183820690209286e+00,2.600070409537751370e-01,5.362043024199745211e-01
1.000000000000000000e+00,-1.831404865729121756e+00,3.311976539188138613e+00,-1.462671241736423156e+00,1.238966988111146694e+00,-1.642811388734058298e+00,-1.539139459787652875e+00,1.509453718663477773e+00,8.417213141591977088e-01,1.852215405692618999e+00,-1.254767168124685472e+00,-1.156125039009059607e+00,-2.297666415542120255e+00
1.000000000000000000e+00,4.418226915766876317e+00,-2.767600987726037687e+00,-1.419376007333040590e+00,-7.394342773125232859e-02,2.088043232789988046e+00,6.275623868023894047e-02,3.186850220171899117e+00,-2.680109346461863939e+00,-1.571188383835536495e+00,1.728061933217635016e+00,-5.936373566017592474e+00,2.029464978325517421e+00
1.000000000000000000e+00,-1.441291772627734336e+00,1.090602303215108648e+00,1.253082290208599403e+00,1.163239960067935730e+00,1.878246805336141856e+00,1.117743218890685952e+00,1.190997264300850400e+00,2.998448619295952966e+00,-6.776984547053459540e-01,6.732221522628376587e-01,1.712727364112263118e+00,-3.052162582595252971e+00
0.000000000000000000e+00,1.570908184744736147e+00,-9.971756654447868629e-01,2.452781616767135020e+00,5.183460659926715230e+00,4.240432428504513629e-01,1.750889681201310832e+00,4.640428506669842079e+00,-3.898854340261825424e+00,-1.670356429514209928e+00,-2.787880349049115747e+00,-2.196806644007370135e+00,1.581953549925454228e+00
1.000000000000000000e+00,-1.107918330201401069e+00,4.018416512466477464e+00,3.171674855032961204e+00,5.262096936708968720e+00,-1.002582911063000459e+00,-2.066685465912506459e+00,1.296554460567152400e+00,2.129365836603175133e+00,-4.239404747494502246e+00,1.629774890192403625e+00,-1.961349585317450295e+00,-2.180869972190930817e+00
0.000000000000000000e+00,-1.592112741660673070e+00,6.727355603447969123e+00,5.203649486313175032e+00,7.944587124770260411e-01,-1.632201403579327526e-01,-8.719295307098463566e-01,1.466873316551385864e+00,-3.530349459276421520e+00,2.513388732702842354e+00,-1.851852516952245953e-01,-3.168056382537985272e+00,-8.279900102211801283e-02
1.000000000000000000e+00,-1.353617177595262122e-01,4.118469447415681550e+00,6.078223258406525442e-01,2.863004798737600609e+00,1.472366737602577302e-01,4.712651721070828525e-01,1.468897108510465177e-01,-2.153526179996871015e+00,1.394997127054868447e+00,-2.003784893651822108e-01,-4.812584313778058842e-01,-3.356402201083485082e+00
0.000000000000000000e+00,9.064670233801516153e-01,-3.389884175581506565e+00,-2.437773008401042496e+00,1.101972183955183704e+00,3.943269502797638326e-01,-8.098525447138957833e-01,-2.819669586261159822e+00,-1.219495492950940507e+00,-8.571856042271368548e-01,4.389991840184659377e-01,2.795931264327538024e+00,-4.947582099531649957e-01
1.000000000000000000e+00,-5.572220575679471821e-01,5.130079622811241080e+00,1.440686916689564168e+00,2.186660479106026678e+00,-2.542957333008676990e+00,1.232229427571748248e-01,-5.721890707380665742e-01,-3.696765610420839065e-01,-7.020823149890449422e-01,-5.427797549212877160e-01,-1.625020655572949391e+00,-1.388947942926382906e+00
1.000000000000000000e+00,2.965124807378912708e-01,5.807000723557146138e+00,2.451897250595382438e+00,4.844079515559871929e+00,5.705488786660672940e-01,-7.968494238047744149e-01,5.979531885972978467e-01,7.259085891164342996e-01,-2.730915001301489120e+00,-3.601419352541850305e-01,-3.359699156928910302e+00,-5.090181244189464493e+00
0.000000000000000000e+00,1.615139054151860432e+00,2.397907663095864006e+00,6.591909739748030850e-01,-1.104707549736087646e+00,1.083359660274840763e+00,1.649590247368931895e+00,-1.291860903427258123e+00,2.630844943330020058e+00,-2.089302317916657437e+00,4.333087050793889894e+00,-1.338624175884628453e+00,-1.995019671392276317e+00
0.000000000000000000e+00,-1.780799560640464296e+00,2.193873904964139587e+00,1.861473036662000702e+00,8.950921487327607728e-01,1.417906988644390687e-02,-7.139712299712170918e-01,1.096061666669371881e+00,-3.005342148790358436e+00,1.518097454315858963e+00,1.655295011307101216e+00,-6.170244018512138773e-02,6.384130919373881552e-01
0.000000000000000000e+00,-4.623149644037491957e-01,-3.679994345547731083e+00,-4.576737345216883579e-01,-1.694596303189463304e+00,2.271996787105670101e+00,-9.368791039796812159e-01,1.485354133428216095e+00,1.152881503226395488e+00,1.614346023059185509e-01,2.449958398548267802e+00,1.010601758415081708e+00,1.390312821530468979e+00
0.000000000000000000e+00,-1.652583996655863974e+00,1.430458281964673395e+00,1.036195903365358273e+00,-3.618412467098319762e+00,1.957379627932323229e+00,-5.060139455179317736e-01,6.903881623293908198e-01,-1.126400628051468233e+00,-2.454170665390336126e-01,1.111576931668309287e+00,-2.951558582059951696e+00,7.176564136803815774e-01
0.000000000000000000e+00,1.903179748331559340e+00,3.067784900497140921e+00,-1.826984562136384493e-01,-1.391663118064556670e+00,8.410493316341113301e-01,2.170080568880131011e+00,-1.571797286806535521e+00,-1.157498386645541277e+00,5.815872187710373620e-01,1.839886233481865530e+00,-1.781714833552261457e+00,-1.937544278102700801e+00
1.000000000000000000e+00,-4.183862743550712526e-01,2.846828051640570401e+00,1.150488514115537875e+00,1.343362470620735216e+00,-1.019430823436704658e+00,-1.424268865108594628e+00,5.460317154544631624e-01,-1.351424645493048304e+00,2.124975728265143360e+00,-8.756666997582198686e-01,-1.074128357238837594e+00,-5.469300485774499787e-01
0.000000000000000000e+00,5.054312513783367766e-01,-4.836251138442887454e-01,1.272646097972067292e+00,-1.192671993573996003e+00,2.092889261805154000e+00,1.070937007116975259e+00,2.894995454720240780e+00,-3.371926016366934231e+00,-6.329620105532154373e-01,1.962793918071002786e+00,-3.304696721154458228e+00,2.385629900503089651e+00
1.000000000000000000e+00,-3.784481555104699524e+00,5.863420948276944600e+00,-1.269284488712574266e+00,-9.852906311737166245e-01,-1.269767714388902347e+00,1.043518634010218493e+00,6.549493701416615465e-01,-2.537997316110485180e+00,2.049100352929740687e+00,-1.792840297945544004e+00,-1.566548703920766616e+00,-2.430201150644871078e+00
1.000000000000000000e+00,-1.239310655315739362e+00,4.072712475785154607e-01,-1.991027473569515926e+00,-1.291548592358359615e+00,-8.422117524298100566e-01,3.105859647695697667e+00,-2.474390330478015709e-01,2.326384976592281717e-01,-1.644409065675659143e+00,4.081417146510253335e-01,6.983480084726145787e-01,-1.958335364150676217e-01
1.000000000000000000e+00,3.207930033785262314e+00,-1.876131754619035252e+00,4.000145521276802230e-01,3.662156506394736777e+00,2.056832434133304410e+00,-2.757264328722698110e+00,2.938699043064620930e+00,-7.896888022583843370e-01,-3.042404373123739791e+00,1.589299423212870765e+00,-4.727535848404718521e+00,-3.037936048822242885e-02
1.000000000000000000e+00,-2.308382342590778347e+00,3.539720817610281789e-01,2.809279778957599838e+00,-4.835687935108550772e-01,-6.520761175905585016e-01,-5.386549845492537791e+00,-1.751916184532291698e-01,3.993044080549661423e+00,2.491867351324414948e-01,8.642465279070910000e-02,1.638362188903934591e-01,9.725677076090426532e-01
0.000000000000000000e+00,-1.462934899270268874e+00,-1.628098660022924804e+00,1.536232531122455613e-01,-2.754037177091213984e+00,2.959225704213049646e+00,-1.579311428280123941e+00,4.065455367595072200e-01,-2.471244003998431360e+00,-1.324061928982311898e+00,9.534158637073427700e-01,-2.113108922211084373e+00,1.332819753034609089e+00
1.000000000000000000e+00,-4.678677879191432964e-01,1.228937494549439124e+00,-5.463356678691844159e-02,-8.583662604906109550e+00,9.169453572431260913e-01,1.718094461701583864e+00,-6.015476042829989822e+00,-1.891824275072065742e+00,1.951481263920879172e+00,1.279667888139475185e+00,5.819884015389988896e-01,1.499124061457079549e+00
0.000000000000000000e+00,1.968751052703804127e+00,-1.260021378304792661e+00,2.299753949471193604e+00,4.638656239876603138e+00,-1.013992172147707649e+00,1.062562756491193916e+00,4.495488888963333984e+00,6.304628232275104605e-01,1.022779920716833546e+00,-2.302017000644956735e+00,2.230511690977654560e-01,1.375224596311585001e+00
0.000000000000000000e+00,3.385139496380885848e+00,-5.922003616691784433e-01,-2.481682533378587241e+00,-8.616180897147135198e+00,2.027516891227365115e+00,3.203452700380144069e+00,-5.497948222996749124e+00,-1.162750308448462500e+00,3.138485245590247885e+00,-2.493233408050388178e-01,-6.045956000675398734e-01,1.142916218525558136e-02
0.000000000000000000e+00,-7.684207588400171485e-01,8.548452492297657912e-01,1.872560154855616332e+00,-5.222133249733975191e+00,1.928049876060406120e+00,2.733177191128438821e+00,-1.595701728164029776e+00,-5.850400496831034136e-01,-3.524720357055650233e+00,-3.778999999918901231e+00,-3.381397404337723511e+00,9.401597328403075160e-01
1.000000000000000000e+00,2.506063274821939579e+00,-6.873428119647417844e-01,1.168996453040677119e-01,3.094064414114645056e-01,1.436904813037100936e-01,1.227882674525344608e+00,-5.234997515984376459e-01,-2.336412202935163052e-01,1.058552864470265309e+00,1.218049587579921322e+00,6.322932922276836010e-01,2.464987672997696055e-01
1.000000000000000000e+00,-3.324829511740231558e-01,6.569735839322794924e+00,9.556426075342532300e-01,4.015024602727216951e+00,-2.524160871273516626e+00,1.712116429041596000e+00,1.834477196502647178e+00,-3.894974053627240806e+00,2.376818455978281897e+00,-3.086475033069706164e+00,-2.250556170813371448e+00,-2.334223964076026725e+00
1.000000000000000000e+00,5.162765097157648864e-01,-2.362894799847025773e+00,-2.159429640255670968e+00,-2.873451469617031240e+00,-6.682464051261338689e-01,1.930283372086232907e+00,9.484128493173116237e-01,3.395420953148512666e+00,-2.780732289309442162e+00,-2.724109570070492037e-01,-1.375702231736174896e+00,1.724851572340183825e+00
0.000000000000000000e+00,6.306758172495690040e-01,-3.914190178876618686e-01,1.633273964072198048e+00,4.888866263781318722e+00,-1.163069320347551727e-01,6.103674908807121824e-01,1.151638159393464367e+00,2.809490602152959760e-01,-4.489020199056158233e+00,-3.781553615292256865e-01,-2.136861049322505979e-01,-6.517297085624731423e-01
0.000000000000000000e+00,4.120041548031004197e+00,2.220989897547813452e-01,-1.665848813638116432e+00,-1.986410988683726675e+00,1.357456838227628859e+00,3.812673681332329423e+00,-2.878104888120942562e+00,3.523099325849678998e+00,-4.927576245431244395e-01,4.291066486269648372e+00,9.688018412791925549e-01,-2.800023305754320901e+00
1.000000000000000000e+00,-1.606818931382013815e+00,-2.313627485339575962e+00,9.874684388085867015e-01,1.127722652178364093e+00,5.285549199531975884e-01,-1.259741987056533619e+00,-2.794622846694447826e-01,4.549784593971108571e+00,-1.433720165933990653e+00,3.597825380690895969e+00,4.503150432422397209e+00,-2.230501139978652292e-01
1.000000000000000000e+00,-9.210010881018151352e-01,3.721111314917391333e+00,-1.998861897817167055e+00,-4.672364501391549574e+00,-3.186357917415648666e-01,4.638044978503335969e+00,-2.131014769696590871e+00,-4.583898505168530590e+00,2.917072157905602037e+00,-2.243487939773918693e+00,-7.811434213310545216e-01,-7.975011690553339694e-01
0.000000000000000000e+00,-1.750732933412213255e+00,2.449748060228364721e-01,-2.072759849309015578e+00,-4.413184845342999374e+00,8.754541409340613756e-01,-1.044499752822010130e-01,-3.069603156973053082e-01,2.260115640776026336e+00,-4.194656620778718370e-01,2.708328538558490983e+00,-8.229314293863366769e-01,-2.795959199299502540e-01
1.000000000000000000e+00,3.591955738716965385e+00,-9.867621474733500042e-01,-1.818269968680046755e+00,8.601930119084921778e-01,1.371069192844413198e+00,1.902710440713014872e+00,-1.834790842954465262e+00,9.299334902061184849e-02,3.901162608959956479e+00,6.463922255172109832e-01,3.184143006867614645e+00,-3.088740336353850591e+00
0.000000000000000000e+00,-2.878314925333641305e+00,-2.459018892851237759e+00,-2.785149118700280813e+00,-1.751581574008073128e+00,-5.813987618295819448e-01,-2.995567281747585575e+00,-6.691053179560879638e-01,-2.478601906711949132e-01,6.575823273479800557e-01,4.320501408863020032e+00,2.445820494628172082e+00,1.867107587142609271e+00
0.000000000000000000e+00,-1.182853208831053715e+00,6.824215003441894689e-01,2.592225303453179031e+00,-2.166984055409625576e+00,1.803736882794926277e+00,-2.880468221816516294e+00,7.951332276578093605e-01,-3.763071964855860152e+00,1.182418899381538990e+00,1.938223077648288939e-01,-3.159036099155391408e+00,2.339781351015151500e+00
1.000000000000000000e+00,-8.882472846607156747e-01,1.195458677032067651e+00,2.884061978787212155e+00,3.677205717592026968e+00,2.947972146339493671e-01,-3.733860691101787754e+00,3.257731528050525904e-01,2.725577862110386551e+00,-5.372570753635420360e+00,2.772475917444985782e+00,-1.800271846423327826e+00,-9.672424731207015514e-01
0.000000000000000000e+00,3.323230236535954063e+00,2.411024835283735790e+00,8.470750786180234471e-01,6.102250217375833508e+00,-1.151482252996467448e+00,1.723317814203673137e+00,8.528625893103214395e-03,-4.127163793189648766e-01,-1.834235464360528756e+00,6.033909061507987115e-01,-5.092018208257070855e-01,-2.770172555085986144e+00
0.000000000000000000e+00,4.983550618472123439e-01,5.098047295174256144e-01,1.129775017572511420e+00,-1.304693962495809378e+00,1.960739586268944290e+00,2.534084754459868805e+00,-1.449336053574301619e+00,-3.986429679050653263e+00,9.167992247850276222e-01,-1.427313693972774633e+00,2.824787120408438490e-01,-2.819372169964348140e-01
1.000000000000000000e+00,3.830286492919194874e+00,-5.608215449569753375e+00,-2.271839341911267685e+00,-1.518687448554404407e+00,1.981580819092779944e+00,1.386883955740998431e+00,-2.396693261119910989e-01,-1.134673447595358819e+00,-9.855130617525662551e-01,3.213793382548884914e+00,7.423586335660314894e-02,2.381723392352839141e+00
0.000000000000000000e+00,-1.056239975502271777e+00,-2.678411576020750307e+00,7.277803635873701937e-01,-3.819614745254174881e+00,1.526807595089889169e+00,-3.214002338306156226e+00,1.948281905891968702e-02,1.821799920018047914e-01,3.131463763488201657e+00,1.688020130299453747e+00,8.876428956347275356e-01,2.817701177151556990e+00
1.000000000000000000e+00,-6.824888907989070663e-01,2.996319406367383031e+00,-6.067649662194196658e-01,7.569985701493648911e-01,-2.018230748357401350e+00,-3.168015880390335770e-01,-6.461100038474865137e-02,-1.226528742358550472e+00,1.647366671055890741e+00,-1.711967964955299681e+00,-9.374966494860094146e-01,-8.529651635453798786e-01
1.000000000000000000e+00,-1.880877585525607243e+00,1.436189842033300579e+00,-1.313729740377751698e+00,-7.660710600805016313e+00,-2.338447015404412355e-01,-9.241901792107147795e-01,-2.838759380615234917e+00,1.454469047054887998e+00,-4.436844146113063658e-01,-7.268399830617287005e-01,-2.976074694649994079e+00,1.205971238936566881e+00
0.000000000000000000e+00,-9.985202977683508285e-01,3.608459402311363196e+00,-1.720726360957286261e+00,1.508867845229382443e+00,-4.909366873712615487e+00,1.641978553365397442e-01,9.619569149251167017e-01,-2.577108501178323463e-01,2.485430802420208085e+00,3.605621005076213414e+00,6.123225237423437495e-01,9.501801284252094915e-01
0.000000000000000000e+00,-1.847781518917550603e+00,1.737667789966196086e+00,2.208032004028122941e+00,-3.069725448557650171e+00,1.772648559982846095e+00,-1.851968970129436620e+00,5.909306833023271199e-01,-1.498057936209335139e+00,6.733041389544072164e-01,-6.581403417484921192e-04,-2.912760366202310713e+00,9.791544987093814267e-01
0.000000000000000000e+00,-2.593757166984941076e+00,-7.960458577054193796e+00,-3.171287862277822889e+00,-9.518545017432010757e-01,2.582223998136926824e+00,-2.167108334720983187e+00,-4.575739080645055967e-01,-1.607136884581887637e+00,-7.629230326512790317e-01,3.445143974972816547e+00,5.330377359473103205e+00,2.296748658446155389e+00
1.000000000000000000e+00,-2.310032655831855575e+00,1.166380759250520649e+00,4.162025743700967340e+00,1.026704259756513471e+00,2.662248052988741565e-01,-1.414022512349780047e+00,3.111660702966678294e+00,4.297960515844767571e+00,-2.203568780640826841e+00,3.999737554086630453e+00,-9.981295949850266247e-02,1.137344797687869669e+00
1.000000000000000000e+00,1.077257580964996020e+00,1.988323927082513043e+00,1.672052027242239891e+00,-2.022290731037196476e+00,-5.084531247683475863e-01,6.605079469046786222e-01,-2.885420233501977627e+00,1.792260345616856654e+00,-2.119364294013148076e+00,1.634606228370021341e+00,-1.161078515371690711e+00,1.822094162437155607e-01
0.000000000000000000e+00,-3.192057188333246032e-01,-1.379997670963223066e-01,3.431711422493109787e+00,4.232558760046651436e+00,1.197363948920435295e+00,-2.090447582215318345e+00,8.782641629480811840e-01,-4.243670222063555819e+00,4.566879254971769608e-01,1.451881197381851507e+00,1.041785893452611855e+00,7.616936721539966371e-01
1.000000000000000000e+00,5.687326834053633817e+00,-4.315885846707660178e+00,-3.490460055871802858e+00,9.303387763529309407e-01,9.894266024068835153e-01,-9.695064621248941084e-01,7.745239984200336103e-02,-3.645564726198609051e+00,-1.982468853310648704e+00,1.441444774140731244e+00,-4.406363639123449083e+00,1.710482059379202280e+00
0.000000000000000000e+00,-2.600790331551636303e+00,-5.554095766152183922e-01,-2.581532087532928621e+00,-2.615405349336790142e+00,-1.093171295859097114e+00,-2.559518937150103923e+00,-3.930537872696870938e-01,1.109646782899030182e+00,-5.611988842261328436e-02,1.936385465166793773e+00,-1.219017469386681762e-01,1.082511307422730162e+00
1.000000000000000000e+00,1.521862904155113050e+00,-6.259784454874064430e-01,-1.667370033327529644e+00,8.002653197110850547e-01,2.102325699348454258e+00,4.786925160805997059e+00,1.550285945493525830e+00,-9.038472279936216047e-01,-9.974480744414675470e-01,-2.353534992308770057e-02,1.071552607639483234e-01,-2.212004260755098706e+00
0.000000000000000000e+00,-4.083868365665633826e-01,-1.765776341102541780e+00,4.195393285829181806e+00,3.549380240546910148e+00,3.179453167365794641e+00,-6.565692478346449867e-01,2.696615319772497799e+00,-3.540630655157081641e+00,1.817631412571931948e+00,-4.553724476854670300e-01,2.087389951213404871e+00,5.774103225498986580e-01
1.000000000000000000e+00,-1.614796474790443526e+00,2.916476264967301280e+00,-2.095133172922324150e+00,-3.666191898893166101e+00,-2.751701507214614040e+00,7.905572760317282066e-01,-2.671528526582334528e+00,1.421659725150812292e+00,-6.071746958807096028e-01,-7.979638197809064692e-01,-9.999148726120257180e-01,-1.655615374105821047e-01
0.000000000000000000e+00,-2.122284023218885984e+00,3.326841038813306728e+00,1.152770554731014307e+00,6.642290427773706041e-01,-1.347904878057950562e+00,-7.709629390081496059e-01,5.417702105278570102e-01,-1.595515597058633217e+00,-3.114363049815991324e-01,-9.657397730723180640e-01,-1.713495534563787448e+00,7.403136075674887628e-03
0.000000000000000000e+00,2.837105065373100032e+00,2.948241359449272903e+00,1.202885005100601479e+00,-6.117945259563569493e+00,1.743858906381411389e+00,3.508750065484212310e+00,-2.966517805561797338e+00,-9.940471061654886364e-01,4.451831084128823335e-01,-1.658991063256196163e+00,-4.143720835535807723e+00,-3.310620983289621622e-01
0.000000000000000000e+00,-1.271784332317922761e+00,3.170157747636264567e+00,9.445398438583937351e-01,-1.085186363584590863e+00,-3.858685391626301975e-01,-9.610451772143646654e-01,7.809656469292419745e-01,7.698996036825103140e-01,1.772222489859277106e+00,1.301914680214541598e+00,-1.265303596342296277e+00,-5.252596822191675230e-01
0.000000000000000000e+00,-2.007375390541644045e+00,1.432278438360494510e+00,3.381660949164438934e-01,-3.323842326460186847e-01,9.802175842496688718e-01,4.020172108996393767e-01,4.121791295838017621e-02,4.019873079714624264e-01,5.084130167706668590e-01,-1.167066369855147556e-01,1.106144265995197440e+00,-1.831620502508905179e+00
1.000000000000000000e+00,1.066595847160120014e+00,-2.488379760121643081e+00,-1.037379241716397615e+00,4.429502358111676585e+00,2.821205385496144968e-01,-3.132458502176034276e-01,2.638713628210259010e+00,8.918393550453695973e-02,-3.198359922531031518e+00,1.004168889842898871e+00,-5.164817773989482941e-01,-2.114477290823626454e-01
1.000000000000000000e+00,-6.870381214154455130e-01,5.733244874870713659e+00,-4.055304510570137966e-01,-1.468597992770453553e+00,-8.440436391416885620e-01,-8.204103218070866177e-01,-2.740628879964652320e+00,-3.748569327319655642e+00,4.242395038516012740e+00,-2.394394886046053550e+00,-1.746061510643862835e+00,-2.649237009321387504e+00
0.000000000000000000e+00,-2.126830217764163145e+00,4.835795862859660232e+00,2.080861513293948750e+00,-3.562236625903927312e+00,1.518865037644385074e+00,-1.157719562132697444e-01,-5.939840704492587165e-01,-1.174769052402393044e+00,2.510136007806474723e+00,1.901538125796232048e+00,-1.593799747066819261e+00,-1.178210745009520277e+00
1.000000000000000000e+00,1.353260006853497455e+00,2.011652258671595916e+00,1.400076679313630557e+00,7.267437807265281435e+00,-1.078449635055165334e-01,3.376609516213677775e-01,2.235842869171881020e+00,3.101695385154198403e-01,-3.172712305873353955e+00,1.179203794960290708e+00,-8.521181238357236065e-01,-3.082493906000757011e+00
1.000000000000000000e+00,8.863762197492865980e-01,-2.054659093561962191e+00,1.129970471870021864e+00,1.001166102445533834e+00,6.226260886347894097e-01,-1.908439314082505778e+00,4.995504682067484215e-01,2.257125825081486070e+00,-1.508756258012376339e+00,3.968027716270317917e+00,5.402896292785770438e-01,1.161531105063879021e+00
0.000000000000000000e+00,-3.827284967612851752e-01,7.072113174013803238e-01,3.118052653036389454e+00,1.668619217468477522e+00,9.379685421333606721e-01,-1.014129623373480893e+00,-5.582645872921347951e-01,-2.639206429244690177e+00,-2.052896514092449998e+00,-1.462904382300498352e+00,-1.166469031115051846e+00,4.222231620226051252e-01
0.000000000000000000e+00,4.873958959684097092e-01,2.183295390323638951e+00,3.447556846922220863e+00,1.244892878917140067e+00,-1.871665943438964419e+00,-1.241056116068121939e+00,2.218536182805364465e+00,-2.128844065254713591e-01,4.203237255819958662e+00,-1.439416448263031612e+00,-6.087223837193773690e-01,1.889115339451576059e+00
0.000000000000000000e+00,-1.433956958996483788e+00,-5.160419079498818284e+00,-1.262032840136844580e+00,-6.357778201204861368e+00,4.832573015716246090e+00,-2.230639201693126683e+00,-5.610750095919780911e-02,-2.842873014931273090e-01,-7.971803471421421428e-01,1.810304587617827643e+00,-1.092350533638923649e+00,2.185980458196643994e+00
0.000000000000000000e+00,-3.829630912003497478e+00,2.398644775924302586e+00,-6.079140683282411306e-01,-4.749783036824289262e+00,1.844229349664493478e+00,-1.330399994566410005e+00,-1.716599855752305892e+00,-3.923446849910841028e+00,-1.784009052008267648e+00,3.193098623479763809e+00,-2.914739731300774572e+00,4.792000524213702040e-01
1.000000000000000000e+00,1.439765648403488640e+00,2.010477307144227677e+00,1.790328211608663178e+00,1.932238834677072248e+00,2.096299980692938547e+00,1.168147822663218705e+00,1.027669684623597979e+00,4.934635875552330075e-01,2.698350366238069231e-01,-1.674258827200658661e-01,-8.903543344540858495e-01,-3.063584938184385820e+00
0.000000000000000000e+00,6.125383605227343597e-01,7.025513177925287733e-01,-3.814776351871107529e-01,-7.102267071650715025e+00,1.780951009927962847e+00,3.106359610100271951e+00,-2.544314988412661016e+00,-1.598858288911695347e+00,5.158430613145597032e-01,-1.296754282631024324e+00,-2.268170193183182803e+00,9.248542554613534694e-01
0.000000000000000000e+00,1.217924208173379874e-01,-4.143846214662844751e+00,2.613538798890338022e+00,6.304078268396429152e+00,1.037776813595030267e+00,-1.648968581974200598e-01,3.393361862466299339e+00,-3.995000809523463925e+00,1.080550996339300074e+00,3.726077989324745321e-01,4.171079408680745004e+00,2.174568357050596923e+00
0.000000000000000000e+00,-6.047736847763376389e-01,7.818593526844512809e-01,-1.473161323958194657e+00,-3.555361735905627096e+00,1.377075839844984273e+00,6.602875721625318661e-01,-3.297421481684642330e+00,-4.192957412511870707e+00,1.427098166963076675e+00,-6.921871395185159592e-01,-1.742350345400397460e-01,-5.979393782613298125e-01
0.000000000000000000e+00,-1.417333696306692703e+00,1.220123889237070491e+00,2.286428593413507571e+00,-6.474953115472338538e+00,4.284993702190737608e+00,-1.202821979155604293e+00,-1.426533515226091620e-01,-2.717266865534087916e+00,9.963480415359952103e-01,9.443501831981895300e-01,-4.142883057940975888e+00,1.244673225850245313e+00
1.000000000000000000e+00,-2.285019177066586415e+00,-2.177674929591799646e+00,-3.160726490154655455e+00,-1.040828406765810854e+01,2.341255051181651670e+00,-4.237659555076123130e-01,-3.427736753667988356e+00,4.399172892185578831e-01,5.412455997125336093e-01,1.953987710325557625e-01,-9.568165882038344172e-01,1.685743951806047747e+00
0.000000000000000000e+00,-2.629310443248752627e+00,6.226625903989886801e+00,1.217289697305756535e+00,-1.607992342819597187e-01,-8.470901244350679260e-01,-1.081585773614688772e+00,3.934881046431909501e-01,-5.904841687037913900e-01,-3.558138513251194457e-01,-4.690949431821336280e-01,-3.571636217718785034e+00,-2.096301061844484614e+00
0.000000000000000000e+00,1.677352549965157591e-01,-1.021441985818910547e+00,1.439185498923858386e+00,3.749144763542699543e+00,1.585322404175876221e+00,1.221206301980671149e+00,-7.375902386651832510e-01,-2.372302396479033071e+00,-3.430086404235692665e+00,-2.471645903355975005e+00,1.104787653551521753e+00,-1.514980176427166203e+00
0.000000000000000000e+00,9.786112873378748356e-01,3.299156601717769810e+00,1.115114970987034271e+00,4.547671468986607124e+00,-7.455645377663031592e-01,-6.571279113709622699e-01,-2.851810391147139301e-01,-1.736235818236638639e+00,-1.248335998780968570e+00,1.633212024228331227e+00,-1.179503093685580373e+00,-2.194159913497945702e+00
0.000000000000000000e+00,2.796315697843565484e-01,-4.582505208475777803e-01,1.882641159431181599e+00,3.080353684933040403e-01,1.702758399600144301e+00,-4.187210378001197109e-01,2.450338206002737884e+00,-3.195294235098556701e+00,-1.350656842481658959e-01,-4.634932418678276989e-01,-2.707088520193366321e+00,1.697896381491665885e+00
0.000000000000000000e+00,3.711753066254411149e+00,2.207527325620379344e+00,8.806388006682430714e-01,-7.906700216551196370e+00,2.963420980882080613e+00,2.379096196592317192e+00,-4.254080754576285983e+00,2.973426664095549121e+00,1.732546255813423031e-01,2.584058138879568922e+00,-3.364749854374566418e+00,-1.233888920133529910e+00
0.000000000000000000e+00,2.269686347341218990e+00,-6.040806042632371753e-01,5.302798381210118706e-01,1.253762847358472676e+01,-1.924642444247966377e+00,4.713484229947870752e-01,3.164270144409091046e+00,-3.696368393105975425e-02,-5.820064615451912893e+00,-1.101666229051420753e+00,6.112539556278031583e-01,-2.747804510963991476e+00
1.000000000000000000e+00,-1.787716511955243615e+00,9.231141632760958560e-01,2.355064287801663880e+00,2.572951150000740483e+00,6.085877025810244589e-01,-2.441849762142494829e+00,-2.882870097319221170e-01,4.203692146381510675e+00,-1.815787826175475850e+00,1.742424592770985825e+00,2.111585707789396249e+00,-2.335708547231499566e+00
1.000000000000000000e+00,-1.994053811886593586e-01,-1.370758376880951701e+00,-2.035490360890959582e+00,-5.052800609890071293e+00,-2.700038189695198598e-01,-1.519771272414407459e-01,-3.451145534708252249e+00,1.432340534800727205e+00,-2.821050640094707518e+00,-2.200422735316041045e-01,-1.321948503804848851e+00,1.343298823810478382e+00
0.000000000000000000e+00,-1.213115741307733142e-01,6.659620631414036040e-01,2.185008601937305617e+00,-4.227943927283276948e-01,2.451490098401913897e+00,-3.617190138698749280e-01,-7.263252978292706885e-01,-3.626596049762579987e+00,1.134261370817863934e+00,1.965062191617748866e+00,6.902572466713130517e-02,8.781429071589963442e-02
1.000000000000000000e+00,2.331899910246316932e+00,2.945432219474875879e+00,1.502659211840394526e+00,4.791483164879252854e+00,4.385802652598580487e-02,-1.292972373995274982e+00,1.910450901139587820e+00,-4.357669881158372505e-01,8.342779766037000666e-01,-1.246345784464801820e+00,-2.749293942299390281e+00,-2.812840067274364309e+00
0.000000000000000000e+00,1.657398259203142432e+00,3.298638388466964777e+00,6.429486164014124316e-01,-2.887324014166306352e+00,2.300939328777557691e+00,6.061972662912510357e-01,-3.418063818549416322e+00,-8.395634500750621676e-01,1.541400325124575588e-01,1.392884250905342292e+00,-2.354017930000555037e+00,-2.759150526671791503e+00
0.000000000000000000e+00,-2.209750925459081916e-01,-2.103861299665617801e-01,-2.226615594683369892e-01,4.582864183627838095e+00,-1.296003460393797546e-01,-1.273679442853716814e-01,4.500314663902016399e-02,-2.034890830990651267e+00,-1.859013473250782145e+00,1.221318280644080323e+00,1.565099407822975408e+00,-1.283114250169318682e+00
0.000000000000000000e+00,-5.452937134083304382e-01,1.566427003863400502e+00,4.573285814524311599e-01,2.867292028044632346e+00,-2.144743151868912623e+00,8.171679424157618499e-02,2.274680392676564633e+00,-3.823834118225850620e+00,3.432434754374892316e-01,4.906431220963006767e-01,-1.257178647017394235e+00,1.818438458371802735e+00
0.000000000000000000e+00,-8.432747642567286483e-01,1.583028506307051775e-01,1.937871466826658118e+00,1.990744018451541475e+00,1.746258392623776246e+00,1.056485707835536747e+00,3.842302497347873658e-01,-3.995731560628921208e+00,-1.714434380557122939e+00,-1.693776947581213665e+00,-1.477768845158226041e-01,-2.992849787968194786e-01
0.000000000000000000e+00,-4.181339938804895517e-02,1.465080883502121845e+00,2.497390129806461356e+00,8.382327768799710199e+00,-6.043777732909865197e-01,-2.038951184336947442e+00,1.912055115191319654e+00,-4.464290978714960945e-01,-4.206823867863901611e+00,2.042078766973125514e+00,-2.861300134827817754e-01,-1.785248400799333002e+00
1.000000000000000000e+00,-5.219679048023826429e-01,1.995209747783465160e+00,-4.013893869929827662e-01,1.637126135282902795e-01,5.561550678360320799e-01,-6.257630127602432646e-01,2.590076589232084281e+00,1.391159575947079619e+00,-1.313709650395552542e-01,4.657869883838687830e-01,-2.907577238355104843e+00,-1.548324246809778426e+00
1.000000000000000000e+00,9.498283541097218841e-02,4.233117615356267294e+00,2.976012209918168505e+00,1.850280495007873283e+00,-3.381944955843363410e-02,-1.043636658393911620e+00,8.525667256686455531e-01,2.067696219010623171e+00,4.839686039840107590e-01,1.549041375108144658e+00,-1.388896676636822258e+00,-2.117861930362900047e+00
1.000000000000000000e+00,-3.542519441824340198e+00,2.412523192820726248e+00,3.662984591703776438e+00,4.201650563803337235e+00,-7.867029837375680845e-01,-2.952469274177384584e+00,1.795114280120583938e+00,5.165351665975354223e+00,-4.302262690147530044e+00,3.420192383754243615e+00,9.098235932994311881e-01,-1.323229023495167578e+00
1.000000000000000000e+00,-1.030415347512657842e+00,1.903937433724728123e+00,1.728710657699825681e+00,4.025602528402385083e+00,8.134365973946344752e-01,-3.521862955841452258e+00,1.350548018416201312e+00,3.331898060370837467e+00,-1.965597519975758045e+00,1.333662598481796024e+00,-7.440579066445676126e-01,-3.264305979102297250e+00
1.000000000000000000e+00,-6.940409562541731692e-01,3.413170862660359628e+00,2.347516497703167282e+00,-2.600115736673648259e-01,1.508581628414980225e+00,1.845245225846576353e+00,2.757521469850862772e+00,1.874228669176804196e+00,1.026479017687181194e+00,3.886861964695929039e-01,-1.349629215936713367e+00,-2.011260948949788130e+00
0.000000000000000000e+00,-2.434998136425069681e+00,-3.607426137500831853e+00,-1.932891101712310267e+00,-2.497789126267296211e+00,3.161413079336750531e+00,-1.296381031695192032e+00,-2.481380207181089759e-01,-1.368981393475325881e+00,-1.529910997607408341e+00,3.370711746557731647e+00,1.247438128638684418e+00,6.681451307079130375e-01
1.000000000000000000e+00,-2.556140260726444957e+00,5.583120760451890874e+00,1.043390419417927539e+00,-3.552240617270929324e+00,4.198241278003145283e-01,-1.449733760165691887e+00,-1.118402371670698781e+00,-2.390217393877133167e-01,3.852170307905526947e-01,-4.815600537214534960e-01,-3.879562835875386639e+00,-1.763690455778502697e+00
1.000000000000000000e+00,1.500997706139062249e+00,4.204612121151361848e+00,-2.369398543180315508e-01,3.285216122583511478e+00,-1.471052986390241957e+00,1.808620671210223074e+00,5.550092733364975217e-02,-1.295137770673858046e+00,-5.585758185795328679e-01,-2.035019213409570593e+00,-2.239508014669584046e+00,-3.001074729594807700e+00
0.000000000000000000e+00,2.087011876535540100e+00,4.828697797205742326e+00,3.108921766364606931e+00,9.783146175864786409e-01,6.634348457550096612e-01,4.916624973692612643e-01,-8.639921699106731801e-01,-1.012398680795788763e+00,-1.336031663744649656e+00,-9.274503954652835169e-02,-4.197390864152877654e+00,-1.996461105177946616e+00
0.000000000000000000e+00,-2.424397361256593442e+00,3.199614922644551385e+00,-2.736402132599571324e+00,-1.364997154718448513e+00,-1.791381509842030262e+00,4.102645841526244563e-01,-1.800719174524960664e-01,1.346396770564582290e+00,-1.714199292318989709e-01,3.995869022691892702e+00,-1.202407965650137411e-01,-1.342563577905144356e+00
1.000000000000000000e+00,-2.814264590129701205e+00,3.415790009280653017e+00,4.291521416275245748e-01,1.288719091478245815e+00,-1.569660807541830128e+00,7.746882393894647389e-01,1.504294918088198152e-01,6.267017852693970159e-01,-1.077434789931461356e+00,1.841526516290634241e+00,1.042891955922985670e+00,-1.262810825361994738e+00
0.000000000000000000e+00,-7.426033433272971607e-03,-4.764309708770596563e-01,1.689405314040344219e+00,3.674477143642634669e+00,2.058380328916101787e-01,-7.018514035270717599e-01,6.535633777754523699e-01,1.370458264429714745e-01,-3.956614918319562246e+00,8.821876809574707989e-01,-2.514189559086507098e-01,-1.202627265130030709e-01
0.000000000000000000e+00,-1.013532327095403307e+00,1.856545384115173114e+00,3.190857426888115800e+00,7.770496502912380699e+00,-3.575574796457903215e-01,-1.378993695701863587e+00,1.617205737537601884e+00,-4.608716864184389195e+00,-2.782638152435250145e+00,-1.301565417680080827e+00,-4.332709356798821743e-01,-9.087025502127505927e-01
0.000000000000000000e+00,-2.559284888270221270e+00,-5.190529335395169142e+00,1.332270882401823675e+00,-4.757668878740539675e+00,6.779882192430561005e+00,-2.358533678816847612e+00,-5.444007270281090438e-01,-2.352912459599550310e+00,-2.927472540589786121e-01,1.456082614456209123e+00,1.243934066558350260e+00,1.388840918298567040e+00
0.000000000000000000e+00,2.247729173075511344e+00,1.250299129101422047e+00,-1.740257138508890300e+00,4.219116177154690561e+00,-1.001453125313815917e-01,-1.212683838850774354e+00,-1.718045213142640915e+00,-5.008124874296440154e-01,-2.548074414880590055e-01,3.676323901083490497e+00,7.052914057662955649e-01,-3.575872944705227763e+00
0.000000000000000000e+00,-4.385284472723415483e+00,-1.343134104140228102e-01,-1.393956328664112121e+00,-6.454692241641014405e+00,3.317150582614981413e+00,-2.527138540285380763e+00,-2.357530734589989407e+00,-1.195932992920155646e+00,-2.446214481692084330e+00,2.148804451119588954e+00,-1.945946060869479854e+00,-2.641351368167077496e-02
1.000000000000000000e+00,-1.028465199828898502e+00,6.879996194701398782e-01,3.156831395251685546e+00,1.100517615403100224e+00,2.317158126193051615e+00,1.225525682627753632e+00,1.495112262323808228e+00,3.051166308321780374e+00,-1.322463310672767012e+00,1.794794413120976539e+00,1.598091073004358265e+00,-1.722001986524087869e+00
1.000000000000000000e+00,-5.245950374287815521e-01,6.348724300633028506e+00,4.557202529494162047e-01,-3.546027749217580904e+00,-1.714151852836636181e-01,5.621084889634071491e-01,-3.119410660897704357e+00,-2.510283651872610822e+00,2.349310676963296096e+00,-1.599802893643932133e+00,-3.082379361345343849e+00,-2.327254592372789865e+00
0.000000000000000000e+00,-1.432618511223406443e+00,4.142268189661736599e+00,1.651102951605758928e+00,-5.028191003366518252e+00,1.039542962158649386e+00,-7.706404228084196006e-01,-2.723607200525015593e-01,-1.453875813809910600e-01,2.852852983683066945e+00,2.186049194963297637e+00,-2.738288510354022876e+00,1.236336609309627299e-01
0.000000000000000000e+00,-5.249490957905080801e-01,-1.101797060531689132e+00,7.224473636772686946e-01,2.141136029818222486e-01,-6.593818882048421148e-01,-1.801261276935969491e+00,9.268799927079971468e-01,3.173150737009843958e+00,4.357047685311437490e+00,1.652982876681430957e+00,3.804944012839478695e+00,5.335103769201394730e-01
1.000000000000000000e+00,2.739231571969424905e-03,-7.350209820460894550e-01,2.155654493310331432e+00,1.038102795112536836e-01,7.874169149319211192e-01,-2.900416013674306015e+00,1.811233103328417693e+00,1.272247569913632859e+00,-3.203224173933193253e+00,2.107165934874185353e+00,-3.441933585730887479e+00,2.069168405460953153e+00
1.000000000000000000e+00,7.938343516157357893e-01,7.956352874318533885e+00,1.439125314585166571e+00,3.400075580458208346e+00,-2.462862351769684821e+00,1.567108453268035273e+00,-4.987308884525116781e-01,-2.375332274701732693e+00,2.181608161383554734e+00,-1.900041087240570636e+00,-2.175942183411502917e+00,-3.699680360778693000e+00
1.000000000000000000e+00,-4.147582518670202667e+00,8.525978377274007203e-01,-1.957903409606445599e+00,-4.413009541287527426e+00,7.236254824215868631e-01,1.798180477936976551e+00,-1.403576910305275760e+00,-2.396888402363423598e+00,1.541512826397788860e+00,1.308386944302560639e+00,2.298970550296054682e+00,2.041124845002117993e-02
1.000000000000000000e+00,1.773923277715879099e+00,-1.911890663622269337e-01,1.120286691902923293e+00,3.262318125219458853e+00,2.039557383837930615e+00,-2.009862892370529508e+00,4.064341398050738796e+00,-8.613105545715353806e-01,-2.414408160317851326e+00,-8.353521322216015399e-01,-5.397199483108286344e+00,-6.309383194086538582e-01
0.000000000000000000e+00,-1.174283516507731662e+00,4.255825154182680592e+00,3.412674082540010367e+00,-1.496070251438516463e+00,2.068327993716091662e+00,4.368474555517873892e-01,1.321149590075983316e+00,-2.247937455110225358e+00,6.502552015626744675e-01,4.267086258925931741e-01,-3.387025821232177769e+00,-5.909879831151385599e-01
0.000000000000000000e+00,-1.954823518899424961e+00,2.739288937821557468e+00,1.578399846130685180e+00,-3.280540092910217087e+00,1.832310254590307164e+00,-1.279350684855333764e+00,4.977933193912809084e-02,-1.905021659078302676e+00,6.069394899270580401e-01,1.060754237433456648e+00,-2.975337066867270508e+00,1.279209845417039748e-01
0.000000000000000000e+00,2.701053084810403959e+00,7.266002272370123416e-01,2.051931054846297897e+00,2.626765337320505544e+00,-1.284347560971745850e-01,2.138607456311214072e+00,3.164036912279499791e-01,1.747468620781898352e+00,-3.216228128703809475e+00,4.795440759574552958e-01,-1.099291466452264832e+00,-6.448615931435505155e-01
1.000000000000000000e+00,2.753680355206182817e+00,-7.056057967273041132e-02,-9.558600345497056949e-01,1.490671205876044514e+00,8.006883647805808080e-01,1.626839849519447601e+00,2.926365732796189612e+00,-1.997184554441351789e+00,-5.626804806404503978e-01,-2.306754731206954734e-01,-3.758273708895009335e+00,-1.433278606222763152e-01
1.000000000000000000e+00,-3.117685823330719419e+00,2.839527183436249214e+00,-2.545162577117372038e+00,-5.223867876697453561e+00,-2.139029946231638668e+00,2.005506223980600300e+00,-2.302703789968962411e+00,-5.913582631680607271e-01,-1.033270599441822757e+00,-1.425973553929530624e+00,-1.375823619043292867e+00,5.315980202850294489e-01
0.000000000000000000e+00,-4.837364933512056098e-01,-3.397666543202986666e+00,7.191293782479246666e-01,-2.274397927959336929e+00,2.435791277728603266e+00,-2.058242470278955683e+00,1.131365068303672450e+00,1.255442049574472030e+00,1.432539205877416011e+00,4.721964090490805566e-01,7.213620595150567194e-01,1.545769415326833762e+00
0.000000000000000000e+00,1.309876470793626790e+00,2.503478075885137155e+00,2.225747670137656620e-02,-7.999786068296223185e+00,3.161795276614872030e+00,4.869860338055643112e+00,-2.706935249652968167e+00,-2.638106887747762030e+00,2.880457861015163434e+00,7.122073311267592688e-01,-1.859598961660895888e+00,-4.841713472207611613e-01
0.000000000000000000e+00,1.694879024892567809e+00,3.419823446647431542e+00,1.014050401099647392e+00,1.846413843533823984e+00,5.298695205462424784e-01,2.045126763292279826e+00,-3.952313101712348065e-01,1.794594701577323370e-01,-2.521340936903634145e+00,5.485803028003766180e-01,-2.393534711297204076e+00,-2.890597109171855195e+00
0.000000000000000000e+00,-1.931495677319007065e+00,-5.640300206347196310e-01,-3.348367315738216554e-01,-1.416801119975054757e+00,6.043861741548409716e-01,6.357967113713824947e-01,-1.415009237773338535e+00,-4.371980503319933931e+00,-8.465695166636290070e-01,-2.916977086813987263e+00,2.498230692157510369e-02,9.550427074663472293e-01
1.000000000000000000e+00,-4.733072501217604255e+00,4.493503308905154370e+00,-3.550696684166415595e-01,2.729586784055217485e+00,-8.951522896277961383e-01,3.535988347710964375e-01,5.135182579630341415e+00,-1.679823298466472714e+00,2.877158108309858076e+00,-5.720137258144835091e-01,-1.089461511109519609e-01,-2.165360325127624552e+00
0.000000000000000000e+00,-2.045237030391903410e+00,3.523287176087905870e+00,2.207264602461943781e+00,-4.049181657435855008e+00,1.173753204033262776e+00,-2.386832243408426812e+00,-1.534593645954096530e-02,-1.514601959170132073e-01,2.279162799379024662e+00,6.601356820090962252e-01,-2.907359306738213078e+00,1.836504230149627048e-01
0.000000000000000000e+00,-2.632707791393102070e+00,3.857738453084172403e-01,-5.236361368852469056e-01,-2.583598193034045920e+00,1.758867319244519667e+00,-1.685602925336632918e+00,-5.730996008137920761e-01,-4.322682012827926412e-01,2.103839150889562637e-01,1.674052985537222815e+00,-1.126177980600953088e-01,-5.885636739186146382e-01
1.000000000000000000e+00,-1.168087848490460212e+00,3.324737623488485116e-01,-2.259878983024004917e+00,1.033338556555944976e+00,-1.753868914327538331e+00,9.522240079990162975e-01,1.485116708847258771e+00,-1.461878804976794788e+00,1.966949510324336625e+00,-1.534965952935531952e+00,9.569009639745229556e-01,-8.188218437024774587e-02
0.000000000000000000e+00,1.707614566375688092e+00,4.815371142897888035e+00,2.739978444382496381e+00,-1.535489512748745844e-01,1.442436849724968440e-01,7.395443709255280496e-01,-9.193732754905981075e-02,2.483577285978900484e+00,-2.357812623037791155e+00,3.765712339359621907e+00,-3.937035661313029955e+00,-1.461799890018700143e+00
1.000000000000000000e+00,1.285422302122338323e+00,-1.502586622449004761e+00,1.353188232662971613e+00,4.270957865409698684e+00,3.470134948547006992e+00,2.732274631969955347e+00,5.854829016297373734e+00,5.892562630884419228e-01,-2.720654137621873581e+00,1.880171302850852655e+00,-1.168437687654511503e+00,-1.498061288189698415e+00
1.000000000000000000e+00,-9.623340868061314168e-01,4.172316460156700657e+00,2.411021556172332048e+00,5.894517463423492032e+00,-7.407574744239875386e-01,-8.146698421598301820e-01,1.108112891680802514e-01,2.127431167474950868e+00,-1.719174030584192270e+00,-9.257406897287798753e-01,8.626238571077164963e-01,-4.524410521930399831e+00
1.000000000000000000e+00,-3.175043255141026588e+00,4.319346967333503429e+00,2.659793356421205068e-01,-3.430271120197921242e+00,-1.603301649937863171e+00,-3.792383200955979916e-01,-3.368435794744861767e+00,-4.295642209746253215e-02,-8.077719628384121275e-01,9.364845136593324959e-01,-5.428515553868045185e-01,-3.282435115571528117e-01
1.000000000000000000e+00,-1.173508245521364568e+00,3.550479021036430982e+00,-3.491436231755074004e-04,-4.086095997585730721e+00,6.485135423632206741e-01,3.328614391778693449e+00,-5.025815918505378566e-01,-2.942178528816271843e+00,2.864395467782874682e+00,-5.788625496713507568e-01,-9.823345370834453139e-01,-4.402164222450891673e-01
1.000000000000000000e+00,-4.047900002651482865e+00,1.456809606635688814e+00,-1.239465995966954059e-01,-8.121570906531229150e-01,-2.977352272168463543e+00,2.501052545277164363e+00,2.491202258204350262e+00,9.546940707538651427e-01,-8.709881385428104306e-01,1.111688773123045149e+00,1.317405291020254055e+00,2.397082550824342295e+00
1.000000000000000000e+00,-1.918857034604509959e+00,4.218613653255296470e+00,1.954193247027264491e+00,5.052844414398167672e+00,1.719500866950640194e+00,4.369644107263143340e+00,6.588455852972996407e-02,3.061197445268910133e+00,-1.270880697758323130e+00,-9.477884606307485083e-01,4.654431791384967099e+00,-7.561117606998692509e+00
1.000000000000000000e+00,-1.682543086537998223e+00,1.134522605369665094e+00,-4.307357122157466023e+00,-1.023263329501071794e+01,2.334594202629438620e-01,1.893612968117821538e+00,-4.517039618511070387e+00,-1.129519523347243926e+00,1.468252483228848160e+00,-2.204462662196628564e+00,-1.986666459818778652e+00,3.658769859295614157e-01
0.000000000000000000e+00,1.912784531094289253e-01,2.175107722731902005e+00,5.272931047727178466e+00,-2.066499525413437732e-01,8.739808638073267577e-01,-2.052601636198426949e+00,2.169766377017194436e+00,-2.876745180574026284e-01,5.630397981389426043e+00,-8.926715444701143198e-01,-4.557068264192130069e-01,1.211645556361101939e+00
0.000000000000000000e+00,2.083187640548713748e-01,-3.750306021665261280e+00,9.497210529916131350e-01,1.438435203210177260e+00,3.084023824998887164e+00,1.634027543585864883e+00,2.593544267037644069e+00,-3.871483555917142994e+00,-4.291885392391519005e-01,1.700889974912978886e+00,1.376948585593072316e+00,1.768283148651589753e+00
0.000000000000000000e+00,-8.818985220195207919e-02,-4.109335215124848339e+00,1.203344215591487298e+00,1.242745835931622578e+00,9.345283224908973452e-02,-2.305398984310376598e+00,2.321136336781302489e+00,-3.060423314342825218e+00,2.535805205552076114e+00,2.060890569581643295e+00,1.934591153658463458e+00,4.573907903788444251e+00
1.000000000000000000e+00,3.826368617977609965e+00,-2.687016888774422352e+00,-1.898927733018060504e+00,2.144366941370504431e+00,2.927676207228830485e+00,1.615972688949659730e+00,8.336557057768252399e-01,-9.371932771556359398e-01,-5.536087201217606557e-01,1.609387146192645002e+00,-2.535853235820425544e-01,-2.130986216979876779e+00
1.000000000000000000e+00,-1.345852837898685816e+00,3.830002691864144104e+00,-1.287790373986087422e-01,-4.577973143955690105e+00,-3.941882474341851239e-02,-3.394117009956101327e+00,-2.908594371383745436e+00,3.039327381713006204e+00,-1.234577650048128916e+00,-2.273328041637394659e-01,-4.264084449107038211e+00,-1.665082231412417180e+00
1.000000000000000000e+00,-2.719597407607101225e+00,5.193830117245725297e+00,-9.409025734632618931e-01,2.189229060592244647e+00,-3.751890279705013320e+00,-2.386886010340945052e+00,2.546064326691530155e+00,1.176012016160544515e+00,1.990648891930792086e+00,-2.518733244768617485e+00,-2.389337534735251456e+00,-1.743293355929703248e+00
1.000000000000000000e+00,2.163418031412900344e-02,3.987652001149697867e+00,1.870103911867933011e+00,3.550654696153751066e-01,3.488156062227321108e-01,-2.923574562452334824e+00,1.570727163161294460e+00,1.392021422157162736e+00,5.968922628584845125e-01,-1.219793485202074201e-01,-4.466844812410304399e+00,-1.687549312134376311e+00
0.000000000000000000e+00,-2.245241106474134885e+00,-1.144832019543989610e+00,-1.103126314092155447e+00,-4.739789258155733265e+00,3.330354657382585959e+00,-1.499292913639177716e+00,-7.802206360443322275e-01,-3.333652946646832316e-01,3.647056150253200624e-01,3.495259949966428525e+00,-1.015568015152319425e-01,-2.953968959596586785e-02
0.000000000000000000e+00,-6.782006221057625961e-01,8.078772822378671448e-01,2.475254174645546978e-02,-2.154686216649027930e+00,-2.623442437591563259e-01,-2.063015368885459111e-01,3.897581023638470032e-01,1.067501114622354752e+00,3.721318454121744779e+00,2.587901685078794145e+00,1.423238059734095451e+00,5.750474509994507599e-01
1.000000000000000000e+00,-9.123319734773471801e-01,-3.118302590262416629e+00,-3.323615983132764740e+00,-5.691673983415880933e+00,5.135562145141048251e-01,2.517956103607619234e+00,-1.096572290262317839e+00,-2.352143491984569401e+00,1.845603442234300617e+00,-1.029623474207613132e+00,1.314514670799982632e+00,2.544831247476957881e+00
1.000000000000000000e+00,-3.356159738749153298e+00,5.049344659618167697e+00,-6.528266314163426731e-01,1.948420591863295970e+00,-4.651930775787214145e+00,-6.625317782936170907e-01,8.906957267321808924e-01,1.308307455782090400e+00,7.164787935079062198e-01,-5.761430179137632113e-01,6.694267276322940496e-02,-9.472734379367773183e-01
1.000000000000000000e+00,-2.530574340259537980e+00,-4.158694613016905350e+00,-3.712442423487159360e+00,-4.642308363862341025e+00,-8.982595757633590194e-01,3.407108073995402719e+00,-9.379895639016335718e-01,6.388432138982214070e-02,-2.884234658934392126e+00,6.919562083113302009e-01,2.452084300920501558e+00,3.447985598001213070e+00
0.000000000000000000e+00,2.379522121923169475e+00,2.717035184788477165e-01,-7.678276448211402982e-01,1.110647669750177702e+00,-1.132611327514944310e+00,1.679178966581702737e+00,-6.864549716323725681e-01,1.348847383671187394e+00,-7.959979662816930590e-01,3.654008087133466365e+00,6.062023394051634373e-01,-2.386826315524311903e-01
0.000000000000000000e+00,5.907266198694665071e-01,1.249692827493521508e+00,1.573578243040504088e+00,1.231560608567636717e+00,-3.977504950157302321e-01,9.393464581147170644e-01,2.755286777725708625e+00,-2.959166107459877404e-01,6.177764496523356907e-01,-5.931689467301122232e-01,-1.680973698561317509e+00,6.832199702770697103e-01
0.000000000000000000e+00,2.843716833125784937e+00,1.605563703906876860e+00,6.139573368192523528e-01,3.470649399317128569e+00,-8.759300004609913426e-01,1.950390388821231280e+00,6.395135767403585803e-01,2.355269673676201325e-01,-1.167341052958255299e+00,1.468227846763734412e+00,-8.408674363899324433e-01,-1.211766277909859690e+00
0.000000000000000000e+00,-1.837104762848733586e+00,3.459725297950431600e+00,-7.020253580772572999e-01,-6.797892456870746614e+00,1.463999108471992772e+00,7.142108472832303656e-01,-2.951356116323699652e+00,5.383886814061127346e-01,-7.480920184774584314e-01,3.852154904210324915e+00,-2.303503909657393045e+00,-8.572679248872542290e-01
0.000000000000000000e+00,-2.509062551599966273e+00,1.885278891723678019e+00,4.984460051101221367e+00,1.046896637118850926e+01,1.224746110803310639e+00,-2.533503024592091091e+00,3.616292626136235810e+00,-4.658679244100690120e+00,-5.030475516633265975e+00,-1.500260543965604043e+00,-9.326630761358085664e-01,-1.904983411791504988e+00
1.000000000000000000e+00,-4.047986134733827512e-02,-1.505621709715177614e+00,1.708572368463467939e+00,1.456576965946398738e+00,1.225040322389187031e-01,-3.330865888193369262e+00,-1.780564208619038080e+00,3.156037259127253858e+00,-2.050372118536149646e+00,3.115366883194730097e+00,1.994547311304478043e+00,1.940933095717236601e-01
1.000000000000000000e+00,1.981362380230952791e+00,-6.749806530752572309e-01,-9.955681899924826439e-01,7.375532509672086512e+00,1.614694192457518884e+00,5.521114909079259725e+00,4.423596591929479516e+00,-1.206200640588861450e+00,-1.465824347393884342e+00,-1.104727674576345908e+00,1.731693370428323941e+00,-4.047697373835635659e+00
0.000000000000000000e+00,1.087860221435029473e+00,2.084352010527711130e+00,9.024757382475488976e-01,1.239565777666576718e+00,1.430234472170114346e-01,-1.146894095422700044e+00,-1.514444000084854691e+00,-2.850290780101389032e+00,1.649237736712839908e+00,2.913708193802362345e+00,-1.482362199584452700e-01,-6.639106837916810555e-01
1.000000000000000000e+00,-1.353249232982194350e+00,4.185907213166075280e+00,-2.592250391221625483e-01,-6.187703830708663588e+00,-1.073135259636120775e+00,-6.807348501893208947e-01,-5.808294185993426062e+00,-1.133879904941194283e+00,1.749499558176915048e+00,-1.904425968455482066e-01,-1.025472730840068847e+00,-2.379332174738316708e-01
1.000000000000000000e+00,1.986429345152765036e+00,-5.119360820217744745e+00,-6.748800987400398466e-01,-2.031796219297082651e+00,2.939356813590068285e+00,-8.541608211752760305e-03,-7.251260329292723572e-01,1.132082037935505658e+00,1.438807521448021376e+00,1.085482101434477542e+00,2.559061947140367277e+00,7.331604109789504609e-01
1.000000000000000000e+00,2.472863728473607914e+00,-2.474978521605839532e+00,-9.032623572299915971e-01,3.549065007320069576e+00,2.066213713324048129e+00,4.939727370235080794e-01,1.227674666556339389e+00,5.111957788629859500e-01,-7.183550593697793918e-01,1.549705869221792209e+00,1.156523163359890471e+00,-2.107587607389252327e+00
1.000000000000000000e+00,2.047568247766073046e+00,-4.024155240180032678e+00,2.426884753469960021e-01,-1.557451822210951242e+00,3.680199454293301642e+00,6.089565979548565711e-01,3.884959827757513029e+00,-7.211938441033935998e-01,-1.223700479580342337e+00,5.400997520201584745e-01,-3.412091082569305378e+00,2.175125752558316972e+00
1.000000000000000000e+00,7.519300662763901411e-01,-2.462784280232741985e+00,-2.401566374579222618e-01,3.431333438891180920e-01,1.615395416108242888e-01,-2.634274042723976805e+00,-3.310832208931349996e+00,2.140183023497561177e+00,-1.227668917714189956e+00,2.190600200551635623e+00,2.595606878900905912e+00,-1.345192714525511590e-01
0.000000000000000000e+00,-1.346958897067593419e+00,-4.506330627726854998e-01,-2.481581763310660715e-01,4.778021702934195369e-01,-1.053480896051791849e+00,-1.465429753076803010e+00,1.050567438369396145e+00,1.003769110997950964e+00,2.750808387215113449e-01,-9.961136717901808435e-01,3.061919204073753065e-01,6.584888144816174460e-01
1.000000000000000000e+00,-1.012425603960199538e+00,4.318310895896128265e+00,4.050539241307754779e+00,5.689894168735325053e+00,-7.645978235465697992e-01,-2.542837619849592556e+00,2.856109279022927883e+00,1.333786092315705663e+00,-2.835689403092490402e+00,-1.517779586624969923e+00,-3.284472704808455212e+00,-2.064427481449065294e+00
1.000000000000000000e+00,2.820611337524384865e+00,-3.147779498076015425e+00,-6.093793874777106989e-01,-1.807182086454551251e-01,1.644743160909458268e+00,-2.280169248420535588e+00,2.025728196413854931e+00,-1.211646724931720431e+00,-1.040685033188903930e+00,3.131538729164659030e-01,-4.258037044694496842e+00,2.023863233095370529e+00
1.000000000000000000e+00,2.745774309425375037e+00,-4.262260569318442549e+00,-1.186533814622782845e+00,9.783921987462663727e-01,1.133112837276232465e+00,-1.168257903784159613e+00,-5.531583709027030338e-01,6.063821261874774438e-01,-1.072676812603773788e+00,3.407955593324789589e+00,1.063943182982458158e+00,9.553246625389029134e-01
1.000000000000000000e+00,-1.836062875890303481e+00,-2.089481759056381449e+00,1.025961027408784032e+00,2.868911599679081714e+00,1.301688472381353989e+00,-1.511382260013179213e+00,2.784633240208366001e+00,3.438269183866921264e+00,-3.627452542056762042e+00,2.270100654110056126e+00,1.104216459221788682e+00,-4.315378065239083849e-01
0.000000000000000000e+00,-6.782710823663820054e-01,-2.257368921263574801e+00,-6.542047512586481872e-01,7.120312177320379243e-01,4.562598828820252361e-01,-2.275421682484190633e+00,-1.922596769179487186e+00,-2.912233861224242659e+00,-4.238798738695775947e-01,2.962881169266223802e-01,1.527123477262579243e+00,8.399616012584514291e-01
0.000000000000000000e+00,-1.613679558969344452e+00,2.423206017027459858e+00,-7.581001636440494185e-01,-1.365737606001889759e+00,-7.714190196250392262e-02,-6.437204954817077329e-01,8.635485629314364475e-01,1.088163698203219010e+00,-3.287826674645185854e+00,-1.182074046593536654e+00,-4.480306620887225755e+00,-1.021978718966394695e+00
1.000000000000000000e+00,-4.008395815624525849e-01,2.818624003392047772e+00,2.524293352237682697e+00,9.041594838307629445e-01,1.193201866504456810e+00,-4.520742525436832748e-01,5.376813564748597063e-01,2.326889664197348218e+00,1.063120322383147798e+00,-3.646319943196953961e-01,-1.973140080367064009e-02,-2.747769138799559308e+00
0.000000000000000000e+00,7.561863174531999743e-01,-4.890027024344697715e+00,3.677963499834517869e-01,-9.575042456942998159e-01,2.459669525512239829e+00,-8.415861736291493367e-01,2.430616089410465364e+00,-9.347815981947759090e-01,9.018084010982186927e-01,1.654219229994986273e+00,4.870222420624519266e-01,3.018118978500693661e+00
0.000000000000000000e+00,-4.721815865839555926e-01,1.109227905380818280e+00,7.341339453509851953e-01,-1.548172413170962214e+00,1.436967324988161820e+00,1.410287810214453152e+00,-1.040498960447780785e+00,-3.003520887468579037e+00,-7.684772095346493748e-01,-1.298715124485788408e+00,-1.310697729556378421e+00,-2.312646086291213487e-01
1.000000000000000000e+00,-6.168388413390690772e-01,-7.206269587797599074e-01,1.420822070445909358e+00,2.860043903296781487e+00,-6.115835863171843467e-01,-3.625137017710862608e+00,9.725531365132945583e-01,2.029178649354626884e+00,-4.706901744198535908e+00,2.645052940870730840e+00,-1.683556463346318921e+00,1.064817261393574466e+00
1.000000000000000000e+00,-5.009751833976079372e-01,2.244926955980274030e+00,1.310667468286843551e-01,2.258058549280624661e+00,-1.803512451871889244e+00,7.813652251138429872e-01,7.340580068325210927e-01,-1.543573949993687133e+00,6.901181663875780581e-01,-7.906553026239293569e-01,4.581437868800408708e-02,-4.360812931833408790e-01
1.000000000000000000e+00,-6.639378664074837566e-01,1.571390199965770895e+00,2.593270049769082153e+00,5.462611135862385225e+00,5.729930392896742664e-02,-3.948991843432071436e-01,1.450219267784760513e+00,2.529510393211058528e+00,-2.300264484625768269e+00,1.191790876609322147e+00,1.580992675851602414e+00,-2.594344191786463583e+00
0.000000000000000000e+00,2.881203359949054743e+00,4.858697389701555069e-01,3.571248657867471810e-01,1.287492769822573280e+01,-1.561129551710441987e+00,-6.577344055476030960e-01,1.891656238524161537e+00,-9.560264852327327034e-01,-3.514627424243870646e+00,1.193868231012819248e+00,1.496389279957686114e+00,-3.947662425275534126e+00
0.000000000000000000e+00,1.712199431618212753e+00,3.061560373707460592e+00,-7.655101679820419669e-02,-4.926099801759340480e+00,2.221187433668364797e+00,2.177906590505516604e+00,-3.026648556925894518e+00,-1.547548489614279266e+00,1.117645595271272274e+00,9.249979000548236296e-01,-2.726314028130504941e+00,-1.733478890143459683e+00
1.000000000000000000e+00,-2.198218604263827203e+00,2.203333854631654543e+00,-3.226758820847491105e+00,-4.649941828578473491e+00,4.241838910418507247e-01,-2.376186365310462012e-01,-7.254310770655685303e-01,3.613973977442785923e-03,3.537370620297815016e-01,-2.192685967909799416e+00,-3.112584942587354409e+00,-1.766178309841139882e+00
0.000000000000000000e+00,3.722649593602209706e-01,-1.357735548016987259e+00,-1.695914398252513333e+00,-2.121742807404333409e+00,1.505550678897628725e+00,5.873209051061456520e-01,-2.664822372816712637e+00,-1.862453598511338182e+00,9.941255817105798531e-01,2.282761273844034378e+00,1.910219328062197963e+00,-3.718168676155997332e-01
0.000000000000000000e+00,2.072967399654364939e+00,7.989025832900041868e-01,-3.005556668335247927e+00,-1.961212503414871744e+00,8.147134284609428567e-01,2.479603469843094210e+00,-3.522309290247398916e+00,-9.945325412644689944e-01,-5.251089897850791388e-02,-2.077063876942824017e-01,-2.501183112992542146e-01,-2.785869353806825544e+00
1.000000000000000000e+00,6.536626156868075022e-01,-2.295953411518776743e+00,-1.156484842481495079e+00,3.615400937733468933e-01,4.488064901589942091e-01,-1.997776379769878652e+00,2.552542603848820590e+00,2.075263772104654514e+00,-1.433892977764404941e-01,3.708353673311514331e+00,-7.829468170478942612e-01,1.104213265868947413e+00
1.000000000000000000e+00,-7.979862645487683093e-01,-5.997508274420316532e+00,-3.014740350343783071e-01,-3.679991865929324479e+00,9.711564196458696285e-01,-4.371993650298009904e+00,-7.944386877208509112e-01,2.663889370980974114e+00,-3.336621711305022053e+00,3.003887719793748801e+00,-2.720418007030694918e-01,4.651269285636142392e+00
0.000000000000000000e+00,-1.455867498739040755e+00,-7.427466055210200757e+00,-1.255357712479391541e+00,-2.510650092789375787e+00,4.474044991760985468e+00,-7.304643126041626688e-01,3.201959671019556364e-01,-1.555410292326594002e+00,-1.976563991954841892e+00,1.223145522404737839e+00,2.358941060659868416e+00,2.273247913818264188e+00
1.000000000000000000e+00,2.125880227456121041e+00,-1.902319630549228036e+00,-3.053936797292744476e-01,-8.590750409805079091e-01,2.124492807282746476e+00,-1.050964416397693668e+00,-4.229852054942968564e-01,1.204093986647535086e+00,3.016470103881579767e+00,3.092216363335356100e-01,1.029186120417553862e+00,-1.086045831307005827e+00
0.000000000000000000e+00,5.473757725793153561e-01,-8.021800325384865760e-01,4.633371241609252955e+00,2.030181099637030862e+00,2.114308806676012065e+00,-1.272654658335554689e+00,3.034311079964185698e+00,-1.739269689180063638e+00,2.531808666111036388e+00,-1.643608440694986683e+00,-1.269070568458805504e-01,1.388731725201396650e+00
0.000000000000000000e+00,-2.651409784259769697e+00,-1.578918535300372294e+00,6.133260098623449785e-02,-6.178217936132545773e+00,3.361044183723776779e+00,-3.317589030772731373e+00,-1.375505974376638463e+00,1.807983352034657099e+00,2.581537132523539668e+00,4.182801414168856979e+00,1.415158096182191905e+00,6.280417384919925183e-01
0.000000000000000000e+00,-2.042017888455900376e+00,1.676170859891395359e+00,1.043101810521429140e+00,-3.807879780450103890e+00,1.674988995044186524e+00,-1.683662611344188820e+00,-4.062416122103436056e-01,-9.811951127396820738e-01,2.538257904279101140e+00,1.418329768662316859e+00,-8.705879537241709709e-01,2.513523713339045340e-01
1.000000000000000000e+00,3.761857248008310339e+00,-3.003056590972004170e+00,-1.679823577333559914e+00,2.133498976741569297e+00,1.371576215683506073e+00,-1.420239701454270476e+00,1.132769690484651814e-01,-1.309526009110466571e+00,-2.894868326708631923e+00,2.438960822051615907e+00,-2.632338212353101170e+00,1.837699631333600259e-01
1.000000000000000000e+00,-6.272233798463755505e-03,4.298966294481189720e+00,2.885584260107255439e+00,2.907033607994526925e+00,1.008934700130407647e+00,1.456744005040284673e+00,2.716144541433750170e+00,9.684053083035638609e-01,-5.849377617085960157e-02,-4.687772118789568232e-01,-1.744437553199512436e+00,-3.150200874569157872e+00
1.000000000000000000e+00,1.975569160498629628e+00,-3.652278861229256268e+00,-4.885223197663677297e-01,-3.170058715641438152e+00,4.432177016915024304e+00,4.977037870670191211e+00,2.306333350420097794e+00,3.472669011456253063e-02,2.760717814702119632e+00,1.851667285947788955e-02,1.731843136733946409e+00,-8.322091473370940573e-02
1.000000000000000000e+00,-2.235967476037144408e+00,-2.986793922621190922e-01,3.481022007453776101e+00,-2.866591437456854408e+00,3.356829800508241757e+00,1.185793361953829006e+00,2.839265389680431184e+00,3.304941350258482125e+00,4.106339168003045881e-01,-8.801916222776728915e-02,5.259923893870155354e-01,1.388216182404717891e-01
1.000000000000000000e+00,-4.017664045641959891e-01,-3.406789255667309835e+00,2.332196083638115036e-01,-1.892156144089644387e+00,2.522802175353083598e+00,5.134436481450828094e-01,5.408730929474936389e-02,3.040477802176318356e+00,2.090523246559681247e-01,2.070284626676816231e+00,3.264174687199470348e+00,9.993142672146992922e-02
0.000000000000000000e+00,2.028325869383639013e+00,6.852379010549523031e-01,1.430696424390955457e+00,8.614343173546578081e-01,-5.020020080493843295e-01,9.528677866331667357e-01,4.071695628278598988e+00,5.006145735091529492e-01,2.485609766046544156e+00,1.148506748410460299e+00,-1.946608305579879294e+00,1.578416475884601766e+00
1.000000000000000000e+00,-7.115951940154685573e-03,9.677609748608735629e-02,1.782816334780880974e+00,5.260931958331291902e+00,1.068226592858346757e+00,-2.373697266575504283e+00,1.303228168280268884e+00,2.630559770459647950e+00,-3.245596176943141398e+00,2.266333243490977090e+00,3.631113929709881560e-01,-2.515517265151047344e+00
0.000000000000000000e+00,-1.035385424419911438e+00,2.258996602466142978e+00,1.616212601425402573e+00,-5.859005724221002964e+00,1.316367543561785425e+00,-2.962738232494194435e+00,2.563809688684274279e-01,1.465880694860267841e+00,2.340582646132913780e+00,1.001463607430238101e+00,-4.073224144219487641e+00,1.206435074946494712e+00
0.000000000000000000e+00,-7.518053583768089521e-01,-2.820778307334333990e-01,2.342849780132997495e+00,-5.392998296119021484e-01,3.189706674253388385e+00,3.558087381238868030e-01,1.357987375346946246e+00,-2.999044600996842114e+00,1.760233258693599145e+00,2.202460681809330190e+00,6.550470525380731601e-01,4.998663247337452598e-01
1.000000000000000000e+00,1.595650483466534819e+00,-3.471624238758021230e-02,1.570373249934533977e+00,1.230802898444773197e+00,1.829475937704099220e+00,2.540839503575334390e+00,2.378322342272439549e+00,3.972423637592502610e-01,1.719618723991848785e+00,-5.356073526665339202e-03,6.520561040448860091e-01,-1.047623109632599636e+00
1.000000000000000000e+00,-6.942227964297902343e-01,2.016240269510307381e-01,1.596603834060514870e+00,2.358580060425680802e+00,1.815256903857365156e-02,-3.587448561331297192e+00,3.259745655739666237e+00,1.723734582853434949e+00,-3.222178062844192059e+00,1.607425743675915175e+00,-3.669970176240669346e+00,8.820436753753093662e-01
1.000000000000000000e+00,-3.139595603246244870e+00,2.833108365432067052e-02,2.251620681999352946e+00,-4.417330631554510667e+00,1.446027094857695428e+00,6.040624643070311439e-01,3.466683828565021663e+00,4.333814800011512425e+00,1.080848126816865928e+00,2.541122851281003570e+00,2.888898409881386353e-01,1.963547473793208820e+00
1.000000000000000000e+00,6.701843930405793071e-01,4.949513184598314908e+00,-2.115685200658952159e-01,-1.068806414832557672e-01,-1.995088405454664926e+00,-2.696268857613000058e+00,-4.543039623294268026e+00,-2.509572853372852297e-01,1.404798237906389691e+00,-1.216596126969878400e+00,-1.629669692112797330e+00,-2.875316279421661125e+00
1.000000000000000000e+00,6.412249251676718220e-01,2.317088075931202695e+00,2.008996496800476983e+00,2.290303778358707465e+00,5.367490129164255164e-01,-2.889138359514311194e+00,2.232870155360100028e+00,1.339233037889719924e+00,-1.505071539965686434e+00,1.740111642269374093e+00,-4.018032896963479317e+00,-9.861329561328686655e-01
1.000000000000000000e+00,1.168013437770950125e+00,-3.957968202060922813e+00,-1.086232024832791687e-01,2.941181511272750626e+00,-1.027388731492651530e+00,-4.600131153603865819e+00,2.551503785643434163e-01,1.710577581750273524e+00,-4.197666731727364819e+00,4.612606757722700124e+00,-4.742435478320734532e-01,2.866004539863684641e+00
1.000000000000000000e+00,-6.592821890716943356e-01,1.684509041879776792e+00,-7.015651125482381678e-01,-6.194421412096810187e+00,-2.136538601778806834e-01,1.362881689209964886e+00,-4.020833697248036742e+00,9.335495426885380699e-01,-1.331871510572715689e+00,6.452017166357086886e-01,-1.281216935128143497e+00,5.432623683712802798e-01
1.000000000000000000e+00,-1.265831504230006122e+00,8.216268621353853274e-02,3.156877345505276988e+00,1.443013424434927972e+00,4.409023080639463688e-01,-4.957852460923465321e-01,3.226555532019611316e+00,2.687238485448930625e+00,-4.583925136198582218e-01,1.032386403984734358e+00,3.972063423833021023e-01,8.283138872642323847e-01
0.000000000000000000e+00,-1.784702685682552969e+00,5.663802570190250130e+00,4.419452137262690483e-01,-2.194683494620147890e+00,-2.768771161849724827e+00,-2.073327109605451746e+00,5.073971949812194904e-02,2.733790900672874447e+00,1.691119858318125280e+00,-5.975211906441508791e-01,-3.305955381707181395e+00,-7.591024319628905115e-01
1.000000000000000000e+00,-1.898619043814323781e+00,2.346140699193737689e+00,-9.387082386121766708e-01,-4.478441500190627700e+00,1.318733142455282170e+00,-5.393061204010363152e-01,-3.118814378049813651e+00,-2.040995464376090140e+00,1.917814809237496254e+00,1.722301875764180590e-01,-4.248116841948834654e-01,-1.359612815673949537e+00
0.000000000000000000e+00,1.277014322564453463e+00,9.073102308907539382e-02,6.547661789308978353e-02,1.122819775040526658e+00,1.315925406325029190e-01,3.956385018692351041e-01,-9.775698097526673847e-01,-1.317473954740335795e-01,-1.556511065929851334e+00,1.095129658288419572e+00,-2.145856844219700132e-01,-6.290028103203577636e-01
0.000000000000000000e+00,-7.184186668503288464e-01,8.082439542635572849e+00,2.305311214977022516e+00,-5.564702383451171075e-01,-1.162052802224633918e+00,2.008699228575933304e+00,1.308343313605216718e+00,-1.479143655895099885e-01,1.655730317498594895e+00,-2.207607654423815458e-01,-3.903553868588234721e+00,-2.282048905015025664e+00
0.000000000000000000e+00,-2.068987582071850184e+00,3.298009195127585613e+00,-2.611143413584466888e-01,-8.796417687867664759e-01,-1.262969085974802841e+00,-4.294457266181310739e-01,-4.145409638884833825e-02,-7.816428284762187984e-01,1.352124384479753694e+00,1.609770332357646883e+00,-4.918923088211122341e-01,-3.529271329895282694e-01
0.000000000000000000e+00,1.596418253437728474e+00,3.301302890627502151e+00,2.332134911761816642e+00,8.453554968322592345e+00,1.718526878312569561e-01,5.736858811889087306e-01,1.247559097438637021e+00,-2.379852058176286977e+00,-3.565006052477306397e+00,-1.694102405834647218e+00,-1.779687108900618320e+00,-4.003598702632627848e+00
1.000000000000000000e+00,2.814602537619212530e+00,3.528862146036615854e+00,-1.161752466928095417e+00,7.338944109876576860e+00,-1.204224734147970599e+00,4.271774580918066277e+00,8.387204473270837290e-01,-4.052722388949227650e+00,1.187888859223299010e+00,-2.021662031012338545e+00,7.565174096322568875e-01,-4.665154707763006670e+00
0.000000000000000000e+00,4.830693771266532099e-01,1.851470715112821352e+00,-5.914979297660794000e-01,-1.120923261027635220e+01,2.529157476564229956e+00,1.228799989376395452e+00,-5.228561653230673123e+00,-1.884194566691399508e+00,4.096099598216913051e+00,3.029504889905235032e+00,-1.624849818383750311e+00,1.220389892103577179e+00
0.000000000000000000e+00,-2.468541549596579454e+00,5.455791473743572872e+00,1.651661840052930152e+00,-4.791258799249591860e+00,-1.328237094563569531e+00,-3.451342898704303774e+00,-1.057927571218589158e+00,6.565947924496706722e-01,3.555613630940881453e+00,5.426347965412210428e-01,-3.244210683174662879e+00,5.748521476578440925e-01
1.000000000000000000e+00,1.354929831730125045e+00,3.097110248691138601e+00,2.285351162345602205e+00,5.187052324960128580e+00,2.036434331756950655e+00,2.264625562998321406e-01,2.390286619001072310e+00,4.791100789467843679e-01,-1.393672570971390412e+00,-3.466162002170680712e-01,-2.133872210462620878e+00,-4.473242184082255157e+00
1.000000000000000000e+00,-2.005680985386314674e+00,-6.398115808270727900e-01,2.965766551739061008e+00,-2.361615785568078163e+00,3.051273747344154685e+00,6.156130274524940216e-01,3.642172373206801872e+00,2.664249924990899299e+00,-1.724259679811519508e+00,9.235754001494467236e-01,-1.517070992552616904e+00,1.068370039320270415e+00
0.000000000000000000e+00,1.312747023106779487e+00,-2.309781516346596231e+00,3.431108548015866511e+00,4.106430685727143981e+00,1.835378673220867451e+00,1.084474510639575229e+00,4.465458515261985006e+00,-3.533083965870892573e+00,1.918932146913897796e+00,6.519738211692562846e-01,1.254181095470855212e+00,2.161029066093144380e+00
1.000000000000000000e+00,3.304961311569591942e+00,1.077113817311724731e+00,1.002915390592554745e-01,5.626245210572263566e+00,-1.662926283601791955e+00,-5.529677844620183969e+00,-2.162681874887904421e+00,-2.774518865064516948e-01,-3.012900467207231259e+00,2.203428857063435053e+00,-3.023728073077693423e+00,-1.406395338420637575e+00
0.000000000000000000e+00,5.617059634815926294e-01,1.368371283961484108e+00,2.399015545633443658e+00,-2.305931520010414904e+00,1.713749843110055071e+00,1.603569132226601912e+00,-1.175928069098177486e+00,5.814766236141413192e-01,-2.705810252233994628e+00,-7.483087103568730747e-02,-2.239338261136467167e+00,-1.360397232176326909e-01
1.000000000000000000e+00,2.227967309526397433e+00,1.602030164959124869e+00,-8.916201464397677245e-01,3.853282045696024838e+00,-5.519152505907030104e-01,-4.442998461212086525e+00,-6.083126630578128413e-02,1.886448348782564510e-01,1.163386872552734985e+00,-9.418238505558702567e-01,-2.617206316270285438e+00,-2.922426111649662595e+00
0.000000000000000000e+00,-2.682886928190730380e+00,-2.154492600851230399e+00,-3.043382668280663061e-01,-1.214036279969426202e+00,2.125673413533875955e+00,-2.283183346193656149e+00,-2.410844991489624611e-02,-3.828587154406003723e+00,-1.948579189272173995e+00,6.122777955349034684e-01,-7.785774264682262524e-01,1.616325207304810663e+00
1.000000000000000000e+00,-1.470768721890664210e+00,-1.438075963063124574e+00,2.048543475348119092e+00,3.426608040071783545e-01,6.858125681443091315e-01,-3.841982010791836100e+00,1.912058865128207774e+00,2.831805551660488085e+00,-2.924432816395960977e+00,1.477224887521890739e+00,-1.702293399189163114e+00,1.683469558178065206e+00
1.000000000000000000e+00,1.504184262019062412e+00,1.761566928716378211e+00,-5.530063435930026028e-01,1.331698913777180193e+00,1.514694552855565757e+00,3.242546351581385711e-01,1.619913648175825394e+00,1.612285881526147602e-01,5.590457766176861742e-01,-1.299898047964695991e-01,-2.429493768188266678e+00,-2.987388421158092111e+00
0.000000000000000000e+00,1.453496457857927915e-01,-4.557045649129499942e+00,-4.111347884179661349e-02,1.051982945366195660e-01,2.000889218702328165e+00,-4.835858134627070148e-01,2.039688205226475759e+00,1.599176599292766454e+00,2.052120788905349436e-01,-9.773155616038575744e-02,1.866161775872238859e+00,1.066419898938414379e+00
0.000000000000000000e+00,-1.588035821359492061e+00,2.533420554248582146e+00,1.811882530423239990e-01,-7.163738530893423828e+00,2.605080130479904277e+00,1.956597460489101881e+00,-2.093988176299012238e+00,-3.910250687313964191e-01,1.691948721062308536e-02,3.694246421577722206e+00,-1.696144484489786830e+00,-1.794464634423410532e-01
1.000000000000000000e+00,-1.556507300906097679e+00,-5.171739124805472265e+00,2.594656765818572630e+00,-8.214986618694767317e-01,2.528889274633988826e+00,-9.013118231786545476e-01,4.008067043978599031e+00,3.223621302057828153e+00,-3.424393423793796298e+00,3.359080746778974280e+00,6.296819200004706296e-01,3.941344975431701592e+00
0.000000000000000000e+00,-1.926182268810058495e+00,-7.899245758145985175e-01,1.433058481514144944e+00,-3.486909130719023420e+00,2.966597357191157247e+00,-2.420247412801610931e+00,2.210498125322885032e-01,-4.049218990539306118e-01,3.311952835284515118e-03,3.528810930400038126e-01,-1.563267788382952217e+00,8.970204910979617807e-01
1.000000000000000000e+00,3.679555229752939915e-02,2.122208689224882594e+00,-1.711536325631569877e+00,2.393281835071373043e-01,-1.805843002478446202e+00,3.557144385923298735e+00,3.446163480116548605e-01,-8.716804646896160191e-01,2.145212485510197276e+00,-6.130529721749158334e-01,1.199154126139500676e+00,-1.021838330966565511e+00
0.000000000000000000e+00,8.530260377051955833e-01,3.330787210895499451e-01,-2.324463145962152311e-01,8.562344861835885723e+00,-1.422506312881403723e+00,-5.460725543299322915e-01,1.374182605346360830e+00,1.942138427860644168e+00,-5.838469892613958656e+00,1.792863152041146435e+00,3.586849972417427423e-01,-2.952140902446117821e+00
1.000000000000000000e+00,-1.727412981081462240e+00,1.546995798903928243e+00,-8.121463238107932137e-01,4.246848854031186171e+00,-1.432570964203138120e+00,2.098772752579726397e+00,-1.111460720260138091e+00,-2.795223128462838602e+00,-8.476289437951398664e-01,1.587136814648918648e+00,3.982261574954982564e+00,-1.882184590261867907e+00
0.000000000000000000e+00,-1.156964482077082135e+00,4.012304694627065516e+00,6.576239816331215238e-01,-2.878684054979086859e+00,-8.803867665925517727e-01,-6.630746756995677949e-01,6.184006771193910623e-01,4.113938301608437431e-01,2.383793729072892997e+00,1.221903724094933086e+00,-2.583698240569534121e+00,2.182558571732532426e-01
1.000000000000000000e+00,-9.624127267136484143e-01,5.360392582041434650e+00,7.194583713411277781e-01,8.227482643979654453e-01,-4.026347005428721815e+00,1.888765367007091411e-01,-1.964248463006403211e+00,1.349799312082583302e+00,-1.107468437452640675e+00,-7.905429233641847464e-02,-9.637665840840381470e-01,-8.802328407930637422e-01
0.000000000000000000e+00,3.157427269292493177e-01,2.759861682418891071e+00,1.402719946388769845e+00,-4.006646497735786849e-01,2.332467085116808336e-01,-1.858180159005446530e+00,-2.449037262695559658e+00,-3.881325707552301552e+00,9.866457751284880562e-01,-2.425411885676718171e-01,-2.033352505022638645e+00,-2.942633967799856975e-01
0.000000000000000000e+00,-4.954025170492878383e-01,2.484156214884703784e-01,2.772005490743044920e+00,-7.962520027286995594e-01,8.387391919871874935e-01,-1.579966272961936369e+00,1.234368013178958279e+00,-1.405575815653246075e+00,1.784767556346798179e+00,-1.849949474950178363e+00,-1.352204023429502522e+00,1.665547334459036133e+00
1.000000000000000000e+00,-1.397082644203659463e+00,1.596111090366110874e+00,-2.514602302494715058e+00,-5.567109626036665482e+00,9.293430437907097552e-01,-2.949279075966981800e-02,-1.280676939739763931e+00,-1.344195395968509343e+00,8.750858301285940888e-01,-2.558930449930244322e+00,-3.410061110091641368e+00,-6.970593390520349875e-01
1.000000000000000000e+00,-2.893669703081596101e+00,2.857742338104014568e+00,2.840454544854604357e+00,3.585611645637429401e+00,9.188726563684624926e-01,-1.482275222747776011e+00,-1.491531996662452286e+00,5.463049502731574414e+00,-2.156305148204011868e+00,1.805474156268363384e+00,4.071057108340108144e+00,-5.136254210614667137e+00
0.000000000000000000e+00,-2.393982602992399400e-01,-3.443441981943871966e+00,1.476936814769636008e+00,-4.073110376469191718e-01,3.112358928736369545e-02,-3.772364016634792705e+00,1.238853334664131278e+00,3.913883400164026583e-01,4.550191685329529889e+00,3.275900792426992281e-01,2.542647171913537285e+00,3.254424077437573448e+00
0.000000000000000000e+00,1.596015891986688473e+00,2.028956283530129578e+00,4.060637527343972097e-01,9.102082308478481210e+00,-1.142530116025293196e-01,4.272033591000814923e+00,1.832315663078889934e+00,-1.361804528610873088e+00,-4.409228676606234743e+00,-1.020106460761878164e+00,8.584598948175141686e-01,-4.720223702448206993e+00
1.000000000000000000e+00,-5.661809174064098560e-01,5.066934129081488436e+00,3.637105223524546016e+00,3.355777030861538002e+00,1.009316355431445489e+00,-4.016845914916301830e+00,3.425172109667800502e+00,1.218221785957557479e+00,-2.227724083340785199e+00,-1.043473980303833759e+00,-6.659656008125650395e+00,-2.640902828707816674e+00
1.000000000000000000e+00,8.631947290742366663e-01,-3.069446994082569713e+00,-9.391141038865367108e-01,1.950272658150652649e+00,9.780152628487615019e-01,4.460627088074768931e-01,4.279110398354955436e+00,-1.148321296968188854e-01,-3.890112519756748988e+00,2.324005059958373476e+00,-2.596207647788316031e+00,1.820421849557633198e+00
1.000000000000000000e+00,-1.371825392045967540e+00,3.610988992414505105e+00,2.944575073527910369e+00,3.763391192638013028e+00,-1.723882291798278121e+00,-3.018036125053628727e+00,7.911774084633665938e-01,2.485526676164723003e+00,-2.409608181415498596e+00,1.133326558902431280e+00,-1.436387424366017740e+00,-1.115009529830526702e+00
1.000000000000000000e+00,3.124988046023122745e+00,-3.034326095539277013e+00,-7.838253074489456296e-01,-6.833743255211763845e-01,2.654153731973660335e+00,-2.100523819800534042e+00,-4.410862916444731052e-01,2.413521038553118059e-01,-8.558583605543856887e-01,2.609602444047103731e+00,-1.918185071374912898e+00,1.324217353371812678e-01
1.000000000000000000e+00,-2.882160445915026292e-01,4.738969940050890450e+00,-1.960599180482492931e-01,-4.133926614499111807e+00,-2.338403119990188905e-01,2.140351537634522572e+00,-2.737053052427029343e+00,-1.427478346970271206e+00,1.299099620218181705e+00,-8.991778211375789365e-01,-2.193404328662387659e+00,-1.467277529405432324e+00
0.000000000000000000e+00,6.469758360000892328e-01,4.703036357798509925e+00,2.368592037297186703e+00,-3.548681731996476074e+00,1.807540765500239122e+00,2.394805110187745001e+00,-8.367644401715031988e-01,1.468778375561048399e+00,-1.471199009981529082e+00,3.475003346535133542e+00,-3.495450171543566853e+00,-1.500794788576160999e+00
1.000000000000000000e+00,-1.641694977915966192e+00,4.703083068473678630e+00,7.282422150945140338e-01,1.220785119320140000e+00,-1.917780613857071881e+00,-8.084868215243643519e-01,1.722563895233098830e+00,1.228439336244412594e+00,1.665162462792060039e+00,-2.538460932403200365e-01,-1.451099402549368644e+00,-1.597748602627012460e+00
1.000000000000000000e+00,5.392647823419840503e-01,-1.155129565544428694e+00,1.273776523166127550e+00,-1.355758456416785718e+00,1.878575434795870525e-02,-3.642429725166827836e+00,-2.252533778707163759e+00,1.744094718311514303e+00,-1.697859911751356421e+00,1.928462666352112276e+00,-8.820380348737900666e-01,1.622970894815861875e+00
0.000000000000000000e+00,-1.189625026157255849e+00,-2.993595975487844285e+00,-1.000464994401510932e+00,-3.265560883983043006e+00,3.325646618138757393e+00,-4.187634293722424239e-01,8.635957073574407339e-01,1.326619189955903888e+00,-2.378577059889305012e+00,8.001394504955461340e-01,-1.126379396854140680e+00,2.673670919240850319e-01
0.000000000000000000e+00,-6.682493985707786965e-01,-1.644400935053224933e+00,-4.634545052495528950e-01,5.220064387113101390e+00,8.585638932534247481e-01,-8.039130121573803134e-01,-9.105340280151283938e-01,-3.546848581597878081e+00,-2.292650654329590587e+00,-1.083358459389020201e+00,2.439754000520047761e+00,-1.837294263697960339e+00
1.000000000000000000e+00,9.222588701399759836e-01,3.827872376847102576e+00,2.505420269382427456e+00,4.577084127262929236e+00,-1.289225980599163712e+00,-2.066442848805520427e+00,-4.021581693346675479e+00,1.634530045337613924e+00,9.302674108090904781e-01,-1.321221103679509401e+00,2.667725894639213724e+00,-4.418300425633098882e+00
1.000000000000000000e+00,-3.357890368856882191e+00,3.819888576064201402e+00,1.333517757570977569e+00,-2.145929995841982407e+00,-9.925914156255113419e-01,3.432186090834510317e-03,-2.518489739466714283e+00,-7.237535432443319428e-01,-1.627987701214697047e-01,2.240037725930817292e+00,1.007381463783133313e+00,-8.006102044097929138e-02
0.000000000000000000e+00,4.325499809166698739e+00,-8.328275192609180255e-01,9.311728729158758044e-01,2.470534576499384460e+00,2.833719445757924005e-01,3.918097077677310747e+00,-4.526940149609046671e-01,8.000948552424571592e-01,-2.532423917340616004e+00,-1.438224440705117679e+00,-2.112423622964542114e-01,-9.155419235408087664e-01
0.000000000000000000e+00,-2.433232781878924555e-02,4.227928206705069414e+00,9.357827998521976998e-01,-1.139088338119623423e+01,2.939665749096166181e+00,3.979171631861725178e+00,-3.047283923733273614e+00,2.771358512732917223e+00,3.671393039784975887e-01,5.691453814028974101e+00,-3.251167620376715917e+00,-2.024740631663901613e-02
1.000000000000000000e+00,5.503101189156922590e-01,1.304232592608773333e-01,-2.515047443921767378e+00,4.494619669339496859e+00,-1.010384868054554408e+00,4.409637510207831568e+00,1.646630669004006897e+00,-3.056426529129290692e+00,1.953578467400968854e+00,-4.396406872135181221e-01,3.522311531700810683e+00,-2.078430259451189421e+00
0.000000000000000000e+00,-8.502442718811646927e-01,4.631101633661431904e+00,4.299427801752910838e+00,-2.971499406804778420e+00,2.785255954639613840e+00,-1.374603317877669095e+00,-4.882097355980904441e-01,-7.851858377527721755e-01,6.529754014761821601e-01,5.510585186458625273e+00,-2.941351638115783373e+00,-3.771880992005701705e-01
0.000000000000000000e+00,1.156065564807852608e+00,-4.838536519788312340e-01,-5.844322650987670009e-01,-7.732946849611800344e-01,7.404180435568665786e-01,2.705696234406666179e+00,-1.281703904881686285e+00,1.582780468173387245e+00,-3.282152377096426044e+00,4.923442599453754509e-01,-1.529991294932984136e-01,-9.635061859986044919e-01
1.000000000000000000e+00,1.531108912182050918e+00,-1.392920039477542504e+00,7.421353114181470367e-01,-7.902529019328079496e-01,3.097332499553983265e+00,1.707835925506751007e+00,1.164890311863194583e+00,9.135224269446526879e-01,-5.310356545539800521e-01,2.379152637814176963e+00,-1.780007712603047798e-01,-6.063474995245301535e-01
1.000000000000000000e+00,-8.492763984308372427e-01,4.581062150582588366e+00,-9.930540469204347520e-01,-2.364461955050261466e+00,-3.128392790666670864e-01,1.390580516104863440e+00,-7.457663366782213421e-01,-3.420605646339313743e+00,2.232016981818863766e+00,-3.020466795586634223e+00,-3.037743378944107953e+00,-1.715152519309424139e+00
1.000000000000000000e+00,1.292250554629518211e+00,1.630804408160283048e+00,1.093425248944762007e+00,7.298332876348390119e-01,1.662162137403485396e+00,-6.621297377235939585e-01,2.304212395282039694e+00,3.605066103768147512e-01,5.089705995850688502e-01,-1.681130023190768874e-02,-3.331078121855380658e+00,-1.502017912187815885e+00
0.000000000000000000e+00,-4.563609896663457732e+00,5.009268158409216909e-01,-7.198975001803673557e-01,9.174679609093049137e+00,-8.583049126270014817e-01,-3.088486081911666403e+00,1.726054208321951222e+00,-3.550179476355628250e+00,-5.510802895637564980e+00,4.251243071974994958e-01,1.481193043098577800e+00,-2.545254607004316050e+00
0.000000000000000000e+00,1.845934393447549837e+00,2.547839813378676599e+00,7.953279559616799332e-01,-7.122152669926997248e+00,6.910418457429250427e-01,8.769387714570366921e-01,-3.052887840813791165e+00,2.820688038276617959e+00,5.680220637974731090e-01,4.547035247057725549e+00,-2.768245071103473620e+00,8.195776309349538380e-01
0.000000000000000000e+00,7.788084448981247299e-02,-3.725354921170830558e+00,2.715711231479852383e+00,-3.312068582309947384e+00,4.359947194615115151e+00,-1.547172035674661661e+00,2.126012397854736058e+00,-3.427752391735947590e+00,2.671395798801406762e+00,2.739405050769070371e+00,-4.999237746290174922e-01,3.980528307994064541e+00
0.000000000000000000e+00,-1.125370558160442513e+00,-8.157441582587958706e-01,4.916453301727145009e-01,-3.870294445823490026e+00,2.855461733643178235e+00,-8.254355231769253676e-01,4.882334182952957624e-01,-4.022443765816856587e-01,1.453552924566226645e+00,1.716993363591038158e+00,-6.636554310093422115e-01,7.315120774882686305e-01
1.000000000000000000e+00,-3.171807657500924638e-01,3.613614579783140268e+00,-1.672518427825841147e+00,4.873656069148369241e+00,-3.839988432285717845e+00,1.759332612222286762e+00,7.082007295318977214e-01,8.740191173232525479e-02,-1.665453658492836553e+00,-1.636283480122811884e+00,-2.612712687237436215e-01,-2.435422063168337647e+00
0.000000000000000000e+00,3.378727037193538951e+00,3.878283609882116956e+00,2.337112055057779081e+00,-1.221789851100837510e+01,3.936281124809704934e+00,5.020279970459400332e+00,-3.080425799873591775e+00,2.945149829001922903e+00,1.612739657575939400e+00,3.280051336283419161e+00,-5.090021163309850216e+00,1.782585736158226464e-01
1.000000000000000000e+00,1.175250703344960179e+00,8.290110561878429873e-01,-3.860187643346377762e+00,-1.216403015466953397e+00,-2.008215827711891777e+00,1.589677843962696624e+00,-1.749369284735183161e+00,8.152896813576886448e-01,-8.443471287780672796e-01,-2.599169823845464578e+00,-1.500453141043303962e+00,-1.433281735430263604e+00
0.000000000000000000e+00,-2.213484199214573955e+00,-2.887698014220084985e+00,-3.147717976815893604e-01,-5.160617271355514291e+00,4.538501878592787975e+00,-1.385282980514952023e+00,-3.133241272105224962e-01,1.617642554656508302e+00,-1.499911487851416592e+00,1.755073381262715948e+00,-2.952850462587462976e-01,5.373019110538590493e-02
0.000000000000000000e+00,-4.877719527959205603e-01,-3.228943412499786225e-01,-3.613728840275653997e-01,-1.939807763864147772e+00,8.732232127201772220e-01,2.429477082524907239e+00,-1.688143021538808908e+00,-2.856764749911184786e+00,-3.466184594782439898e-01,-7.763309335034316305e-01,8.114044766317494162e-01,4.040336207055272855e-01
0.000000000000000000e+00,-3.107833135651905998e+00,5.715092100056290425e-01,-1.211385065998002997e-01,-1.892253068842943309e+00,4.244905955461960589e-01,-3.248283769002624943e+00,-2.673038069159030528e-01,1.459083634587589717e+00,-1.060113665967860275e+00,-1.094956146773681915e+00,-1.280220024840496462e+00,-3.859412603281142662e-01
0.000000000000000000e+00,3.663163753763494235e-01,2.013666145292471732e-01,3.123372512806880330e+00,1.155391226845997821e+00,3.049434450474146630e-01,-9.880277858049433259e-01,6.584562840376704251e-01,7.601501796436436198e-01,-2.072184017252499011e+00,2.788877204637526308e+00,-8.020528932601852512e-01,1.476816618924137625e+00
0.000000000000000000e+00,1.116967343082220232e-01,-3.867007156505489540e+00,1.303216287633472081e+00,2.567200382303916673e+00,2.426915806268394427e+00,2.462828366397844526e-01,2.880224558740366980e+00,-1.786629135145398450e+00,-8.819156396574623358e-01,-5.118298754993142463e-01,1.191619684732828421e+00,1.186795637277857196e+00
0.000000000000000000e+00,6.764852859294017140e-01,2.852077981969178833e+00,4.294759131733512092e+00,-6.100320942026975501e+00,3.204544417116491406e+00,1.373926442295335448e+00,-1.422835666605609672e+00,3.512192432986838142e-02,1.532373297764512365e+00,4.529335595243752621e+00,-1.980400469773647476e+00,1.090361477519171451e+00
0.000000000000000000e+00,-1.482051559679060659e-01,-1.738568257165155950e+00,-1.251655134346167930e-01,3.093832394063467550e+00,-3.337525850800431293e-01,-6.971621226349791201e-01,-6.771104953319627695e-01,-3.315106466185298917e+00,-1.030934375275576631e+00,-8.577976417770345474e-01,1.595998148661202709e+00,5.994311826789884279e-01
1.000000000000000000e+00,3.322864861175234275e+00,-6.406450866166624181e-01,-8.994427917181977428e-01,2.270418929145289422e+00,6.145395417952579376e-01,-3.005856354480536119e+00,-1.582351031181957524e+00,-6.566091466139956090e-02,-1.531765858088295573e+00,2.485256219692286273e+00,-2.067692861412247396e+00,-1.343961910922288450e+00
0.000000000000000000e+00,4.869838008793188955e+00,2.511871510770157023e+00,-4.221692477631744378e-01,5.694836010727112319e-01,7.869738311784612028e-01,2.105625493140694360e+00,-2.190912323355202140e+00,9.802686851648361177e-01,-8.469038329796705344e-01,2.393918709080831153e-01,-2.757956352814684209e+00,-3.568484550229503949e+00
1.000000000000000000e+00,1.207986065383017005e+00,7.116340585893423665e-01,5.228076801704604204e-01,3.374281347796320718e-01,2.331901515045057494e+00,2.436875588198463838e+00,1.251102231261065789e+00,5.531694459055961355e-01,1.989135540005337877e-01,5.071047078770820615e-01,-3.452325200615407041e-01,-2.271200900889938534e+00
0.000000000000000000e+00,-2.156283325024128672e+00,-1.998919964294580298e+00,-8.602362209763632084e-01,-6.216116675343254627e+00,3.568488523493346776e+00,-2.901863199099861124e+00,-7.826338243660118099e-01,-4.134423569124385800e-01,-7.051015183681041965e-01,2.502966673549582133e+00,-2.232082368610432965e+00,1.406923432169093324e+00
1.000000000000000000e+00,6.271603144330648583e-01,3.069574756464947374e+00,1.752804177176471745e+00,5.897502343713600936e+00,-6.059066708595861606e-02,-2.481942209789033127e-01,3.474275498688862207e+00,-7.052070469148670195e-01,-2.888751925668474385e+00,-1.870076879813673099e+00,-3.871287038358123489e+00,-2.488583121938328979e+00
0.000000000000000000e+00,1.980541011851629341e+00,-6.125164161515427308e-01,-2.042025366401513331e+00,2.219953645096940598e+00,-3.093116122720345196e-01,-1.436742112526967485e-01,-2.385057069055330103e+00,-3.989520377616315727e-01,-5.721018016721157728e-01,2.326644748442607380e+00,1.616865318447334943e+00,-1.841459772163436703e+00
1.000000000000000000e+00,-2.924062016471472791e+00,4.753589595182405425e+00,-1.370208328767833494e+00,-6.621731443512407722e+00,1.812937434103921053e+00,1.630474388527866969e+00,-1.262762083255367873e+00,-4.826465802509352088e+00,4.569783059433970784e+00,-2.243791703100389334e+00,-2.517209008299332140e+00,-1.632244628268944009e+00
0.000000000000000000e+00,-2.656083190684701556e+00,1.847516377097156770e+00,-1.438263260626853057e+00,-1.121038984024877783e+00,-9.978999300310522624e-01,-8.861481589586510665e-01,-1.660815156883255206e-01,-5.828184836595133866e-01,-1.661464941519591232e+00,-5.027350613827819004e-01,-1.830142656830860748e+00,-2.874554945781708781e-01
1.000000000000000000e+00,-2.324093732903515619e+00,9.800517703895218702e+00,4.347522420217494243e+00,5.003754116508287275e+00,-1.059933127997374047e+00,2.810445136847834480e-01,4.035552693789130174e+00,2.721802484466880223e+00,1.265103702171286759e+00,-1.439027610370231969e+00,-2.615922381797934015e+00,-5.607405894505336441e+00
0.000000000000000000e+00,3.181189524151939008e+00,2.322030430479927077e+00,-1.027625947514875016e+00,3.475332052790076176e+00,-7.746902466101859286e-01,2.674087164070354738e+00,-1.646583820374627027e+00,-2.028421369985239142e+00,-1.876598785880481346e+00,-3.435685476691892504e+00,-1.836175621976732009e+00,-3.328368931855989477e+00
1.000000000000000000e+00,-1.004678158744550354e+00,3.475706318979096210e+00,4.126841839427872749e-01,4.594987922433730887e-01,-2.231926203446940704e+00,-8.071613722683663728e-01,2.072227271006819027e-01,2.427712028835878666e+00,-2.226270023810343002e+00,-4.020387300307854961e-01,-2.648267386097979958e+00,-7.556054258787584521e-01
1.000000000000000000e+00,4.830115233357799909e+00,-8.504157899341004523e+00,-5.135055562850948441e+00,-1.093025362453730276e+00,1.470767749596969320e+00,4.199459786238675107e-01,-2.694554789984926035e+00,-3.505074148662203903e-01,8.867894977623269614e-01,4.327725691139783670e+00,4.076450577365743122e+00,1.708531141652411378e+00
0.000000000000000000e+00,-2.140516468077223955e+00,1.687630005664884525e+00,-7.211311385311358624e-01,-2.933837694449935807e+00,-1.697779376171464794e+00,-3.268918551753837942e+00,-1.399535822056314771e-01,6.058098215953171550e-01,2.503840265454183811e+00,2.724830604566375936e+00,-9.216812710145504406e-01,1.656893519175083540e+00
0.000000000000000000e+00,-8.707152194703413617e-01,2.875784782293948627e+00,-9.163049714131343837e-01,-2.936898566639610575e+00,6.021607849054344541e-01,1.458724727855437830e+00,8.473031377761686134e-02,2.719524826841974718e-01,8.959720690014504330e-01,3.138420654686191025e+00,-1.293130982117749905e+00,-1.123701917198712597e+00
0.000000000000000000e+00,-2.042856823410541534e-01,5.460974119677087790e-01,3.702237345343366570e-01,-7.332301255802567752e+00,1.647977754106155990e+00,1.693182262623625034e+00,-3.361637882828755863e+00,-1.568139550593769416e+00,3.781260613599133347e-01,-1.536089448752271380e-01,-1.557790420311467416e+00,1.636961440107482346e+00
0.000000000000000000e+00,3.487035400136315744e-01,-4.901313031956495703e-01,1.176494011840824694e+00,7.233266916575558092e-01,-1.627140110643077175e-01,-1.196036512266499541e-01,1.986400385138857416e+00,-2.198209819682792610e+00,1.352845037022213592e+00,7.699014856594046385e-01,-5.195114273298597762e-01,2.213348603469404985e+00
0.000000000000000000e+00,1.125748519826925254e+00,1.903279834945264204e+00,2.279705442313618047e+00,-4.884364781472918082e+00,1.950184175658300045e+00,-1.107396645258214463e+00,-2.115351741177391887e+00,1.019689255934199235e+00,1.035892859643900543e+00,5.206708495357615263e+00,-2.058119593591236196e+00,8.106673583455974441e-01
1.000000000000000000e+00,2.137685520826468455e+00,3.948157026102451228e-01,4.958194412646682592e-01,2.085705322646034254e+00,3.496794448532996036e-01,-3.165194434076810115e+00,-2.475890681354862011e-01,-6.922440135029765962e-01,-2.534901296307474183e+00,1.311205352720692385e-01,-4.132019268689031577e+00,-4.525472868509226032e-01
0.000000000000000000e+00,-1.217445365471272467e+00,1.712881992186172209e+00,-8.832048777678564999e-01,-4.867469106407506629e+00,2.536571786340348744e+00,1.588044464801445343e+00,-2.246290677834066329e+00,-1.601618851717629965e+00,2.451620354852523942e-01,2.451067132738458554e+00,-6.967351980725564609e-01,-1.259763703587277517e+00
0.000000000000000000e+00,1.434977843436469058e+00,6.147100576726596266e-01,2.300331613701771527e-01,2.788533004203948895e+00,1.980461726759278340e-01,1.946233275529328566e+00,-4.392225151880452261e-01,-5.340244794103270465e-01,-1.593385923597208986e+00,1.541174539141193289e+00,8.374607707368459941e-01,-1.574905805057603914e+00
1.000000000000000000e+00,-2.544538682690950182e+00,2.889867144398600374e+00,3.882614786519114514e+00,8.666642058799159942e-01,7.457404348549216966e-01,1.054242998423585043e+00,3.779636469010897670e+00,3.237403954231703462e+00,5.042749771693122440e-01,-2.305344254041306051e-01,2.470337478141964027e-01,-1.019395774826396206e+00
0.000000000000000000e+00,-6.759716265951214442e-01,-2.291546838163354416e-01,3.320677230859129470e+00,5.400911017604722447e-02,-5.974444643554721601e-02,-3.569927711148586535e+00,1.823002880875485676e+00,3.837301491633788864e-01,3.783031973347054766e+00,-2.650827432293600072e+00,-1.741614007741376646e-01,1.952987087908280905e+00
0.000000000000000000e+00,-4.749569474955828596e+00,4.740882219952592180e+00,-4.814002493621014622e-01,-3.553241929588359937e+00,-4.597028291181848303e-01,-3.071186257757062332e+00,-2.362626638072733432e+00,-1.516317757327131366e-01,4.965246109803372887e-01,2.383362666115163009e+00,-1.061349515609465666e+00,-1.430721682217189539e+00
0.000000000000000000e+00,1.526639584994793353e+00,1.459644594747554480e+00,2.008241884281114942e+00,1.417067126537589949e+01,-1.497830423002798561e+00,-5.946499973834663777e+00,1.311261180808756865e+00,-1.529381232253101297e+00,-2.382877695949202401e+00,4.771247117825754280e+00,1.614936147339832928e+00,-3.644947294974770546e+00
1.000000000000000000e+00,2.163021586694781284e+00,-5.196139084273575293e+00,-5.298970974930869993e-01,-3.830779826538423638e+00,2.638671419274880137e+00,1.204884809221721031e+00,1.213206943680586125e+00,-4.982575994772706629e-01,2.657765960071789557e-01,1.012550906447180710e+00,-7.120513760841880035e-01,3.483497947789607530e+00
1.000000000000000000e+00,1.355701566298329830e+00,3.625853281303201836e+00,1.030008119257841859e+00,5.164675835026001138e+00,-5.984441642388942384e-01,-2.023899985033101423e+00,2.298191350822981427e+00,1.164858045587335855e-01,7.476050871414121612e-01,-1.436732837631872872e+00,-2.921171075065182698e+00,-3.232172326003455165e+00
0.000000000000000000e+00,4.371059998093698162e+00,5.765983674036558870e-01,-2.539248617279341591e-01,-6.194855749813295454e+00,7.699310933360014042e-01,2.788692400763657098e+00,-3.373018144324971601e+00,3.191504785533919808e+00,7.437874090853076048e-01,2.996918857762055133e+00,-1.736120682400986492e+00,3.995744168296753163e-01
0.000000000000000000e+00,2.394684325033080707e-01,-2.348713290790177322e+00,1.914554185735465985e+00,-8.484141705074657480e+00,3.203823088300751465e+00,2.425308740597640345e-01,-2.477700600786226559e+00,1.102263231269790644e+00,1.519970059777159044e+00,5.060449592739804991e+00,6.717454346568010326e-01,3.663000891463146225e+00
0.000000000000000000e+00,-3.095517311285586270e+00,-2.264535775429457054e+00,-1.352290272628266177e+00,-3.217061126054833409e+00,2.714793421593191702e+00,-1.892772699293823635e+00,-1.109635763635873573e+00,2.317656794661537845e+00,-9.675872201595245858e-01,9.475271238502191995e-01,1.801888272859376361e+00,-1.121421023359868485e+00
1.000000000000000000e+00,-1.216353699767819707e+00,4.467059556028381451e+00,-7.455107966045149137e-02,5.112474441524217372e-01,-2.297723315096573238e+00,-3.577199812889274355e+00,6.691822273563883261e-01,6.093941108366236481e-01,2.386106108508140089e+00,-2.480930837864068650e+00,-3.231344167306725801e+00,-1.435394128572831995e+00
1.000000000000000000e+00,4.923869414433028613e-01,-1.438184417398701287e+00,2.060325402230581693e-01,9.624259642020684957e-01,-1.975795850574151302e-01,-1.269806245140074008e+00,-2.504397475147324137e+00,2.538911441193739016e+00,1.157415658681333337e-01,2.241878628446524413e+00,3.755437880305309228e+00,-7.095039802693018371e-01
0.000000000000000000e+00,2.132867369913827638e+00,3.504596743912713919e+00,1.665670019148485448e+00,-1.388016193954246802e+00,1.547553501800546183e+00,2.599251448836488176e+00,-1.578214884863584189e+00,1.166676046331842631e+00,-2.683992680869857317e+00,-3.615252968217110840e-01,-3.540821589517535006e+00,-2.586654873181195580e+00
1.000000000000000000e+00,-1.247153320271048305e+00,1.690398727010710589e+00,2.333197952440131395e+00,-2.525738357335669537e+00,9.034226014819947137e-01,-5.961430678424352037e-01,2.648846882726370033e+00,1.885617412163297368e+00,-2.144644946252749484e-01,9.784568767685346558e-01,-3.181184509270601257e+00,1.244952621762250633e+00
1.000000000000000000e+00,2.562593830478459012e-01,6.922997957212159825e+00,1.663140902561823342e+00,4.496328558308519519e+00,-2.253453931212204608e+00,3.185552017455516527e+00,2.616963348619567586e+00,-2.343318322370040896e+00,7.683738774563234619e-01,-2.098743225277354352e+00,-2.650861789225963161e+00,-2.691533003150179404e+00
1.000000000000000000e+00,2.605872461400335016e+00,1.735865027141972661e+00,3.526686302069669043e+00,6.115758747845878140e+00,1.752553925689984027e+00,5.989850051376575113e-01,4.340550624349359232e+00,-4.140374465402267834e-01,-2.681039601394720862e+00,1.712908365712271674e+00,-3.361569370166736181e+00,-1.621013289474184660e+00
0.000000000000000000e+00,2.780906660837803912e+00,2.835199034692355013e+00,9.574710967019289809e-01,1.761589304900570641e+00,-1.208334270016674150e+00,8.734208507231033813e-02,-1.148945403106961693e+00,1.925543109733580671e-01,-1.296631640784095651e+00,7.642387070926702775e-01,-2.658482630273059755e+00,-1.053650382619136794e+00
0.000000000000000000e+00,2.523531949349217651e+00,2.901399963136217508e+00,5.965533990322549052e+00,4.036202949607999635e+00,1.605680519770362746e+00,2.977788568080539822e+00,5.660922118548571191e+00,-6.625913125586968988e+00,1.993401998516459717e+00,3.944682376959939285e-01,-3.774192966084727541e+00,2.089983605433582525e+00
1.000000000000000000e+00,1.641931639187927727e+00,1.417692346252954039e+00,1.368165254283090437e+00,6.536788222625248501e+00,1.446537016700928380e+00,-1.348233092095775243e-01,1.965534472742838545e+00,1.066410904817054472e+00,-2.375438866185768383e+00,1.631587052950656647e+00,-4.078953184664445564e-01,-4.073794760560349282e+00
0.000000000000000000e+00,-2.866060591785847045e+00,-2.277983426265476119e+00,-1.430946381229236231e+00,-5.151324331551486502e+00,2.802287664649249166e+00,-2.901050725172643396e+00,-1.363793094924007132e+00,6.969823900785712123e-01,-1.326130137312420132e-03,1.761361670425058090e+00,2.458638368403722740e-01,4.696931387458019858e-01
1.000000000000000000e+00,3.522873196190029699e+00,-5.822055416750569812e+00,-2.746658825410039473e+00,-4.207066202036959801e+00,2.780231437992697785e+00,-6.661174507670339917e-01,-3.312563954340150829e+00,8.913534802227971454e-01,2.144287333863479361e+00,3.387046347987467509e+00,2.479370426767194768e+00,9.771909746153391030e-01
1.000000000000000000e+00,-3.457029282695667227e+00,6.282000279872006487e+00,6.073149562092641229e-01,2.799139803750693378e+00,-3.184918374942585118e+00,1.892003845504040216e+00,9.195016909054247733e-01,-4.202842204943833870e+00,3.796132896219707398e+00,-5.454706444181263159e-01,1.841224601957439422e+00,-1.394880698959975129e+00
1.000000000000000000e+00,4.809206944240145276e+00,-6.301687771883826450e+00,-2.588349906071786055e+00,-1.719740045607600409e+00,3.437840807484880745e+00,-4.134711853550828708e-01,-2.230807427689752931e+00,3.141497108706948760e-01,7.005402182911346642e-01,4.671498969232374066e+00,1.841417308944636844e+00,4.335767039048077365e-01
0.000000000000000000e+00,3.322452820103836135e-01,-1.776711568573191125e+00,2.835432815473264423e-01,-8.441103021431638487e-01,1.269844249304186379e+00,-4.840287586600817704e-01,1.952877987390966297e+00,-3.047465093130430347e-01,1.443643231857641762e+00,1.424410300113961636e+00,-2.114167124884970272e-01,1.488963953326577272e+00
0.000000000000000000e+00,3.207165173674557668e+00,-1.311684231202109974e+00,1.505762607783128981e+00,-3.415007974391027989e+00,1.563589433474246615e+00,2.858738245806922595e+00,-2.080121750398491898e+00,-1.238911658410331018e-01,2.117265054928130219e-02,-1.120794568916399392e+00,-6.072030652969815367e-01,1.332425494166321389e+00
0.000000000000000000e+00,2.252831949336396855e-01,1.856272377897789649e+00,2.364543918937951794e+00,5.353567635347308951e+00,2.727344658916484033e-01,-1.134833305226666145e+00,7.294618498375753379e-01,-1.336429279326645236e+00,-2.608982018014582849e+00,1.165529021812266031e+00,-7.337018924950285959e-01,-1.679267686741165555e+00
0.000000000000000000e+00,-4.792384234646459795e+00,4.393445417193802882e+00,-1.775668435641937215e+00,-4.379458963425339135e+00,-7.036432893474993122e-01,-2.777040433303008093e+00,-2.198767511308006739e+00,1.183289856316746658e+00,-1.186286088714678666e+00,2.665755251207230003e+00,-2.112233564089698312e+00,-1.473011004111016486e+00
1.000000000000000000e+00,-1.898136380686305191e+00,-1.084454205514458147e+00,-2.656353716757111183e+00,-4.000435783842766213e+00,-1.142984052895546832e+00,2.470767336687433424e+00,-1.810817108784738672e+00,1.585388551742181296e+00,-4.220444136255807166e+00,5.279577643249000474e-01,4.479865230268620380e-02,1.432162325865040664e+00
0.000000000000000000e+00,5.168900064451021903e-01,-1.037187966394839789e+00,-2.181534379652975808e+00,-1.875149363957768545e+00,6.480545883281971786e-01,2.202733417043880149e+00,-3.062964052546336635e+00,-2.498746036624739819e+00,-1.366793626715949062e+00,-3.498789451529837002e+00,5.152501584895907705e-02,-8.002192823220611873e-01
0.000000000000000000e+00,-4.896515218691566140e-02,4.525470059629257968e-02,-6.469783368805768209e-01,2.106548323369115128e+00,-2.088370558151142031e+00,4.126642098281010362e-01,1.956177511192124463e+00,1.038745622359935172e+00,1.634374338030616158e+00,1.153704657106627618e+00,1.617038646988396167e+00,5.479014463851975547e-01
1.000000000000000000e+00,1.693689554147993492e-01,2.828277562534223133e+00,3.097222384293402353e+00,6.067722577448585675e+00,4.042886669207587103e-01,-9.246069620412920020e-01,1.485705612217958604e+00,1.434189378301823359e+00,-2.572370522627053901e+00,1.221258381469503274e-01,-5.892373033109030711e-01,-3.319093816048079848e+00
1.000000000000000000e+00,1.442343852336956056e+00,-1.885139184473052509e+00,1.009168987860348476e+00,8.036202803353794666e-01,1.367830493961903926e+00,-2.751382374555010335e-01,2.931175004229273462e+00,-1.109686849446935852e-01,-1.361007350258610638e-01,-2.015406549783145262e-01,-1.779760871555138513e+00,1.273789413086839239e+00
0.000000000000000000e+00,-4.481341232449496559e+00,3.751484843553465343e+00,-1.706392227531364103e+00,-6.024684980497696074e+00,7.236497527295504550e-01,-2.372622435853055212e+00,-2.238023896799238077e+00,1.488459532629375914e+00,-1.150313989665628256e+00,1.953365029265608621e+00,-2.740510336683724013e+00,-1.652235524529976018e+00
0.000000000000000000e+00,-1.052771314338954989e+00,-3.707164405298060128e-01,1.419626783632743194e+00,3.677004136134029433e-01,2.188292648138305818e-01,-1.098615161052903577e+00,9.711358193327119803e-01,-1.863307868914707566e+00,1.369743985543094178e+00,-3.816196299452092600e-01,4.458164386028882209e-01,1.435623777885851160e+00
0.000000000000000000e+00,-1.618996894492078731e+00,8.552510729926958710e-01,2.058615168716821486e+00,-6.175118167355837073e+00,2.418042952116384647e+00,-4.138364829108729381e-01,-2.949958008091112749e+00,3.009185571312371632e-01,-1.709163034223554423e+00,1.258385725045181758e+00,-1.649462947544602542e+00,1.051597632931989601e+00
0.000000000000000000e+00,3.429748426765233837e+00,9.980901322409555521e-01,2.503546763656020246e+00,-4.195119979221765050e+00,3.002382399920762168e+00,3.076975612090534273e+00,-1.804085819390159662e+00,9.777862374530557066e-01,2.000051181635820186e-02,1.164658450651461674e+00,-2.069398469488116454e+00,-3.624111834032390789e-01
1.000000000000000000e+00,8.708989328240079875e-01,9.823501032833530378e-01,1.270740437240752252e+00,2.246631337773629777e+00,1.564452438050758065e+00,1.345005004717718222e+00,1.240440564691503766e+00,1.585643531673150086e+00,1.949565154905854580e+00,-1.401875035323518759e-02,1.814887282553216519e+00,-3.006486590320700980e+00
1.000000000000000000e+00,6.516335911297403971e-01,-7.586148565259545062e-01,2.012671691571008559e+00,1.408154655766141516e+00,9.279143698085470238e-01,3.309800347933231635e-01,7.871307708847287143e-01,1.508490029684105505e+00,-8.059289903331370297e-01,1.825195735188104518e+00,1.140309308512573061e+00,1.009240018661308191e-01
0.000000000000000000e+00,1.460690203913350693e-02,1.700294098971020240e-01,3.064485207921198384e+00,-3.216148775751179301e+00,2.844288083123571731e+00,-8.303892332561785272e-01,1.664329635423768217e+00,-4.271753396089982502e+00,2.044365404047534973e+00,1.794125748749985094e+00,-3.124329163502034490e+00,3.113494508811891492e+00
0.000000000000000000e+00,4.390689417215236645e-01,-6.754693910540778390e+00,2.760573801662645543e+00,-1.126850488399455896e+00,4.774652034731396988e+00,-1.702485668747106828e+00,1.816173256541985026e+00,-2.850417087479214295e+00,3.450577712155667331e+00,1.634783798544937383e+00,3.366024411415208029e+00,3.729188507836466826e+00
1.000000000000000000e+00,-8.288082269724561524e-01,2.938808768995464504e+00,-3.013567867030967573e+00,-4.330820735191284188e-01,-1.995765720085548089e+00,1.280726551564914661e-01,-2.804839347698616869e+00,-1.366143124913985929e+00,6.683401183182255956e-01,-1.951034281244667046e+00,-2.995752653611976069e-01,-2.424669462406590981e+00
1.000000000000000000e+00,2.418991151355788460e+00,3.850723581591570799e-01,-6.329081721904228353e-02,2.513185274261214297e-01,3.500827985598957692e-01,-3.491962877830334211e+00,-9.620696774905312942e-01,-2.821811675206653547e-01,-5.121889790020873745e-01,8.484465153201672383e-01,-3.706686798519102766e+00,-2.340932979221168608e-01
1.000000000000000000e+00,-1.290776351160199731e+00,1.510306745761032632e+00,-2.040179624950992920e-01,1.422002452040108667e+00,-3.087680230564697759e+00,-1.853985552079563615e+00,-8.340913884492173747e-02,1.615225519298697066e+00,2.497169867903924478e-01,1.533408554701471971e-01,5.678775108160010188e-01,3.732713697954661569e-01
1.000000000000000000e+00,-8.383796153495353121e-01,6.944581792103229567e+00,1.324340962789712695e+00,6.278387114781811107e+00,-5.233903366880627850e-01,1.364752826935152097e+00,2.777959818252154989e+00,1.102464466708140911e+00,-1.458201082847688568e+00,-1.085015739619819453e+00,-2.095538448339466786e+00,-6.181544528509834713e+00
0.000000000000000000e+00,-1.702411750465550710e+00,1.956119526153815347e+00,-2.054718012800119009e+00,-6.985800831511394193e+00,1.728489932014687813e+00,3.044965498790830338e+00,-3.935895354165888094e+00,-3.057412906298597299e+00,-3.904785641617712910e-01,-1.919217776281963772e+00,-1.576719155333797584e+00,-9.576334008250962926e-01
1.000000000000000000e+00,1.004571450868973148e+00,4.994305406311202233e+00,6.887121408977161519e-01,3.914050737489922493e-01,6.334064756443305022e-01,-5.219793933352723236e-01,-3.957718081146190503e+00,-3.313609889263121389e+00,-8.917984339875819622e-01,-1.545518226045843324e+00,-3.136412303438515181e+00,-3.645893387528571949e+00
0.000000000000000000e+00,1.560155536847526836e+00,1.858509691154569099e+00,2.066263430867079087e+00,1.041139881261296196e+01,-5.785905676176827939e-02,-2.281267163223339445e-01,2.562906856925122323e+00,1.644769808032852332e+00,-5.811023126840328068e+00,2.441152540098205925e+00,-4.034193543381952018e-01,-4.205889188758513697e+00
1.000000000000000000e+00,1.708186397673119306e-01,-4.596832772845673223e-03,1.118842824088071675e+00,-2.219290139286557384e+00,5.122784947244668485e-01,-1.599679521627832113e+00,-2.047158503301740762e+00,2.841645729381530927e+00,2.609012114041071584e+00,1.316335525700169429e+00,2.066297760286150531e+00,-3.312018647116362624e-01
1.000000000000000000e+00,4.505230204124555105e-01,1.527533798850768454e+00,-1.517957552658411036e+00,-4.471026288551235517e+00,-1.139318672800038401e+00,2.187846741981187115e+00,-3.506082357786281190e+00,-8.491697600441019400e-01,9.672688586993786197e-01,-8.092537036788333138e-01,-3.594487057482145254e-01,4.056563969234807665e-01
0.000000000000000000e+00,-2.855534157670136963e+00,2.034053803327660948e+00,1.607894074627412184e+00,-3.081478984942727539e+00,1.221908376209031921e+00,-3.394674581125515456e+00,-8.389876585088738015e-01,1.309906299709628907e+00,3.767207030796774880e+00,1.905731441687097405e+00,1.026387136850506643e+00,-6.470392122114365652e-01
1.000000000000000000e+00,4.672128483446238434e+00,8.542753166267367249e-01,-8.070990572202698665e-01,2.104384323892535935e+00,5.521394596597063442e-01,-4.864014528613972432e-01,8.556941987993698095e-01,-2.613790823871851465e+00,1.241409061678040882e+00,-5.613134590452184547e-01,-4.313008082750434902e+00,-1.166334178301045466e+00
1.000000000000000000e+00,1.034239413071837088e+00,-5.737743622247015729e+00,-1.622660499990980831e+00,3.367630086453105243e+00,1.396560411970482862e+00,-2.636426495646920776e-01,1.362231415704195037e+00,8.587581888652529027e-01,-5.212523818747810900e+00,2.939081842078784312e+00,1.346593526582771538e+00,8.416210958599124048e-01
1.000000000000000000e+00,-2.080282399626823819e-01,6.411883266019266614e+00,5.574646279491921597e-01,-2.665460711457037224e+00,1.261123864214119816e-01,3.703892905154591020e+00,-2.246595937928541176e+00,-2.342061003228801397e+00,-6.676408475719042279e-02,-8.993079204998126741e-01,-2.977210194355857098e+00,-2.675208669771556025e+00
1.000000000000000000e+00,2.424074101640217860e-01,5.390133414336633066e+00,3.432736268564971827e+00,7.947592752584267117e+00,-1.403009825688025014e+00,-7.573861158468042643e-01,1.399187660606378891e+00,1.300893686621416467e+00,-2.462076430253866910e+00,5.476218302535704741e-01,-8.804661943437301908e-01,-4.067755598240905712e+00
0.000000000000000000e+00,4.045133438320116515e-01,-5.024169783139651457e+00,-5.899352829208024396e-01,2.117793407110603265e+00,2.760957718156766827e-01,-8.995364950735309506e-01,2.819033234773903107e+00,-2.570728300780847686e+00,-3.880704268312435978e-01,-4.953948987656509040e-02,7.150889348640714349e-01,3.436457113474026048e+00
1.000000000000000000e+00,-1.376438343595738578e+00,1.379655386660518346e+00,-1.206969685056843877e+00,-1.356833223420359946e+00,-2.381332047783577543e+00,2.228691682103855598e+00,-4.331705319144507627e+00,-1.701317230956844506e+00,-1.613708707658029873e+00,8.592392193618481055e-01,2.409336661989625483e+00,4.706772772969396446e-01
1.000000000000000000e+00,-1.310413187849263972e+00,-6.174717496855206544e-01,-2.642236425927344534e+00,-4.416751740900203060e+00,-5.448698692864790694e-01,-7.112465078332403934e-01,-2.938567599417396536e+00,1.884266689441728815e+00,6.163218078340593209e-01,9.671884702991742078e-01,1.230653537838573452e+00,1.277629522540444373e-01
1.000000000000000000e+00,-5.691732864155814031e-01,9.651414263574328856e-02,2.862963883335541304e+00,-2.517051758613371160e-01,2.494007856035981519e+00,-2.580564555321884779e+00,3.397891638663189884e+00,1.801175924953243523e+00,-8.221503139558562490e-01,-4.880077061292060758e-01,-3.551213882636151897e+00,2.111186583469673028e-01
1.000000000000000000e+00,-9.117963413207144097e-01,-3.127458106951453987e-01,2.632448427022346493e+00,1.131325491987708043e+00,8.887697688701032828e-01,3.201500438987070485e-01,1.077500111040348152e+00,2.247969537865047052e+00,-1.987772977521509166e+00,1.223158122338196874e+00,1.155819567513746815e+00,1.189726655877418882e-01
0.000000000000000000e+00,-6.448113459638924461e-01,-4.494105372794066966e+00,1.181937002086293376e+00,-3.697164326330761308e-01,2.576452423735053454e+00,-1.347150362643193766e+00,1.688900767638763289e+00,-3.344900642144773339e+00,6.232367339545998863e-01,1.580263559338490387e+00,1.227821112790987712e+00,3.365697162921256869e+00
1.000000000000000000e+00,4.037176718607261572e-01,3.376691174919256078e+00,1.839376335810200658e+00,6.784226441310154954e+00,-1.513302893562745943e+00,-3.379295957624742996e+00,1.623915258758332758e+00,2.476956147059845570e-01,-3.677744976252203646e+00,-6.877743987369804302e-01,-3.709260233208431679e+00,-2.276017602798290795e+00
1.000000000000000000e+00,2.354388755074725559e-01,3.427355512290321204e+00,2.496809770682898222e+00,5.465057615016815973e+00,-1.143259141997763795e+00,-2.526160012755885642e+00,1.571078891872105476e+00,1.410441595722771169e+00,-2.435286724417371484e-01,-4.863464967104753622e-01,-1.186313612772912141e+00,-2.478705450270606292e+00
1.000000000000000000e+00,3.975047767286370437e+00,-2.336314989594886704e+00,-9.390774693818497720e-01,2.636412217647621681e+00,1.602039399958658406e+00,1.139327341348729483e+00,8.915015048303213119e-01,-1.073205581791362384e+00,-5.726592209393659427e-01,2.214538579854466338e+00,-3.790730065209282351e-01,-6.561076028299701601e-01
1.000000000000000000e+00,1.514395124687527794e+00,1.006042907113428919e+00,1.269530772178619538e+00,2.859067094482901084e+00,1.006179920044302456e+00,-2.390424265633454670e+00,-7.541057795185661661e-01,1.497379842211255419e+00,-9.067142291196438331e-01,1.656169037782706521e+00,-5.470203076230450989e-01,-2.521931046340025517e+00
0.000000000000000000e+00,2.363870359707388236e+00,3.605982132937049833e+00,1.788933097201694800e+00,9.636817289714626256e+00,-2.099654379186406405e+00,-3.074593367375887176e+00,1.385044943598937817e+00,1.175970373933501012e+00,-3.075856099847841918e+00,3.983968288013576942e+00,-1.674949729660097031e+00,-3.182587777579182209e+00
1.000000000000000000e+00,-1.712765605712530004e+00,4.130065912857905808e+00,2.104056657368229555e-01,-1.241437008321777169e+00,-1.327118461170853747e+00,2.328419663177382137e+00,-1.023883214551610576e+00,-3.062967052481338381e+00,2.260813163716491658e+00,-3.796192295793860971e-01,3.774979390211867791e-01,-4.779706960059073584e-01
1.000000000000000000e+00,3.685678645247406404e+00,-2.320632795568024598e+00,-3.646091119669876868e+00,3.763877888936701055e+00,1.112741420769157275e+00,4.121021923980985324e-01,6.799760926221822821e-01,-1.570272476671603634e+00,-9.149541130492573338e-01,5.649934612446121385e-01,-8.652970605874623633e-01,-2.443116516664442628e+00
1.000000000000000000e+00,4.017332906873840592e+00,-4.733880661957999614e+00,-1.365328230609870186e+00,-1.859398011619784130e+00,2.689926814097851171e+00,-5.075168507268892348e-01,1.312052541266400807e+00,-1.669896396297430474e+00,-7.938352193405824320e-01,1.746655383548907370e+00,-3.437525218428494789e+00,2.609107205865669243e+00
0.000000000000000000e+00,-1.040349582793872241e+00,5.759790870363977744e-01,9.421760440777970924e-02,-3.213191243829814248e+00,-1.100830085129223423e+00,-3.759970348534841911e+00,5.237718622621467812e-01,1.182924173833948434e+00,2.703211605877408275e+00,1.619836261072488348e+00,-1.811637925485833467e+00,2.402919676296750406e+00
1.000000000000000000e+00,-3.052071491906877210e+00,2.158120750163246004e+00,-1.599083218786796934e+00,-6.641058699253561404e-01,-1.443340417810325071e+00,-6.716155491978972325e-01,2.501707181002391867e+00,-7.965489582426011905e-01,3.813759336076340212e+00,-1.426060271429369308e+00,-1.077576637244758162e-01,-2.844448034815945103e-01
1.000000000000000000e+00,2.599575683927086711e-01,1.433969684351111162e+00,-1.021554516690326153e-02,7.424901255999006855e-01,-6.438131968660103510e-01,2.777509604854609293e+00,1.000107877654625721e+00,-6.264405021112030569e-01,-3.543256518735036220e-01,-1.101707809509506752e-01,-3.027535613206057130e-01,-3.403449046215994978e-01
0.000000000000000000e+00,-2.666177831978042256e+00,4.873119604504499769e+00,4.349274905067067820e+00,-2.346897211973838715e+00,1.935365337627120708e+00,-1.938045177294282162e+00,1.123314944150666239e-01,-2.590918484443334613e+00,-5.922243378285687587e-01,-2.460926101336339933e+00,-4.938024665544958225e+00,-3.295455916273035690e-01
0.000000000000000000e+00,-3.575559330831990401e+00,4.336745648642949647e+00,6.445278095696661547e-01,-3.989086613748810128e-01,3.300491660288801254e-01,1.480602761087774777e-01,-8.605435273237065363e-01,-1.413963388955919775e+00,-4.069794886432931413e-02,1.422286674818203256e+00,3.110741825374208069e-01,-2.296933244979526556e+00
1.000000000000000000e+00,4.342490221429013530e+00,9.150810478250808178e-01,5.343667538532584915e-01,4.371555614357015784e+00,1.632475493855015003e+00,1.238449041285671903e-01,9.722262160189101277e-01,-1.472311684519119535e+00,8.523274748102593890e-01,-2.982821891273605974e-01,-1.977789651689390471e+00,-3.076983706086168002e+00
0.000000000000000000e+00,1.285836798180479690e+00,1.366157263066645422e+00,3.601722834640214810e+00,3.310186648145791111e+00,-2.837232186532931966e-01,3.945517824984345889e-01,3.418086578613555027e+00,-2.394030516576328704e-02,2.784768599507668085e+00,-2.641084889925696011e+00,-4.056635531535723871e-01,1.609788977669828203e-01
0.000000000000000000e+00,3.634139857482819647e+00,1.257906750898250436e+00,2.958617398963549583e+00,-2.750924237822197860e+00,9.929003825521127702e-01,2.122983830187917142e+00,-1.510591957173937683e+00,1.059804869732038579e+00,-6.559618442100296765e-01,1.190166767488978206e-01,-2.795016012462662403e+00,8.604099547077501686e-01
0.000000000000000000e+00,4.926260739995596438e+00,4.827368422130793313e+00,3.346563636283682364e+00,2.413766267136953747e+00,-2.603097958994757821e-01,1.852683408707712420e+00,1.697154314280620024e+00,2.398030101088424182e+00,1.189784056259156397e+00,6.881810673827774671e+00,-2.667584240281173358e+00,-1.333262339049264389e+00
1.000000000000000000e+00,-1.338961918110145088e+00,-3.188146473422918792e+00,1.863707922246243154e+00,-2.658329840493022456e+00,2.532402452416278926e+00,-3.379095727883747458e+00,1.794765392711031859e+00,3.981356034769950814e+00,-8.712743663699502594e-01,2.947945000554610395e+00,-2.336995208004145619e-01,2.128769859475491799e+00
1.000000000000000000e+00,-1.877503809418913816e+00,1.189896521067957069e+00,-1.169429648950268241e+00,-9.391767972660752806e-01,-1.181003509555252906e+00,2.909378605781714811e+00,-8.078229206507816507e-01,-2.284603829710956990e+00,1.674107197661212076e+00,7.481938822615614715e-01,2.808094841900423244e+00,2.110361815158223742e-01
0.000000000000000000e+00,1.133055423994547395e+00,4.619531046061672308e-01,-3.003307891074309399e-01,7.322974974384428570e+00,-1.037045899280443884e+00,-1.211808689305586828e-01,1.271941646193409436e+00,1.221886157732914757e+00,-3.647013610278594165e+00,3.764589430194688724e+00,1.139847182527445657e+00,-2.496056349798712937e+00
1.000000000000000000e+00,3.912442086444547495e-01,4.991825949886270486e-01,-1.000405431015938928e+00,2.408676928465686373e+00,-1.129412512960273896e+00,1.770129087011512725e+00,1.291505221956537053e+00,9.571332331295796525e-01,-1.988729987554160417e+00,-1.440916908557174914e-01,-2.465861455978399785e-01,-9.937131836162365062e-01
0.000000000000000000e+00,1.082600546789377560e+00,4.458327433346892521e-01,-4.122447989939876933e-01,-2.072382046607581962e+00,1.384180117914393104e-01,-3.016076017680031640e-01,-1.912507654858338846e+00,-9.213727882203311959e-01,-5.323379122454781065e-01,5.677204561402009464e-01,-1.828355805416970625e+00,4.690557575954270586e-01
0.000000000000000000e+00,-1.987628364789602697e+00,-1.618071954160414494e+00,1.215531272555603115e+00,-1.401103644370274903e+00,1.799428289526549207e+00,-2.600121754300272592e+00,3.796829874928738802e-01,1.910836608381599522e+00,1.881605718614654865e+00,6.336951166977913275e-01,2.144410548715685039e+00,1.846134196538584682e-01
1.000000000000000000e+00,-2.752080672094068259e+00,7.372554930734198209e+00,9.961904064266935421e-01,1.436132649943031803e+00,-5.475860193843162804e-01,2.081799194812329112e+00,6.438605785359861056e-01,-5.123706194001271363e+00,1.503462702895378866e+00,-1.727117726925343932e+00,-2.034626027713521523e+00,-3.065550970378846607e+00
0.000000000000000000e+00,2.463270186182368704e+00,-1.135464094246304567e+00,-1.925489430844748551e+00,-5.584233991791615281e+00,1.068226799204467614e+00,2.040217575819687212e+00,-4.542220644462840795e+00,-7.097726751142744428e-01,1.858766312694929645e+00,1.249312403693396245e+00,7.864793850798512675e-01,4.071420633691513746e-01
1.000000000000000000e+00,1.294188519784194025e-01,4.897424662765257786e+00,-9.855113232743333285e-01,-3.395769215253164663e+00,-1.279271685296344607e+00,2.963487193898486360e-01,-2.565434820837999119e+00,-2.597376697133775281e+00,2.814572099077422784e+00,-3.436770046714844540e+00,-3.415268105054354741e+00,-1.345042602798629083e+00
0.000000000000000000e+00,-2.461860341928186813e+00,2.242786706080054149e+00,-1.873431252247527379e+00,-6.311594679788873341e-01,-1.483546895960329959e+00,-4.156951815406588757e-01,-4.251393121142799103e-01,3.339369355200709766e-01,-1.466938864680691346e-01,1.609123671732227256e+00,1.374817926680325098e-01,-9.513477702130894720e-01
0.000000000000000000e+00,3.975867856927420174e+00,1.646960847938534256e+00,5.270737808162895277e-01,-3.986327195428236436e+00,1.046616313288948996e+00,1.761454061168044039e+00,-2.967122190465348641e+00,4.670809161441715762e-01,1.635139318743069392e+00,2.436865670535152795e+00,-1.904301142477049513e+00,-2.993949073891349899e-01
0.000000000000000000e+00,2.109948289828802892e+00,1.673552785371838159e+00,2.840027560023865583e-01,-1.059751210326212423e+01,2.952333311454349740e+00,3.768281340013397429e+00,-5.238622915711466099e+00,2.703476111735512166e-01,8.932941996493790615e-01,-8.785932621627530192e-01,-2.965363990168856656e+00,4.785105128277367115e-02
1.000000000000000000e+00,1.141433064957972698e+00,-4.621917981992107016e+00,1.483731045411161631e+00,-2.469740916112617590e+00,3.527103462126270461e+00,1.127716050406027293e+00,2.298120171746267815e+00,9.086104566715667019e-01,-4.284739872581364573e+00,4.730722708144089239e+00,-1.709992907664320327e+00,3.610167584030224752e+00
1.000000000000000000e+00,3.614785028575430825e+00,-4.732351367223706085e+00,-1.001328069794990672e+00,5.596216899500958242e+00,-1.682100084233983939e-01,-1.836914830640526519e+00,1.840422163768115738e+00,-1.886815701384168431e+00,-4.601971533786446855e+00,1.483735784188962903e+00,-1.964529896509980667e+00,2.014504029831874377e+00
1.000000000000000000e+00,-2.481132157110744085e+00,2.831946393207699142e+00,1.467892316144334686e-01,5.086265989769054308e-01,-2.056526064741104332e+00,6.227398781817305995e-02,-1.945845930387648526e-01,2.637606174441067264e-01,-1.690535009869391203e+00,3.884241564400960911e-01,-3.180217672472900325e-01,-2.105487566622885609e-01
0.000000000000000000e+00,1.960657315549139135e-01,1.600633862979589761e+00,3.254326100726933735e+00,-1.746623730622483661e+00,2.581805829128143159e+00,1.559604177502607048e-01,1.850494995756823968e+00,-4.226172045972530489e-01,3.272410850002945626e+00,2.469200249803203295e+00,-7.558925105252454202e-01,2.654205363742953017e-01
0.000000000000000000e+00,3.916775999663616226e+00,4.129215947057070513e-01,6.273333784205041841e-01,-6.904378270268038520e+00,1.596810118198837225e+00,3.430565786195800992e+00,-3.392824216728644870e+00,1.055327113240910109e+00,2.305015357570598944e+00,1.959317037795031746e+00,-1.013425737223449419e+00,9.763016753417466109e-01
0.000000000000000000e+00,-2.184084134062914462e+00,-2.901924228533283134e+00,-2.080123437753471638e+00,-2.736584037847205053e+00,-8.136419126331968510e-01,-3.240498470387394470e+00,-7.312610131914316636e-01,1.811407674651311694e+00,3.625460774604403191e+00,4.567570622249675694e+00,4.173982993256331930e+00,2.267973103318261074e+00
1.000000000000000000e+00,-9.573315103155446426e-01,5.783784043839218514e-01,-1.879020546622032217e+00,-1.544480227224076296e+00,-1.437461416172918227e+00,3.973937732113828059e+00,-1.679744146022260631e-01,-9.399997073718449059e-01,1.477672747288767852e+00,3.658443982605350531e-01,2.315958454293754798e+00,4.460655923260117284e-01
0.000000000000000000e+00,1.563597603740357167e+00,5.559277404255075439e+00,3.132924719219566612e+00,-6.741964606466667453e-02,-5.529997998116664704e-02,-2.109257285425291339e+00,9.021960543963198909e-01,4.737622553394237990e+00,-2.213167504400963104e+00,8.133759240067114149e+00,-5.035799840953520068e+00,-1.164963121907599319e+00
0.000000000000000000e+00,7.859059965887345012e-01,4.273618593595215343e-01,1.643896226793016835e+00,-6.199801963387316928e-01,1.728388747562186190e+00,1.759991194867262188e+00,2.631931792379438306e+00,5.890853244103753106e-01,1.379512890277188264e+00,1.415444479763017238e+00,-7.277025537280860101e-01,1.130015365036121100e-01
1.000000000000000000e+00,1.256450449041419226e+00,5.211292278404938694e-01,2.370437409365497405e+00,2.084189354354875956e+00,2.079769950714513982e+00,-1.950887200361678619e+00,4.525875744993288485e-01,1.164720213536229121e+00,-1.975077571064046689e+00,1.075355476591620008e+00,-1.894758128921379292e+00,-1.597155815649740518e+00
0.000000000000000000e+00,2.164473501093824304e+00,1.306302121951345097e+00,1.615743672850046941e+00,-4.895223792552547692e+00,1.590325640914784788e+00,9.181569344229034701e-01,-3.468323497941784073e+00,-1.833748869295280137e+00,2.611748426325033900e+00,1.599278739619804712e+00,-9.249562964815017940e-01,8.790754462871503971e-01
0.000000000000000000e+00,-5.262664573804347601e-01,-5.018772658642267626e-01,1.384305337814425219e+00,-2.520779092406361777e+00,3.899303505424636551e+00,1.665909869584057734e+00,1.144500633254609046e+00,-1.842315559168588246e+00,1.275603584965312454e-01,1.727411924411131228e+00,-6.831859119792338397e-01,9.780502680980041053e-02
1.000000000000000000e+00,4.655975391576738787e-01,5.918384945413457388e+00,-1.155786492039970081e+00,1.887718183179056375e+00,-2.663048634098390544e+00,1.225050686721453452e+00,-1.105078499571312101e+00,-2.720272460825896133e+00,2.338727174318037783e+00,-3.266328932772541993e+00,-1.902886333275786157e+00,-3.191957666215367251e+00
0.000000000000000000e+00,2.857255641114238021e-01,7.644488143708590977e-01,-1.796098781855489435e+00,-1.232403684343875039e+00,1.346955196575239766e+00,3.187474845817802382e+00,-2.286048924797150050e+00,-4.707295402572079013e+00,7.555292896535732439e-01,-1.856090381731283045e+00,4.473088776715175019e-01,-1.738228971650458865e+00
0.000000000000000000e+00,-5.640934715113055109e-01,4.570225667402033842e+00,1.072298159307433885e+00,-2.448818342066254317e-01,2.037811142765487027e+00,-1.993525512632007057e+00,-1.252892980988208560e+00,-5.328943730336058726e-01,-2.712662625816238959e-01,5.221721919093874398e+00,-2.284949074844220718e+00,-3.233599742983092273e+00
0.000000000000000000e+00,1.234545814361609040e+00,6.349278899065848858e-01,-5.351767998875658350e-01,6.445699666952171114e+00,5.304260508786863282e-01,1.268096448628636352e+00,-6.233427144656067398e-02,-2.397691170535587446e-01,-4.245317080469430238e+00,3.400536600403754051e-01,6.501241082223885304e-01,-4.149573867816977568e+00
0.000000000000000000e+00,-2.068524634619247848e+00,3.046122353360114943e+00,1.862000372605177478e+00,-3.462359235867986218e+00,9.868642008131702781e-01,-2.335556730732173847e+00,-9.331025716654006708e-02,6.709379968997506438e-01,3.288202904380462144e+00,1.813489904690207544e+00,-1.005918894979817457e+00,-1.755850132409264575e-01
1.000000000000000000e+00,2.013218938180881601e+00,-1.190810118751680857e+00,1.056508250080653299e-01,2.713461310949759397e+00,1.166041501025212757e+00,-1.801279790608279141e+00,1.015890536243954534e+00,6.932255059065270952e-01,-1.745028574305034885e+00,2.232426552593082647e+00,-1.397431435605798189e+00,-7.799355695438565661e-01
0.000000000000000000e+00,-3.837120603358731508e+00,2.552801800152390665e+00,2.343801880767022006e+00,-2.737454214166534783e+00,3.680790187721604934e+00,-2.351983074261299045e+00,-3.069346328424822357e-01,-3.573360260104482489e+00,-2.153241624367076668e+00,-5.953708738255849564e-01,-3.818404171247658407e+00,-7.837798097667456609e-01
1.000000000000000000e+00,-3.425060036143418030e-01,2.848351914804674756e+00,-2.070359679172995904e+00,-1.861404869055602207e+00,-1.561882391053020402e+00,2.053056371204944774e+00,-3.181810346117160959e-01,-2.650123071822726217e+00,3.903324070371128496e+00,-2.682147392997154434e+00,-6.294273969986121653e-01,-7.177533392094093134e-01
0.000000000000000000e+00,2.970644491297059098e+00,8.045499193461949083e-01,6.037478665044543336e-01,8.173287067635846004e-01,7.626223870101943580e-01,3.490597927739429451e+00,-4.033175407219358188e-01,1.066055889696743364e+00,-1.879882061668591842e+00,5.964725649409969854e-01,-7.709427730104112531e-01,-1.564315199832511993e+00
0.000000000000000000e+00,-1.839922973451224131e+00,4.433748836490889467e+00,1.940686276382495024e+00,-9.257009464080743211e-01,1.166073299274365649e+00,2.782133509529922666e-01,6.631544948072147783e-01,-2.995949376508410644e+00,-2.021871826804002126e+00,-1.115559882895598598e+00,-4.686186287431162611e+00,-9.297543339861886746e-01
1.000000000000000000e+00,8.192989851908998311e-01,-3.671579920294892885e-01,-2.554391473374062471e+00,8.221253358038179693e-01,-1.904937048808204247e+00,6.452691288140909975e+00,-1.601441568577917973e+00,-2.187209734206579270e+00,-2.043784062454463424e+00,-2.769120604940311647e-02,2.796188192780979964e+00,1.217501679715771168e-02
0.000000000000000000e+00,-1.779571242470468606e+00,1.805035532370431239e+00,1.585888166863175019e+00,-2.836748398452039410e+00,1.027230854975694774e+00,-1.659661848813699603e+00,4.207765435786192665e-02,-2.634218781631929573e-01,2.567810611695050760e+00,2.327164903632962023e+00,-3.596668195831201897e-01,5.685833144724881105e-01
1.000000000000000000e+00,-7.768969374405158002e-01,1.523886789041506429e+00,-1.421736612388947441e-01,-1.132109219362523067e+00,-2.326536587641382381e-01,1.509161497228417748e+00,-4.339810800588543849e-01,-2.946121085486043345e+00,2.556446330673976419e+00,-3.683287425217801614e-01,7.247873073377484321e-01,1.673596068079177268e-01
0.000000000000000000e+00,-1.605615930669845870e+00,4.959249399308206740e+00,1.770084363480731504e+00,-8.096141797918250393e-01,-2.740539166521989145e-01,4.995662931870015200e-02,1.416742778193803565e-01,-3.670092110073164715e+00,2.653050211650937129e+00,2.740710538137233865e+00,-1.333815267140296523e+00,-3.213227199221901920e-02
1.000000000000000000e+00,-9.834304743312779484e-01,8.997209286231450776e+00,9.930078994557574035e-01,1.030887249617995050e+00,-3.000218092852151131e+00,-6.920002162483762653e-01,1.578281239420020743e-01,-2.755330144893346045e+00,5.398097359182528976e+00,-3.399277769051284981e+00,-3.243850339964150287e+00,-2.985153190342559881e+00
0.000000000000000000e+00,-2.817517975722372281e-01,1.342574952967920066e+00,5.721963701230452504e-01,-3.286390300150309862e+00,3.901481601328393722e-01,6.464720760574400593e-01,-1.539273478663788497e+00,-3.513841379382949714e+00,1.189935965387473704e+00,-1.180537264244307938e-01,-1.491796586246570522e+00,1.483928084278408388e+00
1.000000000000000000e+00,-2.324440751015584450e+00,4.988648354594928058e+00,1.803058207595742424e-02,-1.466578057413903791e+00,-1.276010262696492648e+00,-1.329839986992773060e+00,-1.359062995148105468e+00,-5.567600547517281839e-01,1.523244593469779584e+00,-6.065017932417511304e-01,-1.586470843649526064e+00,-1.736079715699177628e+00
0.000000000000000000e+00,1.639919359454097503e+00,7.923497827227800050e-01,3.024355509878871473e+00,-3.788617307168805404e+00,2.057976632030641184e+00,1.149784324579398165e-01,-1.274141802093478937e+00,1.502159256099851348e+00,5.936514645305228655e-01,4.735968659489770971e+00,-1.013964445491562172e+00,1.246767324273579280e+00
1.000000000000000000e+00,1.636199426821705050e+00,5.286135587084572762e+00,-2.989449383038444985e-02,6.578833405628025766e+00,-1.099727544462810069e+00,-1.153819712548254994e+00,2.213207691450462811e+00,-6.717093894364931650e-01,-1.180006250738362183e+00,-8.721818724560006508e-01,-4.381273969493509668e+00,-4.663210878700023265e+00
0.000000000000000000e+00,-2.938246366368784113e+00,6.280862351270883437e+00,-1.952387227415239845e+00,-8.601264955713181504e-01,-1.497945877547365523e+00,1.838730581153452892e+00,-5.609494504543730553e-01,-2.671332672454378443e+00,-2.292241054285208524e+00,3.169914139736343728e+00,-3.029966664142278887e+00,-2.032812850488634471e+00
1.000000000000000000e+00,-3.456934977279669807e-01,4.656828689170875890e+00,-8.814815904868774643e-01,-6.953194282612060739e-01,-3.560269860036618716e+00,-1.017835338860385797e+00,-8.258482792108610138e-01,1.826352470299268393e-01,2.619319892382629966e+00,-2.814078775586438042e+00,-2.343891766088865403e+00,-7.973074252761841452e-01
1.000000000000000000e+00,-2.269041739664250379e+00,4.160814317656965855e+00,6.909030777434226334e-01,-2.284397704775364080e+00,-4.664178197281948490e-01,-4.885275860444338036e-01,-3.266518616800452524e+00,5.042505069390479377e-02,-7.762153371542714897e-01,1.619473341719148696e+00,-3.400418872426472783e-01,-1.473814636331568284e+00
1.000000000000000000e+00,-5.833035342417884905e-01,-3.408845715257381226e+00,-3.679562737652679605e-01,-4.801824227506156006e+00,3.581597743156533564e+00,-3.159594994774959087e-01,-1.267007505137880408e-01,3.448653970166254190e+00,3.214053737760465879e+00,8.021757755986065330e-01,2.870493908200729027e+00,-2.886371315860349895e-01
0.000000000000000000e+00,-3.760699073118101143e-01,8.345546558893538469e-01,7.006289669092276018e-01,-6.395633415045162806e+00,1.979646650472024261e+00,4.326651276207560404e-01,-3.748189406320309836e+00,-3.508883032068921271e+00,2.077504602827493052e+00,9.439223861009138350e-02,-8.602438614994935007e-01,1.316801539581458957e+00
1.000000000000000000e+00,5.279182240476389953e-01,1.786898822423687583e-01,1.329540087162094153e+00,-1.126423577788487007e+00,1.577247191919036950e+00,-2.675412565272534238e+00,-3.941986101209327131e-01,1.738279659486594353e+00,-1.340082628853083602e+00,2.048050025096369353e+00,-2.295990888197443347e+00,-1.648351129844490837e-01
0.000000000000000000e+00,-1.981952727214059351e+00,2.200187442282619976e+00,9.985552094168216319e-01,3.814164592881603977e-02,-1.865087718371318370e+00,-2.607556059683536986e+00,8.149008726172790595e-01,-3.922729925742526991e+00,1.088277543607161002e+00,-2.707883488006492811e-01,-2.429761741525002350e+00,2.498723152228769617e+00
0.000000000000000000e+00,-2.101464389717962788e+00,6.734402644499479784e+00,1.188740529305766014e+00,-4.534830499483564203e+00,-1.338365941779380730e+00,-1.714126499128530101e+00,2.822319819797491913e-02,-1.699565134331007643e+00,1.349909422251406310e-01,4.837094164203109559e-01,-7.112699307280654359e+00,9.459248479432676993e-01
0.000000000000000000e+00,-1.934929450895530589e-01,-2.119338346828320840e-01,1.651160831065719981e-01,6.112504958963892454e-01,3.010020403485904161e+00,1.524549375555151132e+00,-5.168931507208790466e-01,-1.267824003548836398e+00,-1.524038418753113078e+00,2.021229554949763418e+00,1.030441861696404171e+00,-2.234891763244380769e+00
1.000000000000000000e+00,-1.447623107648228657e+00,4.564433922414022349e-01,2.670646090170799791e+00,-1.669978332680196187e-01,2.018314671857427633e+00,-1.635857501501337907e+00,5.728405758736875297e-01,3.501024098085832925e+00,-9.387097812222291449e-01,1.239485790025192991e+00,4.905971331306540062e-01,-1.269473134101244627e+00
1.000000000000000000e+00,-1.398026770278181452e+00,-1.916631907698438608e+00,-3.919234796710412194e+00,-6.485102314571013160e+00,1.666080912337217779e+00,2.276110208589892103e+00,-1.521227023726963390e+00,-2.383268460668686473e+00,9.708599407542178872e-01,-1.414861044635621568e+00,-2.372068681244151600e-01,7.592852992411842639e-01
0.000000000000000000e+00,2.834229509909677036e-01,2.426642017142627061e+00,-1.412881526140302046e+00,-3.743458165835645612e+00,1.478837899797683653e+00,3.031591430613443272e+00,-1.929800204243641293e+00,-2.298085206864265206e+00,7.463296096245677358e-01,5.069490802813063635e-01,-1.452597017537332391e+00,-1.649405545975271892e+00
0.000000000000000000e+00,3.726722956990772273e-01,-2.469155606414301651e+00,1.877113408804899741e+00,-2.226356065969610221e+00,2.525769587086548640e+00,-1.908251992483882553e-01,-2.295455062321155371e+00,-3.000153887713469469e+00,1.839218917586489255e-01,-1.157003264199450765e+00,9.362553309162167103e-01,1.693624430577436168e+00
1.000000000000000000e+00,-1.595260945338192293e+00,3.402260799941624114e+00,-4.484013106570232665e-01,-6.272558840695036331e+00,-9.423813861616175958e-01,2.855240061037231936e+00,-5.539892953683211996e-01,-1.315416270314480052e-01,2.188243440319900257e-01,-1.430167775732139823e+00,-3.258293266779018094e+00,1.233942352148530652e+00
1.000000000000000000e+00,1.789127654212517626e+00,-3.874106170826751239e+00,-2.955394877619822669e+00,1.160835690523051467e+00,-8.532812047075200024e-01,-4.659927087970201498e+00,-4.072475108222142204e+00,1.786069609643892164e+00,-1.200095792773641756e+00,3.131138578702809205e+00,2.284432119131307282e+00,-6.683196926324064258e-02
0.000000000000000000e+00,-1.335048598720415924e+00,3.241501070493290282e+00,4.627073007402424665e+00,-4.192022469961157682e+00,3.720332153630253380e+00,2.681966876407158473e+00,-5.918625724984677428e-01,-3.008248768126044581e+00,-1.051948338973834662e+00,-9.258599340076822948e-01,-2.864289048177939279e+00,1.343994661926548595e-01
1.000000000000000000e+00,-5.574775332378714143e-01,3.057264527996896852e+00,3.744424624881794728e-01,-3.200490169144484032e+00,-6.545185392989696371e-01,4.205602272570382327e-01,-2.928215151634579350e+00,-9.391758329304811248e-02,3.897437777781245227e-01,4.550523755099931122e-01,-8.582587778480699203e-01,-3.599139889300912998e-01
1.000000000000000000e+00,1.566474621360079311e+00,2.206937370455002156e+00,-9.798962045485521966e-01,-5.346022669283154727e+00,4.763759733931201001e-01,1.105411445516526481e+00,-2.744732879621249566e+00,4.691131148792271333e-02,1.526358555643579695e+00,-1.509914091578097306e+00,-2.998939581359227446e+00,-7.118694994035028589e-01
0.000000000000000000e+00,2.039579861192282628e+00,1.020629804329332035e+00,7.835988367384558728e-01,2.007269041986784242e+00,2.894228881200596737e-01,2.711936257544026452e-01,-1.606484332057354525e+00,9.986945591214833051e-01,-1.650276454458905029e+00,2.567535364409357257e+00,1.849555562671056919e-01,-1.766091770011822604e+00
1.000000000000000000e+00,2.893146767446229894e+00,-4.454309625964630648e+00,-1.018594636311106694e+00,-1.931798583575682793e+00,2.343328486332485472e+00,-1.808037503656295453e+00,1.642498941003383894e+00,-2.130267973221056099e-01,-1.664922030158282773e+00,3.484164009301055298e+00,-3.492137226475352296e+00,2.953797393967450002e+00
1.000000000000000000e+00,-1.023509590190106566e+00,2.022011898702730015e+00,-2.325547649926010152e+00,-1.693778196554537041e-01,-8.719601682434905410e-01,1.627556509328617729e+00,1.250684786524639769e+00,-1.629089845883468168e+00,2.178257449461562967e+00,-2.018562335960546239e+00,-5.870843223118902277e-01,-1.453655989441837049e+00
0.000000000000000000e+00,-1.949291533518120900e+00,-3.560251483722063792e+00,5.334287346886801284e-02,-5.851844964680755545e+00,6.206093698453925889e+00,-1.122081490749677890e-01,-6.160590378885917318e-01,-1.718051127020356228e+00,1.470242677060107805e+00,4.640219757605139606e+00,2.026568170662017998e+00,6.271525450173649485e-01
0.000000000000000000e+00,8.699609359619939752e-01,2.537639673798333662e-01,2.949831413202197439e+00,4.377846431779923719e+00,3.846907550970842804e-01,2.744692465761268352e+00,2.297466583179251121e+00,-6.439811739052150319e-01,-4.344650383812261651e+00,-1.983862612281135362e+00,-1.098448195304644104e+00,-1.507568424011757058e-01
0.000000000000000000e+00,1.135434112456843003e+00,-1.650480554822163271e+00,1.543664108634867915e+00,-2.041748208116307861e+00,2.829260491532377131e+00,3.986686303411617338e-01,2.520502347451460068e+00,-6.144140468283085799e-01,2.114711508910170679e+00,2.315572747945089382e+00,-9.355990283713138123e-01,1.739534202635570015e+00
1.000000000000000000e+00,-1.026392123598233619e+00,2.645596543010597657e+00,-2.506359346044074954e+00,1.277224570228098210e+00,-1.498450385527297923e+00,4.580499583861762147e+00,-1.137730880289922197e-02,-2.624577276744869181e+00,3.140401991785546354e-02,-1.012472762032396556e+00,1.138669668354425291e+00,-2.121125604543298238e+00
1.000000000000000000e+00,3.699140863097763798e+00,2.743196706738654900e+00,-6.718752579364850597e-02,6.856104522847297211e+00,-6.434552746940314094e-02,4.428426808590042452e-01,2.732020924945076423e+00,-2.359114603659428600e+00,-1.866148034105111542e+00,-2.825410994540387133e-01,-4.414768154804433742e+00,-3.188473572219808538e+00
0.000000000000000000e+00,4.141042209654826056e-01,-3.946834471087993457e+00,1.537243764543723579e+00,-2.706816743343552378e+00,4.854307592679361960e+00,-9.923354215532188549e-01,1.733178416063658300e+00,2.352779552417732845e+00,-5.142457238050224255e-02,-1.661498351646938598e+00,-6.831866746228297815e-01,6.600697721004600282e-02
0.000000000000000000e+00,-2.656661661503809668e-01,-3.059231761041530273e+00,9.850797253728001968e-01,-1.335992065594995726e+00,1.857739073602933555e+00,-1.376415645425410395e+00,1.222914248236845580e+00,-8.626507404290564285e-01,2.921397158571707120e+00,2.810206059886833252e+00,2.081481154449667859e+00,2.409513116321510662e+00
0.000000000000000000e+00,-1.230283678097471078e+00,2.169291803587365397e+00,1.303756592592150820e+00,1.292619962760768404e+00,-4.083312382717465550e-01,8.557860247769781825e-01,1.306052803781672322e+00,-3.897999588339254640e+00,2.437226867873254488e-01,1.102830622037223041e+00,-7.646841064813550970e-01,8.873298741306210324e-01
0.000000000000000000e+00,-1.298931612128150226e+00,5.994629822383434892e-01,4.535380189319326849e-01,2.871354409422422371e+00,-1.579605916621292572e+00,-1.451440372941788404e+00,1.625198326608224164e+00,-6.203638877727741807e-01,-1.834563610187025962e+00,-1.879582423386023216e+00,-1.270816161841613168e+00,4.857693859560094918e-01
1.000000000000000000e+00,1.534225605179032614e+00,-2.795121105502817116e+00,-1.245308628593674527e+00,1.729380285633989267e+00,1.598317083320988319e+00,2.813305206736391284e+00,9.758439721136360490e-01,1.662224400310423622e+00,5.768934733982278296e-02,3.506908667577775418e+00,3.751868609393787857e+00,-1.282083148558262442e+00
0.000000000000000000e+00,-1.509064120491487415e+00,2.039094375562936712e+00,1.699240181199114019e+00,-4.879541548295772024e+00,2.473712257597227016e+00,3.176507629174110114e-01,-1.159555804964977455e+00,-1.095109539837372692e+00,-6.055220853828719996e-01,1.997020565705547090e+00,-2.325220812028329309e+00,4.018127008812704126e-01
1.000000000000000000e+00,-6.141919806927902403e-01,3.542265696033180422e+00,2.632188053051847110e+00,3.683968537106677044e+00,-7.863220919531133113e-02,-3.038156390036788501e+00,-6.802146194203961826e-01,2.210518520028152523e+00,-2.597723219261090843e+00,4.827352410354948109e-01,-1.350130367670326681e+00,-3.121866816278553891e+00
0.000000000000000000e+00,5.097308205072361709e-01,-3.128923663514792119e-01,6.300193575850188132e-01,-1.096780042577683689e+00,8.467350357002867423e-01,-1.440128253297066951e+00,-1.361847810954440519e+00,-8.282704611736007028e-01,3.588394930355132129e-01,3.452492890052368590e+00,5.696411110934329614e-02,8.625768306354522075e-01
1.000000000000000000e+00,-3.624622302763280679e-01,2.053351102581451593e-01,-3.471948090613624860e+00,-3.511608876318007333e+00,-8.345234292595611336e-01,3.665353970276568063e+00,1.459766420378521889e+00,-8.727097675220396589e-02,2.661570195392590765e-01,-2.732180271074468259e+00,-2.058719021368569990e+00,3.798797373655218301e-01
1.000000000000000000e+00,5.143847362040254723e+00,-7.092424716724936573e+00,-2.423455928658496905e+00,1.545690047530805078e+00,5.091656139743806486e-01,-2.620606852163645861e+00,-3.076925553548200298e+00,-1.066397846215418888e-01,-9.721924975966647064e-01,4.993300678467104348e+00,2.504330310665818349e+00,2.184544682371001745e+00
1.000000000000000000e+00,3.313294608673880148e+00,-8.534504303019806448e-01,6.737814364167649117e-01,6.701542052389881932e-02,2.024312593722645381e+00,7.872259918663397915e-01,-7.145003310873050406e-01,-1.061390231229264014e+00,1.162389794568974732e+00,-4.154441184018018429e-01,-6.298306447962289667e-01,-8.070284331173378511e-01
0.000000000000000000e+00,2.623118983236657265e+00,7.100667789027679255e-01,5.693381879779286781e-01,-8.118399014812892389e+00,3.512295701929269320e+00,4.152440969977490681e+00,-4.391840862291144454e+00,-1.220328950570495952e+00,1.795013261733164889e+00,-8.676504142130707642e-01,-1.362400506299421554e+00,-3.499118494826866099e-01
1.000000000000000000e+00,-2.029769448951107336e+00,6.803892364558573602e-01,-9.557631676240033736e-01,-2.515931939909769710e+00,-7.626502027744148648e-01,-5.403133394767973829e-01,-2.022660776081263379e+00,-3.034831795004135024e+00,2.365902819133139268e+00,-5.548194504378625158e-01,1.149535443467686324e+00,1.022982845032418098e+00
1.000000000000000000e+00,-8.756253062883623262e-02,1.764973041769044571e+00,-7.905284310503026823e-01,-5.047828870094472897e+00,-1.988552034849921935e-02,4.032059483215606477e+00,-1.998952057007714611e+00,1.043873640430781791e+00,-4.549314811229947075e+00,-3.082144901115126956e-01,-3.297906158750335770e+00,3.780005827231349702e-01
1.000000000000000000e+00,-1.259214867907792357e+00,-2.678478109454156542e+00,-2.993088356437660025e+00,-5.590719231359236652e+00,4.374306848950322291e-01,2.984942516651835298e+00,-1.691822884024879459e-01,-9.666962135034867787e-01,-1.076747849451455963e+00,-1.108832726384295642e+00,-5.068759994152864934e-01,2.579659952356554875e+00
0.000000000000000000e+00,6.955306194421841948e-01,5.888456126864547446e-01,2.070692721487005894e+00,-1.388727559815578161e+00,1.067455223587112867e+00,-7.216951928713705167e-01,2.040766364030043523e+00,2.972205336612658400e+00,3.669462434284286090e+00,6.574896087971835446e-01,-1.470630757077235895e-01,1.618432278802095503e-02
1.000000000000000000e+00,2.060781793505647830e+00,3.149352351792354288e+00,-6.797799526472791953e-01,3.625158127673388186e+00,-1.457919843361251466e+00,6.350898638895163817e-01,-5.797407704436541298e-01,-2.526329809199199250e+00,2.129019638024627348e+00,-2.322604729841295956e+00,-7.180893858561445686e-01,-2.802803053652298537e+00
0.000000000000000000e+00,-2.009735999992103839e+00,-4.943216162597153129e+00,-7.865106991310608642e-01,-3.260946311514640872e+00,3.342694045722353291e+00,-2.011168400176110982e+00,-1.078623993657208402e-01,-1.492050225645280781e+00,5.966451796365908056e-01,3.208512971981767326e+00,2.316847795734000570e+00,2.312542521200654289e+00
1.000000000000000000e+00,-2.448173798264066114e+00,5.569661260211520748e+00,5.488805263154490355e-01,7.799541334753602451e-01,-2.043193684396395593e+00,-2.574881242897174349e+00,-5.568458604191417471e-01,-9.086798295578691897e-01,5.152088720370691988e+00,1.159905132433625141e-02,6.528254535222630661e-01,-2.213535394360175879e+00
1.000000000000000000e+00,-1.364489298370574755e+00,6.384227016566407897e+00,2.146954424272898621e+00,2.767730360676020407e+00,-3.039495740597261353e+00,-9.864806141281208252e-01,-1.324916747938736705e+00,-3.097067175800357841e+00,4.322492162557542983e+00,-1.815801595809976021e-01,1.065575285615717682e+00,-1.460510899320635492e+00
0.000000000000000000e+00,6.850810036915144785e-02,3.213623511020030854e+00,1.356831752917304623e+00,6.614030008911757186e+00,2.809063441353534252e-01,-1.215460809219564453e+00,9.015844173981708565e-01,-5.834433697833401045e-01,-4.150417238989630775e+00,1.272306025938888752e+00,-1.855738042141239053e+00,-3.815292583388968151e+00
0.000000000000000000e+00,1.585426978677119347e+00,2.268653830746808708e+00,1.671120497090164303e+00,2.172131040398376012e+00,1.293003520577735044e+00,-2.309685572320754332e+00,-1.823391805957782275e+00,-3.288834879060762439e+00,1.995700771096150739e+00,2.858746134415295792e+00,-3.447789220846733116e-01,-1.756977434326293164e+00
0.000000000000000000e+00,2.201511864009426667e+00,5.051001875999488355e+00,2.325365914594915040e+00,2.495741454488690891e+00,-7.370252796075664747e-01,6.463734549570028243e-01,3.654488938690665378e-01,2.097181849959326438e-01,-1.839984622809862191e+00,1.418117505554303159e+00,-4.098696749798191874e+00,-1.890028623121311924e+00
1.000000000000000000e+00,1.184370815199753402e-01,8.202375805009930687e+00,1.698289710795659158e+00,-3.707290904284264332e+00,-9.664290552293749448e-01,2.114973743511541215e-01,-2.981178096213014328e+00,-1.573044481939554373e+00,1.201986341059713137e+00,-2.551162316267387098e+00,-5.759298761891674445e+00,-2.150852696350656679e+00
1.000000000000000000e+00,5.863951965881151196e-01,3.527920849574639917e+00,1.135481953742473182e-01,5.513029652555863080e+00,7.845742827944250930e-01,2.347431607656470298e+00,8.506439741154094847e-01,5.883185707625484540e-01,-1.810403132313378238e+00,-3.406278619689468989e-01,2.677594533961757950e-01,-5.821491539748378408e+00
1.000000000000000000e+00,3.864561420808881653e+00,-3.428286338732401628e+00,3.509229157741379224e-01,3.033752544656227013e+00,3.834550773346929287e+00,2.846483406065366317e+00,5.839783460280583149e+00,-1.696334030343614074e+00,9.473698514313766417e-02,2.709438133356948386e-01,-2.033995855888015125e+00,-4.610469271105155364e-02
0.000000000000000000e+00,-4.346065485663819228e-01,1.651359801006729411e+00,2.568186808428809531e+00,6.682715365972485166e+00,8.107789608329377673e-01,7.560454176553601524e-01,1.371506081380375885e+00,-3.297155046132099976e+00,-4.563762413632314718e+00,-3.426766597856806484e+00,-1.305165125159758688e+00,-2.385309002611811113e+00
1.000000000000000000e+00,-7.499249033403053710e-01,2.569892243559147804e+00,-1.357211400641256116e-01,-3.088067786738871168e-01,-2.813312040413896487e+00,2.212013833957112041e+00,-7.101548558267742894e-01,2.430545978160528087e+00,-2.191505808244784248e+00,1.005383743930929441e+00,1.755003904020902006e-02,6.984209552206288585e-02
1.000000000000000000e+00,4.404997863456394658e-01,4.216461619200459587e+00,4.862226640753055662e-01,8.010811832143011069e-01,-1.830208124817402915e+00,-2.725690351813809809e+00,-1.373730078414507449e+00,-1.752860669932813975e+00,4.663654349114301212e+00,-1.973093442048847290e+00,-1.196922767498766138e+00,-1.549976215160816295e+00
0.000000000000000000e+00,-1.548187860038450214e-01,5.295439094334288832e-01,-1.125371233206589050e+00,1.724429460788125812e-01,4.098755165450763682e-01,1.263713368719972863e+00,-1.489159266380962521e+00,-3.799283026736625768e+00,1.134462377413737233e+00,1.109389491290191820e+00,1.364119641489304424e+00,-6.771088245962157970e-01
1.000000000000000000e+00,2.105325852378931994e+00,-1.363615451291024128e+00,-1.646871809611362369e+00,4.992609523826919471e+00,-6.388704520469936643e-01,-2.922192151559740658e+00,3.753432510100612740e-01,-2.005570950657475926e-01,-3.014996228901586584e+00,1.251847953697469151e+00,-1.620402063688532790e+00,-1.081391282142905697e+00
0.000000000000000000e+00,-3.724436436111453474e-01,7.757944391285059638e+00,2.135108671904536237e+00,7.738583486631962494e-01,-1.490943847470376227e+00,2.393469327203740171e+00,1.977823531889746356e+00,-4.242489757076586265e+00,4.368788189333814298e-01,1.960537126788342022e+00,-5.014565409847036470e+00,-4.068166137872291088e-01
0.000000000000000000e+00,1.504570029166796719e+00,-1.458147866856641217e+00,2.772288810971396122e-01,9.433856833575803291e-01,8.888143366205589757e-01,1.091311230236045260e+00,-1.927838414135333078e+00,-1.189579076936362334e+00,-2.043436799292610573e+00,-2.044703325886853218e+00,4.932380503188289467e-01,-5.333249963141710737e-01
1.000000000000000000e+00,-4.317140553827506499e-01,5.460124044971216506e+00,-1.867399376689041768e-01,-8.360009328636095915e+00,1.133085710188594497e+00,-2.505427582255943975e+00,-6.286162658108795931e+00,-1.134268395698198928e+00,2.175390082802352243e+00,-1.761026878494782233e+00,-4.869087908640447715e+00,-1.963831930583614049e+00
1.000000000000000000e+00,2.629600789737300381e+00,1.879491986391604863e+00,1.479635442794178912e+00,2.371572566094750201e+00,2.359174833008812033e+00,2.251223572710757459e+00,7.278763506977148356e-01,-1.478899732134966172e-01,1.194399834644469305e+00,-1.620581652942558737e-01,-2.729562685776598663e-01,-3.623429353351189874e+00
0.000000000000000000e+00,2.562415704837909924e+00,4.569560730184029751e+00,1.489434070965553136e+00,1.878648740258811678e+00,-1.695096411378567147e-01,1.778022014702637765e+00,-7.808944233711498928e-01,-1.903836641527100193e+00,-1.198632914864028898e+00,-1.477479226552163016e+00,-3.853828184037109583e+00,-2.445253929735762277e+00
0.000000000000000000e+00,-1.114952668576554284e+00,-9.477601966001109046e-02,6.197979439403793478e-01,1.433433407503300394e+00,-4.455285796456389669e-01,-1.486342343879162975e+00,1.444487924041642835e+00,-8.903850956197234545e-01,-8.194568342840291564e-01,-1.586195388767726033e+00,-1.096676818669171105e+00,7.571127318210688628e-01
0.000000000000000000e+00,-1.946661970046082324e+00,-6.054503270768440970e-01,2.267316227470538514e+00,-2.121973835118780016e+00,3.815932787833753448e+00,-2.291640380443030089e+00,1.133235066979266126e+00,-4.116120023292419106e+00,-1.042393303837424234e+00,3.417716051816747092e-01,-3.101837105032105413e+00,1.529583188115265280e+00
1.000000000000000000e+00,1.110138733172383096e+00,-2.159198111352992111e+00,1.571190020320233582e+00,-2.524949653162983143e+00,2.023423336524187377e+00,-2.369668529931175271e+00,5.448258732807940152e-01,2.314940211071601972e+00,2.961013376068164504e-01,3.755001739967964713e+00,-9.609690326145960970e-01,1.986032601946251308e+00
1.000000000000000000e+00,2.177623320138728502e+00,5.880250855349558048e-01,-7.316543377854678454e-01,2.143498670589331745e+00,8.674596191906662757e-01,-2.315694900944404555e+00,1.761102055559647717e+00,-3.390523355966872376e-01,4.373061182773816391e-01,-5.058978065666934754e-01,-3.642141276738981581e+00,-1.732875963197584079e+00
0.000000000000000000e+00,-7.363728965612416077e-01,-1.253189590359962358e+00,-2.933822071287592870e-01,-5.330568617697597489e-01,1.172960714417411010e+00,-2.508851648217065300e-01,1.437311301907595595e+00,3.364189077557597773e-01,4.030997094060235764e-01,1.795849072763180621e+00,5.369060213695182604e-01,3.988720301111281508e-01
1.000000000000000000e+00,-1.621670861880677883e+00,4.483889957794716885e+00,3.473126335115746421e+00,-2.542601507063560806e+00,-5.514626544565992550e-01,-7.618229002606535794e-01,-3.675646818239619140e+00,-1.006254028440578319e+00,1.983682668646857827e-02,2.280155370951956417e+00,-2.993046478122778353e-01,4.526631947276589241e-01
1.000000000000000000e+00,2.851720656250047004e+00,2.245221419746181279e+00,1.265138025442236858e+00,8.423972634518266389e+00,1.812900215696978901e+00,2.705869075205801000e+00,1.560879584525109998e+00,1.676732572256536269e-01,-1.272070801239528759e+00,1.148698443026371807e+00,1.553485283216728519e+00,-6.214007505492520345e+00
1.000000000000000000e+00,-9.242799581322391766e-01,4.326658666920326191e+00,3.026422234256413990e+00,2.952457630401049915e+00,8.801616691050908603e-01,-8.092200056491831717e-01,7.149749241958722745e-01,2.159787570678715518e+00,-1.006981950795980074e+00,-7.728556350121409402e-01,-1.059696323935876761e+00,-3.947346408034751786e+00
0.000000000000000000e+00,-1.420566091369640960e+00,-3.923108090257785729e+00,3.088511800508482619e+00,-1.000610043885309164e+00,3.611290434867922894e+00,-4.161825871775715058e+00,7.456004798944843026e-01,-6.370415175170205391e-01,1.825352570298488519e+00,-1.231729703510111129e+00,1.468380843048479267e+00,1.798022175590337834e+00
1.000000000000000000e+00,7.157256732083141504e-01,4.394907815058143541e+00,8.074602933081607148e-01,-4.194789718976684179e-01,9.917229334570343280e-01,3.155400769528197813e+00,4.813401848240108638e-01,-2.842684965148296605e+00,6.509486432921747223e-01,-1.508932748377872723e+00,-3.085436170015102508e+00,-2.227410753614674110e+00
1.000000000000000000e+00,4.457365594820422494e+00,5.363286732825490732e-01,-1.952989797343456679e+00,2.472212814916628254e+00,5.973996000738739376e-01,4.655374269781442642e-01,-1.583924003892222210e+00,-5.986393321774621246e-01,1.839113903007268735e+00,2.385845903278488223e+00,1.738234269467220372e-01,-3.231898812358249717e+00
0.000000000000000000e+00,-6.481030539827824510e-01,-9.142667158707491470e-01,-9.852823647122210815e-01,-1.516544422428595995e+00,-1.997985340684306887e+00,-2.568028314082230423e+00,6.023859410128972192e-01,-4.108118900247600402e-01,3.580945326561727704e+00,3.311956743420109373e+00,9.080774467105756642e-01,3.247004921981104353e+00
1.000000000000000000e+00,2.936280415488154993e+00,4.907823095560280846e-01,6.154910814191385526e-01,3.152479408145028028e+00,7.518620231099772955e-01,-3.723921983642493494e+00,-1.001160252872240086e+00,1.280095600281461632e+00,-1.081241966789857623e-01,2.995631991637885072e+00,-1.164133459587200159e+00,-2.167461489588924373e+00
0.000000000000000000e+00,-1.963449430431968068e+00,2.980464300093213836e+00,-6.211937053939311504e-01,-5.913202447448879795e+00,9.801160411707688924e-01,-1.697320670181767355e+00,3.010935213508114661e-02,-2.112621520193926461e+00,-2.530528270916421185e+00,8.773265605990951954e-01,-7.572390373192623869e+00,1.467429217593518631e+00
0.000000000000000000e+00,-8.914091089495168596e-02,1.151905446746681605e+00,-3.367301381113798620e-01,5.873515581320510215e+00,-6.595208566570740505e-01,7.975138426343826303e-01,-4.646004549111226734e-02,-5.855796685375507238e+00,-6.538015896658098125e-01,-2.215388840201152565e+00,8.624634827038888396e-01,-1.791009116659741940e+00
1.000000000000000000e+00,-3.342386000684371972e-01,5.453774860939772928e+00,7.733031876747582523e-01,-1.089993221131010381e+00,-1.906239932223470213e+00,-6.420022102400666508e-01,-2.204797474233649801e+00,-1.890349106967723625e+00,4.560620756602629555e+00,-1.023025534709157469e+00,-6.336009506541416814e-01,-1.373770643387304924e+00
1.000000000000000000e+00,1.094382461646673521e+00,-9.222592525771227123e-01,7.768639989391576961e-01,7.293843565552992736e+00,-1.599074130679439598e+00,-4.307747343062028555e+00,3.608242850788581979e+00,-8.238081645615409343e-01,-6.038826864537822026e+00,-4.852052232035131141e-02,-4.908037534319038997e+00,1.210755672897044555e+00
1.000000000000000000e+00,3.396075830252417660e+00,-5.903905793601563090e+00,-3.456671016189453383e+00,2.535759219947724130e+00,8.920917855140552133e-01,-1.096821012450646116e+00,-1.221913778499802206e+00,4.313794362057583598e-01,-1.928522367865229903e+00,3.952863599526231120e+00,2.363635698767240001e+00,9.039474537825609168e-02
1.000000000000000000e+00,-7.050408011161815036e-01,2.359887337413997699e+00,4.201215784190743818e+00,2.082365824016906952e+00,2.569089062370741861e+00,1.341153030126007728e+00,2.597578877238015949e+00,2.728465619066607672e+00,-1.937779172189004528e+00,2.011734403405673000e+00,-2.774601841829280602e-01,-2.299405526311921300e+00
1.000000000000000000e+00,-2.162819351192275086e+00,1.049507440912439638e+00,-3.212571180567501017e+00,-1.740254365511159085e+00,-7.294624924147354861e-01,1.918673500235218210e+00,-4.894808496583598068e-01,-1.822105643076203263e+00,4.955238248337008322e-01,-1.257972510018420031e+00,3.996113712683200259e-01,-9.572399261424221484e-01
0.000000000000000000e+00,2.180135946038831207e+00,-2.734054645077762302e+00,-3.236542796064809657e-01,1.834197004904634110e+00,-7.467513418372662137e-02,1.918460612646301078e+00,-6.416818222369209401e-01,-1.142815251107565100e-02,-1.828491857367731788e+00,-7.969494311817015841e-02,1.709782397765879480e+00,5.574129561502982888e-01
0.000000000000000000e+00,-1.289993321820034122e+00,2.932455336576866856e+00,6.117364990354356991e-01,-9.554613322403609388e+00,3.825071093023205471e+00,7.153141845877912797e-01,-3.908509665071664863e+00,-1.293988734391632311e-01,2.580316514250875493e+00,6.854655757633909552e+00,-6.784483999437409540e-01,-4.052275121668369451e-01
0.000000000000000000e+00,1.447408031195384748e+00,3.149991704408317883e+00,-8.198133821211919248e-01,-8.795283531758553153e+00,2.648545985184866502e+00,1.626230088669655682e+00,-4.275164469413536672e+00,-9.850527489143989790e-02,2.682628378117529078e+00,4.130991526348721798e+00,-2.474392305181630114e+00,-1.100059870643679938e+00
0.000000000000000000e+00,-4.587399374098684035e-01,5.563589192504917597e-02,9.292966264809020549e-01,1.202374999771328001e+00,8.680400885763156493e-01,8.234675286925805526e-01,1.829139323608163004e+00,-4.804962441937152828e-01,1.084016849383838688e+00,2.388338528883185763e+00,1.367499566300017122e+00,-4.692270272769616390e-02
0.000000000000000000e+00,2.660647624730919425e+00,3.134674398272456752e+00,2.510837598891782818e+00,5.633170516574443898e-01,6.932639635479886930e-02,1.568525519678610758e+00,8.034371918754721342e-01,2.715227448718199099e+00,-2.668335449506341384e+00,2.584082250518326518e+00,-3.674988664749192502e+00,-7.807835955250033155e-01
1.000000000000000000e+00,-1.582953157719511950e+00,2.168322144920429739e+00,-1.846546654561735501e+00,1.842808810989927659e+00,-1.599396273456100914e+00,2.027229993363258043e+00,-3.758136116104617841e-01,-1.138790608646766067e+00,-2.291327360739128238e+00,-5.421240567477673133e-01,2.256899199644664122e-01,-1.805611293043884125e+00
1.000000000000000000e+00,9.188275670291305985e-01,-2.146077729293568659e+00,-3.030087932934184547e+00,2.812351154379896467e+00,-2.053733328059567764e+00,3.928483386551956169e+00,5.486107898253491655e-01,-1.313329275215951997e+00,-4.892168263433203101e-01,-5.579259976527088938e-01,3.166412632747984901e+00,2.651198008107320536e-01
0.000000000000000000e+00,-7.406083663837754738e-01,-1.426108871278019441e+00,2.693039898093203544e-01,-2.240607312336614143e+00,1.656622892847847694e+00,-1.295874667869529873e+00,1.249412062311386240e+00,-3.269757717655267459e+00,-7.011998002467645374e-01,1.529352094285927555e+00,-2.690979065937687764e+00,2.807862999858992570e+00
1.000000000000000000e+00,-3.657996973201900204e-01,7.638280398989014230e+00,6.946282909097374336e-01,-1.197503787082632609e+00,-2.207195540130302724e+00,-2.308908435512821544e+00,-3.003464012941145622e+00,-9.686955145477623708e-01,1.405811432445663867e+00,-2.881024223345720614e+00,-4.734621193213763846e+00,-2.775463157737899422e+00
1.000000000000000000e+00,2.253250110397289063e+00,-1.125569351701712240e+00,8.560785612782511045e-01,5.921335387115173043e-01,1.507984575284567974e+00,-1.013033315447235294e+00,1.714476202565496710e+00,-6.696490143218052360e-01,-2.325683346673932395e+00,1.335237339509848686e+00,-3.925169501418346307e+00,1.131910957645820837e+00
0.000000000000000000e+00,-1.409751076519508928e+00,2.233549727118665729e+00,-2.808944800011183851e-01,4.828561788164361879e+00,-3.495567556709726631e-01,-9.989649041888450931e-01,-4.552790099149593983e-01,-5.430403998008355160e+00,-1.671532541360088775e+00,-2.254794189712848951e+00,-7.739334254790802836e-01,-2.252952961328505754e+00
0.000000000000000000e+00,-1.843106190270485722e+00,-1.516362359555636807e+00,1.214577368852531647e+00,-4.721629982096579581e-01,8.360141313867703872e-01,-3.056187418160854374e+00,2.676911228465302939e-01,-3.014818014207345076e+00,1.266018633477455246e+00,3.962533438153352794e-01,4.360569355415921944e-01,2.348422097264609043e+00
1.000000000000000000e+00,-1.005627624358197192e+00,3.858862271969860203e+00,3.615685106273905269e+00,2.539907731137380775e+00,1.872973271177857946e-01,-2.711931907769981720e+00,-1.264912433179468110e+00,3.090905031943011139e+00,-1.190415856513181492e+00,4.912259112728774024e-01,6.129656319592502456e-03,-3.134443170690485836e+00
0.000000000000000000e+00,-5.564081875600104254e-01,1.031679671977719703e+00,1.385528622062723647e+00,2.416313260170991573e+00,1.467614254974604737e+00,2.388259895568015878e+00,-5.474998648975496485e-01,-2.821935153730096957e+00,-3.499442075883551606e+00,-2.999377538293804157e+00,-3.585025521960661932e-01,-1.964498834708186203e+00
0.000000000000000000e+00,5.304367961022884437e+00,2.845164529537373532e+00,3.811216711975108362e-01,-3.344462770619510694e-01,-4.851402111692935115e-01,1.229511993631265954e+00,-2.152933335616473709e+00,3.692062987962157372e+00,-1.356780378508405160e+00,2.808032953699429513e+00,-3.315939861370948094e+00,-2.076234616460115312e+00
0.000000000000000000e+00,-2.489458360847940366e+00,-1.492414253890235853e+00,-1.606294079174949374e+00,-3.006366010903556596e+00,1.115997274250117188e+00,-1.436103778150704668e+00,-5.894524701961363355e-01,8.366100266754057380e-01,2.063003126287204836e+00,5.240367160300423599e+00,3.102042264277714345e+00,5.817830264581120847e-01
1.000000000000000000e+00,7.793837444701509076e-01,1.799992271600252325e+00,1.681238602558148498e+00,-1.437177940133281151e+00,1.199616127211555305e+00,-2.825874953046428217e+00,9.681957953336917111e-01,1.031027334668422446e+00,-3.527356733206347128e-01,1.341276821590201784e+00,-4.650880558511419238e+00,1.064830818426318881e-01
1.000000000000000000e+00,-1.239650085809187896e+00,2.970682143633129879e+00,2.672450585258755673e+00,2.239916665523403072e+00,4.082210813109414804e-01,8.414800202923815586e-01,2.208403809054475531e+00,2.562193706991739539e+00,1.324718129379231168e+00,-4.586855742474233999e-01,1.162353335645114338e+00,-2.532295118324983996e+00
0.000000000000000000e+00,1.847931890320655857e+00,5.440900161868065688e+00,4.269979890127788558e+00,3.452014798877994117e+00,-6.927272181692913922e-01,6.187983798420302328e-01,1.536148767040380392e+00,2.506797792740081743e+00,-3.155597064744023683e+00,4.358723168467752984e+00,-3.610112080237081855e+00,-1.463405372857168318e+00
1.000000000000000000e+00,-1.251596139669843843e+00,9.368682545308615328e-02,2.959768948264541955e+00,4.854721076431459115e-01,1.504498835266985246e+00,-2.865975644282562129e+00,1.689004457564372341e+00,3.006951392082438890e+00,-2.193402026451725995e+00,1.424303557980283186e+00,-1.457678007267856790e+00,1.172543550990674532e-01
1.000000000000000000e+00,-1.977772526973598843e+00,-2.056066760341659638e-01,-3.065519311342480790e+00,3.012770929737533798e+00,-2.029688196587293270e+00,2.558793482023692611e+00,3.076845268204232653e+00,-1.807606039569786383e+00,-1.807028233659231375e-01,-1.659071552121794468e+00,1.352936157556295704e+00,-3.435356822107472619e-01
0.000000000000000000e+00,-9.316585702837897331e-01,4.877087682480101272e-01,3.316213872168882748e+00,-1.726573801284950971e+00,1.807718905846726232e+00,-3.366300532085238384e+00,1.621375960540872185e+00,-2.396705031938719088e+00,4.110661931345186426e-01,-1.684274296787918068e+00,-4.203731529228934782e+00,2.299907379660986351e+00
1.000000000000000000e+00,1.665928851189650173e+00,-2.711129194879085880e+00,3.583576213962001988e-01,3.572007985720014323e-01,2.944548021269866034e+00,8.551268137903142996e-01,1.367419553448767422e+00,6.285655220937536036e-02,-1.167667453811163547e+00,4.091865330221149399e-01,-4.097549342618655999e-01,-2.502814565849659223e-01
1.000000000000000000e+00,-2.202772218674259541e+00,2.099271127037750428e+00,8.261990131296093054e-02,-1.130139497838165141e+01,3.237514626755373826e+00,4.065729568027538487e-01,-2.412256961761796603e+00,-3.818740721297296581e+00,4.460256536338707889e+00,-1.390509424093557600e+00,-3.450445781992454997e+00,1.707613295423772382e+00
0.000000000000000000e+00,-2.219191907726979274e+00,-3.018939895143203600e+00,-6.309969618695951965e-01,1.112363134221482586e+00,-2.605769957359092004e-01,-3.187948754117633676e+00,-2.055628415452839697e+00,-4.785991975252125386e+00,-2.234064204254164743e-01,-6.042646640987108242e-01,2.548158795015042166e+00,2.175500242298958664e+00
1.000000000000000000e+00,2.398595406066086344e-01,-9.654502752279327249e-02,-2.467230890560195178e+00,-2.020067587991197122e+00,-5.032554828427513449e-01,4.477303320368791084e+00,-7.882436758517331610e-01,-4.418278308372261876e+00,2.675046400620721965e+00,-1.812270935297413121e+00,1.440333690311453640e+00,5.992889192614969662e-01
1.000000000000000000e+00,1.778093418738242448e+00,-9.947675250982054851e-02,-1.309166436149506563e+00,3.702337212280597534e+00,-1.853017657312350686e+00,-1.308844868708595399e+00,-2.754996963881197747e-01,3.266950810813730177e-01,-8.224689573084957850e-01,1.888390336703058114e+00,1.706739360521953852e-01,-6.335952587764801525e-01
0.000000000000000000e+00,-7.776282813104394842e-01,4.033083621852529888e+00,1.473881267063954947e+00,2.789022265104317277e+00,-1.324344991119584147e+00,2.095991025205637737e+00,2.125119515054200825e+00,-2.542932145336695537e+00,1.695088665009978346e+00,2.366177871596761406e+00,2.589448663642643922e-01,-4.559438258458021753e-01
1.000000000000000000e+00,1.638906996622910839e+00,5.465654108715377824e+00,4.854136395905238599e-01,6.110246918234751412e+00,-9.699290570550878066e-02,1.265217179273985693e+00,5.239351644276946107e-01,-1.511857025289331524e-01,3.105366861458058736e-01,-1.558406574229158181e+00,-9.997570496542234064e-01,-6.437904991706749236e+00
0.000000000000000000e+00,3.783441539879630611e-01,-8.998304738349225396e-01,1.439277680664729608e+00,2.851226007742940549e+00,-2.229989313973914644e-01,4.243460460973971227e-01,3.205213235564035923e+00,-2.799441857949125367e+00,-6.291932208347987832e-01,-2.047075063071654988e-01,-1.111248016309170028e+00,2.190270324022278281e+00
0.000000000000000000e+00,1.008186909431195044e+00,-2.110137392606406870e+00,3.207418357375224627e+00,-9.130498286126025320e+00,4.322365653079812020e+00,2.580460372645331901e+00,-3.395533243793299683e+00,-2.560589230554504603e+00,2.984007076074248754e+00,-1.616216669016139473e-01,5.549400845300394014e-01,3.518715801982498448e+00
0.000000000000000000e+00,6.152677269031345819e-01,9.647432453989542855e-01,-1.886391707285460129e+00,5.519586570131291836e+00,-1.510837063760099852e+00,-1.559830718579843012e+00,-6.407019012447601192e-01,2.911987475395783065e-03,-2.815100232556595028e+00,2.550230025736134554e+00,3.227700105308197731e-01,-2.693295906205588341e+00
1.000000000000000000e+00,-9.472191047187473734e-01,2.430303133821929418e+00,-8.361100775786830530e-01,-2.681904614352442540e+00,-9.462048912400848888e-01,-9.267415519220401077e-01,-1.113857936213689559e+00,3.547065612853572691e-01,2.340021453868905255e+00,-6.850621945460200202e-01,-1.011040804911280677e+00,-5.337863909982678567e-01
0.000000000000000000e+00,-6.029714782676540707e-01,1.529983250678369489e+00,3.160977171317276291e+00,6.902094176580676255e+00,1.577115386505206773e-01,-3.577590289043524052e-01,2.136720599757928607e+00,-1.723587173346170509e+00,-3.137853304771450969e+00,2.109990778192883276e+00,4.233234082551364796e-01,-1.090354779812402697e+00
1.000000000000000000e+00,-3.921117850153200024e+00,-1.918871499012925641e+00,1.887806340111203518e+00,-2.631016171262015479e+00,3.262786514567247442e-01,-1.890640548911196372e+00,1.808397529794935954e+00,5.377501689253380235e+00,-8.665438421554444437e-01,2.774656184791926883e+00,2.325202545681465782e+00,2.434401980190573411e+00
1.000000000000000000e+00,1.067639047103259076e+00,5.073170888841260329e+00,1.279682468589822264e+00,9.396265665780337173e+00,-1.623195388625004565e+00,-2.967837876958806298e+00,2.930850314027246828e+00,-5.309127797763484313e-01,-4.897063024908579365e+00,-2.234474571973792401e-01,-5.569601614269251932e+00,-4.009299729985084326e+00
1.000000000000000000e+00,1.851540231654131397e+00,-1.484804096804796858e+00,-3.111674590945918695e-01,-1.200785826064769413e-01,1.923841739098937520e+00,1.149801358974447574e+00,2.003770053205371049e+00,5.475103661187730175e-01,1.466768787387402906e+00,1.233281998418039871e+00,-1.468977254891845607e-01,-3.681293876757538719e-01
1.000000000000000000e+00,-2.879418414699145279e-01,5.666314267995265830e+00,-8.075230036561060754e-01,-3.647736016705927398e+00,-1.426432867656878045e+00,1.073174802473766620e+00,-1.334120220006800972e+00,-2.665130361949333171e+00,3.769411167925274420e+00,-3.656016164740027108e+00,-3.684679685325251697e+00,-1.243290424205488298e+00
0.000000000000000000e+00,-9.572859667958242280e-01,4.270490574321575750e+00,3.814745016665325839e+00,2.096531699910502561e-02,3.645826926274933211e-01,-7.132600800572289623e-01,1.301600298516008891e+00,-2.679507145714765226e+00,2.641614151479901196e+00,1.846917173619833097e-02,-2.098326468129268374e+00,2.848262369304045416e-01
0.000000000000000000e+00,-1.352361029355072963e+00,-2.063488002039583158e+00,-1.650858017704591063e+00,-2.681720840403957418e+00,-1.179388859954280555e+00,-2.802108602872779741e+00,2.181290611170615401e-01,6.182063206578722880e-01,1.063446228664937321e+00,1.422619865861646016e+00,-1.095009716626120788e-01,2.973972414778195628e+00
0.000000000000000000e+00,-3.109778517031402068e+00,3.308064811003194272e+00,3.233732891735051407e+00,5.154112409067089118e+00,8.792776019350685424e-01,-5.213002007301703600e-02,2.511719881715873903e+00,-2.874918037429366358e+00,-4.415769714384750522e+00,3.007757254360955423e-01,-1.541221416374822795e+00,-1.620935480688742381e+00
0.000000000000000000e+00,4.520719657295104721e-01,-6.351288634462952665e-01,2.655631164467096905e+00,7.560799950157215399e+00,6.755391443746469049e-01,-1.569501865233837279e+00,3.211121592635843847e-01,-2.772785339674702421e+00,-3.067181174283557965e+00,-9.183093191565772084e-01,1.221515527758275432e+00,-1.389526868488542455e+00
1.000000000000000000e+00,9.923838297742684222e-01,2.697221982161152276e+00,3.046721134809355913e+00,4.440669269647069761e+00,9.769427186722379197e-01,-8.885172283614946043e-01,-2.084346260480375523e+00,1.983661859338162969e+00,-9.451774680956215313e-01,5.866310957073362919e-01,1.859089533010903850e+00,-4.413737301992119555e+00
0.000000000000000000e+00,-1.415504717390510647e+00,3.455382029677933620e+00,-3.163323194420541995e-02,-1.205854990279377814e+00,-1.842036614195240229e+00,-5.313063998444451652e-01,3.125286059268120864e-01,-2.396244260023288053e-01,2.823904825510149319e+00,3.018431327217002469e+00,-2.423142426232888225e-01,4.051885412549491861e-01
0.000000000000000000e+00,2.945602663697250989e-01,-4.811069329270315720e+00,3.323614458684482909e+00,-2.976022180813387319e+00,4.437106527372710829e+00,-3.222032182484507068e+00,1.808466922200997029e+00,-8.234695070055773058e-01,3.205383573063962821e+00,1.113011733917270707e-01,2.741658795646315649e-01,3.381785362113811644e+00
0.000000000000000000e+00,-1.541064364114137719e+00,-1.253318938457967047e+00,-2.257997951190653385e-01,1.965381610476556740e-01,2.921103554159706572e+00,1.748991581236047477e+00,1.068983907581285253e+00,-2.219121912747995751e+00,-1.988917191845322563e+00,1.920877633768638848e+00,8.372982167864135850e-01,-6.846716801384067352e-01
0.000000000000000000e+00,-3.256563781671377278e+00,-1.547476547812653092e+00,-1.503684645439272050e+00,-3.880899027931685730e+00,1.166971559371137390e+00,-3.089223720945949658e+00,-1.436608843248776246e+00,1.140045163049226318e+00,1.621830034804385257e+00,3.272539077231592319e+00,2.312186105005229031e+00,5.547005393569494069e-01
0.000000000000000000e+00,-3.154207735715334859e+00,5.189138383946836797e+00,1.403971976312438752e+00,-3.434058768243994475e+00,-4.662724325439826512e-01,-2.564874771257770192e+00,-8.802156872914661534e-01,-3.588611224591611304e-01,1.644688539194045340e+00,1.692146132097148481e+00,-2.593304605378651928e+00,-2.415680022693929008e-01
0.000000000000000000e+00,5.758501622991334390e-01,2.180250009114347964e+00,-1.023708785467319249e+00,3.396245941620078757e+00,-1.358422656805500672e+00,-2.916592420271175712e-01,-6.541219393291392015e-01,-2.467535334853667273e+00,4.241576148324539552e-01,3.220583423007295831e+00,5.120758070725730526e-01,-1.426338464513925874e+00
0.000000000000000000e+00,2.297239179815549814e+00,1.939463719521203000e+00,2.696951445371642109e+00,1.777292810364171638e+00,7.612628217216396154e-01,1.381349870861524387e+00,4.458147337426068280e-01,-1.087988309889220684e+00,-4.423868481750110604e-01,1.371928571528620244e+00,-1.522090328923493274e+00,-4.538518151059046657e-01
1.000000000000000000e+00,-1.124336710034496534e+00,1.950797575977387899e+00,1.738470062825314688e-01,-2.278482332795000787e+00,-1.050333567725732831e+00,2.472825761384672028e+00,-3.413911244930680766e-01,1.778809443321887507e+00,-1.848569587064674113e+00,1.298743693568764623e+00,-5.290327794769559278e-01,4.483882196498694128e-01
1.000000000000000000e+00,8.335496649727700547e-01,-6.219217251267736835e-01,-6.723205656789443818e-01,-1.041037858131425020e+00,-5.669572824820234835e-02,-2.791026647992784326e+00,-3.838148296828407524e+00,2.231846427961959201e+00,1.626580324575900960e+00,1.105072094510550329e+00,2.227183345041656715e+00,-1.261809654757112487e+00
0.000000000000000000e+00,6.640959396444362284e+00,6.741494805656935707e-01,2.164372625357029900e+00,-6.080522204217927218e+00,2.739291253151001637e+00,3.510667842506594472e+00,-3.019128950252246035e+00,4.848110978379946978e+00,6.926618394196744077e-01,3.700905633331934563e+00,-2.438897397183997562e+00,-3.719296334953229310e-01
0.000000000000000000e+00,2.178061829102087010e+00,1.241692206982188962e+00,4.762824582208554647e-01,3.127650425448988081e+00,3.875358963498336529e-01,1.364730153679690972e+00,-8.475981365350048202e-01,-2.302549792346027413e+00,-1.091405236752786667e+00,-1.650023731928175863e+00,-8.426187495988156639e-01,-2.090117835055007589e+00
1.000000000000000000e+00,2.994986750711324808e-01,-1.710217771729208858e+00,1.191274449840158622e+00,1.844268295017144954e+00,2.036870913307154307e+00,-1.313006646304515357e-03,3.704041902132296560e+00,3.509244909721886962e-01,-3.209302185098954485e+00,4.047603594019277828e-01,-2.425740111527574960e+00,5.328346580715452863e-01
0.000000000000000000e+00,-2.353065220531816770e+00,3.691895342370525412e+00,3.315654592406274581e+00,-5.992662652774176202e+00,3.304147280733584324e+00,-2.495529126017490107e+00,-9.927039172820317781e-01,-6.843355935117076960e-01,1.782121120001954884e+00,8.516588180339601521e-02,-3.769903740104135093e+00,-3.226166162592485342e-01
1.000000000000000000e+00,1.098940135285030095e+00,-1.075381806064522883e-01,1.849276119220838677e+00,-2.527457939780566876e-01,3.405421932499710369e+00,-1.120963113135845513e-01,8.520454148051845866e-01,1.348759170799858076e+00,-2.072016831324520414e+00,2.309424744780774752e+00,-1.913643403242964558e+00,-1.309253444963915269e+00
0.000000000000000000e+00,-1.834216118541470486e+00,5.443235321944239757e+00,2.645761378879845527e+00,2.878528853565425649e+00,-2.527533222707678551e+00,-9.440872373678809160e-01,1.520571462238881733e+00,-1.578157974108415296e+00,3.790855446463522460e-01,-1.681686650902796565e+00,-2.293604923933283413e+00,-4.342355209851489484e-01
0.000000000000000000e+00,-1.149759265121781393e-01,1.474760356395965255e+00,3.776952441086498080e+00,2.292368310830157352e+00,5.858203283216707469e-01,1.013198243709489965e-02,2.252649612980248239e+00,-1.851468200872570469e+00,4.346827355386897906e+00,-2.264118943080226654e-01,1.641156985227817167e+00,2.982900803500444509e-01
0.000000000000000000e+00,-1.490806549104632950e+00,1.681166432413265133e+00,4.124351689798888554e-01,-1.211435641557714993e+00,1.302348985559684369e+00,5.950227931943219417e-01,-1.049735009303021327e+00,-3.679728149236656254e+00,-1.111586259454694581e+00,-1.304584064486574935e+00,-1.621093686709141668e+00,-5.630449662839086544e-01
1.000000000000000000e+00,-3.326639125200334668e-01,4.802115243940401790e+00,-2.693068881944224557e+00,-1.163406942103882624e+00,-1.878175419444936711e+00,8.442980383620679596e-03,1.785307003938874093e+00,5.436089958391410182e-01,1.940985103839206305e+00,-4.719003440996285548e+00,-5.227757775089686199e+00,-2.667726547343298282e+00
1.000000000000000000e+00,-3.093029625361398693e-02,5.654459272340177645e-01,5.410421799246092345e-01,-2.085582225313681093e+00,1.424692413649240486e+00,1.553549084569584515e+00,1.351503006073998092e+00,9.082723928760875198e-01,6.431885717274570258e-01,1.693993717253419184e-01,-1.044053360176818490e+00,-2.176537233410281713e-01
1.000000000000000000e+00,-1.989620235920897429e+00,-4.356475640147094291e-02,-3.759078401129031466e+00,-9.651763705610497013e+00,7.411531754439117936e-01,5.967414708372236198e+00,-1.763981274597034909e+00,-7.658803850284290338e-01,-2.137270132613545925e+00,-1.326451557124951774e+00,-2.181594317875431344e+00,1.647152517651552461e+00
0.000000000000000000e+00,3.451463381264059382e-01,-2.464605668075111389e+00,2.242584992651459608e+00,1.883812928886918536e+00,1.283996556836213720e+00,-4.916849357016975786e-01,3.014879040020578493e+00,-2.915872333291981811e+00,9.704048417296321505e-01,5.497040317900296902e-01,2.666665905707692463e-01,2.751448621646456871e+00
0.000000000000000000e+00,-1.639191467712964645e+00,1.001094019531791668e+00,2.087730199341349735e+00,-7.630692961691633025e-01,1.297745305613022149e+00,9.916726271469349374e-01,-7.177068070022774027e-01,-3.879250801159571882e+00,-1.901346350918888373e+00,-3.028635399816427487e+00,-1.367744747977456266e+00,5.468450427100333133e-01
1.000000000000000000e+00,-2.486350414920798890e+00,6.039964742705564049e+00,2.066382356690506850e+00,-5.632621502395899427e+00,1.406414613950184300e-01,-4.152623858920165834e-01,-2.552467510418917840e+00,-2.900359480274189217e+00,5.120700144108479179e+00,1.312621195585681466e-01,-1.321146857776040573e+00,-1.747499610490462763e-01
0.000000000000000000e+00,-6.522602883492281123e-01,1.846617294551060051e-01,1.094032127101205010e+00,2.267416411504343809e+00,6.453597993525563847e-01,-1.556533759960085916e-01,1.340728940055304630e-01,-1.765960604751825924e+00,-2.051558639985035626e+00,9.687160452999717952e-01,1.876786484738295346e-01,-2.968235541536439204e-01
0.000000000000000000e+00,-1.115305344630651785e+00,1.775065661619780188e+00,4.920299679289029671e-01,-1.173208018921452211e+00,4.399166229963380470e-01,2.780800100285378829e-01,1.280899853160231361e+00,-4.105929811733524559e+00,-2.009316716632163491e+00,2.065126031788732108e-01,-4.350435015344842782e+00,1.575306106879859946e+00
1.000000000000000000e+00,1.025755820667864082e+00,3.982136856339190345e+00,6.986432787232019770e-01,-2.178212288137105102e+00,-3.339656508266239943e-01,3.010075997108472734e+00,-7.198719883994664226e-01,-2.444686787331255662e+00,2.370150391745454499e+00,-1.544256683696603405e+00,-2.113114383587877843e+00,-5.996769380733690813e-01
1.000000000000000000e+00,-2.333127470011164828e-01,2.421047361506258433e+00,2.218686604114231464e+00,2.627293493708223515e+00,3.147351321976596505e+00,-8.843127700206674380e-01,3.852862328768249967e+00,2.092852752502221580e+00,-1.769407422390844697e+00,1.060637444928596684e+00,-3.294121002185992353e+00,-3.523118299304247358e+00
1.000000000000000000e+00,-2.950884957472097447e+00,2.016876719695976927e+00,-2.415977868524363359e+00,1.973328953090852433e+00,-1.426213750445514794e+00,1.650890081867940173e+00,3.957510741165570778e+00,-3.301704619368948102e-01,-4.271415079307039342e-01,-1.658237965589903329e+00,-9.181963925582410369e-01,-1.512272648039506340e+00
0.000000000000000000e+00,-3.954771573971134213e-01,-4.639314747064720579e-01,3.334467563927217881e+00,-8.795356199768090887e-06,2.236747043716201588e+00,-7.459928341129978824e-01,2.107984797363696927e+00,-4.116767056371694267e+00,8.399703038456431958e-01,7.918465962571813455e-01,-1.427934220534495147e+00,2.460245607146303914e+00
1.000000000000000000e+00,2.779929042649820214e-01,2.884180179782505071e+00,-9.951014602130925368e-02,-6.020010023505718344e+00,3.194254140397267960e-02,-4.497728177493254265e-02,-2.355291954105278585e+00,-9.744364209554603473e-01,1.492884879863330738e+00,-2.317249395729047201e+00,-4.171662082757607415e+00,5.415211006052798037e-01
1.000000000000000000e+00,-2.516273635921029594e+00,-2.397922275165295769e+00,2.730628824142479427e+00,-2.157687226169893169e+00,2.491252127032423047e+00,-2.804181070835867207e-01,1.096439911877751472e+00,4.419412931942810374e+00,-1.072815087604300999e+00,2.174749386822802499e+00,2.894502217795894783e+00,9.942241586573732359e-01
0.000000000000000000e+00,-3.674262068458942654e+00,3.595824855395831854e+00,1.003601515599822136e+00,-5.693874130214369167e+00,2.528103293530707951e+00,-2.740115641607171693e+00,-1.011252785504340501e+00,-1.468394106102379526e+00,-6.749989990719538202e-01,1.953687610335278269e+00,-4.398493827848820814e+00,-2.665974240250490457e-01
0.000000000000000000e+00,1.987680838793603577e+00,-9.300957058199604832e-01,5.993275160089188702e-01,3.975822937635024257e+00,6.052309324978466520e-02,-5.967502355927691848e-01,-9.629229842760687053e-01,-1.141471441632113670e-02,-2.566166574961694202e+00,7.952409019718752470e-01,5.809240913286934926e-01,-1.034855552607886420e+00
1.000000000000000000e+00,-1.447408755628176724e-01,8.914167072870594621e-01,1.068187293258262116e+00,3.782069461912843433e+00,6.330104227079409451e-01,-5.580901614327826721e-01,1.805989153039745165e+00,1.840878045296515886e+00,-7.662397374087477342e-01,1.650416740507926194e-01,4.731242317337363001e-01,-2.520534930830765852e+00
0.000000000000000000e+00,-8.883207993925896773e-01,-5.099019712654142111e+00,1.750989764745299659e+00,-4.214406165901066537e+00,3.903310652325153285e+00,-4.313838407089038540e+00,9.206591192630634302e-01,-2.722511674691660666e+00,9.034235611132536148e-01,6.316847014637050339e-01,-1.538265240516214938e+00,4.594840362133267853e+00
1.000000000000000000e+00,-1.032156830951892701e+00,1.767563265451020715e+00,2.610303942121221965e+00,4.057969679778216765e+00,-8.625658045778084038e-02,-4.059094692110142510e+00,1.596188158004505198e+00,2.168475863339803134e+00,-4.442665144987022252e+00,9.509233170427691118e-01,-2.996644657620386010e+00,-1.055535686910282767e+00
0.000000000000000000e+00,1.114475275301539003e+00,1.463505858882952371e+00,2.017664409788570978e+00,1.240895128368376632e+01,-1.730359201430679228e+00,-6.924498067272437662e-01,2.580348297771401178e+00,-4.145105831809756225e+00,-3.974127030751366085e+00,-3.111800275164790186e+00,-4.279452998142244669e-01,-2.506418753892297513e+00
1.000000000000000000e+00,-5.463064920500242394e-01,-1.628728331398017426e+00,1.877816656299759579e+00,-4.896787892383568597e+00,2.719678482707514000e+00,-3.192593561143966419e+00,4.048576365569316327e-01,2.897544986621126029e+00,9.926190003060897382e-01,1.205451842033084198e+00,-1.722877890544822321e+00,1.730122650746348967e+00
1.000000000000000000e+00,-1.405275769305470490e+00,1.404609807354968876e+00,-2.472104137262989276e+00,-3.290761460907644320e+00,-7.429560014713425531e-01,6.952044550285334523e-01,-3.064584991398495717e-01,1.531987128266415699e+00,-4.378695317924652386e-01,-9.719420874282415079e-01,-1.741628975480947528e+00,-6.978684915441424330e-01
1.000000000000000000e+00,2.278223902775173393e+00,-5.013120915717551862e-02,5.415102398549416218e-01,-3.204359071458793728e+00,1.548304199621503452e+00,-2.231655998690931675e+00,-3.679065607538814398e+00,2.737173950419947488e+00,6.018556158468330253e+00,1.899123089396089092e+00,2.780907235328631710e+00,-1.656629407118855202e+00
1.000000000000000000e+00,-2.087673846178688564e+00,1.974165023721200285e+00,-1.805353156843233720e+00,-1.013917249000692689e+00,-1.546656054018195725e+00,3.237111903424058301e+00,-8.982754254655287429e-01,-2.442991969517140038e+00,-5.137663903686100486e-01,-6.493850044681268585e-01,7.974899333860698825e-01,-2.096188646400376498e-01
1.000000000000000000e+00,3.155705661716979193e+00,1.822709395356878925e+00,-2.002436509363147987e-01,2.180418797060382108e+00,1.509319183428713185e+00,1.315170760765957514e+00,9.851421191654030629e-01,-1.059165416454786346e+00,3.329573963574765649e-01,3.802777340135595763e-01,-2.556867270111205848e+00,-2.909670664622828973e+00
1.000000000000000000e+00,-3.557257955313805731e+00,3.614917492859235360e+00,5.903128845419193027e+00,-3.314475949651390252e+00,2.369594400945152834e+00,-2.142319226448587965e-01,2.860252969206980023e+00,5.705350438193785401e+00,3.097436763106319546e+00,1.261491044632498282e+00,8.812069426208470890e-01,-7.652400413314266459e-01
1.000000000000000000e+00,4.583953801599795597e+00,-5.834700775240722948e+00,-8.878440822051776316e-01,5.471553836034823703e-01,3.433192148866243354e+00,6.794617375828950756e-01,4.881981418647743709e+00,-2.416921626851197491e+00,-3.731209289394446849e+00,3.592607618202510622e+00,-5.316109294129526042e+00,3.667892179350638493e+00
1.000000000000000000e+00,-2.787640218649472867e+00,1.142959409465859055e+00,4.195783749500042958e+00,-4.668068282215502851e-01,5.459534070791393079e-01,-4.717020900552295615e+00,2.078498611824548092e+00,3.535784062634403480e+00,-2.517895383165541290e+00,4.543403479250589516e-01,-2.964413649635697645e+00,1.450048622335216031e+00
1.000000000000000000e+00,-2.546589735553678402e+00,7.113598968941489131e-01,-3.808754766753853271e+00,-1.469625778272275252e+00,-1.333215298666185600e+00,7.173051280435673860e-01,-2.558729852966082907e-01,-1.564367028351307809e+00,2.822428830455875115e+00,-1.214343665601850253e+00,1.725610250861271844e+00,-9.178560172622862723e-01
0.000000000000000000e+00,-1.142057386289920151e+00,1.024767481027214044e+00,-1.916572973456917683e+00,2.057268538475522657e-01,-1.762495759002882245e+00,7.850550909633111640e-01,8.539056132266533705e-01,2.644406049610918519e+00,1.361455535995881760e+00,2.530920555666469340e+00,2.034614553244062929e+00,-8.849459623136479713e-01
0.000000000000000000e+00,-1.459907337650749870e+00,-4.435501793463317299e-01,-1.377934332412777962e-02,-1.480476158404033793e+00,1.384437061106303934e+00,5.230659662899928009e-03,6.672292351756087259e-01,-2.628207242636435570e+00,4.215932156924097063e-01,2.249108386711051288e+00,-5.639728246682196300e-02,1.192172206049380012e+00
1.000000000000000000e+00,-3.630939555094049531e+00,5.196717976861590316e+00,-8.870417255861663408e-01,1.669972938801976614e+00,-4.299239466580388580e+00,3.665582411875836222e-01,7.499665138639990403e-01,-3.156941280234172531e+00,3.543157764048882719e+00,-2.082937545578841032e+00,8.481087817693309105e-01,-4.419692587218330138e-01
0.000000000000000000e+00,1.361300837798075536e+00,1.995614384830767918e+00,3.054855082532127675e+00,7.422296396128035489e+00,7.739512613403305430e-01,-1.353429593545655507e+00,1.190267332321054194e+00,-4.713588773415432476e-01,-3.086505641069685613e+00,2.212646148418921488e+00,-6.433682196320248403e-01,-2.806910113257861994e+00
1.000000000000000000e+00,-1.347538989272465848e+00,3.611311611738250882e+00,-1.709916544019323581e+00,-1.994675023488928112e+00,3.530523168394728017e-02,3.294906642547995590e-01,-4.004440185708384448e-01,1.466483083568281831e+00,-1.184066049291722322e+00,-8.249331364520354759e-01,-3.010849871767220520e+00,-2.914659145515937411e+00
0.000000000000000000e+00,-5.568234428099012590e-01,7.750772839249118196e-01,2.015483020422943916e+00,6.360624606833850336e+00,-1.163637122449072248e+00,1.051632495753187513e-01,1.815607727494125356e+00,-2.764404335858162920e+00,-3.577966377170729739e+00,-1.352872007218831385e+00,-3.783705049677882348e-01,5.257636006505084225e-03
0.000000000000000000e+00,-1.819699201437242397e+00,1.304172727215765271e+00,1.592843047652414690e+00,-2.934688863564629546e+00,1.565635798394059197e+00,-1.805166718334097364e+00,7.556636190365486616e-01,-3.030036453852359202e+00,1.983092675689472895e-01,1.314145376824606082e+00,-3.258019815531049801e+00,1.885568961124335807e+00
1.000000000000000000e+00,-1.385191721370355289e+00,6.255156006695832716e+00,-1.622606160843063083e+00,-4.689762517566903988e+00,-2.012199901173218564e+00,-1.687035444914784410e+00,-2.701511936564814143e+00,2.646190779805881466e-01,2.057658641585823567e+00,-3.333431554647352524e+00,-4.737321660696098391e+00,-2.097753483558651322e+00
1.000000000000000000e+00,2.632695893868028936e+00,-5.362715924809350554e+00,4.097798935207102033e-01,-8.928300644908062633e-01,1.878404886724551748e+00,-1.650352267012016316e+00,2.945649330094720408e+00,-1.004435339778793068e+00,-2.377788963502716513e+00,1.978675546994827616e+00,-3.623109733146168132e+00,4.748564021254367162e+00
0.000000000000000000e+00,4.853099836759506847e-01,1.898962795352681310e+00,9.507133126271948287e-01,3.243379492236849959e+00,2.315455927398756275e-01,3.967042909109664839e-01,4.717142996834884361e-01,9.738695449006851135e-03,-1.504316746868329169e+00,4.311422272365012631e+00,2.761678533545914860e-01,-1.666509967053954711e+00
0.000000000000000000e+00,-8.909941031977102188e-01,4.237598661103417208e-01,-3.502270563213128796e+00,1.735282849825415363e+00,-2.666801621105981290e+00,1.397884390077953398e+00,1.735112608970192483e+00,3.030802283020583410e+00,-1.410565979327258024e+00,2.955921010033136120e+00,1.070420076548074473e+00,-8.995816210243221533e-01
0.000000000000000000e+00,1.539214138961627842e+00,2.194619427452924487e+00,6.101616857448510789e-01,-4.049527686077298849e-01,1.336237725793746556e+00,1.643277081813196761e+00,-1.596524294268997224e+00,-1.010931741115896676e+00,-2.912295607241853768e-01,1.295284975832556418e+00,-1.016608796653755586e+00,-1.970504647074080351e+00
1.000000000000000000e+00,-2.338634786669851806e+00,-2.331772151950037841e-01,1.480080286060889705e+00,-4.863249056663823566e+00,3.411904638016528546e-01,-5.389556434757768244e+00,-5.281668095983222067e+00,6.644328944054497477e+00,3.265449855113028654e+00,3.214569379297658180e+00,4.868023460859605578e+00,-5.817893752657785633e-01
0.000000000000000000e+00,-1.525989956092379085e+00,-5.172151644482468669e+00,-4.961025279719322167e-01,-3.963726519650649927e+00,2.973628407566718312e+00,-3.850408080936081667e+00,4.107649243467765832e-01,-2.765881909407339467e-01,-3.709924804219331129e-01,3.382568718485464698e-01,-6.437764501976890319e-01,3.001432805744061127e+00
1.000000000000000000e+00,-1.475197478799619155e+00,3.212575662028192003e+00,2.988707505448363388e+00,2.086837946364215490e+00,-1.146180628471225482e+00,-1.392125531610190370e+00,3.722317601769464357e+00,2.282636903334319456e+00,9.782919667897660432e-02,4.983068432542960835e-01,-2.027105631481112447e+00,1.211510620339364408e-01
1.000000000000000000e+00,1.273171363981021598e-01,5.665936630050551592e+00,1.944751310632786723e+00,5.579710913159226848e+00,4.499581649945555428e-01,7.779530027278647175e-02,2.798055538659174779e+00,3.353514880217670635e-01,-1.378962335251026516e+00,-1.568136193086537400e+00,-3.405989713583576606e+00,-5.114240099192350897e+00
0.000000000000000000e+00,-2.248354291950493966e+00,4.576218865256650226e+00,1.171537981282679386e+00,-1.459041446058753300e+00,-5.500207040361360100e-02,-1.136324753601297921e+00,2.825515713197964685e-01,-1.246846008599508338e+00,-2.221284986062965761e-01,-2.767673788885232078e-01,-3.597440618262369938e+00,-8.390489940688312664e-01
1.000000000000000000e+00,4.810107539370858110e-01,6.729676664418724030e+00,4.075703288895522469e-01,1.570920823071447980e+00,-2.341290187896126973e+00,-2.140839574041390136e+00,-1.410799039632363527e+00,-4.489879986784607313e-01,1.862910921774965534e+00,-2.685916522344986568e+00,-3.694069774496577363e+00,-3.405311432483409284e+00
1.000000000000000000e+00,-2.370515073932904393e+00,-1.505980241237794504e+00,-4.186981694554955169e+00,-4.146928617843736120e+00,-1.587786366993026332e+00,3.095426195541433945e+00,8.392619813785560101e-01,4.677125121863057178e-01,1.194521988048254935e+00,-6.956312247517496550e-01,1.601565654347713696e+00,1.693654447144143482e+00
1.000000000000000000e+00,-1.667678839330311469e+00,1.798705632795256637e+00,-2.986965753205851115e+00,-5.716666465949955978e+00,-4.369599497165594926e-01,1.765039173552491070e+00,-1.859799735861016767e+00,-1.938545140104173115e-01,1.323717697679656968e+00,-1.180334899540772309e+00,-1.052944345710035812e+00,-4.421062789282635963e-01
0.000000000000000000e+00,3.282937641042940058e+00,1.522734420470324146e+00,7.636253500450619569e+00,5.781957890269211475e+00,8.028558969788739397e-01,1.215419404945003112e+00,5.440607919497915113e+00,-4.260203943725723974e+00,5.218198093630153522e+00,-3.035227576605754152e+00,-7.525676141087923599e-01,1.999087325190145537e+00
0.000000000000000000e+00,2.941925586815929972e-02,3.953678606428842723e+00,9.526422960116992522e-01,4.955380893498825934e+00,-3.808173310317921612e-01,-1.106091161185167149e+00,3.991460927598768915e-01,1.212769484767602712e+00,-4.028159457440267488e+00,3.651511884924168783e+00,-1.922527104693980915e+00,-3.486996801369019572e+00
0.000000000000000000e+00,6.894595114607903197e-01,2.567517383833388234e+00,-2.432060558791162563e-01,2.947543243658366841e+00,-1.703581299718897046e-01,1.047921969228413186e+00,-6.609366059376603486e-01,-2.561002683989297424e+00,-9.194518254565533510e-01,4.985836780564434356e-01,-6.610967854549431033e-01,-2.359262471697515462e+00
1.000000000000000000e+00,-2.774792257168098297e-01,3.495158388185504617e+00,-7.003203710722822883e-01,-8.958345842271338455e+00,1.417411671534960504e+00,-7.199480423667621309e-01,-4.187556740828233259e+00,-3.455839604247710195e-01,2.509707656726106961e+00,-1.430004858934675216e+00,-4.126579597495759089e+00,-6.527234948602594899e-01
1.000000000000000000e+00,-5.434610918399630508e-01,6.482699217223028221e+00,2.561602354954088057e+00,6.223536551984602205e+00,-3.615507317709894863e+00,-1.397067136134599874e+00,3.079053309639369296e+00,1.508120479002958980e+00,-4.216991967280758757e-03,-8.479709361375036281e-01,-2.552509440371970584e+00,-2.267301686414794126e+00
1.000000000000000000e+00,-2.301574762657802253e+00,5.533979492111452458e+00,1.414987382243426683e-01,1.237506148302839115e+00,-2.852754759674278606e+00,-4.506882916494723279e-01,-4.130376107463674451e+00,-1.232665774322815988e+00,-2.087238635386705621e-01,1.042083808270331424e+00,1.481015139878142595e+00,-2.447757232562359775e+00
1.000000000000000000e+00,-1.417964127500474625e+00,5.125183541495070827e+00,3.238479992407354846e+00,5.186916792862351855e+00,-3.515188361333585476e-01,-3.314741630114503845e-02,2.053642615070218724e+00,2.092907832690822367e+00,-7.781053624565088533e-01,-1.428890967773487120e+00,-2.982982049532818536e-01,-4.200415773996745372e+00
1.000000000000000000e+00,8.416287237391539833e-01,2.422037974531528803e+00,9.144152946959032136e-01,-2.733862612882486332e+00,1.012327124595813865e+00,-1.585566803528674296e+00,-2.795289548386202583e+00,1.361183105851681674e+00,1.708985995971188832e+00,3.473847279584418857e-02,-1.281021729601559578e+00,-1.841700172858747653e+00
0.000000000000000000e+00,-1.868512863540114921e-01,2.585101946290401465e+00,2.944854870108637890e+00,4.882228461416728282e-01,-1.777256658609246642e+00,-2.884894090292298152e+00,2.789392861000707935e+00,-2.258663301447739968e+00,2.279488350174540656e+00,1.156761059539969105e-01,-3.894715488536675263e+00,3.219572177437432181e+00
0.000000000000000000e+00,8.022687425520786952e-01,-6.870574211114593766e+00,1.637363523610358307e+00,-2.599780216566819568e+00,4.995775381233535484e+00,-1.413826508612710864e+00,2.036841027605610144e+00,-2.295268253600972308e+00,1.666210760088173704e+00,1.755190489017371736e+00,1.038674975419107582e+00,3.917985333449441665e+00
0.000000000000000000e+00,3.708804509156580664e+00,-7.231898064182868957e-01,1.322478687201612324e+00,-3.617978142347733961e+00,1.544345035537461053e+00,2.401775711975129735e+00,-2.125471691649637229e+00,1.823508180064366435e+00,-9.553321974763180346e-01,5.590379697387537483e-02,-1.639902483294903401e+00,6.498999017908271281e-01
1.000000000000000000e+00,2.120683255988546456e+00,2.781898272721921028e+00,2.691223312977937709e+00,7.153355573109783094e+00,2.541612336398743066e-01,-2.102012473271102078e+00,2.701470668820548759e+00,-1.012641232323561180e+00,-3.553797432942852996e+00,-9.304040516007001660e-01,-4.769887111168126026e+00,-2.400398321884702035e+00
1.000000000000000000e+00,-2.587116943410965764e+00,4.805512046266694703e+00,1.151604932574243012e+00,-2.823152143656344926e+00,-1.141912170241297764e+00,-7.644069634966670357e-01,-1.671330963540069270e+00,8.865219101751042885e-02,5.624842209018379169e-01,5.108820786269954173e-01,-1.538429147821137377e+00,-4.768040680783369734e-01
0.000000000000000000e+00,-1.234409608539417391e+00,1.591470136957965797e+00,1.718645883761545035e+00,2.173199575636237668e+00,-1.499425805154181557e+00,-1.400352459722390197e+00,1.548686330330655281e+00,-1.423305434936074088e-01,1.031909176848833987e+00,-3.662069130673932804e-01,1.325500171632789659e-01,5.669088636345129828e-01
0.000000000000000000e+00,1.891308440822476289e+00,2.149397395603454441e+00,6.364079394934885059e+00,-1.224473901434225187e+00,1.532332908107145508e+00,-1.714361704812303433e+00,3.533136744602720203e+00,-9.901372328567972225e-01,5.475070536106129815e+00,-1.648602915106215150e+00,-3.635996223901579949e+00,2.601161832705047416e+00
0.000000000000000000e+00,-2.617107274734078892e+00,-3.389321232282363372e+00,-3.761029975534071923e+00,-3.491039919329766761e+00,1.007357778232348400e+00,-1.712759822481787708e+00,-1.177385721141051889e+00,1.158748573435826934e+00,-9.181952456515938277e-01,3.557516742951843725e+00,1.988678005761943535e+00,7.179625169821279851e-01
0.000000000000000000e+00,2.717791541505217623e+00,9.871385150968670086e-01,4.826353917531149840e-01,-7.319744098226207640e+00,2.494419450057785426e+00,3.470499996960907829e+00,-3.036050104584231857e+00,3.396955236501971953e+00,-4.259103399248197475e-01,3.431117074508664544e+00,-1.746920446775958924e+00,-3.253417278304815419e-01
1.000000000000000000e+00,-5.083117180493453846e-01,6.859634908334360404e+00,-1.581869994565391568e+00,-1.503304044411584606e+00,1.130131308786042066e-01,-1.700263113431061512e+00,9.352446373748530828e-01,-1.318655358235167219e+00,5.287516570491039403e+00,-4.275950364746398336e+00,-5.274148568280449645e+00,-4.757626363866144459e+00
0.000000000000000000e+00,-2.727783214474419626e-01,5.986437860069047101e-01,-2.666269906570459813e-01,1.451047481043926113e-01,-1.337938221707357656e-02,1.042734918181544845e+00,-1.544832506477757494e+00,-1.604269184666005765e+00,-2.200064517588959045e+00,-9.154812300124228752e-01,-4.230688835082581090e-01,-5.252149827640807400e-01
0.000000000000000000e+00,-1.592260466365862825e+00,-5.739157342148253349e+00,-3.267791944315583841e+00,5.718507002830711811e-02,1.510984378815773077e+00,-1.324523589968498172e-01,7.771884340096089083e-01,-9.773180116379653892e-02,-1.422264392476536354e+00,3.082108447091256753e+00,3.800361025865131914e+00,1.095061378458532131e+00
1.000000000000000000e+00,-7.717017322662433898e-01,-1.544601580971328048e+00,-1.390506630575243818e+00,3.339997155016900532e+00,-2.478508543368628914e+00,4.054134541498243038e+00,-1.158049240658744594e+00,1.972927638296002595e-01,-5.625512004316743031e+00,2.279615461439261193e+00,3.882551207079505851e+00,6.540330850577118493e-01
0.000000000000000000e+00,1.555647691514297826e+00,-2.755696707484725394e+00,-3.813243836381043916e-01,-1.783843625157820023e+00,8.330418760980119464e-01,1.298245933974143673e+00,-2.068535378131558300e+00,-2.124695551807192384e+00,1.009895557709165281e+00,3.868739223113926151e-03,1.821693149709378012e+00,1.670653728713447972e+00
0.000000000000000000e+00,-1.820332911925256036e+00,-2.219179964822185269e+00,-2.716047828181196166e+00,-4.604550272472156536e-01,-4.106568572181512611e-01,-8.854467460405944790e-01,6.038934932310843218e-01,2.700690028988450564e-01,-7.215319480777735439e-01,3.163186048247392801e+00,1.554386388581867173e+00,1.047285011831412538e+00
0.000000000000000000e+00,-3.034169661844701604e+00,1.209432025738157890e+00,-2.121086758586839593e+00,-2.848285322896405791e+00,-7.116723978716372745e-01,-1.001465322621982734e+00,-1.094922136769136856e+00,-2.990389990614104043e+00,-6.898776946654037179e-01,2.002475453063305544e+00,-1.261037689615448265e+00,1.208328216055177151e+00
1.000000000000000000e+00,-8.155166309716208595e-01,1.858640984104867222e+00,2.240842774521545344e+00,5.645900042878775338e+00,-1.497536013256092424e+00,-1.877083272856251428e+00,8.972850436281852859e-01,1.718665878211216302e+00,-4.332959633495272911e+00,1.195734415979358811e+00,-4.307362256717202076e-01,-1.178083140651642546e+00
1.000000000000000000e+00,-6.282837060032506749e-01,1.919038913800152069e-01,-2.983343359320412613e+00,-4.366555583935338269e+00,7.917500425542722819e-01,3.895813288995412016e+00,-2.231245892971141842e+00,-4.163374145848200314e+00,1.477272472168553064e+00,-1.488550750703048209e+00,4.679288672721995113e-01,-1.600958771597692509e-01
0.000000000000000000e+00,-2.136045508775403778e+00,2.830818018031651118e+00,-1.098378735724369282e+00,-7.104803653345942438e-01,2.866766848303308191e-01,3.989651278195271988e-01,6.017369610347712561e-01,-1.031042590132844827e+00,-4.242697044282507157e+00,8.677218207195745991e-01,-4.008667665104560740e+00,-1.198051029200193351e+00
1.000000000000000000e+00,-2.728064954671659770e+00,3.036082737451899938e+00,3.805510807572229037e+00,5.421289246702720277e+00,4.342365319468649565e-01,-2.758537488282548189e+00,4.827111545400578407e+00,2.887683498068210675e+00,-3.670548759251393456e+00,-6.348377353548977364e-01,-2.743808248545946959e+00,-2.121145040128634918e+00
1.000000000000000000e+00,-1.624372944991474110e+00,3.198760544479335444e+00,1.361744109187403851e-01,-3.999629699472960098e+00,1.076026619552550301e-02,-1.435472295795905406e+00,3.107062602733150491e-01,1.178352391048822945e+00,1.606409150555613952e+00,-8.636402110246578223e-01,-3.358113539959855398e+00,-3.260940778471318469e-01
0.000000000000000000e+00,6.996308034862341874e-02,2.845140526291401795e+00,1.018216254250604136e+00,8.970417505825384552e+00,-8.535339781517947699e-02,-1.563991902529977551e+00,1.262381084015462562e+00,-1.588043385052238188e+00,-4.263948434737672599e+00,4.509746341686889926e-01,-1.160326579778638623e+00,-4.349097627877134720e+00
1.000000000000000000e+00,2.807973760641611083e-01,4.710992104181687345e+00,-9.232865359747507439e-01,-3.898180751650408560e+00,-2.330244631778439768e-01,2.808598935226680915e+00,-2.611399369501097745e+00,-1.164974190432219503e+00,2.196367783329877366e+00,-9.536026610061122399e-01,-1.669435952816506585e+00,-2.180188176148734058e+00
1.000000000000000000e+00,4.661330393616756496e+00,1.432170880431959947e+00,-5.018185461112025791e-01,-4.743740633424649578e-01,2.675944842566592818e+00,-1.489645231960146088e-01,-1.042242824773383258e+00,-1.089561456913422433e+00,3.539596087045539186e+00,2.652390611378636631e-01,-2.570277215330362353e+00,-3.268342972080824804e+00
1.000000000000000000e+00,4.392147362977694147e-01,4.805745695789731542e+00,-3.867851196337040998e-01,-5.633725144385497430e+00,2.058700381802720525e+00,1.488826289267918046e+00,-2.063807331041988213e+00,-2.225242825424655457e+00,1.645693720960471618e+00,-2.424022093984245174e+00,-5.113723648660022825e+00,-2.460250521255050504e+00
1.000000000000000000e+00,2.378494698168129862e-01,3.400610214860886771e+00,-6.645801845735230806e-01,4.551871108233186969e-01,-9.293168828516601421e-01,-1.623448427148260542e+00,-1.481495168236929505e+00,2.884308068564146676e+00,-1.754206309807093245e+00,-1.660194297016645004e-01,-2.518752351028735514e+00,-3.106191162940253658e+00
0.000000000000000000e+00,3.295422217626264416e+00,1.152596960115179314e+00,-1.843306099803307951e+00,4.981274134141867371e+00,-8.332104673664038064e-01,1.534093860171218182e+00,-1.755183628591621581e+00,-1.034920952054465770e+00,-1.399249459741304769e+00,-6.455934764692532468e-01,2.991890342099372546e-01,-3.803227630731447650e+00
1.000000000000000000e+00,-2.901695553450054810e+00,3.541035084158504542e+00,4.042572918701333506e+00,1.463380118801788976e+00,2.824721430803046607e-01,-2.233319803932120040e-01,2.830473814454386616e+00,3.600021218452008398e+00,-6.095314267620026705e-01,4.302679385903451781e-02,-7.846963810293849928e-02,-1.449619379908380523e+00
1.000000000000000000e+00,2.674811887245753361e+00,1.510589041229840612e+00,-5.137917913251837110e-01,4.045835189245855723e+00,-4.490231894862315443e-01,-1.998928863317381843e+00,1.234263779485463619e+00,-2.840533635867719120e-01,1.060054204826434532e+00,3.120297286835034267e-01,-2.238580444111968326e+00,-2.204643571382222333e+00
1.000000000000000000e+00,-1.098783748784108338e+00,-1.304425025618314082e+00,-3.144466177652202266e+00,-6.414653908452254250e+00,-6.749087586915918369e-01,-4.361251324851675992e-01,-2.472328410309466484e+00,1.594117870462174125e+00,5.925129842843157579e-02,-8.414254832957347441e-01,-8.404258010945324653e-01,1.580586734294957996e+00
0.000000000000000000e+00,-1.820409674460437000e+00,-1.671108491554278430e+00,-2.534178556818918349e+00,-2.366168705336230360e+00,4.431428545316249412e-01,-4.405668297547213896e-01,-1.313395194457211979e-01,-6.293302225513364156e-01,4.516184524525246324e-02,4.104436350064974093e+00,1.199355909445547930e+00,1.179308196365281169e+00
1.000000000000000000e+00,2.486345313604372276e-01,-9.144754198722468974e-01,-2.589919857218522470e+00,-1.005133189087629297e+01,9.543666430910355825e-01,6.709137020946778218e-01,-4.402475795393964830e+00,1.182714625872772984e+00,8.122709840682953431e-01,-6.597589058781423432e-01,-1.947935316513084381e+00,1.638471447712404050e+00
1.000000000000000000e+00,-1.580583756844889720e+00,1.344144106112239889e+00,2.898798019384895230e+00,-3.095139557556963794e+00,3.938861827651043424e-01,-3.556823534721277547e+00,1.120662349772755695e+00,2.668467380742285400e+00,-2.879177711057604450e-01,8.633704549343976797e-01,-3.333337902682264708e+00,1.964752216914366745e+00
1.000000000000000000e+00,-8.069665135397778855e-01,3.039925025953533755e+00,1.947574973632836048e+00,1.271275520515181112e+00,-2.173597933091569789e+00,7.509893277966340763e-01,-1.204677066726667523e+00,-2.693000726347442253e+00,2.118796238634198303e+00,6.927894943116674753e-01,1.778651529922563146e+00,7.388855109490639617e-01
1.000000000000000000e+00,1.139171711115612551e+00,-3.958961381013889613e-01,1.120929171258068235e-01,7.976044394199602872e-01,-1.291425938536073126e+00,-3.887628630123765472e+00,-1.844176181730704744e+00,1.094735711210374607e+00,-8.023542906769263183e-01,1.726411354398056375e+00,-8.324013910779111125e-01,7.918723627708457169e-01
0.000000000000000000e+00,2.841438323082099870e+00,1.087032372297051852e+00,3.336474873254678952e-01,-5.618087716079385174e+00,9.615663146127233496e-01,1.674853831369811807e+00,-3.162520656760019477e+00,2.304820851952657623e+00,-3.081986753127028411e-01,1.998730799691264881e+00,-2.339815515380590405e+00,2.712781661981262804e-01
1.000000000000000000e+00,-3.814019663156853479e-01,1.548479579039359288e+00,2.125106899711912689e+00,-9.050279324124608227e-01,2.387226808229199193e+00,1.363940449570099300e+00,3.960480755727165292e+00,1.005118645437697689e+00,7.684577610720677576e-01,-9.944945053302245430e-01,-2.684607859750039793e+00,-7.701853895614798606e-01
1.000000000000000000e+00,1.697653087081526513e+00,-1.069284890932917120e+00,7.542174766412235165e-01,2.278578264219896177e+00,6.907022405920121289e-01,-1.584853689878104044e-01,1.329814711209206246e+00,4.821406555707017372e-01,-7.429055423861268270e-01,1.265055138109351773e+00,-2.560660359380603213e-01,-7.296383460460076353e-02
0.000000000000000000e+00,-1.084910073175435752e-01,8.371453785878379961e+00,5.478559512194341785e+00,-4.800050025432300416e+00,2.027868827197951695e+00,6.036344602699992290e-01,1.234071456944084932e+00,-1.927498560204423672e+00,3.933075591061829357e+00,2.660332858285714419e-01,-6.597239241880219041e+00,-5.689681488673961063e-01
0.000000000000000000e+00,2.015956297960244115e+00,1.199224117209789275e+00,7.923121921941380652e-01,6.569917241694187560e+00,-7.242534277517251873e-01,-2.252604266187627768e-01,8.649170589828747424e-02,-2.261625131631793018e+00,-2.483920585342527687e+00,-1.656577960007955763e+00,-9.448316024937086777e-01,-2.185543061555925703e+00
0.000000000000000000e+00,2.327282150859086407e+00,1.168389074039040354e+00,1.255263277344832451e-01,-3.902359088359897754e+00,2.027950945025077445e+00,4.866464432164621101e-01,-2.732685698420421971e+00,-2.157040463065751368e-02,1.538440498955362390e+00,3.649883255738008980e+00,-1.149562788683018422e+00,-7.488569405003925317e-01
0.000000000000000000e+00,2.705262279218720423e+00,7.398298146089564709e-01,4.920805332059825510e-01,-7.128857328144921013e+00,1.580937465878114345e+00,3.417501980251443250e+00,-2.920278391256957207e+00,2.609131312957817528e+00,-4.863447224049609607e-01,2.044554792517794262e+00,-2.099730611881240883e+00,6.929184074624019640e-01
0.000000000000000000e+00,-1.733943806122754339e+00,1.214194934486078958e+00,2.976304522845060196e-01,5.924810454466416410e+00,-1.157423177685470428e+00,-5.467707095280461616e+00,-8.680598236329031270e-01,-3.957819499203786950e+00,-5.092939304586344695e-01,2.970801798388538195e+00,9.340415267183046488e-01,-8.638750557009511333e-01
0.000000000000000000e+00,-4.533988860134408938e+00,6.162049667731057667e+00,1.459938686763478044e+00,-2.004143306891871479e+00,1.142044164401093909e+00,-1.231531643823449151e+00,-1.256703509854630418e+00,-5.233193562061422277e+00,-1.325484290124507858e-01,3.576818716064761539e+00,-2.405779457394837451e+00,-1.157027095481468315e+00
0.000000000000000000e+00,-1.191563741703356216e+00,2.180130488016125412e+00,-2.077149977451449026e+00,-2.956407837646505943e+00,-1.926654696948419954e+00,-1.356266917803664152e+00,2.100667093475923064e-01,2.306866838025729560e+00,4.579671045199051882e-01,2.319330060325150100e+00,-2.316466275543256348e+00,4.134732856872673779e-01
0.000000000000000000e+00,1.209383456432489456e+00,1.413783253925142036e+00,2.088897386047853910e+00,-3.292651531961023892e-01,1.687578463437090504e+00,-8.193336477175323651e-01,-1.429831721936843270e+00,-2.383830320544687797e+00,6.420368383378987076e-01,7.480768132128056136e-01,-1.411687749982508899e+00,-4.476720709287570488e-01
0.000000000000000000e+00,-1.309261139243725225e+00,-3.589096352891846031e+00,7.360023292830353281e-01,-9.751401373306188836e-01,1.733448467196031295e+00,-2.426223344468289689e+00,5.053178137328251385e-01,1.511285844871760098e+00,3.001372867796632704e+00,1.309714400495586073e+00,3.914600584761297242e+00,1.142943862953794465e+00
1.000000000000000000e+00,1.752398768354012759e+00,-4.901609189946116163e-01,6.933417458341195605e-03,2.247621698971522974e+00,1.598255301621213098e+00,-7.039363163204990226e-01,-1.282944085384507993e+00,1.374552774536156319e+00,7.622848206147536665e-01,6.000925301667932033e-01,1.935399703023250595e+00,-3.155820779571710588e+00
1.000000000000000000e+00,-3.733067823758928760e-02,2.431052200872271918e+00,1.938042816284760050e+00,2.159503413978954178e+00,-7.619608825461114954e-01,-3.888997456767048444e+00,4.081009167063611720e-01,2.683255083892959192e+00,6.429234428387995415e-01,1.439480791849605090e+00,-1.060138949855871981e+00,-1.279378167170797109e+00
1.000000000000000000e+00,-5.147630552213811050e-02,2.787329732451507835e-01,2.245012645164103482e+00,3.009168580052949071e+00,2.029928215657101020e+00,3.701173722264484489e+00,2.431449523351966402e+00,1.630874110977846403e+00,-4.045370971658377446e-01,3.161631003984399779e-01,2.772890393196342451e+00,-2.417682368670123871e+00
1.000000000000000000e+00,-9.062920622430414852e-02,-1.565313813233238038e+00,1.157407699346122198e+00,1.522001338790617053e+00,2.684023138627089633e+00,-9.627964097199097626e-01,3.189109778870083289e+00,2.004594634227522931e+00,-2.741171010348131709e+00,1.964366064143061585e+00,-1.487203492206131905e+00,-5.517470864860523072e-01
1.000000000000000000e+00,2.836916370149484834e-01,4.634118662088346774e+00,-7.024075586292453099e-01,-8.786312392530508664e-01,-7.692795093564790410e-01,-5.416232581380349131e-01,1.209877752282565666e+00,1.426348987394970624e+00,-6.184011870703904901e-01,-3.242640952181063074e+00,-6.069193490483140607e+00,-2.479671196026637325e+00
1.000000000000000000e+00,-9.784591651563614434e-01,1.736115890487230473e+00,-7.350199998626758546e-01,-4.667908416103982994e+00,5.979140800750013529e-01,1.872424741452729968e+00,-2.728639805545291619e+00,-2.089279746835734919e+00,1.079247894041432065e+00,2.403838262977253670e-02,-2.758308491913817884e-01,-3.826662663020563571e-03
1.000000000000000000e+00,2.027482870372971924e+00,1.233306160475123203e+00,1.224196492803119041e+00,4.693578027576561951e+00,6.702097841209393447e-01,-2.110336483263403284e+00,3.859161851249545139e-01,3.064857354669827672e-01,-3.568595322098049305e-01,-7.826832963674354993e-01,-1.162334946263588797e+00,-2.977985265040330010e+00
1.000000000000000000e+00,-2.129013601944590661e+00,1.427119293847258330e+00,2.185789100239727833e+00,-1.573632411391066022e+00,-2.033837934455696494e+00,-1.998314824763089081e+00,-2.136527748405784077e+00,7.976377140836725665e-01,6.466361593601477331e-03,2.314119807906483306e+00,1.321726163545039689e+00,2.364991149523951286e+00
0.000000000000000000e+00,3.341532247664810162e-01,3.774255118300837264e+00,4.985341611574639620e-01,-8.511904346736561822e-01,7.256146260825491190e-01,-8.288521646139823673e-01,-2.679403031111763145e+00,-1.725860849671846164e+00,-3.962596116666305956e-02,1.806330261543129145e+00,-2.028198623958457070e+00,-2.163580685009516724e+00
0.000000000000000000e+00,-6.122793333820615302e-01,-3.233307655621610710e+00,1.839641664188265580e+00,-6.490233561788553984e-02,3.495067504411706327e-01,-3.175358604547066310e+00,1.581102046046458653e+00,-1.521323972876751141e+00,3.123460446783572042e+00,1.085307192495583717e+00,1.719317301877847814e+00,3.880532590890454436e+00
1.000000000000000000e+00,2.288528278056638499e+00,2.596700495098787087e+00,-4.243323674145345059e-01,-7.172740025807081699e-01,2.240597656625771261e-01,-2.604690804439444118e+00,-1.592197404667610616e+00,1.282728356077567078e-03,3.215357463219914891e+00,-1.068194069991675654e+00,-2.724433655840976076e+00,-2.325014088928745615e+00
0.000000000000000000e+00,1.649034761599941667e+00,7.754247684792423545e-01,6.425508147979064333e-02,5.073949168258629072e+00,-1.761966972316143298e+00,-6.903626916558767146e-01,-2.768527415274281145e-01,6.083661456716513705e-01,-3.259630442691056729e+00,1.132960246477514143e+00,-4.841500139860542840e-01,-1.221990781053917008e+00
1.000000000000000000e+00,1.949354306793797065e+00,2.251841902128679074e+00,1.313541558593827041e+00,6.541481769042390759e+00,-6.781060563905978444e-01,2.643565269402925466e-01,4.378670715583556472e+00,-2.222400538492956823e+00,-3.331160316377731689e+00,-1.430272275651075287e+00,-5.090918750712940088e+00,-9.580073617932511887e-01
1.000000000000000000e+00,3.453409245576887221e-01,5.356771232846922359e+00,2.480826906724106884e+00,5.249209484788888602e+00,1.565439236396733325e+00,-3.056066432640006658e-01,1.972921205949431211e+00,7.782451338475455671e-01,-1.681882483564856923e+00,-1.342981237023946228e+00,-3.107115246998348734e+00,-5.775867372381721765e+00
1.000000000000000000e+00,3.756143011096506612e+00,-7.985520705051240009e-01,2.291986502472859177e-01,1.434315402605093936e+00,2.428010891040024433e+00,-1.401551093518146995e+00,9.213411019201640517e-01,-6.880112756181655520e-01,-6.945474816312855459e-01,1.850008527126589808e+00,-3.444030031296402949e+00,-9.682509626658739599e-01
1.000000000000000000e+00,5.896602525012815121e-01,3.795421092279692488e+00,8.657894212555350411e-01,1.203446369725357679e+00,-4.108877983817978974e-01,4.088785461575525915e+00,1.459033754176584541e+00,1.758277672254031643e-01,-3.327178688893810410e+00,-5.103364518321370502e-01,-3.126558960802324982e+00,-1.672556270311322812e+00
0.000000000000000000e+00,1.694039763770008200e+00,-3.488281704339156464e-02,5.419589686881791657e+00,-9.760918291618527753e-01,3.100083450115591610e+00,-8.433622604993347149e-01,3.184108903650699318e+00,-2.590486938486612267e+00,5.280411617602898566e+00,6.199249893928868715e-01,-1.327051380821425042e+00,2.575112554618876892e+00
0.000000000000000000e+00,-4.066359821687637321e-01,1.307138532119462293e-01,2.891589662153400297e+00,-2.506681721719084877e+00,2.736031174838484681e+00,1.928038977790872188e+00,2.226621987426429250e-01,-2.366804907088821963e+00,-4.173269811666830975e-01,2.981500203507380098e-01,-8.618326665482085591e-01,1.321026377309996391e+00
0.000000000000000000e+00,-2.686676427563408076e-01,1.809679979510620429e+00,-1.829028223485333893e+00,-2.936252580130389145e+00,-1.431392591974113948e+00,6.670351249594717036e-01,5.492885503638387235e-01,2.897899804921770350e+00,1.988708347040846647e+00,3.426051156766699357e+00,-4.328503841351815096e-01,8.997010862389731578e-02
1.000000000000000000e+00,-1.027096343267315692e+00,3.986409664629411598e+00,-2.598499630424225160e+00,-3.630948842982817837e+00,8.726646567699258839e-01,2.260264259710136336e+00,-2.230887419660506410e+00,-4.937212420426202897e+00,3.595315078396990494e+00,-2.763644027343577392e+00,-1.449025034223197617e+00,-2.826395712998976961e+00
0.000000000000000000e+00,8.045586111227439607e-01,2.687316504493185931e+00,3.223651416883652754e+00,1.530981721583270228e-01,2.385774175077584047e+00,2.494983802543005336e+00,-9.599807181043085169e-01,-4.801218263253774765e+00,-2.641436606365529238e-01,-3.578202892977597749e+00,-2.051786397439609999e+00,-1.301801502510801400e+00
1.000000000000000000e+00,2.423089387961224972e+00,-1.117973888853320830e+00,1.581599541978627510e+00,2.496808994534687631e+00,3.234809933809573490e+00,1.607165063191670740e+00,5.544887736868440165e+00,-2.770958314630163066e-01,-1.576674138823675797e+00,2.267849923486602748e+00,-3.359681773046623743e+00,-6.422678288847571970e-02
0.000000000000000000e+00,-5.310535564976062162e-01,2.544199390667418292e+00,7.018472566831701620e-01,-4.845798664253497812e+00,3.165325453630408958e+00,-3.322605463562213757e-01,-2.716227595902508618e+00,-6.089393300160181877e-01,1.877896422073354721e+00,6.412190322860280567e+00,-2.016918391398851984e-01,-1.372509374281021488e+00
1.000000000000000000e+00,1.124866435630054617e+00,5.033897560021816098e+00,1.549178022171224356e+00,5.710655955984826448e+00,2.867806433309552094e-01,1.800663256349416486e+00,5.056358153742468442e-02,5.173758290645842361e-01,-4.642947220580214696e-01,-6.484524800472011297e-01,2.260017136010217254e-01,-5.970895112925560078e+00
1.000000000000000000e+00,1.476375096522994035e+00,2.602899648393198540e+00,-3.375454147421087292e+00,7.717941697063093187e-01,-2.588999099612403043e+00,1.232892541751790638e+00,1.905628940121977255e-01,-5.839169518379474511e-01,2.901300325624217580e-01,-4.779504149838937010e+00,-3.475187765072560886e+00,-2.041216844848011913e+00
1.000000000000000000e+00,2.344812356861865066e-01,1.596914637886187371e+00,-4.396769428149244208e-01,-6.053885955569578314e+00,2.289833887179211658e+00,1.689301424745973446e+00,-2.836436679279878970e+00,-1.291622859594632855e+00,-1.260604962184333377e+00,-7.278265408587322183e-01,-3.489588400025704029e+00,-5.215597669806775194e-01
0.000000000000000000e+00,-1.283151681660358090e+00,3.149722688907202084e+00,7.992992850964526497e-01,-3.750125164061249183e+00,3.298400481628143144e-01,-2.123931264265814800e+00,1.792576788417429290e-01,3.142859379903688577e-01,1.845598018099802839e+00,7.192104274883142079e-01,-3.433574842118444437e+00,2.202378258455734983e-01
0.000000000000000000e+00,1.449774822893478143e+00,2.085666236109641414e+00,2.237448645822315285e+00,1.346332531075900718e+01,-1.814040129929506584e+00,-3.724553454467205427e-01,3.709620779479742225e+00,5.027298407343638864e-01,-6.515389186470804006e+00,9.285362278140283365e-01,-5.262171660013912344e-01,-3.672401326676186351e+00
0.000000000000000000e+00,2.166780012298829661e+00,3.712372002820011563e+00,6.236007415124636966e-01,6.898604189868053904e-01,5.162016027869631429e-01,1.822021889667789551e+00,-4.247799049067505495e-01,1.113084655800586908e-01,-8.637108355895084522e-01,2.639375546856367105e+00,-2.448800438487922282e+00,-2.453831397922022539e+00
0.000000000000000000e+00,2.669423236950748013e+00,9.575171445941215165e-01,-1.828509090744357302e+00,-4.241893877350734421e+00,1.663065812945246469e+00,1.408307385965491765e+00,-3.791101013042827983e+00,1.585207505388769089e+00,7.008323460790877313e-01,3.682372091401924674e+00,-5.134936598590789103e-01,-2.117566719166156908e+00
1.000000000000000000e+00,-1.794212913542558407e+00,3.259791082140235829e+00,2.657069040562267670e+00,3.606832179247083103e-01,2.907840766871674365e-01,9.798695079009049902e-01,7.512856701967696171e-02,4.389344459308877511e+00,2.661838884271437333e+00,1.653694530444516531e+00,3.780918732764102508e+00,-2.913027282124344808e+00
1.000000000000000000e+00,3.694998465720126912e+00,-3.535455657260365925e+00,-1.882882636331525639e+00,3.341323266696643923e+00,7.540253710518216579e-01,-3.168687569448092933e+00,-1.094641684248316871e+00,-4.346979984106027484e-01,-3.812356243646290999e+00,3.431179050481666604e+00,-1.679896923258657360e+00,-5.659532156783764201e-02
0.000000000000000000e+00,-2.683025816899022864e-01,5.028689660283897078e-02,2.954299871318144532e+00,5.030413708135679229e+00,4.717040666189170617e-01,-9.031156090194163433e-01,9.225496221105424777e-01,-3.465212666458551638e+00,-4.212245533010919862e-01,1.754647365461305064e+00,1.713984208435767265e+00,3.642766305506754954e-01
0.000000000000000000e+00,-3.490051114069507410e+00,3.210865617166156483e+00,-2.372264543745457477e+00,-5.523843894687884948e+00,4.701002412213445281e-01,-1.482852482800770755e+00,-2.155936542775183984e+00,2.592539104745770207e-01,-1.002618310267329615e+00,1.784351216179403288e+00,-2.811253434933530748e+00,-1.300935329983850419e+00
0.000000000000000000e+00,-3.792633195559048653e-01,-1.614684140822644443e+00,1.546792924797967261e+00,1.533735481228510888e-01,2.284183648733911554e+00,-4.754220836996718713e-01,2.708362360675493186e+00,-4.566956560300491574e+00,-2.922547410542052582e+00,-8.589699324999564567e-01,-4.043206825624563905e+00,2.619631186793685451e+00
1.000000000000000000e+00,-3.139558316840843410e+00,2.949677428901645637e+00,5.350079590221732850e+00,-1.594736295344775900e+00,8.045953542997512642e-01,-2.128564060097190236e+00,1.126595267430129388e+00,3.560115906958305931e+00,-2.010582765104182101e+00,1.545953129243307078e-01,-1.924012309086445827e+00,6.612825388667560311e-01
0.000000000000000000e+00,1.741079305287119627e+00,-3.008512505500440803e-01,1.261016244745562620e+00,4.903747735991007772e+00,-7.180343001040685458e-01,8.846864856936045296e-01,-4.138109602495340100e-01,-2.564739997556869433e+00,-1.598918699579307212e+00,-1.792199290111136101e+00,8.537055408982916482e-01,-3.907454362051566710e-01
0.000000000000000000e+00,-2.096663036114399858e+00,2.737910279632668864e+00,2.853102583317470575e+00,-8.181337024977324290e+00,4.683691877563383343e+00,-2.514157398404729182e+00,-7.239338391002927420e-01,-3.835619480428746453e+00,-1.743772320640010420e+00,-1.093798910455451967e+00,-8.513482795293139560e+00,1.542642967092139994e+00
0.000000000000000000e+00,2.037163571515383076e+00,-1.940482961776949011e+00,4.145388798024251642e+00,2.906044601119230464e+00,1.280930729115722810e+00,-1.058266795300299989e-03,4.296744510122617378e+00,-2.062487551467703017e+00,1.823612918043759912e+00,-2.149692642435191203e+00,-9.345058830008519113e-01,2.681675790536271364e+00
0.000000000000000000e+00,2.172336900946734151e+00,8.005506263405599565e-01,1.799199242584953007e+00,1.616241061517189881e-01,8.714337578331112777e-01,-2.820237278010252258e+00,-2.645825524500486026e+00,-1.990945043055005748e+00,1.532464699982102996e+00,1.836371178561579054e+00,-8.315338097646002291e-01,-2.713479014149400292e-02
1.000000000000000000e+00,-1.510564660045322416e+00,-5.797881399952314885e-01,-7.247197992472904637e-01,-5.226408305665130705e+00,-8.016761275983285140e-01,1.613778979898507160e+00,-3.374730083336047404e+00,-2.822737908721384414e-01,-1.029644391728322006e+00,1.295611681880658672e+00,1.257292091681653012e+00,2.549084601737895639e+00
0.000000000000000000e+00,-7.590653778018466857e-01,5.495909201300278601e-01,3.341766331648221566e-01,-1.439780605100885680e+00,-8.513104554238315469e-01,-1.070696536845977764e+00,1.106130432850540357e+00,-1.732249312652746731e+00,3.278980920629526175e+00,3.447444963223600389e+00,1.589915454425017138e-01,2.585791761981842019e+00
1.000000000000000000e+00,1.832319587759682289e+00,-1.791996756016107223e-02,7.131636137994590285e-01,1.626697752722327195e+00,2.088070003591218970e+00,9.933084317936695662e-01,-4.974514970343302256e-01,1.387446674124832580e+00,5.296621314028480132e-01,1.851272396420659216e+00,1.757980488679486086e+00,-2.801755868670293026e+00
0.000000000000000000e+00,6.348722924608662943e-02,1.601051200521433682e+00,5.161175302597527104e-01,-6.888248620708852243e-01,1.717795738244320303e+00,2.206801592228764264e+00,-9.740666133129656235e-01,-3.475959320910021688e+00,-6.989662168133350395e-01,-1.969669518181285994e+00,-1.398348118491994585e+00,-1.331046099472690258e+00
1.000000000000000000e+00,1.993514889312908878e+00,-2.596771156351764365e+00,-1.202519510681669512e+00,4.199857453273505570e+00,-7.209885103845443677e-01,-2.915082916192900164e+00,1.546921484278520609e-01,3.343174953431855556e-01,-4.344461768653888001e+00,3.461073627763318061e+00,-1.165238029513545603e+00,6.601741381314805146e-01
1.000000000000000000e+00,2.410820540165814485e-02,2.358696743686050201e+00,-9.454259987596875803e-01,2.754871628832760155e-01,-1.313182924736716828e+00,4.224070553416440887e+00,-1.279763375479852083e+00,-3.720139235257292398e+00,2.368622688821728772e+00,-3.692788544422499486e-01,2.175856951802780159e+00,-7.850914750084280191e-01
1.000000000000000000e+00,-1.972371730409416379e+00,7.239883853545711290e+00,1.661500327941325850e+00,-4.441001119581537537e+00,-1.953713097564671486e+00,-9.172663260664535301e-01,-3.646364917400046313e+00,-1.486594076846451618e+00,1.353527299251036986e+00,-1.340054269658313535e+00,-3.609213033994188358e+00,-4.675418329217517766e-01
0.000000000000000000e+00,9.593844884058055911e-02,6.368788196005170654e-01,3.019554425398163655e+00,2.047933720982792583e+00,-9.957977350945546036e-02,-1.218023857881737504e+00,2.851923090351366596e+00,-1.195545919395350820e+00,-1.537680191087893888e+00,-4.268706031757953490e+00,-3.823281154001217708e+00,1.405540217255502267e+00
0.000000000000000000e+00,-1.252900934222872298e+00,-2.918015223252708346e+00,-2.988311782792906435e+00,-9.887447022346464998e-01,3.721147100231063654e-01,-1.795056931474625639e-02,2.688801252469857905e-01,1.123166939874487014e+00,-4.024388863007553052e-01,2.244839409992853696e+00,2.240355565636110935e+00,2.722322427009674639e-01
1.000000000000000000e+00,-2.761193806268270379e+00,2.772239783263354074e+00,-1.509624347396224753e+00,-3.854576287654619904e+00,-1.039192732069039948e+00,1.541209995936987376e+00,-7.669012744362058154e-02,3.955602825026467428e-01,1.569357240560254052e-02,-5.710958944150286154e-01,-1.428660328909273414e+00,-1.100264542691375969e-01
1.000000000000000000e+00,4.134656315550799377e+00,-2.843996243634777876e+00,-1.153837291259623754e+00,-2.609215290613576599e+00,2.956135798938106518e+00,9.517498091560598894e-01,-1.537650077929536341e+00,-9.632894191756673496e-01,2.149156816814094206e+00,9.289691728671730653e-01,-2.898261672675644940e-01,-1.534735436979672851e-01
1.000000000000000000e+00,4.267956630008097108e+00,-2.617852051583037798e-01,-1.174875952613359420e+00,6.965284373106257476e+00,2.021162869156442277e+00,7.841543154478611832e-01,2.354897378040536893e+00,-1.385380081520166229e+00,-1.089534656394859358e+00,5.786815285265434206e-01,-1.446737282482126297e+00,-4.363602471034059960e+00
0.000000000000000000e+00,-5.023296852990588590e-01,3.424117665582977921e+00,3.701868223643577371e-01,1.096176300884190979e+01,-1.979082294793996777e+00,-3.029966856459043179e-01,1.589291577096187513e+00,-1.656954093398525618e+00,-5.777510771742969453e+00,-2.413803446473141712e-01,-5.348852056259431054e-01,-4.412408315447708951e+00
0.000000000000000000e+00,-2.428700237806649120e+00,-6.324314959920387391e-01,-1.273665795879465268e+00,-2.667485934892611876e+00,1.255878921965129624e+00,-1.254060427775282704e+00,-1.281542976619667318e-01,-2.592699324658449545e+00,-1.460726466541728552e+00,1.338237921034327815e+00,-1.630384388966333198e+00,1.215268570913754065e+00
1.000000000000000000e+00,-1.176319126937564352e+00,3.873491426461768139e+00,-3.278148098596365134e+00,-3.803844328127562235e+00,-1.103030789715096160e+00,-1.446281894065729379e+00,-8.766055519476761981e-01,5.311648010637270989e-01,2.800771781081596856e+00,-3.449459002941960506e+00,-3.691889735351017610e+00,-2.455025473828689186e+00
1.000000000000000000e+00,-2.282074170464824192e+00,-4.997739806018024894e-02,-8.915777942318914295e-01,-5.034185520126680524e-01,-1.078724072204750417e+00,-2.171731025478474741e+00,6.151317813942092094e-02,-6.634857578591264460e-01,1.142946296496836212e-01,-6.550039623827472735e-01,-1.508442466689746686e-01,9.336625336818651366e-01
1.000000000000000000e+00,1.593340152114697261e+00,2.048202970701610059e+00,1.581596037566852520e+00,3.749602634022672021e+00,-1.833804593771053426e-01,-3.971436818506962396e+00,3.250587694091733315e-01,1.172594555249424131e+00,-1.602421451101914585e+00,2.127887684150334469e+00,-2.936471710828220782e+00,-1.591971411079712739e+00
0.000000000000000000e+00,1.677572742964305030e+00,3.049482938862874803e+00,1.735592210116292389e+00,1.241319999959116238e+00,2.526997802531738557e+00,3.296516424494192465e-01,-2.281826158779862723e+00,4.920367861782914964e-02,-1.904911743678457281e+00,2.056334492642834633e+00,-1.312068780265910561e+00,-4.048594844402785498e+00
1.000000000000000000e+00,4.591505842931559833e+00,8.599275168854617624e-01,-3.060445037500486798e+00,5.612209310764076697e+00,-2.518121113725654503e+00,-3.417302725630870786e+00,-2.086649661189889926e+00,-2.120311364680951716e+00,-1.381974788028674350e+00,1.028320180006447204e+00,-3.026510178409577367e+00,-2.034094073193515317e+00
1.000000000000000000e+00,4.175998476759387401e+00,-2.188078651034377486e+00,-4.945884876197463864e-01,2.625918397733157050e+00,7.622180123717869904e-01,-1.042742474912611739e+00,-3.513313488161127207e-01,-1.416473425550016874e+00,-3.479634886841120878e+00,3.247909923068743154e+00,-2.677281057885379845e+00,7.005398931580428812e-01
0.000000000000000000e+00,-2.535899258292483083e+00,1.019432772109817531e+00,1.824075841708552304e-01,-4.267291512102116435e+00,3.342486421158901155e-01,-3.324667329016316231e+00,-1.109664057822446370e+00,-2.218226713788172155e+00,3.484360797444056246e+00,4.089215491500934441e+00,-9.204501143620391623e-02,2.227943499376539016e+00
1.000000000000000000e+00,3.229701491951881387e+00,-4.181221539166847023e+00,1.242061054688286648e+00,-1.962821246825012356e+00,2.120472400774016997e+00,-2.716334793830657013e+00,-1.099160266328353508e+00,2.956696695062382974e-01,2.019653893742601181e-01,2.255778999533470497e+00,-8.804849143846376069e-01,2.818144390026558810e+00
1.000000000000000000e+00,6.913863251302643231e-01,1.757695554013424477e+00,1.370900822330223257e+00,5.048682695335149795e+00,1.503894083448367613e+00,7.354399645737179636e-01,4.524306918213500950e+00,9.263358805909267524e-01,-2.772749399128449088e-01,-5.575926910680273352e-02,-1.317521621602657733e+00,-3.217045110073017966e+00
1.000000000000000000e+00,5.908379860520953653e-01,3.530809894790361447e+00,2.621350021699190957e+00,2.172158517014494805e+00,4.929243544708459268e-01,-4.957413976065706551e-01,5.716798402642986332e-01,3.876340370591195850e-01,1.972791337242494336e-01,-1.583819419238497783e+00,-1.941378044272314973e+00,-2.456327660011950353e+00
0.000000000000000000e+00,-2.020584678625444663e+00,2.857300407246067042e+00,4.503303385542407611e+00,-1.525931104794812532e+00,8.944368815270022921e-01,-3.882825783072064940e+00,7.465113927743575184e-01,-1.311804680459345063e+00,4.406005754107615857e+00,3.677987897187301458e-01,-9.409768370391433656e-01,1.256291814210296565e+00
0.000000000000000000e+00,-3.610195330424556648e+00,3.409503164936151798e+00,-4.061677178221692941e+00,-3.432904028384546002e+00,-1.364576082749213715e+00,-6.466447139093678409e-01,-1.499951480797232506e+00,7.832976015197208319e-01,-1.716181259180850294e+00,3.896211834743759983e+00,-1.661463642445197175e+00,-1.539278054496712844e+00
1.000000000000000000e+00,-1.168967213563800733e+00,-2.027754687031722458e+00,1.429042525219234694e+00,1.897016590397263780e+00,1.287567557650566519e+00,-1.056881762083754062e+00,1.715728288405613977e+00,1.959360459313486347e+00,-4.159937636705825170e+00,8.745881216081154985e-01,-1.828352565297219900e-02,3.646421903579351032e-01
1.000000000000000000e+00,-2.117661407803121953e-01,5.423592450379929097e+00,1.195465589628758707e+00,6.431217069664934449e+00,-1.614929921773475829e+00,-3.286436896665853036e-01,1.512963946605488719e+00,-2.708584882538398464e-01,-1.662240153867006631e+00,-3.421200575443542391e+00,-2.487753226837885023e+00,-4.460743628956143958e+00
1.000000000000000000e+00,-1.476946379892248196e+00,3.775960655815103983e+00,1.898392415099129149e+00,1.760268135155942160e+00,-2.477416032833841264e-01,-9.963738325878491731e-01,1.153991153976754003e+00,1.850513290336642580e+00,7.455120153793879378e-01,-2.376342465693656703e+00,-9.004607364731825880e-01,-2.776473010172428424e+00
0.000000000000000000e+00,-3.647846554988238843e-01,-6.314161759374879779e+00,1.275500576405677933e+00,1.238679160297594950e-01,3.048400748720931475e+00,-2.438429599370850021e+00,1.880734639097613181e+00,-8.421277231971617816e-01,9.192020195985947106e-01,-8.645199457726548964e-02,2.434907207001283158e+00,2.823814620294492705e+00
0.000000000000000000e+00,7.736651709071986627e-01,8.844477542163899919e-01,1.501439671417530874e+00,-7.958419815861152102e+00,2.878779096396992809e+00,3.948072204919670369e+00,-2.126936955348034175e+00,1.856156268212444616e+00,-1.857526486137350830e-02,3.541821767519276687e+00,-9.145972986904548074e-01,9.598411240740056805e-01
1.000000000000000000e+00,7.661661543865536661e-01,2.303186769887809238e+00,2.272750626867399593e+00,2.774436682325299053e+00,1.122059545496925104e-01,-2.236457274443998777e+00,4.052131848578310880e+00,5.055289206276740721e-01,-1.686200242310680775e+00,1.259853347210146968e+00,-5.234789002136789549e+00,1.445552336214162015e-01
0.000000000000000000e+00,-1.921022129430472347e+00,4.560613482429856980e+00,3.226682424639999880e+00,-5.036274484946483554e+00,2.259766665105349404e+00,-2.964650807607347449e+00,4.051022263719817884e-01,-8.843163365993987890e-01,-1.578714035839325902e-01,-1.306281871751004520e+00,-7.079103877976834269e+00,1.992126661593422998e-01
0.000000000000000000e+00,-5.229461147045864067e-01,-4.547843396620694811e+00,1.142831827509409370e+00,-4.475321609948415436e+00,5.082135595892753877e+00,-1.415956410855028214e+00,8.907776645128901993e-01,-1.640869431781316834e+00,6.793399644907981427e-01,1.657364870338972285e+00,-3.817689974793956331e-01,2.522227435030663489e+00
1.000000000000000000e+00,-1.702076031305920667e+00,-1.257106518084925684e+00,-2.338875531221941806e+00,-3.993674817487917750e+00,1.313277634016179363e+00,4.210616552261479129e+00,-3.819040199826309046e-01,-5.569701124038406448e-02,-3.839717426184216187e+00,8.034470151492407730e-01,-2.429880158979493832e-01,4.493438147827868434e-01
1.000000000000000000e+00,-4.421767200823514266e-01,-3.575026161131643843e+00,2.585901399130152711e-01,7.082390077369780101e-01,2.174606664342845219e-01,-6.753974620754040759e-01,2.449482734753888558e+00,8.962360888270877179e-01,-3.401557962448413353e+00,9.955199635585337825e-01,-6.311390857080462213e-01,2.900921699605104820e+00
0.000000000000000000e+00,9.842388771765625544e-01,2.005186403973343801e+00,-2.082316995243822522e+00,6.988795086600230633e+00,-1.367851631304174198e+00,-1.138152699673344870e-01,-2.098724673073555369e-01,-1.352939048594156812e+00,-1.555746678556793494e+00,3.344244379082410568e+00,1.279758746528762980e+00,-3.892793933083224189e+00
0.000000000000000000e+00,7.049406953296586398e-01,1.324247494597680541e+00,4.875178129071206179e+00,-1.485668348174276510e+00,2.365300515510017298e+00,-1.056889891867308862e+00,1.952087886775155656e-01,-3.535745320681349391e-02,-5.586193086535009567e-01,3.162116614741033338e+00,-2.177541060279902574e+00,1.422681710269442235e+00
0.000000000000000000e+00,-1.102394766344693133e+00,-3.595470323327362383e+00,1.524306430127493783e+00,1.849790286695399244e+00,2.762097361893872005e+00,-3.600746795578602111e-01,2.289241442389747139e+00,-6.011310746741267863e+00,-2.713069963688091946e+00,-1.068538107301813422e+00,-9.131122602904336860e-01,2.687512303522323620e+00
1.000000000000000000e+00,-1.889393954511228380e+00,8.455508646248221183e+00,-6.117807266390408172e-01,6.238762245605784518e-01,-1.675994573571144119e+00,-2.439211112080585941e-01,1.186561872820746988e+00,-1.362496547774983524e+00,2.683423547650535479e+00,-3.435387757377981632e+00,-4.545299757807173435e+00,-4.464850199382029317e+00
1.000000000000000000e+00,-5.964438566861669511e-01,5.473287029631773493e+00,-1.575175571950846454e+00,3.674455595559029675e-01,-1.905813977551800598e+00,-1.314049710860563547e+00,-2.803467584719534056e+00,-1.988399816091653394e+00,2.804162132518489781e+00,-2.285089566479571843e+00,-1.256743430340954815e+00,-3.639977229260944469e+00
1.000000000000000000e+00,8.721103876321050219e-01,1.858551600356871836e+00,-2.278797032731678662e+00,-2.377249228164190598e+00,1.774175449967140938e+00,4.374515257326803130e+00,3.097862135299607189e+00,-3.801066499606986948e+00,2.024476224781287748e+00,-4.572161344864948518e+00,-4.558836004786458673e+00,-1.462122997704647043e+00
1.000000000000000000e+00,5.950541183752229291e-01,3.367065230391240171e-01,1.046774602241247853e+00,3.085612625161365585e+00,2.027907466723635643e+00,-1.996374941284619897e-01,2.371993255032040615e+00,1.317829486851754384e+00,-1.437068895906321586e+00,4.379305257509997773e-01,-9.826776147911631121e-01,-2.508999144924573432e+00
0.000000000000000000e+00,-2.325607899814702506e+00,-4.592773287973979102e+00,-2.936132852240787017e+00,-4.447638014117096361e+00,2.977523446381105998e+00,-1.622436623278937340e+00,-4.399934792881636803e-01,-1.485760673105566365e+00,-2.892585254601176548e+00,2.810788373949788976e+00,-6.503337121431422840e-01,2.077079373856402622e+00
0.000000000000000000e+00,-3.220110658759062217e-01,1.054126098415919977e+00,3.400114223041466932e+00,-2.570464262247941889e+00,3.012596428467314791e+00,-9.922719619356119569e-01,1.305993802367344303e+00,-3.624031443279055464e-01,1.306678774698103895e+00,-1.343631522444681980e+00,-2.728832092685568256e+00,2.890771253186374956e-01
0.000000000000000000e+00,-1.003613338615582773e+00,7.317980087099370534e-01,1.884819772966686902e+00,-3.167211425190612939e+00,1.345312141546999296e+00,-1.891938198422834727e+00,1.105644065028388079e+00,-2.452176737771710968e+00,3.045130453932680226e+00,3.506187562327350626e+00,-1.492817488761246647e+00,2.689539231102770600e+00
0.000000000000000000e+00,-1.619769424185915518e+00,2.187921159229790469e+00,2.648191080998988145e+00,-8.420350199479820219e+00,5.222926935691959649e+00,-1.535457089768696104e+00,-5.177073919611334674e-01,-1.870871183552961003e+00,6.953031095705841658e-01,4.375157638964761730e-01,-5.813058375732932603e+00,6.271031308821291006e-01
1.000000000000000000e+00,-1.486218582640413732e+00,3.895371584570755719e+00,-1.090414778352061020e+00,-2.167425335383881713e+00,-1.140884772348212284e+00,1.357340111124374582e+00,-1.755384968727172534e+00,-4.434402811702603531e-01,1.581248969978192420e+00,-2.292203886807486768e-02,-5.388597910579073780e-02,-1.695735414131871011e+00
1.000000000000000000e+00,1.004144738971788353e-01,1.925926319593224134e+00,-2.673857014518085329e+00,-7.176184350933257683e+00,7.675224054277496322e-01,2.532316530507737085e+00,-3.785456551608349596e+00,-3.412729752013328177e+00,6.766916635664139701e-01,-3.270008275903141026e+00,-3.371184290076360224e+00,-2.479969270231893175e-01
0.000000000000000000e+00,1.953245730294057569e+00,3.213832896816292806e+00,4.954085811653792248e+00,3.748780660842058410e+00,-1.188654385577535777e+00,1.432658536780071934e+00,3.983156770740647001e+00,-6.009552436112317153e+00,4.203575787125577889e+00,1.893679069521571057e-01,-1.891839537201831511e+00,2.973652438043316693e+00
1.000000000000000000e+00,4.083003008148952340e+00,-5.736610810309543673e+00,-3.075730264008844195e+00,1.596922746614213962e+00,1.158265315378162796e+00,-3.849885755282625999e-01,-1.160409201952307345e+00,-6.367899072786809000e-02,6.295978549482106335e-01,2.801227706657622107e+00,2.782867426081784057e+00,1.956097113062380544e-01
0.000000000000000000e+00,-2.389952349469406823e+00,-1.620305114341092478e+00,-6.432803987147353020e-01,-5.390375614969247664e+00,3.304217411833214602e+00,-2.455506218190246059e+00,-5.781533344018789933e-01,-2.970409011423089662e-01,-1.234556102958186852e+00,1.101887937899854508e+00,-2.210387362296194702e+00,8.998518298327741194e-01
0.000000000000000000e+00,6.670263309588062572e-01,1.979981572874743856e+00,1.514956645885269237e-01,1.617376204062362932e+00,1.095415184453655488e+00,-1.264021818877956171e-01,-1.640713061975142661e+00,-2.505754530106309996e+00,-3.739015996871333236e-01,2.836447303824934929e-01,-6.497724369390727173e-01,-2.537513140329129335e+00
1.000000000000000000e+00,1.381728133403146375e+00,-6.953099802660084316e-01,6.723015618851581054e-01,-1.727044277164314412e+00,-5.263822776947473248e-01,-1.426624401507752937e+00,4.614210216369094564e-01,-6.245151597765585816e-01,9.467087092030010975e-01,-8.966510224320660694e-01,-2.602919447385713347e+00,2.661381769215048099e+00
1.000000000000000000e+00,4.183810033296444075e+00,-1.418356164600051539e+00,-4.087134977766129218e-01,1.228230571554015160e+00,2.156379697012157592e+00,-3.350668777729066683e-01,1.291769384040539759e-01,-1.545544394189760862e+00,-5.199351911533856008e-01,1.085920161495722347e+00,-2.649219636200085937e+00,-7.464075871794648709e-01
0.000000000000000000e+00,3.115603233133446004e+00,1.656818473342539511e+00,7.143529484065925805e-01,-7.405323702030749411e-01,3.709917372702372651e-01,3.704618394120342550e+00,-2.937740381753576324e-01,2.406944938621047303e+00,-8.718037599029626605e-01,4.077453823235471120e+00,-6.768819964713752579e-01,-8.721940716232948754e-01
0.000000000000000000e+00,2.884089582983374367e+00,1.428683262449765179e+00,5.853479620216329060e+00,1.384424252453810622e+00,1.619819142157342462e+00,1.155246376571791522e+00,4.352337148207742423e+00,-4.183202523463931399e+00,3.637509521575141846e+00,-1.422923392734510184e+00,-3.389377194909783508e+00,2.770896401555188682e+00
0.000000000000000000e+00,3.984379346544658418e+00,1.183265964868142200e-01,-5.429769318949313472e-01,-7.559664890935740900e+00,1.804050601865591075e+00,3.837655422649982384e+00,-4.250534744105785911e+00,7.425050930678831484e-01,9.901660968305341370e-01,-5.113371159890067741e-01,-2.022119637854615348e+00,2.561963718910913457e-01
0.000000000000000000e+00,1.956833371440289682e+00,2.258327360317074206e-01,3.503637160808961593e+00,-9.218213977886277277e+00,4.266957201499527841e+00,7.080349743396650908e+00,-1.687106400213977953e+00,7.021290244179525519e-01,9.748291600807612589e-02,-2.249843068656709466e-01,-1.406938278080916982e+00,1.782067350734913180e+00
1.000000000000000000e+00,-1.922194371903224175e+00,1.601846921987482242e+00,-1.268213473367238331e+00,2.348739124619212859e+00,-1.700045269039590190e+00,7.466516710771915477e-01,5.465751403210705739e-02,-1.208832701461691750e-01,-1.053638144960511891e+00,6.849006934115520195e-01,1.592898047569787146e+00,-1.433131061168660736e+00
1.000000000000000000e+00,-2.827580069414129538e-01,2.089846903425276015e+00,-1.466708788713823930e+00,8.183347413998021125e-01,-1.826260651060587659e+00,2.195828004859053273e+00,6.744443770171331121e-01,-1.277585928331518961e+00,6.335607480677625247e-01,-1.682416744870594894e+00,-4.783875240884821745e-01,-7.707742277602871450e-01
0.000000000000000000e+00,-1.252130761660473990e+00,1.664644025970156427e-01,-2.217106296978291091e+00,-2.545392254171304991e+00,-9.558354410779841270e-01,-1.082762776579190511e+00,4.334870145080061965e-01,3.332337642046314663e+00,-2.665883784717308913e-01,4.728369274337842487e-01,-1.148744848980768340e+00,-4.599666882892972097e-02
1.000000000000000000e+00,4.665267590879603077e+00,-2.273473019189220068e+00,-1.198793087033888760e+00,3.218268594306195052e+00,6.533410555897591898e-01,-1.308161708865731576e+00,1.192494272444993619e+00,-2.087697225579315585e+00,-1.805664142775589731e+00,2.100718665421483333e+00,-3.470151453636169947e+00,6.040754722999295279e-01
1.000000000000000000e+00,-1.436128417221644860e+00,4.669645550510227672e+00,-7.769997016209344576e-01,-6.275700774836049156e+00,5.684894848197539208e-01,-1.946578686105384648e-01,-3.746737681826033839e+00,-2.397791906930064165e+00,2.750604615821650167e+00,-1.607855875416287050e+00,-2.805627583267727765e+00,-1.458305944955855527e+00
1.000000000000000000e+00,2.031873311121782599e+00,-4.743883253655871712e+00,1.992943421099404588e-01,8.477886824125223653e-01,2.789260587637068411e+00,4.021642846062412069e-02,1.498451354003518254e+00,4.300735502150387912e-01,-1.763692186167987508e+00,1.616751868101034662e+00,3.996832938543608549e-01,1.052188569706688170e+00
0.000000000000000000e+00,1.786224864431321224e+00,2.024947448991950782e+00,1.854064364872536119e+00,-3.534736778395414003e+00,1.910418952740421394e+00,-7.655071111202604861e-02,-2.057963847961074677e+00,8.800330035156602726e-01,6.664080960330527326e-01,4.353701591564767881e+00,-1.773011457775146793e+00,-2.706707360337804458e-01
0.000000000000000000e+00,2.681981413638895972e+00,7.706202411727094415e-01,-1.058787586752991228e+00,-1.359867335368454988e+01,2.970117717962858173e+00,4.496949911214179529e+00,-4.949525100363451280e+00,3.384271670711436641e+00,1.358610765116856189e+00,2.909187931835876650e+00,-2.755611390929520788e+00,9.545447012543566423e-01
1.000000000000000000e+00,-9.025500495905010023e-01,-1.917582048949319606e+00,1.342243892563557583e+00,-4.194300717979488335e-01,1.051090273498084260e+00,-2.161773352793426639e+00,9.147996686228966334e-01,2.900872104483699587e+00,-1.634537630083616966e+00,2.227222263336896546e+00,3.263341188497721479e-01,1.136913851861150793e+00
1.000000000000000000e+00,2.384164096791128173e-01,3.916354292736538234e+00,-1.916644987894958740e-01,3.226159866250163599e+00,-1.780140372194724874e+00,2.911571308883817100e+00,1.953255950917608175e+00,-1.732054067235448525e+00,1.816548146271963926e+00,-1.297554845313461769e+00,-2.867486277858160015e-01,-2.059261523643672653e+00
0.000000000000000000e+00,-4.735828931540878584e-01,-4.325729941816900848e+00,-9.391346746562523329e-01,-2.615694631921801516e+00,1.001640217203976446e+00,-2.279313186447077477e+00,8.165352908011780375e-01,-3.455516052319498321e-01,7.360210139524107076e-01,2.040214172149154015e-01,1.109187949423828812e-03,3.219481457516713441e+00
0.000000000000000000e+00,-3.604974577064155028e+00,6.719709577367255271e+00,2.898970619695103501e+00,-5.136109726472051662e+00,2.040992619408703579e+00,-1.645957302765369112e+00,-1.191518515923011279e+00,-1.018906752825158968e+00,9.039867951507656318e-01,1.081998960668021592e+00,-4.191184225800144603e+00,-1.644067811124573009e+00
1.000000000000000000e+00,-1.583061317717846972e+00,7.499427157931102705e+00,4.354024616519247548e-01,7.435358579098137355e+00,-4.757880012361980882e+00,3.379648526691771959e+00,2.828084944681496626e+00,-2.166483380424973681e+00,1.271583196185255060e+00,-1.321892478287010064e+00,6.636409822785440671e-01,-3.252145654236284322e+00
0.000000000000000000e+00,2.531093995350626624e+00,8.169100280150577431e-01,6.139889966917484454e-01,-4.021255668659505567e+00,7.686409020741324927e-01,2.949919543595906024e+00,-2.266138683544262733e+00,-1.977194021160103343e+00,2.368088675107784091e+00,6.557563547931508641e-01,-5.902115969519285965e-01,1.085247517830007169e+00
0.000000000000000000e+00,2.411032650948585321e+00,2.291158052710815518e+00,4.530705450803094170e-01,2.834368563041520517e+00,-4.981585105888142184e-01,5.747081500548669730e-01,-2.343907383968082403e-01,-1.697255797742693861e+00,1.054994993500638412e+00,3.113978195361021495e+00,-3.836977842996472932e-01,-1.262949851444101546e+00
1.000000000000000000e+00,1.641873021344123273e+00,-3.872894972804913127e+00,-5.213179013823561192e-01,6.429714014672076594e+00,-2.409606881409027679e-01,-2.144725297637643191e+00,-1.732941665512253149e-01,1.186302777908808004e+00,-3.811636645693786019e+00,2.305538913324081562e+00,2.667928810096506176e+00,-6.306943379062819321e-01
0.000000000000000000e+00,-7.427057186704094649e-01,-4.814568017213629036e-01,1.456381782315666173e+00,-1.104926508576935973e+00,1.712396864616365422e+00,-9.682521994964802259e-01,1.318590654259850226e+00,2.488104580324284498e+00,1.568280975228436791e+00,1.214823394767056142e+00,8.826850101999950127e-01,-2.559668802168859614e-01
0.000000000000000000e+00,-2.746844140345033880e-01,-5.562020145034417551e-01,3.709982265007788715e+00,-1.931114193805768098e+00,4.014923271938313221e+00,-6.119245127616271818e-01,1.935029932409554121e+00,-5.501949820308749128e-02,7.177698657139666150e-01,-1.172019568343870777e+00,-1.688917631718898971e+00,3.687632574393988616e-01
1.000000000000000000e+00,-1.417918433417777457e-01,4.248161865317483077e+00,-2.395937651840733817e+00,-4.226607780237456424e+00,2.096851194761129022e-02,3.345500083038119854e+00,-2.329990430015450364e+00,-1.646870406977932078e+00,1.786140595870434833e+00,-1.801890493599982879e+00,-1.947976758272695008e+00,-2.659479048999047635e+00
0.000000000000000000e+00,-1.163786782273162013e+00,-1.070783751577151000e+00,-3.620523353985705128e+00,-2.579725737699002597e+00,-1.856927499461090036e+00,-5.512948124130436778e-01,-1.380527129860216196e-01,2.917854958766546769e+00,1.472767349009916238e+00,3.626686355256132366e+00,1.785846523108859163e+00,9.080767806018639199e-01
0.000000000000000000e+00,-2.030982818776140952e+00,-3.433511297908214743e+00,-7.672697181494332330e-01,-7.146651721612391484e+00,4.266705336820525218e+00,-2.625829572820725488e+00,-1.109332291300889839e+00,2.272159435245467929e+00,3.496469792094558660e-02,2.181480706178623219e+00,-2.640521535916604545e-01,9.713692416285958364e-01
1.000000000000000000e+00,-1.565867464440348966e+00,5.899228160059661441e+00,1.189444701980555408e+00,4.716376195590079035e-01,-1.750776475478954097e+00,-1.559185524389191446e+00,-1.792065057855846355e+00,-2.393582357442406661e+00,3.890884843642213653e+00,-4.810534566324389250e-01,-1.993548642709562779e-01,-1.962559831220194173e+00
0.000000000000000000e+00,2.011553947544431509e+00,2.249499685286417416e-01,-3.035625636294183582e-01,2.172201360733194697e+00,4.086730927837429750e-01,2.382414763526173207e+00,-1.476870592624316192e+00,-7.342789966993961137e-01,-3.279222869872156831e+00,-2.910011309183800243e+00,-8.297882474595559277e-01,-2.206089216617728610e+00
0.000000000000000000e+00,-1.490991572801567688e-01,1.280116771112428609e+00,1.551468734190618148e+00,-8.477941724276936153e-01,1.963451768617017645e+00,-1.753419015632418088e-02,-1.263370869281716713e+00,-1.752491070872961298e+00,-4.800219081948171596e-01,1.663033950635515401e+00,-6.302336488838758966e-01,-7.236387967506374697e-01
0.000000000000000000e+00,-2.878976041536549957e+00,1.826505941922318188e+00,1.220279159678093084e+00,6.802475950084019285e-01,8.536796903533567793e-01,-2.959414200599686406e+00,-8.647753522315094754e-01,-5.477401043425101257e+00,-2.497005939271323971e-02,-2.310453229818185683e-01,-1.105432491579714904e+00,9.824957655738253415e-02
1.000000000000000000e+00,2.420550182648651294e+00,-6.572076635697139402e+00,-1.580363871521613728e+00,-1.949911502810862896e+00,2.897836387460949403e+00,-4.207836581220394390e-01,6.511568787541603953e-01,3.443899877552558664e-01,-8.076221153509340889e-01,2.368531762886788350e+00,3.757895695965507432e-01,2.442186009836645244e+00
0.000000000000000000e+00,5.983537748823695157e-01,1.362388134951449503e+00,2.179526189078401899e+00,4.037436360318928052e+00,-1.935001097415267601e-02,1.729765206085589035e+00,3.746685444204385540e+00,-3.484168245171305855e+00,-3.270350707391656009e-01,4.225076212623107841e-01,-1.531522189028172942e+00,7.619663840072736782e-01
0.000000000000000000e+00,-5.148450301210127922e-01,-2.115598847748138833e-02,5.024567757815456837e-02,-5.183115192188288312e+00,3.080975894423090278e+00,9.260393017395995852e-01,-3.081082326583572506e+00,-3.102184883030819851e+00,1.593424196530834003e+00,9.106169672347310673e-01,2.622702489526533842e-01,4.944375130452538514e-03
0.000000000000000000e+00,3.095954205954789540e-01,-7.213287991115589826e+00,-5.301634663834384753e-01,-1.846602738546246680e+00,3.873478320812540954e+00,-4.339036360490445832e-01,2.222806383585420598e+00,-1.929526618828250717e+00,9.960287547238614314e-01,3.960515482060409376e+00,2.368927640831019588e+00,3.699780942883096557e+00
0.000000000000000000e+00,-3.126101668279257506e-01,8.518805358232022229e-01,-2.803029109969111143e+00,-2.070955562445118581e+00,5.291039232946654902e-01,-8.929588207352501250e-02,-2.892045198315863708e+00,8.516283647440561211e-01,-2.234903971122233379e+00,2.238924501520721755e+00,-7.300801469917537201e-01,-2.180920540012840192e+00
1.000000000000000000e+00,-2.982928093269645142e+00,9.062696960191676254e-01,5.807683762419813434e+00,-2.829268359568979374e+00,1.030782651615916423e+00,-4.392632015211965779e+00,2.746269777780008692e+00,3.959016224280855756e+00,-2.723449553753033214e+00,2.308344642435212535e+00,-3.842057464896078578e+00,3.733812167777348812e+00
0.000000000000000000e+00,1.649022308296842265e+00,1.146755062259615210e+00,3.181838240485886260e+00,4.540180617520571893e+00,8.212626586212588009e-01,3.017842753659986776e+00,4.080217233506067132e+00,-3.106571373400070168e+00,1.978524710372791207e+00,1.199039522217058895e+00,5.109954311547710848e-01,1.949688794682383763e-01
1.000000000000000000e+00,-3.155593865187719782e+00,3.029155962567797289e+00,-2.809355846066568851e+00,-6.853188263894053556e+00,-1.567401653265338091e+00,1.288494266280948874e+00,-2.129588717993772917e+00,9.057399753056163405e-01,-3.970637716812539519e-01,-1.338490353162135271e+00,-2.263926366778711063e+00,1.674350514134967938e-01
1.000000000000000000e+00,8.299553916917180585e-01,-9.297478838113234501e-01,2.255902374925249809e+00,-1.529390375015011516e+00,3.012482019368212249e+00,1.621243503017180565e+00,9.042351810278977942e-01,1.168552120689772433e+00,-1.173180788196958035e-01,1.126932725376618816e+00,1.088102039528435760e-01,-2.100680146481948007e-02
0.000000000000000000e+00,-2.098352605463173592e+00,3.777014242587412696e+00,2.719822887453530846e+00,-6.313517187417375887e+00,3.073394677091893623e+00,-2.053753238779694179e+00,-1.064212494595447200e+00,2.380874633556948616e-01,2.704155829881774942e+00,4.124629227562613965e-01,-3.088054460404520363e+00,-7.758071469658331942e-01
1.000000000000000000e+00,-1.444627804272821558e+00,2.127414578179429583e+00,1.355258958105309386e+00,-1.073288225907248483e+00,-2.547391819252568634e+00,-3.295848566483421394e-01,-5.144309853947509836e+00,-1.156869483604626714e+00,-1.574451493483514763e+00,1.972637013502545056e+00,2.091231730693594582e+00,1.354176253790796203e+00
1.000000000000000000e+00,1.229600365044546839e+00,2.669536349899995997e+00,1.414769927135035354e+00,3.076249431319750371e+00,1.544024442441119582e+00,-4.148605867964713090e-01,3.071061325322059776e+00,4.921458447363129540e-01,5.740300193618090852e-01,-6.772365026930191600e-01,-2.939145241795664276e+00,-3.082816711410369503e+00
0.000000000000000000e+00,-1.663231070724666694e+00,1.825174461226802158e+00,3.822407240032928755e+00,3.334386642804097356e+00,1.769359316061098086e+00,4.097289551823773968e-01,1.221772470970996949e+00,-2.271726187997125557e+00,-4.114678223408916757e+00,-1.409217548119784613e+00,-1.455339911531377428e+00,-1.038848857989884689e+00
0.000000000000000000e+00,8.560305529062279817e-01,4.292602443517019140e+00,3.357354635332341353e+00,8.709826997687437622e-01,-2.160793926282358779e+00,-7.979454201217307530e-01,2.934423626421364784e+00,-1.289544683295752003e+00,4.263361217315074114e+00,-1.630739557388187766e-01,-2.985207012359166079e+00,1.836174691428419603e+00
1.000000000000000000e+00,-2.709177183343897788e+00,3.558208028353678998e+00,2.673392840875011167e+00,-4.111276580809373193e+00,1.393874869308967535e-01,-3.650547808455067766e+00,-5.407512966171073465e+00,6.847355712421176577e+00,3.222400037912858117e+00,3.325962916345019948e+00,4.379135322011410203e+00,-2.775356466686435652e+00
0.000000000000000000e+00,4.280515802314244223e-01,-5.561735509177668790e-01,1.883215630087665904e+00,-1.468979753442109626e+00,5.313550090437757500e-01,-1.896511139861482231e+00,1.581606510192280712e+00,1.410014129388439841e+00,4.970134835012334662e+00,1.827093734116428170e+00,1.060096235641591278e+00,1.650229393787534526e+00
1.000000000000000000e+00,-5.003801506012637290e-01,5.098219950751835761e+00,-1.636122443709425278e+00,-1.870792565983685263e+00,4.049799034867540559e-01,3.173304054043757372e+00,-2.030696453302902604e-01,-4.079073410385618104e+00,8.590667457781138161e-01,-3.719349646318600655e+00,-4.081602817883453582e+00,-2.952623497973413613e+00
1.000000000000000000e+00,-2.134721248758873369e+00,-1.548739777468205181e-01,-2.376701454429157145e+00,2.321956516068095500e+00,-2.383039889214035867e+00,2.263915448785787987e+00,5.801668497242465250e+00,4.987793595829106419e-01,4.057632424881523203e-01,-1.844177550298925716e+00,-1.181690755755202549e-01,7.577074227064004575e-01
0.000000000000000000e+00,-7.965290749487274891e-01,2.480409523918047088e-01,5.119764106614226318e-01,6.274808974573963249e-01,1.830585760832437625e+00,1.201436018765915215e+00,8.646781116871646855e-01,-1.101938801787157196e+00,-3.020782769876018126e-01,8.710584098403082454e-01,6.368584371324024218e-01,-1.180016023004578418e+00
1.000000000000000000e+00,-1.360560181737534347e+00,-7.378875272816629582e-01,-4.054846279337434467e+00,-6.873195350519735847e+00,1.513272251635022769e-01,4.123725697701966730e+00,-1.996299467779472980e+00,-2.682521642513063798e-01,-9.704008986821044402e-02,-5.331654238708762872e-01,2.491784216753343273e-01,6.978402967135388657e-01
0.000000000000000000e+00,-2.324928546209862112e+00,-2.010241642764261094e+00,-2.084428494903089568e+00,-1.061661435396707098e+00,7.001025551232171740e-01,-3.180318439560670951e-01,3.190282131639501362e-01,-1.922466801936664638e+00,-2.889981236760375438e+00,2.919372008132732788e+00,-2.865179723533661793e-02,1.455890029294907739e+00
0.000000000000000000e+00,1.215735767020529767e+00,7.183665799014227193e-01,1.561111240082764251e-01,1.107479065195283141e+01,-6.135422653725330910e-01,-2.015250824598958435e+00,1.124745833753556745e+00,-1.470165991055913057e+00,-4.581322316014051488e+00,-4.212306072414817582e-01,1.101760552795467696e-01,-4.265320815444939129e+00
1.000000000000000000e+00,4.023318652891095581e+00,-7.796151516477287657e+00,-2.497556837981946831e+00,-3.331168359293976255e+00,1.912467486336656641e+00,-3.390051256995941564e+00,-3.751697043980793289e+00,1.227489700986428289e+00,-3.584326824171076842e-01,5.908489331893919783e+00,1.793713188558074378e+00,3.339561392647077298e+00
0.000000000000000000e+00,4.477928267694295528e+00,1.941573373209085629e+00,1.020263168349212046e+00,1.337625168665927866e+01,-1.806519067588137073e+00,6.512476518021413918e-01,2.519162272804787772e+00,8.804199448308347442e-02,-4.194012333608043264e+00,2.698997918981465016e-01,-4.175948424723406882e-01,-4.713014975369111959e+00
0.000000000000000000e+00,-2.932717802215257796e-01,1.174468686831511288e-01,4.166947695148246922e+00,-2.778370124469085933e+00,3.437780935191011356e+00,-1.710799660274706868e+00,9.309151833268061171e-01,-2.980940780608176688e+00,3.664319113646954396e+00,6.901672021659197576e-01,-1.102910877422848657e+00,1.932545955294968199e+00
1.000000000000000000e+00,1.234708913717317280e+00,1.112280917270539238e+00,-7.045541678974316380e-01,3.347032551427087554e+00,-3.373700947002803652e+00,-4.353389770528647063e+00,5.385574625810182203e-01,-6.360729682945798213e-01,-1.298124748826065655e+00,-3.744327110353178334e-01,-3.839229381247567296e+00,1.147353956965839306e+00
0.000000000000000000e+00,1.211959280134112582e+00,8.255836752229609443e-01,1.718395371071636646e+00,1.650433488858197251e+01,-1.721794378990836094e+00,1.057950330230272851e-01,3.166842733721858316e+00,-4.171947226279195675e+00,-6.107546023322220741e+00,-5.423660864484449284e+00,7.087020247630082537e-01,-4.510023476817179855e+00
0.000000000000000000e+00,2.966674819380182626e+00,8.717341216698640260e-02,-1.787254934888196978e+00,5.523857845105035302e+00,-8.377754525700946697e-01,1.360876888969043907e+00,-1.816238460883971673e+00,-3.763946742077326491e+00,-6.097730173822304423e-01,-2.852440445476953634e+00,8.660479415139916703e-01,-2.871728549327444924e+00
1.000000000000000000e+00,-3.673492912412035238e-01,3.850532620535474848e+00,-3.173470340455408767e-01,-3.337598412865033559e+00,-1.154569065813106254e+00,2.367982553734259810e+00,-1.242068768577552884e+00,-4.003277083246304935e-01,2.121756937460159698e-01,-1.224935719658699851e+00,-2.469484936064519687e+00,-3.841388054148053843e-01
0.000000000000000000e+00,2.606840010992497181e-01,-4.537135560294577985e+00,1.381299338856838865e+00,-1.207922842805702501e+00,2.670748799122461214e+00,-1.831623632819230574e+00,1.725298477628506966e+00,-1.405942744027750546e+00,1.866777722412647611e+00,6.914355686003519352e-01,9.030455723803432200e-01,3.028164818604487607e+00
1.000000000000000000e+00,-2.299429327468710538e-01,-9.249885537149137027e-02,-1.706918489189138244e+00,-2.734537253969959281e+00,-6.979147447894282763e-01,-2.287907526790514012e+00,-1.774246473527207435e+00,1.118440425160533991e-01,1.829412184180740919e+00,-1.305951061781857936e+00,-8.346494438234657309e-01,3.517079626026256012e-01
0.000000000000000000e+00,-2.175308561348598957e-02,1.108803277453394687e+00,2.277183300217111572e-02,1.616516774269188383e+00,9.506138080054434836e-01,5.848830885765748944e-01,-8.923730568028633847e-01,-1.559461267739973733e+00,-2.382497083896071288e+00,-4.765160126198408896e-02,-7.160006781934880049e-01,-1.945432198321847217e+00
1.000000000000000000e+00,1.911484736517530703e+00,4.323999219219116341e+00,-2.130265195980081572e+00,-6.107917562989996441e+00,7.777630796274275227e-01,3.139458670073826063e+00,-4.485077076138200169e+00,-4.964059724439747967e+00,4.039172531635731644e+00,-3.992952036491172585e+00,-3.319827540287384249e+00,-2.131233436608405363e+00
0.000000000000000000e+00,-1.417471113024931340e+00,-2.246807934476819923e+00,5.451178575425342787e-01,-5.440311966794987519e+00,3.415915406079748529e+00,-2.641011682334497124e+00,1.969129728613746577e-01,4.418440999753004306e+00,1.558753403013773964e+00,1.769586463731742443e+00,2.687526368538855071e-01,2.733971467822348123e-01
1.000000000000000000e+00,1.280121380668928222e+00,-2.250405410054674871e+00,-2.537390038168887418e-01,-2.354727014334421220e+00,9.438034273071285174e-01,-2.678862715474597866e+00,-6.326709508929651005e-01,1.577737417428170197e+00,9.638881282063826994e-01,2.110710305037919898e+00,-6.245210287397713333e-01,1.459252740274283866e+00
0.000000000000000000e+00,-1.302056617189017551e+00,4.513130981598942881e-01,-1.077425721526541480e-01,2.845332221936484718e+00,3.021245158607563042e+00,6.772099684069960990e-01,-3.878649883199124515e-01,-1.280738648940798141e+00,-2.292891757397508279e+00,3.812039130042108148e+00,2.120457179897797140e+00,-3.676841495534461046e+00
1.000000000000000000e+00,-7.431075967553595341e-01,3.480692453666316855e+00,2.390429343988141220e+00,4.890599419520922808e+00,-1.153592671943469927e+00,-7.137995705190347540e-01,5.201584172094375624e+00,-4.739079354479169837e-02,-2.910568635151871142e+00,-1.226947775876021218e+00,-4.856082697739089404e+00,-4.336157318756419521e-01
0.000000000000000000e+00,-1.031114917972692391e+00,1.863083899598648285e+00,1.373858865848877731e+00,2.011536116071617197e-01,5.066817537603853783e-01,7.456560559121243603e-01,1.615391130351805149e+00,-3.661980945865522585e+00,2.003679076174508467e+00,4.595966842908641325e+00,1.810111376645768821e-01,1.241848014805790656e+00
0.000000000000000000e+00,-2.868291662633947858e+00,9.196291598887058605e-01,-2.961844981923944076e+00,-2.205690819686705328e+00,-2.618079239393997781e-01,-9.042581945120785614e-01,-8.112934625386634124e-01,3.843069736035571893e+00,-1.497181892793694846e+00,5.187937979788683762e-01,1.708314913633868226e-01,-2.387908873959507794e+00
1.000000000000000000e+00,-1.888172966832789346e+00,3.957164936374276909e+00,5.383697181747269411e+00,4.667378933376591377e-01,3.013867186011454091e-01,-1.859272975622981106e+00,-9.134714309845670677e-01,3.424059947726854514e+00,3.352415776172763540e-01,-6.525377012396476051e-01,7.302104345907149963e-01,-1.649966544817928593e+00
1.000000000000000000e+00,-1.087991878145001756e+00,-2.937488889207032106e+00,1.805022095318866704e-01,-5.609076643158407149e-01,4.829132217214027190e-01,-1.928018564840386251e+00,-1.366229644787927633e+00,4.266961261192232513e+00,-6.903252761501157408e-01,3.687607216367591256e+00,4.141461801573440127e+00,4.402533100841206082e-01
0.000000000000000000e+00,1.504384682759348557e+00,-1.221472371879106511e+01,-2.417688166377225389e+00,-3.528016947849174301e+00,5.303881879089712648e+00,-6.584156699385624867e-01,1.796841159060799775e+00,2.824032215148664093e-02,1.453339953124290762e+00,4.927379427880423712e+00,4.766809299337133154e+00,4.701507925995888293e+00
0.000000000000000000e+00,-1.396304330955656425e+00,-2.432906612960977100e+00,4.475923294368119310e-01,-3.922138357856783664e+00,2.702492223064568933e+00,-2.385282151095656999e+00,-8.854538316986682034e-02,-1.860131781230591308e+00,3.131789935024580362e+00,3.878392908414108220e+00,1.253444289865899286e+00,2.427275649787914436e+00
1.000000000000000000e+00,-1.720116007146390569e+00,-2.359684964034032273e-01,-2.106137363952559127e+00,-3.832181661908298675e+00,-2.108451399316157993e-02,-4.618000040140419760e-01,1.651921353105582746e+00,4.317440606283099669e+00,-1.814579982389382451e+00,-1.847435739620044703e-01,-2.708590710581724625e+00,2.123641061433210186e-01
1.000000000000000000e+00,-2.580793238988189131e+00,5.134303889095957807e+00,-1.913571381787220638e+00,-2.536479093021177800e+00,-6.040375274436391440e-01,1.400025163728043420e+00,-2.419466730506649732e+00,-1.760968641016003033e+00,-2.705328549119343506e-01,-1.148460855606400877e+00,-1.701414636849047923e+00,-2.991428068412786079e+00
0.000000000000000000e+00,-3.405065847028694304e-01,1.501929395431068626e+00,1.479066647755906239e+00,5.035639191899718980e+00,-4.717545538092426938e-02,-6.513484732072045702e-01,-3.476160614360168655e-02,-1.577425783005732107e+00,-4.040883983559378834e+00,-6.095150827554465245e-01,-8.430917113767668614e-01,-1.853549388864993208e+00
1.000000000000000000e+00,-5.604984263545298440e-02,3.740806141609219981e+00,-2.386141119619128226e+00,-7.851059200086404566e+00,-1.119308668211573599e+00,3.988408976751443014e-01,-3.138512935748134947e+00,2.408805278685182127e+00,9.619419155489885576e-01,-2.341215368055451496e+00,-4.513616447489246397e+00,-7.432826329928767795e-01
0.000000000000000000e+00,1.183380270288008074e-01,4.954814464205047564e+00,-3.538535456425053738e-01,4.765497176168746463e-01,-1.073870019581658397e+00,2.704040287071587390e+00,1.840938129160057057e+00,1.557147415052135386e+00,-6.984224219007053591e-01,1.250604557748153045e+00,-2.886262314667621176e+00,-2.432798729699772622e+00
0.000000000000000000e+00,1.391144875177579676e+00,-1.760860414558256704e+00,7.430585219813989895e-02,-3.121558118194148967e+00,1.435956440011135538e+00,1.145121219155736281e+00,-3.327865137330066947e+00,-2.633734497772707073e+00,1.057217661593547575e+00,-1.272420522702531809e+00,9.664826975226912253e-01,1.065000568228071653e+00
1.000000000000000000e+00,2.085568075742472161e+00,-9.476658361985654810e-01,1.080290316808607542e+00,-6.851162690762047092e-01,1.331164395264943234e+00,-1.319675121363224957e+00,-3.554052326126868611e-01,3.330776733826819047e-01,-6.119067123147752252e-01,1.761241610772115607e+00,-1.774856961257861965e+00,7.776399316306994436e-01
0.000000000000000000e+00,5.683345207443257774e-01,-3.688591460715447301e+00,2.611673229014276343e-01,-3.864343990179162525e+00,3.781963246898788711e+00,2.628657433647532127e-01,1.368514116511140966e+00,4.660384759569580204e-01,1.425155080169097310e+00,2.258294427023527895e+00,2.437268968095593902e-01,1.660068984147087479e+00
0.000000000000000000e+00,-5.445649047570386703e-01,2.146712085824149518e+00,-8.890456581391201762e-01,9.098083055712646167e-03,1.462525492341939959e+00,2.936643147409507826e+00,-1.306587026546891961e+00,-3.855213468866061088e+00,1.784304122037216889e-01,6.453461746044735214e-01,5.897284174214225683e-01,-2.454991589937576268e+00
1.000000000000000000e+00,-2.476133338100819259e+00,2.847798170766053794e+00,-2.199606320089268152e+00,-2.631797554909356851e+00,-2.499840721702605961e+00,1.806327322909324851e+00,-9.281039680786690171e-01,-7.062459036544896929e-01,1.883846841767492286e+00,-8.832240473283547999e-01,5.997443605254821897e-01,-9.107737726917375376e-02
0.000000000000000000e+00,1.817717555636473747e+00,3.506363626095072572e+00,2.457386795674607605e-01,3.862204747224553092e+00,-7.937205254498207463e-01,5.425502018953167749e-01,7.191716635428124782e-02,5.442074417689317656e-01,-1.277360431883390657e+00,4.120241483778960045e+00,-1.001492173677049680e+00,-2.762781894589106280e+00
1.000000000000000000e+00,-7.287388194091530824e-01,1.475199097742327714e+00,-1.710576249918466019e+00,1.589283089393767945e+00,-5.592324270501066730e-01,4.033641527234091972e-01,1.175339174286553767e+00,2.355322804434822892e-02,-1.021868326786446346e+00,-1.156588111427613974e+00,-1.265612440691214591e+00,-2.001034354786595415e+00
1.000000000000000000e+00,1.068334806919403857e+00,3.392252057403164045e+00,-1.023083492311850806e+00,-8.717893077014494452e+00,1.021772554242950548e+00,2.121756878003423274e+00,-5.794931644246551272e+00,-1.173184585204906316e+00,8.696202085642206203e-01,-1.287478089653193658e+00,-3.398457476335769556e+00,-7.259305663796709052e-01
1.000000000000000000e+00,3.577658853177775100e+00,-4.250693571554950090e+00,-1.714768629050396065e+00,2.133824117183536817e+00,2.093294996046181744e+00,4.355158273137940128e-01,-1.755000212167896478e-01,-1.430792357899358436e+00,-2.504212974059358388e+00,1.086556898108006930e+00,-3.373648896580693224e-01,-2.187542462686649092e-01
0.000000000000000000e+00,2.047735309404422388e+00,3.602215007963786242e+00,7.628761379380178953e-01,-6.516436451042180167e+00,1.755153684270812864e+00,2.906591991962000243e+00,-2.091610176059963688e+00,3.779813514698945554e+00,-3.237552919001784879e-02,6.232039833932620176e+00,-2.606300195493781668e+00,-1.010810609896346302e+00
0.000000000000000000e+00,-1.580575715316138830e+00,2.629298882841602847e+00,2.396791802420084938e+00,1.915838730246014032e+00,1.754559867276217711e+00,-2.317059140367122350e+00,-5.455476438345389090e-01,-3.269018643151546666e+00,-3.574315323666479305e-01,3.012378684692218922e+00,-5.118704896485584133e-01,-1.361789889816137133e+00
1.000000000000000000e+00,-5.721238797430960865e-01,6.955728654046183124e+00,-6.398470474005251152e-01,-1.613571725075842789e+00,6.458742260851679795e-02,-7.240421803695749059e-01,-1.124255040587480048e+00,-7.989347645369915263e-01,2.243514664501612188e+00,-2.411222459984908362e+00,-4.446966373553934204e+00,-4.535436243385253974e+00
0.000000000000000000e+00,-8.857122512657964464e-01,3.739422398690422700e+00,-1.264951553832887043e+00,8.679915365462098631e-01,8.497988353803640482e-01,5.686909579554686456e-01,-1.034516790201728709e+00,-1.795898085855107018e+00,-2.078757564598308516e+00,1.012018128268216355e+00,-2.139304230559891273e+00,-3.709276391205872603e+00
1.000000000000000000e+00,2.319161613570397851e+00,7.428862579635635566e-01,2.739150122694170575e-01,4.746903631536514290e+00,-8.143779449475752052e-02,-4.584797957376862243e+00,1.442234353881003628e+00,3.200503480606226026e-01,-2.217174407512983336e+00,2.064980334425746911e+00,-4.101312880539786043e+00,-1.277172696026726451e+00
1.000000000000000000e+00,-6.724842110809330364e-01,1.309656926974371194e+00,-1.473666253149912286e+00,-8.581368235728225713e+00,2.270346739989772988e+00,1.790474715309573472e+00,-3.653977195077623641e+00,-2.999588596946577645e+00,2.768622549381714038e+00,-9.493850289230559847e-01,-1.621343094867761181e+00,2.069762830032559897e-01
1.000000000000000000e+00,-7.394312674276941610e-01,5.806081716430620432e+00,1.223050513914294868e+00,-2.340951925858581362e+00,-1.995814175467396367e+00,-4.388723932697509156e-01,-2.552867956501221336e+00,3.977365279290070443e-01,2.232193499579181450e-01,-6.630819736346118543e-01,-2.914513386187094657e+00,-9.674978540776001390e-01
0.000000000000000000e+00,2.131187995524703283e+00,7.663149665459014770e-01,-1.485039251794727289e+00,-3.591693592454579420e+00,1.807652524393795757e-01,9.809164063597920480e-01,-3.527271678267399846e+00,-2.274802297453188960e-01,1.819153996087829572e+00,3.584069462454612331e+00,2.591848947714070484e-01,-2.303358012036977875e-01
0.000000000000000000e+00,7.367608822428606263e-01,2.968476128850821461e+00,5.489905037959826650e+00,2.068933930518025655e+00,-3.690626633832005954e-01,-9.639778770331728364e-01,3.253944954342512741e+00,-7.417845272096483811e-01,5.596031265728672821e+00,3.405572970792937193e-01,-4.682631873728426708e-02,1.382668926441100510e+00
0.000000000000000000e+00,2.451557439114059322e-01,1.022368499513603757e+00,1.970745920694921605e+00,1.036480038464461551e+01,-1.211568042687625635e+00,-1.622630859067677456e+00,1.238594107012099155e+00,-3.763921394524371244e+00,-2.832632077623201461e+00,-8.145682746011235764e-01,1.063311338827275687e+00,-2.001593162835071826e+00
1.000000000000000000e+00,-1.544173571766687347e+00,-6.262305283125281230e-01,-2.472184854385711006e+00,-3.186701783542148725e+00,-1.080339720468892262e+00,2.484018830578500925e+00,-5.661110550693682075e-02,4.079261933738322909e-01,-8.334654114608393005e-01,-3.203281316925241651e-01,2.894741452520239733e-01,1.273072830290428836e+00
0.000000000000000000e+00,-7.301523759610415443e-01,-6.579436884536966623e+00,-4.409379090902394438e-01,-1.634254033912745152e+00,3.467002161978006036e+00,-1.678435631797143390e+00,1.320996651842090586e+00,-2.071310810556011184e+00,-1.865459913540074233e+00,6.786966549679211980e-01,3.483634141232248016e-01,3.240857518205831234e+00
0.000000000000000000e+00,-2.166315057166759761e+00,2.512157378056121271e+00,-4.812606008737412289e-01,1.736230401318310079e+00,-2.267397904204876191e+00,-6.075337224256837088e-01,8.797644207638976033e-01,1.504580017022511651e+00,-6.565565603210226087e-01,1.460603487749021490e-01,9.767742012786762018e-02,-1.020251609923459313e+00
0.000000000000000000e+00,-2.414282833268770911e+00,-1.907919454173992335e+00,-6.001847393346022574e-01,-3.735582503856709202e+00,3.541624317330577920e+00,-1.217877083748781342e+00,-8.197327862516412544e-01,-9.324622747324290417e-01,-2.005837693041140568e+00,7.520825051440609421e-01,-7.498577426776957822e-01,3.281470842198253024e-02
1.000000000000000000e+00,1.044306622085930059e+00,-2.372027832567364047e+00,-2.364795124078085120e-01,-8.594696117617938169e-01,1.140613686020994777e+00,-1.500051210102058441e+00,-1.215143519842867281e-01,3.932267521638322938e-01,-2.196075614353244276e+00,1.212597044194799745e+00,-1.651952133399112288e+00,1.283011159660655931e+00
0.000000000000000000e+00,-2.064770987758742571e+00,3.024797324059328218e+00,3.055514887773946864e-01,-1.930034029029281895e+00,-2.333488147313066641e+00,-2.300117999443587635e+00,-3.263234908511016830e-01,1.819604768970955355e+00,2.842215506082939491e+00,4.401234294622055065e-01,-2.371221252964018644e-01,4.501430183562017406e-01
0.000000000000000000e+00,-8.734260687156863989e-01,3.179304594656037430e+00,3.622151472762008328e+00,-5.028106730444098282e+00,3.323919591822635411e+00,-1.286272332955211262e+00,7.963744876079983381e-01,-2.078758096310112435e+00,2.412811080980092449e+00,1.811286816438288483e+00,-4.290857763664654101e+00,9.569867317570974752e-01
0.000000000000000000e+00,4.315276412070154777e+00,1.959153759021962760e+00,9.722740210285479856e-01,1.496747967324374429e+00,1.048988508441731637e+00,1.644019795196650646e+00,-7.044858007034207059e-01,-1.173890687209596884e+00,2.367204274244216311e+00,3.615645502768299213e+00,-4.056190412019349267e-01,-1.792769564944911131e+00
0.000000000000000000e+00,-1.447247259605436875e+00,1.973587127416513709e-01,2.565742035459171344e+00,-4.077322272852565099e+00,4.099423715528734746e+00,-1.781464498589069745e+00,9.133042078769791905e-01,-2.365804218086243971e+00,-1.014414236168387884e+00,-1.088829486590316975e-01,-4.359578487399221380e+00,1.252129070164889280e+00
0.000000000000000000e+00,-1.674329718635003239e+00,-6.549139061722052402e-01,1.277045495929772123e+00,-8.250389902091020966e-01,-2.900233488539227800e-01,-4.120766006319726671e+00,8.977619048272280633e-01,-2.978132003419627694e+00,2.725712367112692602e-01,-2.117246255322653870e+00,-2.768569570562288362e+00,3.155211269919829586e+00
0.000000000000000000e+00,1.673312581026924928e+00,2.164618883361368873e+00,2.523752021877868845e+00,-3.558347308022459021e+00,2.032119301574841774e+00,-1.451003577613396711e-01,-2.133163955733409445e+00,2.937078649437187661e+00,-1.482566580616751395e+00,4.689979481950826923e+00,-2.353108581504882224e+00,-5.393207795272219052e-01
0.000000000000000000e+00,-1.911002974975093860e+00,2.393622217206121117e-01,2.874783115557775659e+00,-4.144966993817268630e+00,3.699684999015932174e+00,-2.276242354995530626e+00,1.374074367216382431e-02,-3.895586644120892839e+00,8.822790520420961125e-01,5.660145612618381339e-01,-2.694324123275006144e+00,1.906035551589952082e+00
1.000000000000000000e+00,-1.496445520751036540e+00,2.641419279674070530e+00,4.475563743931827432e+00,1.566906096773843737e+00,1.306558788246613645e+00,-4.124851050662829977e+00,3.086763991649835503e+00,2.590177819786246616e+00,-9.704753300936699301e-01,-9.493803639364297720e-01,-3.739266467762180746e+00,-7.818987738925201603e-01
0.000000000000000000e+00,1.396511241844406115e+00,1.823884933161288968e+00,1.299526158047561442e-01,9.861871928840445500e-01,-2.747819137487519381e-01,6.294943032712868591e-01,-1.401760213545089950e+00,-1.625649697841151653e+00,-8.371816167425123467e-01,2.167194886779876262e-01,-1.309009141139457766e+00,-1.047629026394618856e+00
0.000000000000000000e+00,-2.688224696802377078e+00,8.186675298157168879e-01,7.011602545298980527e-01,-3.888040173192418347e+00,3.687332893690390634e+00,-4.861529392643321179e-01,-4.334127052208385233e-01,-4.187325130766518022e+00,-1.188571706910808157e-01,3.931190565904004064e+00,-1.328982644900103649e+00,5.164405957760527244e-01
0.000000000000000000e+00,-1.096489184906932257e+00,-2.139678217221488321e+00,1.441495145645164122e+00,-4.318973454273427492e+00,3.298030444308330811e+00,-2.669361035224554257e+00,6.404347149430142938e-01,-2.128505420246482593e+00,-2.611564132909514058e-01,1.571290531481115416e-01,-3.041779271076490154e+00,2.791094717948139348e+00
0.000000000000000000e+00,-4.299910778951180346e-01,-8.573009232011090663e-01,-8.133436983446442614e-01,-1.931736732122428579e+00,2.352828559590893320e+00,9.498360225086723840e-01,1.606813364968507907e+00,1.633838872054532931e+00,-3.188435704547132765e+00,-3.752312832509689944e-01,-2.780464175311799124e+00,-7.861878730281968153e-01
0.000000000000000000e+00,-6.235406163469690011e-01,3.970613677179715695e-01,6.876873519987989347e-01,2.708842245555404649e+00,8.792296058651359880e-01,-2.277336988617231217e-01,-5.659218520725113333e-01,-1.165092713266283608e+00,-2.648252969300230575e+00,6.273859357894022715e-01,4.532486223330700614e-01,-1.555039778900117575e+00
1.000000000000000000e+00,9.514969602789797865e-01,1.341900482726211985e+00,2.035293365001125121e+00,-1.165309151844503122e+00,-1.155587416943375079e+00,-1.014026368887857910e+00,-4.555476384502832765e+00,2.132217929305394666e+00,-9.401952716354369244e-01,3.230923221728923878e+00,1.508167529076592128e+00,3.991563686853791815e-01
0.000000000000000000e+00,-3.501288743425577277e+00,2.481321688577027729e+00,-1.402672170528536100e+00,-5.284476007657626262e+00,2.134141043449157671e+00,-1.277127977759040967e+00,-1.522854690506578290e+00,-2.390616349732093138e-01,-1.610298827894233842e+00,1.784780925105285743e+00,-2.898378341447819917e+00,-1.478785199707830955e+00
1.000000000000000000e+00,-2.602550742524762040e+00,-5.070384300965794511e-01,-1.144147314104709157e+00,-4.553910718419585391e-01,-2.174557951843091530e+00,1.617277330532218782e+00,1.676784862810627885e+00,1.123129256821604027e+00,1.607652349167815187e-01,1.229690629420518988e+00,2.399512977428806870e+00,1.847799171761231651e+00
0.000000000000000000e+00,2.627975899187506847e-02,8.053806310672324553e-01,-9.966340746881496848e-02,3.120906781491401993e+00,-1.257113875377507295e+00,1.602762520059592521e+00,2.731986811153781058e+00,3.149758130310584825e-01,-2.060882835175083638e+00,-7.598971144481483364e-01,-1.124802459937134902e+00,-3.054368406141219072e-01
1.000000000000000000e+00,-1.943710980963875512e+00,2.303623226773975574e+00,-1.264215247652799468e+00,-2.425564766575595943e+00,-1.476697273562620705e+00,2.279679971436794794e+00,-1.050397622347658988e+00,-7.570465150524636755e-01,1.020288381596174965e+00,1.513229171362597825e-01,8.392519358060095414e-01,-2.636947626373031817e-02
1.000000000000000000e+00,-1.570177738127966904e-01,3.226929590782557256e+00,2.916572982161476979e+00,3.041473274586022235e+00,-5.312903170911800199e-01,-3.106292030145121785e+00,-1.095015680875647490e+00,2.496861944163684122e+00,-4.172514862539336011e-01,8.344994781814485396e-01,-1.515810723672050830e-02,-2.425377998532603385e+00
1.000000000000000000e+00,-2.523466732027204174e-01,-1.150187974376018774e-01,3.143187302442431719e-01,-2.521199113208714149e+00,4.389264673601488420e-01,-2.483905109347201989e+00,9.799814085282395615e-01,1.349023148874789690e+00,1.559181276205064304e+00,-6.325510664295384000e-01,-2.240802713183373207e+00,1.036823473629855386e+00
0.000000000000000000e+00,2.072262438716075295e+00,2.537862150558368945e+00,2.624116840318960531e+00,-3.709830000630293334e+00,2.382354819024840697e+00,1.888208078978684368e+00,-2.267240365003630576e+00,-1.719665824301278567e-01,-6.758173767904993579e-01,2.363257426698491814e-01,-3.031151031078136437e+00,-7.578110078618556233e-01
1.000000000000000000e+00,-3.494729699271551526e-01,-1.443893388982414816e+00,-4.871214103711023480e-01,-2.973763956663101116e+00,7.058320984669521625e-01,2.156008652847732687e+00,-8.664065586443145950e-01,1.770558049474295625e+00,-3.225517274657368816e+00,1.924764573969937498e+00,9.541257815533321640e-02,1.148374111751312210e+00
0.000000000000000000e+00,-3.352049862938136560e+00,1.953005536083703975e+00,-6.677087617261523445e-01,-5.191762699771050649e+00,2.026552365619492591e+00,-1.584081273214282382e+00,-1.693143158434526452e+00,-1.212898828229101111e+00,1.749239355692188136e-01,3.082740972921851785e+00,-1.392543651291015205e+00,-3.866858174045539887e-01
1.000000000000000000e+00,-6.350043052284446432e-01,-1.410369794964449142e+00,-3.391129064826825523e+00,-1.865202764899433596e+00,-2.488172405563480183e+00,-2.536622700014496079e+00,-5.269409251075931611e-01,3.647110833281024256e+00,-4.992157079765424665e-01,-1.375832150037086477e+00,-8.304568618746277497e-01,7.580179732163561113e-01
0.000000000000000000e+00,1.704370738807488017e-01,2.583742263997943045e+00,1.003683809320799369e+00,-3.696050712305025243e+00,1.272367077642691413e+00,1.267108257178208408e+00,-2.319072566331604079e+00,3.356520085275842558e-01,-1.242516924976195813e-01,3.834485196028343257e+00,-8.558541319599390906e-01,-5.694447066263802482e-01
0.000000000000000000e+00,-2.944916833925766975e-01,-1.962535686583147809e+00,6.003247232390054311e-01,-4.382348659530610924e+00,2.158657785579382704e+00,-1.558908218095548470e+00,7.383710458761572060e-02,2.614315020364722741e+00,5.045885700463021983e+00,2.042306516562653051e+00,2.350098139130398778e+00,8.944058107212196074e-01
0.000000000000000000e+00,-1.526656150843066717e+00,2.858029862128737886e+00,-9.179259751897681507e-01,-4.345788715268292246e-01,-1.211435609359067467e+00,4.481312579681862029e-01,1.328691365287084425e+00,1.538911527804482926e-01,-1.171114667935752252e+00,2.426142850980538945e+00,-2.176863527422530975e+00,-1.966883105824650535e-01
0.000000000000000000e+00,-1.910792706529619966e+00,2.129376826221940355e+00,2.405457586552328664e+00,-1.500948350263093589e+00,1.171089753725975680e+00,-2.762471410560100704e+00,1.331213229772823192e+00,-3.932138460436097827e+00,-1.347042616817480276e+00,-8.440471644274916141e-01,-5.413616326386136102e+00,1.886609571115451800e+00
1.000000000000000000e+00,-2.773393420948733201e-01,1.777527569096643889e+00,-3.594851632626562266e-01,3.901983293391806384e+00,-2.609431283709196414e+00,3.804423419314487465e+00,3.050963155866572407e+00,-1.515079072427879980e+00,7.890911680677592521e-01,-7.478254448265055920e-01,1.266936501400054205e+00,-7.034343947667009989e-02
0.000000000000000000e+00,-4.023585912917155838e+00,3.205623746986866696e+00,-9.177951723441659659e-01,-4.741506489900694454e+00,2.208090727752589189e+00,2.260951702538045449e+00,-1.378548055774964531e+00,-3.101280552905042232e+00,1.129578244839251067e-01,3.094144513442036892e+00,-4.527229923427156244e-02,-1.319419865200393227e+00
1.000000000000000000e+00,-2.232911831013006054e+00,-1.876057483079501598e+00,2.123047317549493052e+00,-1.679751735485393915e+00,2.096788288335391659e+00,-2.766165893000521514e+00,2.763091165108637171e+00,3.683913103743263751e+00,-2.820400150609693846e+00,2.485676027010439881e+00,-1.568170590905237027e+00,1.808182155275514180e+00
1.000000000000000000e+00,-6.505454596887427776e-01,1.740076130738768545e-01,-5.356852704535392640e+00,-3.846570198817395259e+00,-1.577502849409861074e+00,3.008806526771250489e+00,-4.808852000896585155e-01,3.219260647319697188e-01,-1.553234860951659524e+00,-3.563816617429489852e+00,-2.437492687331345387e+00,-5.065577039550506200e-01
0.000000000000000000e+00,2.724960400105571168e+00,2.447426866098294074e+00,7.023681247282886897e-01,1.600788067027917094e+00,3.438594468874596188e-01,2.350404444550728833e-01,-1.198683837169919997e+00,-8.404032860437391506e-01,1.166594136200867826e+00,3.850755103098907561e+00,-4.928526268274597832e-01,-1.792786082498046163e+00
1.000000000000000000e+00,2.365874746864185418e+00,5.295524893579258929e+00,1.271166418774073215e+00,5.584481913809629994e+00,2.302526562618585348e-01,-1.044048716899997231e+00,-7.632790570652290274e-01,-3.036617462204325157e-01,-6.830138324019219276e-01,-8.735731731026012969e-01,-2.614918587728484844e+00,-5.782090442574830291e+00
0.000000000000000000e+00,-2.516343967071111187e+00,-7.093697360894848924e-02,3.386316254125563141e-01,-5.492391987469088299e+00,4.115068285648709079e+00,-5.788149272014131430e-01,-1.104437599243297541e+00,-3.231650675993952948e+00,3.559917167798285487e-01,3.885260352021076891e+00,-8.928768192502063439e-01,7.392289194403951491e-01
0.000000000000000000e+00,-2.461580379196149693e+00,3.589942265525929432e+00,1.384798368654626133e+00,-3.082884585922596177e+00,3.318797869344428886e+00,-5.767530934349760496e-01,-1.464910012618724444e+00,-1.857140855995340623e+00,-1.129446522969244082e+00,2.974938512381869238e+00,-2.219007935733804615e+00,-2.132518861028765755e+00
1.000000000000000000e+00,1.804484272198495276e+00,7.100442633019954819e+00,4.157421140642755475e+00,7.309799439757326489e+00,-4.103593512902017792e+00,-2.384630723314246747e+00,-2.057559649781379285e+00,-2.617454067547791974e-01,2.667261082804412542e+00,1.057959828528047375e+00,1.025982902068819591e+00,-2.842774227946064602e+00
1.000000000000000000e+00,-6.407367711399487575e-01,4.441792404524269079e-03,7.580116936005065753e-01,-4.102149782731135730e+00,1.061595835975295721e+00,3.069842533883576641e-01,-3.518623306755729985e+00,-2.009496993088893291e+00,3.975579263364049654e-01,1.488951837292972424e+00,8.492213412423537111e-01,1.339775514015632218e+00
0.000000000000000000e+00,-7.174385482297314098e-01,1.021265193376395430e+00,1.901570001868974069e-01,-2.825841906047794616e+00,1.946251325898944895e+00,1.389446364659135957e+00,-1.629505001182956381e+00,-3.211745541889149180e+00,4.019879716552003934e-01,3.673743296348811471e-01,-5.055581452381416874e-01,-2.866560268948992185e-01
0.000000000000000000e+00,-2.288313721915919530e+00,-3.933028612080726294e+00,-7.859745939025162276e-01,-1.639923518313487705e+00,2.903627909536229623e+00,-1.450911395616321098e+00,-5.100984457297474961e-02,-3.152557923834333753e-01,-1.781978093257848617e+00,6.255877220807869454e-01,1.482490312851185710e+00,6.079182830881074695e-01
0.000000000000000000e+00,2.778789014170910399e+00,1.490308584770744238e+00,1.169503909527799257e+00,2.881662595520027015e+00,1.014229026685436130e+00,2.271683263539703290e+00,-1.136466354509007681e+00,-1.712700858964034234e+00,-1.059862219877776290e+00,-7.849907070705142154e-01,-4.221677962853011001e-01,-2.506111324539805452e+00
1.000000000000000000e+00,-1.463632464030129476e+00,2.530740885317165345e-01,2.039692453162598174e+00,-1.924402940502812687e+00,7.573509410302898814e-01,-5.211569949806326818e+00,-1.042608788081604398e+00,4.535166252590049574e+00,1.797311248662816219e-01,2.638930517650695862e+00,-1.417304333184632448e-01,6.745383162290119472e-02
1.000000000000000000e+00,-1.230997571067831364e+00,1.150876280336559754e+00,-1.997107121488042925e+00,-4.027018486077452941e+00,1.172212978396531824e-01,2.129255959369604323e+00,4.961117378761963348e-01,5.287921829285613384e-03,1.672145741679993414e-01,-1.287016871481003299e+00,-2.015499168436912125e+00,-2.961367648260782026e-02
1.000000000000000000e+00,1.730318934125452124e-01,-2.071087134452488376e-01,2.450693402899759565e-01,-4.748177959223596645e+00,8.275183598436506305e-01,1.282958786291741760e+00,-1.394151499758275570e+00,-1.061231474958757026e+00,1.449696503319781060e+00,1.939810899472274031e-01,-5.325419083198517090e-01,1.822568016600119023e+00
1.000000000000000000e+00,1.689362454111753564e-01,-1.221512799899427515e+00,-6.793752390372072014e-01,1.310067313650971510e+00,-4.577901153734937889e-01,-5.702971179981307870e+00,5.826643050433311100e-01,1.892015657892364366e+00,-3.383569609287331303e+00,2.945750078265336747e+00,-3.415403317663706417e+00,9.667591674659485879e-01
1.000000000000000000e+00,6.255547568108026368e-01,7.547404241979224215e-01,1.281256755181783280e+00,2.858581563626295452e+00,4.582173103177151763e-01,-1.982818586184061260e+00,2.169847932859189310e+00,6.867878729882836986e-02,-3.168920514770936503e+00,-1.569413736219873456e-01,-3.909175052288918817e+00,-3.911549310741202490e-01
0.000000000000000000e+00,-7.735089379857525982e-01,-2.746046390794790959e+00,-3.102103692280378411e+00,7.099346244662756433e-01,-7.451302701407027662e-01,4.150698151811869074e-01,1.203372084593702152e+00,-5.865607476222569616e-01,-1.031345393346389194e+00,2.380165473379884489e+00,1.450258954268015099e+00,1.227586036078300413e+00
1.000000000000000000e+00,-9.284618082324552768e-01,2.209948460947594118e+00,-5.791506819554188557e-01,-8.312453772788042983e+00,4.523088483247552638e-01,2.100150477666010040e+00,-3.286013255597667992e+00,-4.565054040296704363e-01,1.230516813197735315e+00,-1.604910616912748056e-01,-1.848582992240202394e+00,1.111983337751810463e+00
0.000000000000000000e+00,-9.228366382347585883e-01,1.865954593361087488e+00,1.504972306600977694e+00,3.417989196568139931e+00,4.810674953483540239e-02,5.755183789054491017e-01,1.414245306733493468e+00,-8.949531319675372298e-01,-3.251194085274256906e+00,1.218063811768440363e+00,-9.714497173401885899e-01,-9.730196011494846031e-01
0.000000000000000000e+00,-1.924548635690315868e+00,-9.694138562941639892e-02,-1.619482788076475277e+00,-2.579896363514246005e+00,-9.681169620931817654e-01,-2.038797037569869630e+00,-5.546795524217869033e-01,2.460004998863527081e+00,2.683812434055452112e+00,2.788576959424036161e+00,1.972853364090402462e+00,4.464757660573812625e-01
1.000000000000000000e+00,9.809185834700732132e-01,-2.072114172633255258e+00,-3.199442813564328247e-01,7.423880530297761737e-01,3.570170161832926237e-01,-1.143084027779692091e+00,1.072393766476566368e+00,7.192948047702669712e-01,-2.242244975156888476e+00,1.884902152530795849e+00,-1.290068216253631661e+00,1.232000105315581795e+00
1.000000000000000000e+00,-1.064423113409901367e-01,-4.886314866192162931e-01,-3.465561574017358648e+00,3.126465257761257721e+00,-1.808638270219233846e+00,1.597753973196756050e+00,-3.592595565167594485e-01,-4.121715574148295813e-01,-6.684739372354073783e-01,-4.179776078843492337e-01,2.460792080004306825e+00,-1.893898809144470397e+00
0.000000000000000000e+00,1.596614022813211742e+00,3.123896936171485894e+00,6.183893344265392056e-01,4.121792345342519148e+00,4.525249366813804963e-01,5.003852013299898704e-01,-1.431435782524357769e+00,-1.064074431907423568e+00,-2.837287864079713451e+00,-4.192041101871770703e-01,-1.596647805665201592e+00,-4.022279229851555726e+00
1.000000000000000000e+00,-2.197273218883228019e+00,5.648707524028566240e+00,-1.821464955231061555e+00,-1.272529519031307954e+00,-2.120012405363469021e+00,-1.311991359112674171e-01,-5.944856559100779592e-01,-2.911136619682091364e+00,3.953002457307735362e+00,-3.285774728418041857e+00,-1.907451901332773092e+00,-2.193835263253205436e+00
1.000000000000000000e+00,6.757439201514274796e-01,-2.199402759383815908e+00,5.367047966837581452e-01,2.513700511653709224e+00,6.771021027886703347e-01,-2.223293679312051907e+00,1.739213419615482259e+00,1.353133322106392367e+00,-2.890955481840483454e+00,2.225033360190235676e+00,-9.782748723220131559e-01,7.182966331676645666e-01
1.000000000000000000e+00,1.419319696867166858e+00,-3.641737769519153844e-01,8.952387746581103034e-01,5.748582598714574665e+00,1.646580667125134845e+00,7.244272466588106418e-01,2.590128087939721269e+00,-3.890100797121598397e-01,-3.412626380957771488e+00,-9.071853607170390354e-01,-1.149685240452436252e+00,-2.564155168773312177e+00
1.000000000000000000e+00,2.765998594156338086e+00,-4.212711586378081741e+00,-1.444405464366773639e+00,2.965810765307040686e+00,2.608178434679834901e+00,2.712395242495428516e+00,2.557773081548445404e+00,-7.328888222789415874e-01,-1.607523055557161129e+00,1.127813563468746949e+00,9.192964636632223741e-01,-7.011590838859126373e-01
0.000000000000000000e+00,1.305640046555980316e+00,-5.212339939684131451e+00,5.745992595427857896e-01,-3.866256332222671177e-01,4.030402883097504940e+00,5.568840518070508061e-01,2.876716043857376448e+00,-2.962555429164330789e+00,-8.861932605399347462e-01,1.444610344816491532e+00,-6.832821572893713613e-01,2.612615913833446601e+00
0.000000000000000000e+00,1.044311564515577828e+00,-1.893043736586554449e+00,-5.754472704166686547e-01,1.225863006279104828e-01,-1.689968586841919418e+00,-1.816702815436227469e-01,1.708230243627500311e+00,9.344580988066142346e-01,3.760247952276130956e+00,1.708743728581843424e+00,2.102785330830854615e+00,2.454743444206991754e+00
1.000000000000000000e+00,8.103351423616680371e-01,6.170365035918833341e-01,1.703237362922722653e+00,1.651073177951686066e+00,1.373614205808821875e+00,-6.331291011574355920e-01,-9.413937769061320182e-02,1.383816615724086319e+00,-7.211912899422219247e-01,7.639242809143516055e-01,4.359971584380994969e-02,-1.795463392963836391e+00
1.000000000000000000e+00,-2.464765721943572352e+00,3.114147345129877120e+00,3.849579566423558585e+00,1.705002213388798094e+00,9.841911956197469946e-01,-2.082187602557695527e+00,8.065456572065522467e-01,4.046271667403710026e+00,-2.552543629816621085e+00,1.350132764992255874e+00,-4.212769650894647722e-01,-2.301723609998385989e+00
1.000000000000000000e+00,-2.300006721651686625e+00,5.077741711094896360e+00,3.042193359332314717e-01,-3.492912506219880697e+00,-5.290699725526305519e-01,-1.790174885571499175e+00,-3.945990366297682961e+00,-2.960635981399831085e+00,2.843550419788269501e+00,-7.169455735218844827e-01,-1.109017271160960050e+00,-1.342300791221291201e+00
1.000000000000000000e+00,2.840675212249315074e+00,-2.390276331958700595e+00,-3.514065577175943034e+00,2.699982356004202888e+00,-4.922692643107215993e-01,5.449311489509509610e-01,-2.284720453982662214e+00,-9.927647325226152120e-02,-1.920281491942150254e+00,2.812061403573923979e+00,1.870865892029365707e+00,-1.500461585230210559e+00
1.000000000000000000e+00,4.778410242579798073e+00,-2.513807245298740334e+00,-3.649177172180235740e-01,-1.336707171384009518e+00,2.443711692974595451e+00,-5.904216836681468461e-01,1.048722314320388982e+00,-2.518719243388382711e+00,1.425411103134308632e+00,-2.013968676830393267e-01,-4.180392401975107752e+00,1.463779063659439661e+00
0.000000000000000000e+00,-8.677932790609939051e-01,4.719643855856946679e+00,2.783558272339696327e+00,-6.046536916456468624e+00,2.699200094695609842e+00,8.120558014811987135e-01,-1.304331819262321224e+00,7.032948249399351148e-01,-1.739487787174680555e-01,5.045237649506964850e+00,-3.475373551768131453e+00,-4.905030298808726874e-01
1.000000000000000000e+00,1.148508020103133243e+00,1.258288301116762709e+00,1.229512781364595853e+00,6.239891278905789207e+00,-6.122515529847185611e-01,-1.702492280325251794e-01,1.296350962443702404e+00,4.255157593681591077e-01,-3.474023118256890363e+00,1.444191786238789632e+00,-5.155837244957297560e-01,-1.950643390421621381e+00
0.000000000000000000e+00,-1.379985659149407518e+00,-5.495571964255632214e-01,-7.377773656353190379e-01,3.401770775944820135e-01,-7.723818943174642904e-02,-3.008994054370055515e-01,1.390290198842559999e+00,-5.162290971554945429e+00,-4.081948868289053678e-01,2.783181924962042864e+00,-9.220405531764621632e-01,2.561288810095245339e+00
1.000000000000000000e+00,1.437500254986862069e-01,4.181202135888339555e+00,3.550238842724990018e+00,4.754219831093664972e+00,1.311349661904403829e+00,-1.809707721261583746e+00,3.925489334420446674e+00,1.131187888080835480e+00,-1.891694931841354510e+00,-2.437842324135075511e-01,-4.456223588542097325e+00,-3.059094301362247137e+00
1.000000000000000000e+00,-7.585113881263298996e-01,4.875511872853677819e-01,1.424486538989174989e+00,6.309545302883395879e-01,1.108244849142871580e+00,-9.684709429572209149e-01,-6.933013916001318222e-01,3.348947643674161867e+00,-5.116706673720761156e-02,1.585565815736905471e+00,2.186183742964268095e+00,-2.075188976079849645e+00
1.000000000000000000e+00,7.798098324929962910e-01,6.874919607779656161e+00,-1.753537139087506969e+00,3.391013792336022847e-01,-3.595046354096057550e-01,-1.226367526762759397e+00,1.135752129397374688e+00,2.170459534251014677e-01,5.066618780560476765e-01,-5.264326169110550957e+00,-7.868604435123506491e+00,-5.427660216872970622e+00
1.000000000000000000e+00,-7.710817223572741241e-01,-4.744409990023407131e-01,-3.608658924194778628e+00,1.374799920750082727e+00,-1.121296483195648896e+00,3.012178053080420970e+00,1.360235600831369407e+00,-2.681261095799526650e+00,3.898986551071121909e-01,-2.153342415783251251e+00,9.865823728453986252e-01,-7.551516706551800739e-01
0.000000000000000000e+00,2.015912411723068232e+00,4.394335656847957461e-01,1.745888331552693185e+00,-1.833204697505103897e-01,6.565834838498461057e-01,2.890146019658646814e+00,-1.238062045101367303e+00,-1.680302803415227864e-01,-1.100047818418657064e+00,1.324189144397209805e-01,1.561659005402751266e-01,-7.479143385161712843e-02
1.000000000000000000e+00,9.062600691631212957e-01,-2.756849682872581031e+00,-6.097331020312642735e+00,-4.028466378202775644e+00,9.595936705749896767e-02,1.890738283951256982e+00,1.558032186416455911e+00,3.968528768920862593e-01,3.463634990508589251e+00,-3.626298674837780123e+00,-9.208567434209261604e-01,-2.392159594191728411e-01
1.000000000000000000e+00,3.662423190787885030e+00,-2.642709852760126932e+00,-1.954590129146461575e+00,5.293019344368630641e+00,5.259015224509099307e-01,-1.988320620642798797e+00,2.780210720891500564e-01,-3.893053369701695576e-01,-2.044798578970949965e+00,2.269298207585014104e+00,-4.726423354596483994e-01,-1.575672709064790844e+00
1.000000000000000000e+00,-1.045923616638572362e+00,9.512527277161140216e-01,1.789460073788892824e+00,-2.283139629387411218e-01,3.010145669745268204e+00,2.792602973583662163e-01,4.165522667696672343e+00,1.880797733553355000e+00,-2.051404373793942248e+00,9.375658655605687564e-01,-3.319382017266622853e+00,-1.104147418085738463e+00
0.000000000000000000e+00,4.856524301222715501e-01,3.081064672410093408e+00,1.518740345152889137e+00,-3.400523680011972694e+00,2.090853232118957017e+00,-6.478066944996310195e-01,-2.555844319296419087e+00,-2.208045289106631337e+00,1.135371991613661979e+00,1.945187482977769999e+00,-2.498041713937062980e+00,-8.720564067029186184e-01
0.000000000000000000e+00,3.607780016367617471e+00,-8.559131400467581141e-01,6.959142304738608065e-02,-2.073040025471714731e+00,5.980407834836198866e-01,5.164074078861018435e-01,-2.744458378620900252e+00,9.134861427810276879e-01,2.004469514114138651e+00,4.729239132738629614e+00,1.249931704019582757e+00,6.013148248401225526e-01
1.000000000000000000e+00,1.376355995736557647e+00,2.997196254209947286e-01,1.455475272168254897e+00,-2.928305722952227394e-02,2.912406115616993585e+00,8.150154131100311172e-01,2.463639255810691431e+00,5.965577040316645263e-01,6.102644485393671214e-01,5.729740052993230748e-01,-1.890551529998446778e+00,-1.268820051928667425e+00
0.000000000000000000e+00,-1.915572483504102141e+00,1.552567571305174532e+00,4.394926976514540451e-01,-1.978571440753634780e-01,-3.859704892524156161e-01,-1.742217537806292960e+00,5.738097464395226499e-01,6.433088465592540217e-03,1.247498230428031540e+00,9.222453327842616844e-01,-5.758490923163051001e-02,-8.219681193070615954e-02
1.000000000000000000e+00,1.374610890821570619e+00,1.580490690752561989e+00,-8.725884363144520428e-01,2.436376584842911530e+00,-1.162620647821419606e-01,-1.197204892255031350e+00,1.668503064387485635e+00,-1.425380795561350666e+00,-1.230999880325194695e+00,-2.380330191828322839e+00,-4.546145460333235633e+00,-1.570282444453674042e+00
0.000000000000000000e+00,-1.675566569434668196e+00,1.892354647028732240e+00,2.324650481077298103e+00,-2.955739300367469458e+00,2.570452849387841354e+00,-1.984083906714472434e+00,6.563513419805779847e-01,9.332207258738478561e-01,-6.019795313100420042e-01,-1.847841229963229637e+00,-3.663050563972682472e+00,-7.926649098260722948e-01
1.000000000000000000e+00,-8.324099289025244097e-01,2.424528440690910003e+00,4.151169530687974785e+00,1.876462198331529496e+00,1.054734485252649678e+00,-3.201380958288950307e+00,-8.004515406201595518e-01,3.880267575482079234e+00,-6.488886387607822881e-01,1.732106640588977342e+00,7.172279441875335504e-01,-2.310452150277837013e+00
1.000000000000000000e+00,-1.809746927745955247e+00,2.667120841062242675e+00,-8.480842551904569371e-01,-6.489215461472493951e-01,-8.351148081898929210e-01,-1.804106683883055506e+00,-2.205164746352357596e+00,-1.628221520657930466e+00,8.223088704877316024e-01,-7.059137335970264715e-01,-4.239105186187958063e-01,-1.397099084048365469e+00
1.000000000000000000e+00,-1.772831467192558907e+00,5.040229007183580023e+00,1.784795504165581637e-01,-2.986895087031471885e+00,-2.042054660002841970e+00,-2.621691543190816098e-01,1.438298500146273362e-01,3.534500106442175493e-01,6.553961561254573187e-01,-2.229711539735985681e+00,-4.154948686005139891e+00,-1.021285124235422614e-01
0.000000000000000000e+00,-7.640823917174971447e-01,1.701869163501715798e+00,2.422159249417561888e+00,-4.043540726197335289e+00,2.686439791886960471e+00,-1.307576069991863044e+00,6.246634151402581381e-01,-4.821480374574007577e-01,2.737102027377849467e+00,1.790656207631755592e+00,-2.088197074899240668e+00,5.288930715401365390e-01
1.000000000000000000e+00,2.893039182584428382e+00,3.390819569458341842e+00,2.310027426605594236e-01,7.226337378764348784e+00,-1.829408081311053369e+00,-1.183647550486632838e+00,1.688377670665744734e+00,-1.290611517017386856e+00,-6.835247711583875008e-01,-9.652118547276122840e-02,-2.923816535452619547e+00,-2.838408520189520168e+00
1.000000000000000000e+00,-8.302824907180027525e-01,4.749294536497439267e-01,-4.853463307028226259e-01,2.669885778156292577e+00,-1.092929292907711236e+00,-7.671115014628244744e-01,1.814805377084497628e+00,1.151812862928048187e+00,-2.444695447396141308e-01,3.662731689881422170e-01,4.038562030306718231e-01,-7.765687192667652949e-01
1.000000000000000000e+00,1.992207360928055060e+00,4.249912966568003547e+00,-4.957992154414078145e-01,-1.978300606412443985e+00,9.693575908153140297e-02,3.450298238646757554e+00,-3.040120700890020178e+00,-6.564467850051570963e+00,4.505835350017364682e+00,-3.232528997319310093e+00,-1.339735653720644848e+00,-1.727891219442926785e+00
0.000000000000000000e+00,2.658913374480252889e-01,3.606799509687503846e+00,1.192924437071696264e+00,6.837936630605569999e-01,1.210283213473665187e-01,3.104408015178934388e-01,1.101914174996967422e-01,-1.649257331533999338e+00,6.869295960810746227e-01,4.342472023456518393e+00,-1.216565348235950639e+00,-8.457147332486156799e-01
1.000000000000000000e+00,1.523112478373691792e+00,3.417706072299126596e+00,1.829103614407237677e+00,3.133072160665542505e+00,1.223060526357309330e+00,-1.799449687789421271e+00,-1.419428366405616426e+00,1.837224723980412477e+00,1.239643734403997222e+00,2.911646481194591907e-01,9.521430212366088774e-02,-4.934136053384596821e+00
1.000000000000000000e+00,-2.542399937996452142e+00,-1.882428019574900357e+00,-8.297111805548424979e-01,4.968314743669512978e+00,-2.290721729608012680e+00,1.630664637565216513e+00,1.763901114620882726e+00,5.316166222025391352e-01,-2.426782975257051334e-01,3.798283323104757692e+00,6.895162306484053261e+00,6.105572866031663271e-01
1.000000000000000000e+00,-1.730454041419903888e+00,4.988548277533655373e+00,3.520472990439211802e+00,6.250115690519876921e+00,-2.134862174733442863e-01,-2.198654208818607181e+00,1.880896215783818493e+00,3.466811348267400561e+00,-5.680680705160554567e-01,-5.340166104516117507e-01,3.650496638429989726e-01,-4.970921002102446806e+00
0.000000000000000000e+00,1.196072134580415947e-01,-4.201023367009853460e-01,2.069525900866382440e+00,5.944878210078786474e+00,7.814052736096965823e-01,4.465881146863672768e-01,1.229167974001666330e+00,-1.810960737272914844e+00,-2.994308256478464436e+00,1.331169768828553979e-01,1.243869918097675331e+00,-1.143986024256126166e+00
1.000000000000000000e+00,2.516959239397160264e+00,-1.017981541019515879e+00,-1.748528664958831413e+00,5.835724603488854356e+00,1.377743388252278045e+00,2.666812568886014034e+00,2.006735458986443454e+00,-7.148577473892057110e-01,2.512929488128023969e-02,-8.137970922616593050e-01,1.752211620246547863e+00,-4.058437221461364430e+00
0.000000000000000000e+00,1.059885093585744897e+00,1.966734236885993026e+00,2.323199657694944520e+00,3.416667441702944785e+00,-2.603170910530880011e+00,9.111082955766036662e-02,3.223870858636324943e+00,-3.242669972798988276e-01,4.029770724584309960e+00,8.868361873086527680e-02,4.616274587467867896e-01,1.402468561705493499e+00
0.000000000000000000e+00,3.581828381259081429e+00,2.127188816886481870e+00,2.690103027659154655e+00,-2.996382813365667253e-01,1.319795774049555170e+00,7.712923753946292482e-01,-2.541403359559430974e+00,3.774168049035098171e-02,-4.771450970372356215e-01,3.789443776974036338e-01,-1.988654745737838070e+00,-1.358915536882630892e+00
1.000000000000000000e+00,6.447751877832925693e-01,3.788432605819970878e+00,9.896903651648787381e-01,-1.966669523539262165e+00,-7.791711781442145490e-01,3.098565422671106351e+00,-2.253931904395777064e+00,-1.446942676771638014e+00,-6.628709137634714033e-02,-7.191344147341227622e-02,-1.197934490623855375e+00,-4.604183941430060045e-01
1.000000000000000000e+00,7.691791259410891701e-01,7.509199159404311708e-01,1.598138607344860240e+00,2.822078273773247936e+00,1.540720402519195842e+00,-1.479735359279097384e+00,2.833744935013664978e+00,8.590614193100999385e-01,-3.245485586882363105e+00,1.795015336254964122e+00,-3.643226894758162082e+00,-9.613779491752609818e-01
0.000000000000000000e+00,3.465572147386608570e-01,1.218660160512900825e+00,2.927999672237551643e+00,1.353956017641698262e+00,8.846894849269908434e-01,-1.621614138468434163e+00,-6.175593074160514728e-01,-1.439997107651699526e+00,-1.295468006834920693e+00,9.127219450880105223e-01,-1.353658358195756861e+00,1.382679955729158028e-01
1.000000000000000000e+00,1.484822180351679233e+00,6.633437057532134418e+00,-2.129743803949166292e+00,4.998174017746526587e+00,-3.000505795405554732e+00,-9.516245348414107408e-01,-5.399421129654252693e-01,-3.583889635731360546e+00,3.175842825660391888e+00,-5.649460201370341217e+00,-3.344905014341543747e+00,-5.272053864976869342e+00
0.000000000000000000e+00,-1.776972236826090512e+00,-2.890260779528984969e+00,1.300826323114147032e+00,-3.913911652059777424e+00,4.892228142613998187e+00,-2.198701157434011400e+00,3.869509195551068537e-01,2.484997409915468136e-01,1.230335359818546470e+00,2.900255209640576481e+00,9.754405096808327347e-01,6.398173414068497600e-01
0.000000000000000000e+00,2.038219017256098109e+00,4.106313239471512055e+00,1.993956136709244209e+00,1.141515809240552626e+00,3.928765840706911483e-01,-8.492577597157802138e-02,-7.548080755116950424e-01,-7.227859188527607781e-02,-1.419721414095216350e-01,3.607801598995868719e+00,-2.365149165513285467e+00,-1.895819650176860716e+00
0.000000000000000000e+00,-1.780643037177592980e+00,2.328324311963386961e+00,7.215962697228506251e-01,-2.194565071161534320e+00,-1.883406162050005328e-02,-2.599775651748149841e+00,-4.798529698308948710e-01,-1.030317901204875097e+00,2.356202172199534317e+00,2.183824833675390709e-01,-1.398399627668708955e+00,2.433561911476330719e-01
1.000000000000000000e+00,-4.031953783332602459e-01,2.138277374286506216e+00,1.968262612301726833e+00,1.612033691241018474e+00,8.423027126705071588e-01,-1.834689882266625549e+00,1.670890311831105146e+00,9.815715544014937954e-01,-4.808530994473048104e-01,-1.987479974585440345e+00,-2.606780328569717753e+00,-1.737543498258800057e+00
0.000000000000000000e+00,-5.296618464444324825e-02,-2.631395979035681343e+00,-4.009568892441819354e-01,-5.574932061970412356e-01,2.042385026701291295e+00,8.388122921138554400e-01,1.497889046862128204e+00,-2.149757434248925625e-01,-4.411904236796799772e-01,1.263470432478694949e-01,4.578827639057359011e-01,4.607781518416705913e-01
1.000000000000000000e+00,7.403085715452334403e-01,-4.999097280256152298e-01,-1.772195316157636924e+00,4.444008553858213695e+00,-7.856626338580900981e-01,-9.746469745304682242e-01,2.570639758831556598e+00,9.703781915365738975e-02,-1.420116359206285317e+00,-2.725065189262878551e-01,-1.205944579500315639e+00,-1.304548431146026699e+00
0.000000000000000000e+00,3.791883148371335555e-01,1.755971865856243763e+00,3.308998072769257170e+00,3.997130345578003285e-01,9.999410826579094858e-01,7.584543005607695676e-01,2.412358083665681718e+00,-3.441315448525752441e+00,2.681645598325249402e+00,1.837118854247258293e+00,-1.101266367847947292e+00,1.685023030333831162e+00
0.000000000000000000e+00,-8.743344175490508352e-01,-7.032686801923655473e-01,2.535800407850745675e-01,1.329554664479022374e-01,3.704358587442810880e-01,-1.243517248667367348e+00,-2.082604799703328347e+00,-3.103665424356242042e+00,-1.216978575738997925e+00,-8.568778309043267871e-01,3.151870717949678546e-01,6.318129113536954389e-01
0.000000000000000000e+00,-3.847406238035568915e-01,3.627043309861435638e+00,3.100298171543763193e+00,1.892133171338442166e+00,2.244198784174315620e+00,-1.204226773994163224e+00,1.417671639391000493e-01,1.006091091177980346e+00,-4.233097968660257671e+00,1.966059883474211123e+00,-3.380036790254639101e+00,-2.992163809312240019e+00
0.000000000000000000e+00,-4.256307471756123562e+00,3.891325688581185549e+00,1.927913111941566005e-01,-4.949981811902621764e+00,1.154596833336399841e+00,-2.185129267023333988e+00,-2.259102726335378897e+00,-5.044772144353040222e-01,1.635796534542187652e+00,3.133127904272734909e+00,-4.485862251904847442e-01,-1.107975289345051184e+00
1.000000000000000000e+00,1.443215255248170514e+00,3.195269327664651549e+00,-8.580972908165123147e-01,6.191387548190967038e+00,-3.213550085982985749e-02,2.933331095020577983e+00,2.363959752323542496e+00,-1.134643207543436727e+00,-4.317043165248896086e-01,-2.241530876659964644e+00,-7.637076795900329396e-01,-5.064858018180097510e+00
1.000000000000000000e+00,9.784218799730337590e-01,-2.721483011803731422e+00,1.851754172583310432e+00,-7.031244554715940787e-01,1.998753852902368067e+00,-2.022894509886864700e+00,2.151346355301333002e+00,1.417336273115122669e+00,-2.825860242964094216e+00,3.589301906849267088e+00,-2.589688026048220237e+00,2.722857300257389035e+00
1.000000000000000000e+00,5.668415030511742003e-02,-2.235692009476320241e-01,-1.140857845950767668e+00,-4.025796441583426422e+00,-1.248291198311358485e+00,1.541608144057625029e+00,-2.511785833011333402e+00,8.408487645937150479e-01,-2.229540722153127597e+00,-3.201726029965791254e-01,-1.046378690393986455e+00,1.782895956273143234e+00
0.000000000000000000e+00,1.139725040142596235e-01,3.844437153893934145e+00,4.113103287046618872e-01,-2.196730200385601517e+00,9.304103265271633783e-01,1.903064102125447299e+00,-1.515716433822547504e+00,1.867487211859397700e-01,-1.821410198017665127e+00,1.240932152698523971e+00,-2.736109062952346349e+00,-2.104570967023950523e+00
1.000000000000000000e+00,1.113627478358393263e-01,-1.226636498527036157e+00,2.457250134009504539e+00,1.383447283047452459e+00,2.094437101450115080e+00,4.230986426333618322e-01,-1.302421722196016596e+00,3.578121485084465814e+00,-1.514890106355260002e-02,2.499361913502966104e+00,4.914096275334748576e+00,-1.971502823771961399e+00
1.000000000000000000e+00,-3.025784167370672684e+00,3.830927619618655910e+00,1.250923018349397342e+00,5.034827154585114206e-01,-8.276458792023586586e-01,5.439864790637609637e-01,-2.309643845365900727e+00,-3.216048355722190166e+00,1.567273847590018310e+00,2.188812967502594464e+00,2.925903201798926823e+00,-1.029091127693882557e+00
1.000000000000000000e+00,2.956447727059199337e-01,2.782800753363199875e-01,1.209900256565326071e-01,-1.897870617869357401e+00,-1.972613992253044124e+00,-3.924534475851007009e-01,-2.763874592138793496e+00,1.608302431304055702e+00,-3.960247578170155158e-01,1.050514990593345299e+00,7.413401975085349704e-01,1.445622710930813959e+00
0.000000000000000000e+00,4.845094127328705147e-01,4.777744812453484258e+00,2.048959966025750479e+00,-8.986794990464359145e+00,2.585197801033936038e+00,1.208087977899852339e+00,-2.905166499284011827e+00,-3.827867103938377369e+00,4.721978710346725450e+00,2.601415607891439219e+00,-3.888501704250937774e+00,1.017448987117273163e+00
0.000000000000000000e+00,-5.974875789709401808e-01,2.253374484404275790e+00,-2.015678095634412692e+00,-3.980405611967397395e+00,1.665010931204057298e+00,2.840952451374492149e+00,-3.019012845861799743e+00,3.129982968104121355e-01,-2.572082126091902676e+00,6.462696127451597050e-01,-1.452054762600043514e+00,-2.890778433028089900e+00
0.000000000000000000e+00,4.479526749446236522e-01,5.315404114899345167e+00,2.032862309807433654e+00,4.049266143882245261e-01,-2.269509464210382355e+00,6.878958007067677016e-01,2.506390987406505566e+00,-7.831676960309397195e-03,2.759048350082998091e+00,5.354152380880339290e-01,-3.127777652949135234e+00,3.094104835571998002e-01
0.000000000000000000e+00,-3.464398223490416928e-01,3.080767684888030988e+00,1.584272794955497776e+00,4.165892129418825363e+00,7.412833916189612848e-01,1.208862749021605509e+00,1.165819947999664041e+00,1.261400022048106973e-01,-4.539128078003343170e+00,1.443983652905504123e+00,-1.725489821683544811e+00,-2.999862845893682461e+00
1.000000000000000000e+00,1.443120591518252116e-01,3.318032193966334642e+00,-1.579258855266238548e+00,-3.738706609649510959e+00,-1.105234716827108166e-01,2.152392051334174106e+00,-2.219622884078524372e+00,-4.577415226713561047e+00,4.444199471006747615e+00,-2.856240423347240043e+00,-1.250040914058586417e+00,-1.015812252086722989e+00
1.000000000000000000e+00,5.557059727545136107e-01,-2.367542911106496284e+00,2.879688611895283579e-01,-1.885305632380471552e+00,2.845650118198342682e+00,1.411883718429979506e+00,1.360432107193364493e+00,1.975566901157640887e+00,1.411735862596509072e+00,1.503250594637829618e+00,1.608194921304525238e+00,-1.800791314566116963e-01
1.000000000000000000e+00,6.337489736890464798e-01,8.996914072267583884e-02,-2.150135981303504806e-01,8.481956845689317959e+00,-6.733002669773313631e-01,-3.772184212433430384e-01,4.533688908966906794e+00,7.390014212152329343e-02,-4.992743542677869684e+00,1.254104415692006036e+00,-1.831233561429476131e+00,-1.834467421462218972e+00
1.000000000000000000e+00,7.181052900662662219e-01,1.656283150686576278e+00,2.570862008800659737e+00,2.373178280883050384e+00,1.510876007991521330e+00,-1.952236447997464097e+00,4.750179365228517359e-01,1.805070026291125673e+00,4.418978041561756331e-01,-2.079383902305775855e-01,-5.431300339864686411e-01,-2.605059043809144548e+00
1.000000000000000000e+00,-1.730126504874541116e+00,2.394415511505248340e+00,-8.472652757369486531e-01,-4.166455487426944160e+00,2.925452159576131805e-01,2.024795399005638874e+00,-2.661710037872714985e+00,-3.300501893347113302e+00,2.412240054996058536e+00,3.162538403843839774e-03,7.124533843706173375e-01,-2.647026494283108988e-01
1.000000000000000000e+00,-2.850477341844872559e-01,2.838848597934612084e+00,-2.169752095163560490e+00,2.441169355706028554e+00,-1.733156860822689715e+00,4.579778987784834499e+00,1.523834427833905547e+00,-2.977095637166669029e+00,-2.144916275363013547e-01,-2.473069809133601193e+00,-5.448111999082989598e-01,-1.929233922348769781e+00
0.000000000000000000e+00,-1.306836534527577420e+00,3.542202544875138859e+00,2.215571267796944355e+00,7.781836301425972380e+00,-9.933589452511715212e-01,-1.290408435053489011e+00,2.269887298006905585e+00,-2.968762158761626413e-01,-5.418998216129706336e+00,1.714133357175366523e+00,-1.778540789474664319e+00,-2.541789170671118647e+00
0.000000000000000000e+00,-5.112446776109340618e-01,-1.009895483749854606e+00,-1.689544519213355134e+00,6.862425581160339627e-01,-1.471168279076272789e+00,-4.770147842021805751e-01,1.166792378568767719e+00,2.845178818616532990e+00,-1.227662606213477670e-01,-8.892666197795080496e-01,7.254834897297821605e-01,-1.384612016869855022e-01
1.000000000000000000e+00,-7.495561665679486563e-01,2.276064091206057238e+00,-1.207986560465968751e+00,-2.970192890636627503e+00,-1.136927065256721381e+00,-7.944106914184960733e-01,-1.147782469251142690e+00,1.100305786782344253e+00,1.329474345736384899e+00,-9.834623057814060321e-01,-1.692759058294331931e+00,-5.103823064801125131e-01
1.000000000000000000e+00,-6.886874362495920554e-01,6.612849651456821354e-01,2.161891347020419296e+00,3.064766743610519928e+00,-1.175437379215047429e-01,-3.384977483593883729e+00,-8.675440201589117439e-01,2.724590211311616272e+00,-1.972691538933374567e+00,7.816938713942979122e-01,8.280529130674574301e-01,-1.495708338088726830e+00
1.000000000000000000e+00,3.653448135508093664e+00,-4.631193991830951262e+00,2.285348944379539393e-01,-5.558928655060420276e-02,4.166370944519623087e+00,1.085621007164743634e+00,2.950737269605494539e+00,-7.575535378704476575e-01,-1.647489570164267336e+00,2.750866105289081709e+00,-2.180928768994110367e+00,1.418868788949628090e+00
1.000000000000000000e+00,-3.562181438055106675e+00,-7.134548556440269973e-01,-2.831439611019970215e+00,-5.135326794215708368e+00,-9.574269105275063918e-01,1.479113625776880880e+00,-1.269460050125913675e+00,9.887915446591595270e-01,-4.064887918861737059e-01,1.155090415906804058e+00,1.781180332023209356e+00,1.531460164750860997e+00
1.000000000000000000e+00,-1.926937450571189592e+00,7.043683350071302307e+00,2.457712407723016579e+00,-1.357156418803655340e+00,-1.447770563905455665e+00,-3.732423677329776979e-02,-1.843178991176942505e-01,-1.969363970618018378e+00,3.997570384083148465e+00,-5.058516921657623122e-01,-1.819957966375034264e+00,-9.688253512476924234e-01
1.000000000000000000e+00,2.914690238198700545e-01,1.028929852372306275e+00,-1.259241514399521478e+00,-1.965961800949505234e+00,-9.817777421933889803e-01,7.118750968520404232e-01,-1.761495774543805570e+00,-1.545524631587074316e+00,3.473246353774547046e+00,-7.188022877301647462e-01,9.737940478347948403e-01,1.559547453859444488e-03
0.000000000000000000e+00,-1.290781281266210279e+00,3.925269812313123691e-02,5.519114542229757170e-01,-1.399594885716719972e+00,3.501969318660158592e-02,-2.268848510502916582e+00,7.686215566019315437e-01,-6.442917331975559492e-01,2.340082973028998037e+00,2.183462764325914129e+00,2.964160670969451239e-02,1.671098966386325602e+00
1.000000000000000000e+00,-1.324865100329857270e-01,3.118566866848161645e+00,6.766605280936903721e-01,1.077762084308715096e+01,-1.957954913918061646e+00,-1.460164353379617141e-01,8.368024738110200200e-01,1.084379941847907425e+00,-4.060463776540233383e+00,-6.801151312452491382e-01,1.845443787592250473e+00,-5.509337764463073661e+00
0.000000000000000000e+00,2.865675614265794202e+00,-2.944792969375830127e-01,-2.806962825393000127e-01,2.964384478958407954e+00,-1.686796467066480343e-01,1.059316057990016269e-01,-1.457479977747666133e+00,-1.093438791431036172e-01,-6.779641323975390543e-01,2.320996015690997893e+00,8.986677659402186880e-01,-1.289496778387448916e+00
1.000000000000000000e+00,3.868591739648927774e-01,-5.392477964084171349e-01,5.524469603241111137e-02,-5.598701528987019005e-01,3.283140669340480766e-01,-2.891788258016009472e+00,2.899178210071404749e+00,4.091637074563897469e-01,-1.668805732479482051e+00,8.201166195583913243e-01,-5.058070042080328399e+00,1.902135622494572242e+00
1.000000000000000000e+00,2.893998425848109513e+00,-5.639012542686890228e+00,-3.184662587139743373e+00,-1.233838520536129302e+00,2.303422408787347830e+00,-1.617526635628242504e-01,-1.261950948528611338e+00,1.884175752034024098e-01,-3.336409039355695549e-01,2.295021704986059063e+00,1.395866182120913734e+00,4.164751580631953498e-01
0.000000000000000000e+00,3.297237281343723403e-01,3.244383289428251160e+00,7.037821862147850549e-01,2.889609331304875184e+00,-9.524504178721788783e-01,-1.976077889877005056e+00,-1.575530430430166939e+00,-2.488651987351829575e+00,-9.579463734288774512e-01,7.360000935707011749e-02,-1.884361767066661919e+00,-1.660137704157530703e+00
1.000000000000000000e+00,3.348004235593169398e+00,-4.051004149478857563e+00,-1.260176736432311095e+00,4.103066922440792297e+00,6.045421023490951118e-01,3.522444329229765803e-01,1.280535820659614021e+00,-2.044581512968575154e-01,-1.463639658378976582e+00,3.043620448618375995e+00,1.342119681214448690e+00,3.681265894250713711e-01
0.000000000000000000e+00,9.408566033519367711e-01,-2.090752656459199610e+00,3.053641795826111949e+00,1.933863487246584745e+00,1.898298531275049550e+00,5.864688959657438083e-01,3.382072390117995209e+00,-7.858214251540549533e-01,1.964971647329396998e+00,-7.360751566927761225e-01,1.069375558332146703e+00,1.379451351054728825e+00
0.000000000000000000e+00,-1.546277147995082757e+00,6.564136634106456647e-01,1.181892916250255610e+00,-2.107033237024477756e+00,1.882777118994243271e+00,3.353200559338383790e+00,-6.432209231907042302e-01,-4.318995527858868755e+00,-2.744297311700570674e+00,-5.581682751570242296e+00,-2.073327781080014809e+00,1.803780956732357055e-01
0.000000000000000000e+00,4.414092167020307045e+00,9.250454746895521163e-01,-4.561602639847728291e-01,-1.013677551918898345e+01,1.987719507214806836e+00,5.883307489422569425e+00,-3.733336417356099446e+00,3.381877897670563016e+00,1.782107521198020184e+00,3.285939742936049957e+00,-1.705619044831079734e+00,6.116596633019704132e-01
1.000000000000000000e+00,-1.968749752633325301e-01,1.848637450056459963e+00,2.490008546388511323e+00,3.345923410176776969e+00,-1.245083549184189842e+00,-4.343705247705440087e+00,-3.137721527710755076e-01,1.711224783240806735e+00,-1.420046798089099616e+00,-2.905983958194713335e-01,-1.329706505758313284e+00,-6.996340657760544701e-01
0.000000000000000000e+00,-1.870755311511287378e-01,-3.171152310563326582e-01,2.895720149853048042e+00,2.633108059113716148e+00,1.331951106859289080e+00,4.428604138218772412e-01,3.303649817937362343e+00,-3.250307984897245372e+00,-3.979331887039589954e-01,-1.400989538290746683e-01,-1.006542944446545240e+00,1.496566321375207842e+00
1.000000000000000000e+00,3.845159260165005310e-01,-6.019903323749837831e+00,3.303941673368809839e-01,-5.360714471756334198e+00,2.636892485595343949e+00,-1.132685527708634954e+00,-1.313724288007532603e+00,3.447009446413911160e+00,9.501867540897523945e-01,4.306891342284564494e+00,3.370809675194379906e+00,3.437067631770034382e+00
1.000000000000000000e+00,2.267574360581731785e+00,-3.133765270252369728e+00,-3.910565780849273310e-02,-2.932963723273358525e+00,2.708057874011861266e+00,1.231098367931697801e+00,-4.974175297922611705e-02,1.985639168892024964e-01,-3.677173587387436715e-01,2.272119196107832195e+00,-5.431675623262366415e-01,1.488657413727787038e+00
1.000000000000000000e+00,-1.221181986260204244e+00,5.338573756654068081e-01,1.709661482603222815e+00,4.668176433970137040e-01,1.029096244699024387e+00,-7.755894988545464219e-01,3.755129931220758444e+00,1.931005763062582536e+00,-8.028596834418788575e-01,1.146221016568995665e-01,-2.067606494141845275e+00,1.505032415974225657e-01
0.000000000000000000e+00,-6.855366782762699618e-01,8.622326381410502227e-01,-8.983645663111154978e-01,-3.052182173226963169e+00,1.688716988463265345e+00,1.192128825717998719e+00,-1.792217192678389637e+00,-2.562678879792902542e+00,9.154258828508798906e-01,1.828929597009934849e+00,7.630829502016256427e-02,-5.714023872239122337e-01
1.000000000000000000e+00,-4.543163171057081895e-01,-1.866778799537677447e+00,-4.815053960213729667e+00,-6.934400004963279684e+00,-9.445223697011494446e-01,6.062665978359735419e+00,-3.887534434893449742e+00,-2.432240882717190633e+00,-1.225863318568849003e+00,-1.470427081782215151e+00,1.194099863883538060e+00,2.024403422648183959e+00
0.000000000000000000e+00,-9.274475084761317767e-01,-1.027735845468693565e+00,1.177847587550050479e+00,-3.299149781193607911e+00,2.183347520511667028e+00,-2.021636382066183124e-02,-2.199009268330215150e+00,-4.467065906626848992e+00,1.144353311843127052e+00,-7.016939787928484495e-01,4.676070557236604586e-01,1.706868836121645305e+00
0.000000000000000000e+00,-2.135527580175369700e+00,7.437544373379906260e-01,1.188294283306312149e+00,-4.221715909908601461e+00,2.281356038628537419e+00,-2.113656701242948799e+00,-8.703286167844348498e-02,-2.083095849349699158e+00,1.425223838784734909e+00,3.289990051720408815e+00,-1.569031036767503107e+00,1.560647788116037216e+00
1.000000000000000000e+00,-9.229460181902948701e-01,4.596959795507612689e+00,-1.161270075152066150e+00,-1.229227363950128549e+00,-1.354892266326994665e+00,-1.037585207016041622e+00,-2.242318785337021891e-01,-1.712748266853365564e+00,5.912209249893980889e+00,-2.280475923368561197e+00,-1.078627374056726707e+00,-2.099837077849421529e+00
0.000000000000000000e+00,-1.754716884541667188e-01,2.713812364791734488e-01,1.417911377174406740e+00,-9.071952333514323286e+00,3.010614752683909323e+00,4.208111343454384645e+00,-2.855239927288081958e+00,-3.972599161950683966e-01,-6.839161594494607144e-01,-1.137793523066303880e+00,-1.763761506245536292e+00,1.652097267364112110e+00
1.000000000000000000e+00,-1.784498707891309932e+00,5.835067287254064317e-01,-4.671338883619436944e-01,-7.849559419026190810e+00,6.150819132963083469e-01,3.672455854421441845e+00,-3.251664861251807981e+00,-1.150285895766415711e+00,2.908829164640347464e-01,1.564212103003597587e+00,7.634597306108561465e-01,2.187453558654815833e+00
1.000000000000000000e+00,-2.858385710922165313e+00,6.961717886513832276e+00,1.063881956999526146e+00,-1.901731235132194886e+00,-1.923974596952987559e-01,1.843341132958041140e+00,-2.750034198999427915e+00,-1.946862207107252107e+00,3.086608451000744102e-01,1.331370375622885849e+00,-5.047916357611902383e-01,-2.983858620516985027e+00
0.000000000000000000e+00,2.344033321203881304e+00,4.567269678679578782e+00,4.089113172687969922e+00,3.221963789264559730e-01,1.113719481853270299e+00,-8.593015858632773174e-01,6.114129059740949224e-01,2.287785607345577787e+00,-3.335105828897722002e-02,7.699247888319661115e+00,-3.030123884524909439e+00,-8.778443319050224236e-01
0.000000000000000000e+00,1.579750440147525747e+00,-6.317984096175232045e-01,2.391385120389397656e+00,4.750575767755467638e+00,1.463993233138643379e+00,-2.490367595240550180e-02,7.262215909922637991e-01,-1.422837813393804440e+00,-1.857125723017196695e+00,7.690827472457717473e-01,5.529041852621929820e-01,-9.737375132085539509e-01
0.000000000000000000e+00,-2.601582781526944999e+00,6.751353194820187698e-01,-1.753758113494400916e+00,2.678893459270679678e+00,-2.087854867343170717e-01,-1.229816640039044007e+00,-4.266371902709946706e-01,-3.577620248245466872e+00,-1.465715121989517922e+00,1.255886598919470742e+00,9.018253838192427096e-01,-1.316073654682292871e+00
0.000000000000000000e+00,1.621740929974973433e+00,6.176873628447092646e-01,4.882958077302770761e+00,3.489922008988696422e+00,1.542197077272627448e+00,-9.777239331363536401e-01,2.139704991183966065e-01,-2.052678127956668153e+00,-2.522691836782380292e+00,-2.276078345018083926e+00,-2.142942244637198623e+00,8.619550932550978928e-02
0.000000000000000000e+00,-1.061547822786011785e+00,3.214232600160827236e+00,1.621986621375694160e+00,-4.506230820351354582e-01,1.912166499617668158e+00,3.248438752253699935e+00,-2.428288595772912783e-01,-2.010812413160259382e+00,-3.260356193576344541e+00,-1.783621264062250855e+00,-2.382501068840149117e+00,-2.133756773037172039e+00
0.000000000000000000e+00,1.558411188666005032e+00,-2.289551715195717652e+00,5.922913537107842297e-01,2.330087272086274641e+00,3.062914560688915211e-01,1.506429250270738596e+00,4.252600957787587177e+00,-3.822092964882346067e+00,-6.398317126947115074e-01,-1.745804916024469300e-01,-2.074034516916489324e+00,3.144309868020411791e+00
1.000000000000000000e+00,-7.890448932835618656e-01,2.022588771827527054e+00,-5.835609211736516588e-01,-3.756451419395041569e+00,6.393619559997789636e-01,3.452476448915292595e-01,-4.752817782851435524e+00,-3.444966333555831373e+00,2.194797619172975001e+00,3.355576169311451640e-01,1.007861031005175434e+00,-8.046397972158791934e-01
0.000000000000000000e+00,2.335666708517620371e+00,1.725724236775487919e+00,1.552202513594638233e+00,-1.056849964414447118e+00,7.035116071353104683e-01,9.354057216804765318e-01,-4.847373714145538637e-01,2.842590466398882132e+00,-7.664349612419548707e-01,6.212751938477132363e+00,-1.021170763301665119e+00,-3.054993754875960921e-01
0.000000000000000000e+00,5.837049074568296803e-01,2.426087045887418192e+00,1.149198256814532915e+00,-2.292472345311006521e+00,7.979297193185127535e-01,2.830879058390477709e+00,-9.093703276681530667e-01,-1.944536191801705449e+00,3.416848716880460657e-01,9.400708820971984681e-01,-1.279024850903776933e+00,1.418832551978832512e-03
0.000000000000000000e+00,-9.071813713409806468e-01,1.188185348978379130e+00,5.820669250870361466e+00,5.393674670297916585e+00,1.555391232930427359e+00,-2.773558426214867367e+00,1.769970407573872695e+00,-7.800160105226672247e-01,-4.619043850787903693e+00,4.597346712357612830e-01,-1.765048846479631006e+00,-1.267622293377905773e-01
1.000000000000000000e+00,-1.901118444253367734e+00,3.438211730349836959e+00,-3.041413673015509911e+00,-2.201276227950873299e+00,-1.457159486349675515e+00,1.158690546286100354e+00,7.495235072871808679e-01,-2.696188132369849999e-01,1.935089593467669733e+00,-2.599725811436525369e+00,-2.044557426770182484e+00,-1.830306300801419095e+00
1.000000000000000000e+00,1.883396815939362146e+00,-2.856473343128963283e+00,2.116203424635942909e-02,8.011692081235382012e-01,1.888297546452984088e+00,-1.305831819289358986e+00,7.558792676781672659e-01,5.306130765353600509e-01,-2.948954547913329449e-01,7.184383161171103982e-01,-2.897758842049754646e-01,1.206947783083436310e-01
0.000000000000000000e+00,-2.065017568629836653e+00,9.484359421042948268e-01,1.531403545113934062e+00,-4.655219910983880993e-01,1.038589719501234798e+00,-9.179567638410051078e-01,6.027011597330862447e-01,-1.465671377396420283e-01,1.594414471391246479e+00,1.631490540473509387e+00,1.279414509288001600e+00,-1.956428117369188868e-01
0.000000000000000000e+00,-2.058548484880823537e+00,8.706983898861289095e-01,1.922166079568629060e-01,-1.090220987397058527e+00,1.525334186504191392e-01,-7.849721557136077887e-01,2.607017849452716307e-01,-3.119956582393168532e-02,2.288247561304795674e+00,3.223982668248672745e+00,1.849264466065280832e+00,2.179850100412308311e-01
0.000000000000000000e+00,2.896366249449729757e+00,-8.228350332418778168e-02,1.706184764250324948e+00,-7.406607568364274030e+00,3.287846470421446732e+00,2.496306923034302017e+00,-3.935980780235690091e+00,1.115345914713287367e+00,8.815878712752394097e-01,9.263999301449007406e-01,-1.224240789528453277e+00,4.479666395252255295e-01
0.000000000000000000e+00,-3.032167869284239980e+00,-6.722336930925835397e+00,-1.306718067267048422e+00,-4.030921773182976509e+00,4.006326516437358265e+00,-4.403558211391651156e+00,-9.858001223680412650e-01,-9.983607664533111770e-02,-2.239793677095876401e+00,3.321952414268786180e-01,1.093950353685927634e+00,2.184595176644291037e+00
0.000000000000000000e+00,9.163826529814289579e-03,4.259475745680730618e+00,1.017364492933738207e+00,4.826701950697256827e+00,1.253048198340415587e+00,8.273755167341971806e-01,1.469838064888062679e-01,6.318160195544830771e-02,-4.012380043980185107e+00,1.965082192089256274e+00,-1.547278852042176966e+00,-5.146996449979354793e+00
1.000000000000000000e+00,-4.455123143807530051e-01,2.533560648199816523e+00,-2.811622673616642309e+00,-4.730219670429165468e+00,-3.108027490217625255e-01,2.958845208917073144e+00,-1.065455558524167179e+00,-3.596811503677859179e+00,4.123967714654423133e+00,-3.240596126604929683e+00,-1.461169859560083273e+00,-5.865174795624875648e-01
0.000000000000000000e+00,1.259227728028674331e+00,1.742735833858856109e-01,1.711358496196396128e+00,3.181442684664237408e+00,-6.051253260885218754e-01,1.731785151688435054e+00,3.400038308081621441e+00,-2.919909513696220316e+00,1.462826404327339347e+00,1.011451923211114767e+00,-1.459236915133548251e-01,1.829410346356366013e+00
1.000000000000000000e+00,1.148387522961541229e+00,2.215421176653719737e+00,9.181533202327818444e-02,-9.534738997540522787e-01,-1.286889573148534360e+00,1.862720587673703410e+00,-1.785492970272162250e-01,-8.656694769384349897e-01,9.931600869835687240e-01,-1.572450347402507997e+00,-1.782141609591588516e+00,2.208795155393583620e-01
1.000000000000000000e+00,5.493609460666661448e+00,-4.257039001409483880e+00,-1.537317207987230372e+00,-2.814599159904438430e+00,1.835749655500414690e+00,-2.226240967212590238e+00,-1.248983501981979494e+00,-1.734274308891267324e+00,2.429631016580505065e+00,1.726729044460120654e+00,-2.607651260188457165e+00,2.521541616262898078e+00
1.000000000000000000e+00,-1.684636327910622899e+00,7.183510698124380423e-02,-1.081482208928205457e+00,-4.121743434859054922e+00,-6.224579469343027860e-01,-1.599486760007402530e-01,1.904316885452659314e+00,2.422641144149633163e+00,1.026046176117758613e+00,-4.930506896045819820e-01,-1.774089299891444593e+00,1.668510435757523780e+00
1.000000000000000000e+00,2.457953227245432082e+00,5.167864679703124131e-02,-3.426490669690160917e-01,5.326999203492912116e+00,-2.030130050585798873e-01,-7.850753013829900873e-01,3.823053152553253398e+00,-1.473307757101812054e+00,-2.332173039577599027e+00,6.266464997766652001e-02,-4.059478112996645294e+00,-5.266980793568801777e-01
1.000000000000000000e+00,-2.112028995479715121e+00,3.637155684651668164e+00,-1.230425601069674357e+00,-3.268716133034050397e+00,-2.383921409830794147e+00,-3.774619655874195345e+00,-1.342096169279435536e+00,3.146422087685828650e+00,1.020433149269407647e+00,-1.319785287137033691e+00,-2.980665790154811035e+00,-7.455944586078925296e-01
0.000000000000000000e+00,-1.404232037406677680e+00,1.423060908739155694e+00,3.204371250659776571e-02,-2.684633555154768203e+00,1.194965970993337345e+00,-6.474003172657107896e-01,6.992381160967240383e-01,-4.447350720029488169e-01,-3.533901152554748126e-01,1.552570565571560479e+00,-2.578587031423348108e+00,1.854109041365664678e-01
0.000000000000000000e+00,3.581089957526753853e+00,1.601716924110835105e+00,1.016087899226455704e+00,1.162109233925701801e+01,-1.883245802115756540e+00,8.187806206806912401e-01,2.142231034249079347e+00,-7.205978920228660600e-01,-3.047329119814941034e+00,7.570632196461685171e-01,4.135638673730699377e-01,-3.457544303140354991e+00
0.000000000000000000e+00,-5.156545776661995983e-01,5.216541125959718306e-01,2.308354396262355390e-01,-2.238515064698959112e+00,5.934838353520069942e-01,4.132066116687650448e-01,-1.531479883210706827e+00,-1.429442608016113780e+00,-9.944512228061546111e-01,7.087645344576247730e-01,-8.589604803473523953e-01,6.570975238183236478e-01
0.000000000000000000e+00,9.201961448704822910e-01,3.172811891145910224e-01,-1.469102473667519781e+00,-4.055081204788096860e-01,-3.492739675677827282e-01,2.082624322905626713e+00,-1.086787146564335504e+00,-3.169957460721142262e-01,-1.698896605243095159e+00,2.756941418371549046e-01,-5.510980069006566895e-01,-6.054745019088572100e-01
1.000000000000000000e+00,-3.185880409202108687e+00,4.512659955866950234e+00,3.032152099095349662e+00,8.448015251906364043e+00,-8.025478926648679234e-01,-2.938284266168260661e-01,3.076503115595042193e+00,2.970522757255013246e+00,-3.781576393232156441e+00,-1.972063030309368692e+00,9.406956219240258932e-01,-5.160116407256892579e+00
1.000000000000000000e+00,-1.651644163296849710e+00,4.602969295101981828e+00,1.331983473984769351e+00,2.381195994248823222e+00,-2.147090213681531079e+00,2.972277471372193780e+00,-1.476977327023560216e+00,-5.476621107295099655e+00,3.417906532609805037e+00,7.169282522267979019e-01,3.507209019121627414e+00,-7.397143039943647747e-01
0.000000000000000000e+00,-1.944493302266370183e-01,-5.969300092735115859e-01,4.214431913717279210e-01,2.430631459480247225e-01,-1.658403824181529984e+00,-1.227901094217833222e+00,2.090726200569144488e+00,-3.396133697495876458e+00,6.803685396179335321e-01,4.691399707059545898e-01,-2.017340954417186971e+00,4.051622277547314077e+00
0.000000000000000000e+00,-9.997997990204453567e-01,7.359684059618818441e-01,-2.242338664013066474e+00,5.298080819656246776e-01,-1.622019252883769802e+00,8.676401272809906029e-01,1.328232247268845700e+00,-1.085672408561135338e+00,-2.185586314621818627e+00,9.918678631892430264e-01,-1.781424959395704333e+00,5.745415392478427918e-01
1.000000000000000000e+00,-1.838408692190979909e+00,1.581891999484303923e+00,-2.001720756027365322e+00,2.320720242618086626e+00,-2.817115298977729054e+00,-3.422058037639159611e-01,-1.108973560483963672e+00,2.289024144253657855e+00,-3.656229655192832162e+00,6.195914949341774225e-01,7.030517713277197878e-01,-1.679722724494137953e+00
0.000000000000000000e+00,2.246287911471119614e+00,-6.332608061227465335e+00,8.647616476567296928e-01,4.352693592036678716e+00,4.451652738232836359e-02,1.781706966769347478e-01,4.535005374406267720e+00,-4.413377468788068470e+00,1.852012099771167541e+00,1.033438069567161444e+00,2.237665245332991493e+00,5.255757555386945334e+00
0.000000000000000000e+00,-3.840902042211620238e+00,2.692866191779359930e+00,1.749992818981271903e-02,-5.472562184660291429e+00,1.591276599190592389e+00,-2.984829001504245127e+00,-1.695335222459854574e+00,-9.345149615141751243e-01,9.227705667920886867e-01,3.275895792038469256e+00,-1.795007433130558105e+00,1.346052061032065872e-02
1.000000000000000000e+00,1.666736269891432087e+00,2.318572450000528029e+00,1.683831029668708013e+00,6.555847384199936734e+00,4.557820914862842354e-02,-1.518633728756779266e+00,5.555374294798156587e-01,9.750784633588138739e-01,-2.514275354706587251e+00,1.814682964549680477e+00,-7.889558721400187213e-01,-3.483280120723067252e+00
1.000000000000000000e+00,1.111085361872266031e+00,-1.890674065184988484e+00,7.392352649671007914e-02,2.496742992145483342e+00,1.813538468827565531e+00,-1.312556382475375649e+00,2.837440820892464188e+00,8.339655676386240613e-01,-2.893377845907378010e+00,1.777238727819289821e+00,-2.224449872256930583e+00,-2.832550642826827669e-01
1.000000000000000000e+00,-2.405615297607891501e-01,7.510004513130911441e+00,3.629381776715529639e+00,-4.010259525907926559e+00,-3.009116623113264888e-01,-2.075939946551769388e+00,-4.466182381215000774e+00,1.589713097337168701e+00,-6.078567079313452748e-01,9.699847240703092233e-01,-4.551566501965709222e+00,-1.828430270546278491e+00
1.000000000000000000e+00,2.795829241033982449e+00,-5.217391901033628265e+00,-1.445311716038136574e+00,-2.774905848391801655e+00,1.469980038378754905e+00,-5.367578240617643104e-01,-3.703504722058423848e-01,-7.983791593715392487e-01,-7.982282697713485309e-01,1.858103617271960273e+00,-1.100330576619736656e+00,3.469759696110452651e+00
0.000000000000000000e+00,-1.020184177502824641e+00,8.603652996611150794e-01,1.228903198838185107e+00,1.112176077495356408e+00,1.340448757714005179e+00,1.585211857033939964e+00,1.865631627851713104e+00,-1.281121386903874892e+00,-1.213302130819223112e+00,2.952561120476734358e-01,-4.708088283995651713e-01,-5.803154007467361541e-01
0.000000000000000000e+00,1.826841913447116550e+00,1.017066015980800264e+00,1.167185403471405758e-01,5.278909245590523991e-01,-3.013341183470104045e-01,1.211129964649872326e+00,-1.375871813749665717e+00,-2.555437442846010265e-01,-1.877471468093676599e+00,-5.805089389077633388e-01,-1.476147896074161636e+00,-7.706363129475009011e-01
0.000000000000000000e+00,1.226460387031852450e+00,2.604290504510308857e+00,2.204516745832520996e+00,5.166398558607713909e+00,-1.331706256392297671e-01,-4.892739907828136392e-01,6.110092018232138322e-01,-2.824649823733523579e+00,-7.489110131748999422e-02,2.190494933985528192e+00,-3.682037357372712760e-01,-1.391065383295924107e+00
0.000000000000000000e+00,-1.269960730948563432e+00,1.240274760040990243e-01,-3.288364083586501341e-01,-1.666136627019352723e+00,3.479760410785127656e-01,-1.650160605165869709e+00,6.899138007453933241e-01,-5.656949440811316343e-01,4.979171238316084658e-01,1.455451080564534649e+00,-1.260086260984813133e+00,1.000512640776104023e+00
0.000000000000000000e+00,1.473565958708360490e+00,9.834906571249019125e-01,1.633068541192350676e+00,-1.339226791120760263e+00,1.454447842250521150e+00,7.446975065192681376e-01,-1.929752218523623108e+00,-1.637062971466220596e+00,2.302487223292641882e-01,4.335901529405464805e-01,-8.331528244928259053e-01,-2.292261645326401087e-01
0.000000000000000000e+00,1.521502316483722694e+00,1.236077684849188785e+00,-1.238977168182866517e-01,-2.409240411636262458e+00,1.440848881323724129e+00,2.668252968205396591e+00,-2.437801753049301468e+00,-2.197442717105244192e+00,6.851633114115807111e-02,-1.009632379546073544e+00,-1.073376831204913451e+00,-1.107974458719070743e+00
1.000000000000000000e+00,-3.676583312228753897e+00,3.186732709401341346e+00,4.425969053092694061e+00,-1.274359731742993773e+00,1.977325954814621589e-01,-2.853129095716573360e+00,-1.157280257354169173e+00,5.963077846758030987e+00,3.332653433588292913e-01,2.016873264993245485e+00,2.361563985492259654e+00,-1.346627290330038029e+00
1.000000000000000000e+00,2.723266135121686915e+00,-3.163443096104341823e+00,-1.198484662527383726e-01,2.964078869346034928e+00,1.177694707748278447e+00,-2.367086129736631683e+00,1.486573982143026162e+00,-5.166386661603519226e-01,-4.042484809683929647e+00,2.354807370191999816e+00,-2.994253470244668147e+00,1.199962919174769826e+00
0.000000000000000000e+00,-3.764417769705168393e-01,-1.984753415120050990e+00,-3.458184478791626937e+00,-6.803128460036560021e+00,2.278070028995374585e+00,1.354816546814550104e-01,-5.065396727562613499e+00,-1.546060723861522712e+00,2.214308886368803631e+00,3.172785353652212592e+00,2.281747862471957156e+00,-7.619139694465582036e-02
1.000000000000000000e+00,3.160689203278490567e+00,-4.930195405806881759e+00,-2.528499510999984157e-01,-2.565185464464324827e+00,3.435354935600806403e+00,-3.902119043096416995e-01,-5.542980102420078659e-01,-4.737123097677802264e-01,-1.746355766523774777e+00,2.388299409196015688e+00,-1.466662454520581527e+00,2.101647831332833949e+00
1.000000000000000000e+00,-3.452149881101752360e+00,3.972575609493104842e+00,-1.944754522448421286e+00,-1.132275012913756207e+00,-2.254739857149517857e+00,2.246729570896853989e+00,-1.637930872928394788e+00,-2.451902361011916831e+00,1.222177861160483880e+00,-2.788235151244977672e-01,1.592211040896963414e+00,-1.273033177241869263e+00
1.000000000000000000e+00,-9.657538451777238908e-01,3.855616791896683271e+00,-8.916840626583932838e-02,1.330637594159806314e+00,-2.849642348006101500e+00,-1.362326280439519977e+00,-3.158618832021986123e+00,1.201533635656512722e+00,-1.818259685346446997e+00,5.292170163489144930e-01,-1.098165732488396440e-01,-1.812483030924067151e+00
0.000000000000000000e+00,-2.474693554927964723e-01,4.230105903149005364e+00,1.011448776170454922e+00,-3.349727185370975580e+00,2.172314619702745198e+00,2.284259933381806107e+00,-1.289588744932653741e+00,-2.760099259914344572e+00,4.121398939904463710e-01,1.211433996191551676e+00,-2.779797418541127385e+00,-1.670912032443909956e+00
0.000000000000000000e+00,-1.233625176369898657e+00,-2.478017109141516627e+00,-1.518348649041624476e+00,-1.713344341780179247e+00,-4.555679881581182755e-01,-2.595679065657965801e+00,5.507408901418807678e-01,4.169630158415473797e-01,8.766872494638989766e-01,1.694761751708678821e+00,4.608421719292903340e-01,2.351414166479628864e+00
0.000000000000000000e+00,1.153055938134909919e+00,-2.280698456535270147e+00,3.037420736908661656e+00,-6.179753312934674336e-03,7.169430367026772277e-01,-1.063362148724733114e+00,3.026819614582811901e+00,-1.871033214334688832e+00,3.293932084720317732e+00,6.612825873668946031e-01,-1.107236238069012613e-01,4.133658580144606631e+00
0.000000000000000000e+00,5.652980887995605608e-01,2.980826340694815446e+00,1.908189073469548802e+00,-3.812669918070792363e-01,1.162867152808392701e+00,7.211864976493898016e-01,2.001121560166270186e-01,2.549149794835295246e+00,-3.771397088486853288e+00,3.457992686692034301e+00,-3.196705930520578942e+00,-1.487562302191304475e+00
1.000000000000000000e+00,-1.101827627033545420e+00,1.139020697296901696e+00,-7.541639635366635952e-01,3.336205072664070403e+00,-2.052891851182706784e+00,2.329083568113778480e+00,4.376889364860800491e+00,-3.560832521705525888e-02,2.080555949203748423e-01,-8.983369054501265660e-01,9.219946041123816549e-02,-4.704064057640477969e-02
0.000000000000000000e+00,-1.224784227276986659e+00,3.470686417486970043e+00,2.453911585711709087e+00,-2.078553134173704575e-01,1.803254550186800476e+00,7.591195729012050197e-01,-4.584302873287470215e-01,8.340519953846352585e-01,-3.521021649480589044e+00,3.058133332270754678e+00,-1.776597740132008774e+00,-2.020652972821693982e+00
0.000000000000000000e+00,-2.961698903746210476e+00,5.110272858323040568e-01,2.875346676603400375e+00,7.379510926594314846e+00,9.548333401502141493e-01,-1.504081199450318262e+00,3.043638964979821893e+00,-1.776944901084990480e+00,-5.718391485557012821e+00,6.277894277999260808e-01,-3.001665257131680420e-02,-1.273320403584926375e+00
0.000000000000000000e+00,-7.915690783755526816e-01,-3.084515672024913613e+00,1.116306202710646067e+00,2.476387937298647063e-02,1.681282192273318765e+00,-9.070033085605696543e-01,1.537979074321803363e+00,-1.953567845615003185e+00,1.108558867176728135e+00,8.479717269890468812e-01,1.578586126165704595e+00,2.258692697249270243e+00
0.000000000000000000e+00,-1.415059417999503966e+00,7.394223089642403268e-01,1.749158552666475908e+00,-4.402551346387001630e+00,2.710134514706460607e+00,-1.438644534528104035e+00,-2.565441202292599865e-01,-1.751680502916104221e-01,3.167595150950787808e+00,1.678692950266587047e+00,-2.657629228447709879e-01,3.740192830780454392e-01
1.000000000000000000e+00,-4.350227933161653349e-01,-2.183792659417164439e-01,-1.735218025488272975e+00,-3.371730707429662299e+00,-1.250565086175704721e+00,3.822027644570192617e+00,-2.043615659843361243e+00,-2.619746669230316183e-02,-2.654431153367677876e-01,9.215384514526041571e-01,1.921744061609812704e+00,1.238428128676880124e+00
0.000000000000000000e+00,1.223731466025230752e+00,-5.010183843680293236e+00,8.286518242796777622e-01,-1.098435718244820114e+00,2.558178402200167234e+00,-6.088606124752069526e-01,2.941692220106285838e+00,-8.085749714599622662e-01,7.536503672256169573e-01,9.471653141755613792e-01,-2.807559616347330422e-01,3.415594506464068036e+00
0.000000000000000000e+00,1.555245643534625577e+00,1.991691022269821865e+00,-1.404338419118624781e-01,-2.599449302499343251e+00,1.591304780542245334e+00,-2.589979114277396466e+00,-3.328042052794587757e+00,7.541553836982763936e-01,9.195784554198684901e-01,5.043188221547984185e+00,-1.553646591590801318e+00,-1.744137520303180144e+00
0.000000000000000000e+00,-1.114595427817120177e+00,-6.369883698437294184e-01,2.543303700241765775e-01,-4.605184649537880759e+00,1.066667188970100932e+00,-2.858958765542656266e+00,-1.739850729495928672e-01,-4.413063119153155522e-01,4.375045078997128911e+00,3.907845336032444106e+00,3.242682966925543031e-01,2.441303169009992668e+00
1.000000000000000000e+00,9.133240752536542217e-02,-1.909393811665751131e-02,-2.749224574845529290e+00,6.993182461767551150e-02,-1.881403904285163353e+00,6.336927983247440110e-01,-3.722950321484307379e-01,1.414454174875003911e+00,7.535943943618004237e-01,-4.803973805286413379e-01,1.016628004311089128e+00,-7.519004605665354779e-01
0.000000000000000000e+00,-1.306747048707075143e+00,9.299340464294701958e-01,2.988826271780876676e-01,-3.041879341733606967e+00,2.855184751647957153e+00,2.252430995652550116e-01,5.992432683131321269e-03,3.991044032656971829e-01,4.331469913357237633e-01,1.619876680141434155e+00,-6.822042393976026631e-01,-1.385709507662044260e+00
1.000000000000000000e+00,2.030995112017504489e+00,5.816629995847608647e+00,1.681029718925024508e-01,7.875041370400281515e+00,8.969473364506641566e-02,1.588147663487905259e+00,2.745620202870180826e+00,-1.171762294859203912e+00,-3.151017851174796602e-01,-2.059727161318340549e+00,-2.837823540765477048e+00,-6.816002710620484351e+00
0.000000000000000000e+00,-1.228487394793463583e+00,-3.223853760647712008e+00,1.151513481383094728e+00,-4.343658006556784024e+00,5.023029450248694516e+00,-2.042933281189923456e+00,4.393481397817347034e-01,-4.627518075737636849e+00,-3.707541624947128245e-01,2.242602283725244838e+00,-2.145523852550704547e+00,2.844229096817376679e+00
1.000000000000000000e+00,1.677638957371115236e+00,3.157342608871511747e+00,-1.544475593476849262e+00,3.330569961584997074e+00,-1.426942129733447029e+00,2.858062994999509332e+00,2.699864236789171645e+00,-2.653543151842332470e-01,1.064070393673645532e+00,-2.596814961283356205e+00,-2.022223466904432776e+00,-2.970501834611677161e+00
1.000000000000000000e+00,-4.319898801225426910e-01,3.442639495667287441e+00,6.031181536415708422e-02,2.432212526135244079e+00,-9.386956120367809797e-01,3.822697973125722903e+00,-4.182441473783810038e-01,-4.744908992240484125e+00,2.291967894046470722e+00,-1.628416685271465436e-01,2.119332476239138785e+00,-1.715783396793826299e+00
0.000000000000000000e+00,2.962845286595526595e+00,2.741993842804013148e+00,-2.342661477390197700e+00,-6.464945838642353948e+00,9.346476176243131428e-01,4.245722609883097576e+00,-3.109284251174062597e+00,1.677504607972526429e+00,1.006450861696264187e+00,3.321983783757850972e+00,-2.216200757756625173e+00,-1.716255964165112946e+00
0.000000000000000000e+00,-7.712523439825520466e-01,2.537596105117529977e+00,1.156871688355687100e+00,1.119960832337750650e-01,-5.999926929976806544e-01,1.420956463366751521e-01,1.209837468038971853e+00,-1.119525250980928810e+00,2.610903061143989401e+00,1.824285368234270344e+00,-2.135421601535969494e-02,2.690919362102526247e-01
0.000000000000000000e+00,-2.012387031589039754e+00,2.533149203382061732e+00,-1.123291188876249347e+00,2.052351559713492535e-01,-1.959442902128761599e+00,2.307964846085754917e-01,4.214760489662331411e-01,-3.029079895975090420e+00,-6.065712651963510726e-01,1.668996419662637454e+00,-1.340530766483193803e+00,8.475211617370115302e-01
0.000000000000000000e+00,-1.719363984731039130e+00,4.164065122465368418e+00,1.955842947612383309e+00,-2.973087032002017072e+00,4.796928965842315318e-01,-1.659530004519908397e+00,1.035935721046816749e-01,2.185371306201084884e+00,3.191163782376671865e+00,1.902589598488610090e+00,-1.077846182579289103e+00,-1.119796406797467281e+00
0.000000000000000000e+00,-8.254535549552769469e-01,-4.475118624309947890e+00,-2.139967938364470967e+00,-4.301701607032297758e+00,2.663270961809373283e+00,-7.653032651920922413e-01,6.435506346987540649e-02,2.468114269689800633e-01,-6.602565853763353587e-02,2.513875968031883623e+00,6.821463850128060002e-01,1.854484512663106877e+00
0.000000000000000000e+00,6.165321450231087130e-01,-4.235477337138169318e+00,1.806321584361366472e+00,-4.678573473338177302e-01,2.612659101129470862e+00,-1.192195098481496851e+00,2.149230510505852010e+00,-1.186384849343744552e+00,2.320577314628925247e+00,8.339960007150893917e-01,1.390454214645226561e+00,2.726374419955474693e+00
0.000000000000000000e+00,2.168458134758383782e+00,1.153259094928638540e+00,3.298641577385191592e+00,5.583017214093219494e+00,-7.408209685822826351e-01,2.124865341004322339e+00,4.749223109498959872e+00,-2.432823218040851998e+00,1.698362297600411353e+00,-1.256071344825072433e+00,-7.213955996251038005e-01,8.827197898997596326e-01
0.000000000000000000e+00,-2.418143248102648801e+00,1.626164541140576514e+00,1.293051527265089762e+00,-3.428785451136929563e+00,1.978555952097508897e+00,-1.714212511488910406e+00,-3.436580633733443690e-02,-2.503236855103884828e+00,-5.202787145310010519e-01,5.187546595326898435e-01,-3.165519954995705820e+00,8.551690771494697696e-01
0.000000000000000000e+00,3.427459732032654971e-01,1.290778507350277549e+00,-2.738365024318156760e-01,5.499650349276370420e-01,4.954905824898684363e-01,-1.264002454741584014e+00,-2.496311631926931618e+00,-1.743469932324836602e+00,-6.610847798286155763e-01,1.214923330863848072e+00,-4.307521992253775522e-01,-1.545476567447207961e+00
0.000000000000000000e+00,-2.609164058342562598e+00,-8.079176011005809732e-01,8.936357908591063826e-01,2.061766820929053168e+00,4.943704444104328743e-01,-2.408480743251861789e+00,6.818514694887017891e-01,-3.557444900077332273e-01,-1.465240371241241846e+00,-2.044454953927036023e+00,7.761656588784191513e-01,-3.610056250654722909e-01
0.000000000000000000e+00,8.412914081988762671e-01,2.686165865997347080e+00,-1.295104307066202498e+00,-7.040499454373291277e-01,4.033062814463946877e-01,-1.626948118363908957e-01,-2.330230600097163318e+00,2.941954141291980296e-01,-5.761554903991541465e-01,3.649177745656168703e+00,-1.128046648205451197e+00,-2.596031800745220774e+00
0.000000000000000000e+00,-2.959050225553382374e-01,1.033132897131075811e+00,1.305909152444599375e+00,-1.535389831495726831e+00,8.899412814128306870e-01,-4.489535963452367939e-01,1.523987134118425235e+00,-1.893801167566561805e+00,7.678863274340554934e-01,1.326418455744711622e+00,-2.529902192435662833e+00,1.514362791164671318e+00
1.000000000000000000e+00,-1.069537651183239513e+00,3.307434284088563103e+00,-2.295440829261066629e+00,1.609575012997208177e+00,-2.283030189281901379e+00,-1.067421819400739658e+00,1.414133122240570639e-01,-2.666538523623351864e-01,1.736719502129587589e+00,-2.203427985829327973e+00,-9.376617103143343179e-01,-2.572842287483817714e+00
1.000000000000000000e+00,-1.788125996269165352e-01,1.083612725249377462e+00,4.230636429225896222e+00,2.943487228295047053e+00,1.271349901339438482e+00,-2.698338928370469958e+00,-1.723695175419405867e+00,3.916543650533764964e+00,-1.484790999902118269e+00,2.978929436088820992e+00,2.564508940042680152e+00,-2.274411858926186802e+00
0.000000000000000000e+00,2.707471564335232728e+00,2.304518694164544357e+00,-7.756208688824859365e-01,7.202948033997813582e+00,-3.094022938279394896e-01,1.813696594668661177e+00,-9.554966319732283164e-01,-2.286860880492901371e-01,-4.579987386220405909e+00,-2.104221633987803930e+00,-9.696313667773598377e-01,-5.534318133277826846e+00
1.000000000000000000e+00,-1.636282350508110994e+00,5.403514868300888452e+00,-1.031887903066315282e+00,5.397407667180156743e+00,-2.185534875655460230e+00,1.786537169810129555e+00,2.422554469015428147e+00,-3.942531000146660691e+00,4.062687486107826373e+00,-1.872284642587493497e+00,1.091335323099383192e+00,-3.764529999429693685e+00
0.000000000000000000e+00,-1.813202589809062015e+00,5.864912127237253081e+00,-9.805612370242184905e-01,5.090168840008845175e-01,-4.041325383254991799e+00,-1.236973936864937951e-02,8.767328595486834075e-02,4.360403889119108811e+00,2.031531969620941958e+00,5.324061829710331484e-01,2.319684388119440666e-01,-2.714413732413661240e+00
0.000000000000000000e+00,2.464086915964218694e-01,-2.492254611403142306e+00,-1.130868017380797230e-01,-3.925829552709767523e+00,1.970766527483604147e+00,1.049883176965624942e+00,-3.495088579133839524e+00,-3.829791737453724920e+00,1.329220747731503227e+00,-1.795227369024192665e+00,1.647435739008999978e+00,1.549716369841275920e+00
1.000000000000000000e+00,-8.135516848627462050e-01,2.141738587378273717e+00,2.357497831018845247e+00,1.991155757581733354e+00,-1.032598468949196935e+00,-2.810667007961490160e+00,1.857787264642696057e+00,1.850292692133837180e+00,-1.289686240282384100e+00,6.353163044388610015e-01,-2.388878939261656509e+00,2.582393196772607702e-01
1.000000000000000000e+00,5.729408019493679172e-01,5.135036886839801973e+00,2.174574295083127051e+00,7.856937090189756390e+00,-8.373725969025858085e-01,-1.108620308917133146e-01,5.164539204989553767e+00,-1.549833062063287414e+00,-4.889973672858333842e+00,-1.621995634608988990e+00,-6.667392696124678331e+00,-2.731667007975404182e+00
0.000000000000000000e+00,-2.343454649740185580e+00,1.456143742777714356e-01,-2.532405144227803273e+00,-4.757487154570595678e+00,2.187421719200935977e-01,-2.344187342314811850e+00,-1.245774925679521861e+00,2.687268175707600903e+00,3.377478819003898458e-02,2.685003201079152468e+00,-7.466742964884058864e-01,-8.999472796230101324e-02
0.000000000000000000e+00,-4.575855055357233248e+00,2.218551626534735810e+00,-3.036020110063737398e-01,-7.172370697090133085e+00,3.256179596203405691e+00,-2.818965363270435898e+00,-2.934752369698970131e+00,5.144578534179142792e-01,2.012734815868216565e+00,3.896932453426023901e+00,2.970933527365553495e-01,-1.537766134480843760e+00
1.000000000000000000e+00,-5.144647817305989523e-01,4.473611883740066020e+00,7.226258778560434859e-01,5.113433518191063065e+00,-2.238516883203096164e+00,1.890118460040538517e-01,1.599403116482917220e+00,-1.721056571803809554e+00,2.263678490315876424e+00,-6.994087165941942352e-01,3.875972008058043983e-01,-2.446321270595261499e+00
1.000000000000000000e+00,6.824832035065162561e-01,-4.341189226301694681e+00,4.313853862914190929e-01,1.016106323922595811e+00,1.896643134914700379e+00,-3.548937649425810470e+00,3.481189122957133453e-01,1.171193914738678288e+00,-2.816454504047787744e+00,2.788372874448815653e-01,-5.788863056399766727e-01,1.113080926031004392e+00
1.000000000000000000e+00,9.771206045896707604e-01,2.013703863049958631e+00,2.080275131726027737e+00,1.784226160048820953e+00,-1.166059892783888330e-01,-3.364260001825648327e+00,7.551537144494779863e-01,3.325102278209707274e-01,-1.083998539782530690e+00,-2.901675568192396693e-01,-3.961398501189211441e+00,-3.147948405793344895e-01
0.000000000000000000e+00,-3.144787963633125294e+00,-3.818283787123215589e+00,-9.383595972366347571e-01,-6.530871904160366448e+00,4.946634744900157088e+00,-3.386279615784333341e+00,-1.166664412358793701e+00,8.808973318173727307e-01,-2.058465985497642592e+00,1.532674339926680895e+00,-1.030497984613228946e+00,7.799612861425898602e-01
0.000000000000000000e+00,1.453637715891869409e+00,6.082940438906359049e-01,7.995659660617748798e-02,3.924518399112493672e+00,-2.698402956658700003e+00,2.275020264455378527e+00,3.703122421126724184e+00,-2.692205212561515459e+00,1.248154225527543293e+00,9.035671598504648738e-01,-3.906518091911348467e-01,2.120829387272713973e+00
1.000000000000000000e+00,-2.213076859041544608e+00,8.922037068768774448e-01,-1.759449835330847645e+00,4.018105703998459788e+00,-5.198280594405756183e+00,2.155561688641205897e+00,1.138627781821150098e+00,1.861979551557062962e+00,-2.770330102085966750e+00,6.597582140009334850e-01,2.872409850109990170e+00,6.742435124931884793e-01
1.000000000000000000e+00,2.600679931792865496e+00,-2.135287118573308884e+00,6.148932042461954239e-01,-1.136336835424102965e-01,2.226398702216127123e+00,-2.549944486230113050e+00,-1.625976442312509818e+00,7.769414629450872578e-01,-1.464741885605509664e+00,2.483802579823410905e+00,-1.104789108674556708e+00,-1.282205827278163346e-01
0.000000000000000000e+00,-1.375119059071479910e+00,2.089850518338641994e+00,1.643765841503192604e+00,-1.397738511301002129e+00,1.382066554733182739e+00,-1.295199703859295504e-01,9.989942383639625056e-01,-4.787621230713713372e-01,-1.660177832055127922e+00,-1.428973515037493591e+00,-3.335482483723230640e+00,-4.037330341877067852e-01
0.000000000000000000e+00,5.729549217406932016e+00,-1.488206369067015089e+00,2.556015068785141509e+00,4.349585776329424114e+00,-7.334893711049246257e-01,3.197056500666303869e+00,7.109685953231219546e-01,8.581238174742298330e-01,-1.754880115024215925e+00,-1.078831279088410700e+00,-1.313799695245000398e-01,8.193896428753175698e-01
1.000000000000000000e+00,-5.408708273023302482e+00,2.327056757959264477e+00,-1.634922443475672615e-02,-8.241288693854181835e-01,-1.206087243897470795e+00,-7.197597242467626000e-01,-5.866488269765730568e-01,1.211195833994315407e+00,-1.473177520398440965e+00,3.306681695310216718e+00,2.401053778105050718e+00,-2.977629016186550404e-01
0.000000000000000000e+00,2.877460204760757811e+00,4.176667158049997219e+00,3.416513330827457562e+00,1.456290661520340535e-01,7.485013038084931125e-01,6.346031423653800685e-01,2.965769536274822649e-01,1.281385899552153873e+00,-7.228679626589662455e-02,4.673847680434705332e+00,-3.220590867245006983e+00,-8.594637718130690995e-01
0.000000000000000000e+00,-1.995895978679734117e+00,-5.526075887663130182e+00,-2.870389549253650863e+00,-9.018675985805851170e+00,6.634664727925460248e+00,-1.363688291488553528e+00,-1.560364668705359836e+00,3.156130010398858765e-01,-3.458534050699467954e+00,1.642185533591150159e+00,-2.283420267193725373e+00,7.860715638462002497e-01
0.000000000000000000e+00,-2.157687524170555093e+00,3.179401459795212048e+00,8.586718276546723150e-01,7.557020632625217615e-01,2.530652169801242968e-01,6.406677446853339397e-01,1.267565662762139889e+00,-2.333828287012924996e+00,-3.471763893893939468e+00,-3.181824291283739115e-01,-3.454290292197835122e+00,-6.769887525311084620e-01
0.000000000000000000e+00,6.520026783694750083e-01,4.792098256920724886e+00,1.684441002026119127e+00,2.389204983164039953e-01,2.872540141281807458e-01,5.520144223915357529e-01,-4.801347571406110459e-01,-1.652186970844221392e+00,-1.040591298396895237e+00,8.439829512123890876e-01,-3.789859828714448930e+00,-1.689367527265982716e+00
1.000000000000000000e+00,-6.310661722770780635e-01,-2.172005702124221393e+00,4.162993983753797700e-01,-1.637244129880055077e+00,2.125497227437815884e+00,-9.221510851173265744e-01,2.084471293886076104e+00,2.591641138040533754e+00,-8.583663249961779318e-01,2.594474277441199739e+00,-3.716527009999835984e-01,8.750550972739632449e-01
0.000000000000000000e+00,-8.277062277614155583e-01,2.855203749052960482e+00,4.026580793492749777e+00,-2.959435266441253765e-01,1.958248365694733595e+00,-2.980210049327082222e-01,1.212921907089084428e+00,-2.247332743266011512e+00,2.759966096643164502e+00,2.801365646513102048e-01,-8.179698657347327373e-01,-1.845115695388983568e-01
0.000000000000000000e+00,2.599519396729030873e+00,2.093909049032799619e+00,-6.039259385555573179e-01,1.879974277898413648e+00,-4.579025218509951145e-01,7.438032233405169613e-01,-1.116530260531650054e+00,4.545089665695136727e-01,-3.596277409723906970e-01,3.733138305085645481e+00,-5.505863063824781856e-01,-2.074951523772721185e+00
1.000000000000000000e+00,1.545457456170898469e+00,4.027608697589693421e+00,7.505322381794876652e-01,-3.739356617853882181e+00,5.285583604423187420e-01,-2.963787922405891173e+00,-5.509598519476620382e+00,2.217562414629842049e+00,5.347792234066479189e+00,2.098774654841569776e-01,2.595035016943159079e-01,-3.449628840657475326e+00
1.000000000000000000e+00,-2.902588023309351506e+00,-2.017467176644294646e+00,-2.831763817716731246e+00,-3.018220411123430313e+00,-1.347940983186907360e+00,5.966552738230154196e-01,-2.057190759441800854e+00,7.462863712456910825e-01,-5.993872670148974180e-01,1.781650189022653930e+00,3.544915143812715996e+00,1.566103336034890159e+00
0.000000000000000000e+00,-3.684194678390784183e-01,1.988429114143798193e+00,1.671641667439874634e+00,-1.535163534487993697e+00,2.114756527265078567e+00,1.342862830028505261e+00,-4.462806638365324208e-02,9.791726456502805043e-01,-2.350964460792971167e+00,3.434103464984112009e+00,-1.530991805185648147e+00,-1.061497364233893848e+00
0.000000000000000000e+00,7.277869386228696946e-02,5.368805336600534162e+00,7.934509034905722347e-01,-1.034173699899841765e-02,6.618040393263715515e-01,-9.081605890423525285e-01,-1.073121394119609828e+00,3.762062847886797901e-01,-2.356665172666970065e+00,3.211010043648492740e+00,-4.214182619227505810e+00,-3.110498376947803845e+00
0.000000000000000000e+00,3.318199112266666528e-01,3.770073308594572570e+00,4.022153191615449153e+00,-2.137791997684876488e+00,8.068811338914716469e-02,-7.172390801469352706e-01,1.271544569389853940e+00,1.350929495848385287e-01,7.303274213383491364e+00,2.883431780095901065e+00,3.004169201172459669e-01,1.081317767711731603e+00
0.000000000000000000e+00,-1.865552014758539157e-01,-3.173985002582822013e+00,1.463620694835259917e+00,-1.117430680364764228e+00,2.534091956407989343e+00,-1.528433012825832993e+00,1.758582182498427349e+00,-3.097497047552787208e+00,2.304649354939146022e+00,2.146386532387879686e+00,5.940088521153983336e-01,3.032423968799827563e+00
1.000000000000000000e+00,4.794805959916716986e-01,3.709642201846327758e+00,1.244072848531185382e+00,2.414703460152432868e+00,-3.014389346601461517e-01,4.843133769481749340e+00,1.094357682135950860e+00,-4.721222889387072463e+00,2.907188518217789230e+00,-2.100344429992972994e-01,1.196056757323520348e+00,-1.342482334668102073e+00
1.000000000000000000e+00,2.248430834516535803e+00,-4.624539290581693440e-01,-1.031593213556504018e+00,4.053326962730814387e+00,8.226293084436073766e-01,2.303284304121423709e+00,3.181293279610557079e+00,-2.023967939824030893e+00,-3.907634607818430972e+00,3.969393398162730513e-01,-3.259387113689100612e+00,-8.957959909680300870e-01
1.000000000000000000e+00,2.870344035668707328e+00,-1.265812001747641524e+00,1.036378304048064303e+00,1.821978631146889127e-01,4.146888238065915999e+00,1.037959200286521444e+00,-1.822458213302469154e+00,1.058263377921740078e+00,1.340271872300752509e+00,9.481699108642999141e-01,2.175346506173331917e+00,-3.400794131851256008e+00
0.000000000000000000e+00,-3.331759842514743220e+00,2.646968678863621527e+00,2.026584488270004591e+00,-5.276173051135905290e+00,3.220372613617104918e+00,2.735918087554009004e-01,-1.357462424748439034e+00,-2.360439360720242519e+00,-9.844865861027278786e-01,1.548911077962751293e+00,-2.055092772509181209e+00,-2.722835449965221866e-02
1.000000000000000000e+00,-1.425146733425419310e+00,2.155724301582403246e+00,-1.434578174505842352e+00,-3.792300309877463693e+00,-1.757282814898178724e+00,1.794527568595717160e+00,-2.047818711516844914e+00,-4.969618405323831256e-01,4.756632381369734208e-01,-6.530999109690018845e-01,-3.399762278653828407e-01,5.841221104407716691e-01
0.000000000000000000e+00,1.328562434538195447e+00,8.403048227261666892e-01,3.387802840087122291e+00,8.768310846490791732e+00,-2.943053190397650898e-01,6.531286919196876983e-02,2.515438851265297426e+00,-2.522213747948824469e+00,-2.767829226056329972e+00,-3.789880589739809125e-01,2.754385644514534270e-02,-1.022334465305055895e+00
0.000000000000000000e+00,2.199321510920281497e+00,9.462511536339826002e-01,3.241732548427792349e+00,-3.392264578358263449e+00,3.435380502624778565e+00,9.249699350413354004e-01,-2.569841034579920525e+00,-6.941540601350458806e-01,7.755744686142114208e-01,1.803136676547543837e+00,-9.607212910465224853e-01,-3.292769990321816609e-01
1.000000000000000000e+00,-9.055707637751926331e-01,1.560323706130571031e+00,-3.377546266451960655e+00,-5.522693077496479974e-01,-4.168394457929839092e+00,2.030801782782384546e+00,-1.682611520287419449e+00,2.984697027971028316e-01,-8.924956863423938458e-02,-1.610895319339662901e+00,9.840889370869663200e-01,7.166100242362638539e-03
1.000000000000000000e+00,-1.248293681098372687e+00,9.322687181560233016e-01,-3.270123222883017267e+00,-2.370757985327974104e+00,-1.347994186199271027e+00,-1.375356474859189326e+00,-8.451801687386024664e-01,1.125527238519850926e+00,1.003175493368681837e+00,-1.832470311920812778e+00,-1.257129796167067770e+00,-9.748320836764278186e-01
0.000000000000000000e+00,-3.921382692287966876e-01,1.504184825324643038e+00,1.143317847446378988e+00,7.808528481240027963e-01,1.314982749710437604e+00,9.726053626131905272e-01,3.016097659839522827e-01,-1.285852288778436936e+00,-1.777399674233866689e+00,1.570036593453420171e+00,-9.362333529274396993e-01,-9.976290880133890093e-01
0.000000000000000000e+00,-1.882542789242727999e+00,4.696073552555702690e+00,2.428347094468210621e+00,-5.889027361312860087e+00,1.110737057484987300e+00,-2.685745585522180789e+00,-5.324699371381707014e-01,4.591460014079309371e-01,2.735437379721112006e+00,1.259766399353931199e+00,-4.196600375052734755e+00,3.420549699350146078e-01
0.000000000000000000e+00,4.522240051442933950e-01,1.064436559769403656e+00,1.443657930952770618e+00,1.418310511390478812e+00,1.133100491524896558e-01,1.518828561281053258e+00,2.706700460738312941e+00,2.650084147268378931e-01,1.535301014754579363e+00,2.333618488929846357e+00,3.852525770573460573e-01,1.783724800429449253e-01
1.000000000000000000e+00,-1.033994567517222851e+00,3.654434500025573129e+00,3.599535692403150300e+00,3.941767403739435238e+00,-1.176721654292129937e+00,-2.401266672385212964e+00,3.275516377517019295e-01,2.567371148168831496e+00,-4.351521739765089603e-01,-4.272713831479137969e-01,1.919101781897378789e-01,-2.070921923811785526e+00
0.000000000000000000e+00,3.008580022189508707e+00,1.644764066518927814e+00,1.154046074664305976e+00,-4.544746699614914398e+00,2.283222499733756017e+00,5.491070791684096619e+00,-8.625500363358632461e-01,1.055140278565856349e+00,-4.850180370619695536e-01,1.361237637201146988e+00,-2.185727519442610678e+00,-5.393366953228744265e-01
0.000000000000000000e+00,-8.850841704535693522e-01,2.109757624968203071e+00,1.051683587271486475e+00,1.451325254458179392e+00,-6.252075013939373260e-01,5.935763482046461093e-01,1.234314290835678118e+00,-1.929569996807346755e+00,1.229879643496257113e+00,1.252554622260663830e+00,2.199125727809005948e-01,8.936269028219501198e-02
1.000000000000000000e+00,-1.607175212537541586e+00,7.834599157651537027e+00,-2.646696774322970791e-01,-4.678773030766066654e+00,4.184841663701432957e-02,9.474628289994896368e-01,3.666996781359408430e-01,-1.687939605987784919e+00,5.107561586270717768e+00,-2.960229777961210562e+00,-4.819591557276327265e+00,-2.956093159748617527e+00
0.000000000000000000e+00,4.278211167043997065e-01,4.265417135602825316e-01,2.160331305891626918e+00,7.522157717953033007e+00,4.670285020272452181e-01,-1.011029673989322308e+00,1.136152997714216184e+00,-2.653423706564889351e+00,-3.112335240932174507e+00,-8.178683530139527758e-01,1.085750304988206683e-01,-1.900827375247145401e+00
0.000000000000000000e+00,-9.088842657045865803e-01,-1.864919636581767293e+00,1.075403860006757695e+00,3.917229572628034839e-01,1.679896356928031409e+00,2.300570635919016560e+00,-9.205531214520135119e-02,-2.826844514623924276e+00,-2.461701316676706774e+00,-2.358152450348808937e+00,1.009411798499503909e+00,6.939194815069678057e-01
0.000000000000000000e+00,2.066333442682660948e+00,2.529011634316626456e+00,7.366167651587745002e-01,7.544035299573984554e-01,4.863692092458076210e-01,-3.127201060981237291e-01,-1.414750826713351506e+00,-9.203303560450939447e-01,-1.017843999334422600e+00,5.620594882146470184e-01,-2.800218975943851163e+00,-1.739949500941857075e+00
0.000000000000000000e+00,-1.180710620021956592e+00,-9.688886027448613270e-01,-2.426871590871908957e+00,-1.778375620066424467e+00,-1.898469776927238506e+00,-1.615992634948347551e+00,3.671416295752726322e-01,6.546234957224121853e-01,2.665230145111752602e+00,4.576744176450862511e+00,1.698139600605156563e+00,2.208936492987502831e+00
1.000000000000000000e+00,3.158112732643234999e+00,-7.830486753849019266e+00,-3.155562570723012605e+00,1.624110538386281721e+00,1.956406596777554574e-01,-1.315942118882534428e+00,1.989355452636789590e-01,-1.162719542676326601e+00,-4.129198840643690360e+00,2.808121517545037804e+00,3.162907335982101387e-02,3.799352996511808911e+00
1.000000000000000000e+00,1.905418125071224988e+00,-7.542411625964930977e-01,-7.356305655044370617e-02,4.876993310015911298e+00,1.095423686746201053e+00,-1.365235107699901640e+00,2.717392487658015998e+00,-5.664105198636539829e-01,-3.840714980145580881e+00,6.874988309361274030e-01,-3.356974673236270856e+00,-1.243446306340263874e+00
1.000000000000000000e+00,1.391444965185737681e+00,-2.605636601138905384e+00,-4.285796790152536229e-01,-2.307054346485749308e-01,1.717840625284151601e+00,-1.164420893017148462e-02,-2.608337563598075448e-01,1.714263296546963300e+00,2.085466310580261773e-01,2.553051186853591226e+00,1.808965097929045474e+00,-3.120604214648389219e-01
1.000000000000000000e+00,-9.316435990531874989e-01,5.233311437623862972e+00,3.325132305170680258e+00,6.654497999987980528e+00,-4.074793182830842575e-01,-2.945564312302744181e-01,3.762548868239279809e+00,9.545025466723802143e-01,-2.156270944522241440e+00,-2.016456619011559148e+00,-2.648504401898659211e+00,-3.805285737037427118e+00
1.000000000000000000e+00,-4.186508443337033647e-01,4.187288154345285562e+00,1.054358961484447743e+00,5.354475602458752981e+00,-2.307549899971326646e+00,4.893659671945094214e-01,1.932449422424275198e+00,-3.875731497480065624e+00,2.566500875869114573e+00,-1.878728551650971523e+00,-4.958272523163542722e-02,-1.472833837844311100e+00
0.000000000000000000e+00,-2.375671319873681409e+00,-2.277401430441755234e-02,-3.658369927010911127e+00,-4.262672318060964471e+00,1.876763608453439591e+00,1.544947966590390021e+00,-1.398070940358394854e+00,1.856996975898925761e+00,-1.633797128638980301e+00,4.099071383037053984e+00,8.858518139595028540e-01,-2.098744769883671868e+00
1.000000000000000000e+00,4.380766341060700064e+00,4.136024086930956689e-01,-1.270413622199497272e+00,3.678084388222634615e+00,5.515952445495571066e-01,-4.423769842208221670e-01,-8.091023750550825344e-01,-1.047113976925952539e+00,1.293333491999504314e+00,6.998881131247191023e-01,-7.452274824893732053e-01,-3.065989050304948282e+00
0.000000000000000000e+00,3.289122301834715767e+00,1.710711348170220469e-01,-2.103126351797459659e+00,-1.005389861036363541e+01,2.110620361570241243e+00,7.098932967314397047e+00,-4.615686814238448399e+00,2.296476331639869528e-01,1.710400328320977437e+00,-7.858575906746310125e-01,-8.930290622995226135e-01,2.381618164116838798e-02
0.000000000000000000e+00,2.241238481113881686e+00,-1.960303183171801411e+00,-1.386764388376006796e+00,-3.822313891984237544e-01,6.044411808620397952e-01,3.327849382308226911e+00,-2.164570374284351395e+00,-3.036489673621288521e+00,2.372517750530711567e-02,-2.861042448144746508e+00,1.223005656990892920e+00,-9.104130842279045677e-02
0.000000000000000000e+00,2.749947701761275454e+00,2.376678998279328603e+00,-4.964948626678269417e-01,-3.024804002984143647e+00,-2.410884483173580950e-01,1.754989986197416085e+00,-2.190819871481207048e+00,5.242167818802334622e-02,2.955342052784010409e+00,5.844625131683215180e+00,-1.498617048526958984e-01,-5.149381091748872485e-02
0.000000000000000000e+00,-2.706818089423462581e+00,5.202436710660355068e+00,1.710080843969520314e+00,-9.298608934792532699e-01,4.434901521480835163e-01,4.405740407855729401e-01,9.350204288739250025e-02,-1.982621352566237283e+00,-6.911569986443406588e-01,1.429448125710396589e+00,-2.332701263898799393e+00,-1.343013364318071723e+00
0.000000000000000000e+00,1.017701086375337072e+00,-2.056203420373931223e+00,-1.987693400547385192e+00,1.202949469309370079e+00,-1.407736537792062759e+00,1.269862365719488517e+00,-2.226017991227093873e+00,-1.390352047740448516e+00,-2.893099655453894137e+00,-3.528695873938192840e+00,5.543871377737754624e-01,2.842413458468759924e-01
1.000000000000000000e+00,1.516613323449157225e+00,-2.391301579862080029e+00,8.478128259745083550e-01,3.103288951373070592e+00,1.146219942581852447e+00,-1.389096032365273015e+00,2.519501549130666262e+00,7.982785924772159980e-01,-1.294055748197636913e+00,1.204639459062896822e+00,-5.576432816238307000e-01,3.842927153136217466e-01
1.000000000000000000e+00,1.757079612876776498e+00,-3.583235233950590182e+00,-5.693070838393889943e+00,-2.717043873009221233e+00,-1.286532857686588649e+00,3.230005510678032099e+00,-2.156541063434419314e+00,-3.411646619725607898e-01,-8.399032956580032572e-01,-2.465702864367129710e+00,8.131858909788212131e-01,6.381684700098031460e-01
0.000000000000000000e+00,1.817353764470875266e+00,1.181526359931472925e+00,-1.309282418067967413e-01,-4.784642351292466955e+00,1.980614083729912878e+00,3.176516396789521579e+00,-2.436115861706596775e+00,-3.486251168707854564e-02,8.000097390186051705e-01,2.138384557031193456e+00,-7.598036893491454391e-01,-6.773000588846286307e-01
1.000000000000000000e+00,-1.082126219227634412e+00,8.266529916412161949e-01,2.356678329399698235e+00,-3.499256925505261906e-02,2.019923913215859734e+00,-9.449418137202358903e-02,2.843450229991584699e+00,3.340201547576441055e+00,1.633453820034012072e+00,8.824789005556208377e-01,6.543903053127753111e-01,-1.372750163558740244e+00
0.000000000000000000e+00,-9.297321155141833326e-01,-2.740238457050260923e+00,-1.265880208665898010e+00,2.399766371240793728e+00,9.067920926090899947e-02,-1.867159348793479445e+00,-2.589161049871631981e+00,-5.887627915490122987e+00,1.408459516838544978e-02,-2.957612635635310294e+00,2.550545500343934346e+00,4.351607487513386996e-01
0.000000000000000000e+00,-1.226325252403971389e-01,3.591794089123589995e+00,5.253784720028336963e+00,-6.350831956591934668e-01,2.002828874976437135e+00,-6.790662182421303150e-02,2.365900695309572921e+00,-3.993748670971473569e+00,3.762940934279219718e+00,1.636720945370434999e+00,-2.295928603144937963e+00,1.378951405477084391e+00
1.000000000000000000e+00,-5.930561174506328026e-01,4.778147750654698989e+00,-2.829872622946039140e+00,1.442186711187190440e+00,-1.767452377851856937e+00,3.892097451853167467e+00,2.395603354798458984e+00,-4.678047201166105618e-01,2.254361397191424921e+00,-2.284315079340055732e+00,-1.115818620058913080e+00,-3.772309449007523519e+00
1.000000000000000000e+00,9.228664119193891180e-01,2.043747120633563785e+00,6.261208366554416038e-02,4.514133297617123119e+00,-1.680481616909310194e+00,-3.901113921079048641e+00,1.015878764232657439e+00,-1.405305723733731860e-01,-3.094200832630880971e+00,1.330047509219346447e-01,-4.386978204872113984e+00,-9.640606395538582341e-01
1.000000000000000000e+00,-1.139902074457152414e+00,5.165285064826102612e+00,-1.782075972200475533e+00,-4.092653822985403700e+00,-1.071337232893748048e+00,4.344751868319200128e+00,-4.437989695772854848e-01,-3.000147154255782489e+00,3.487006369186957055e+00,-2.656751193449738757e+00,-1.915342805996872677e+00,-1.316804696382087858e+00
1.000000000000000000e+00,1.052697365277441843e-01,3.468299298120732121e+00,-1.560713299810526644e-01,1.495975068218455384e+00,-2.300392254153742488e+00,2.703689347608396076e+00,-2.086412996737114334e+00,1.543653003827722969e-01,-3.203276134588760371e+00,3.070798610390950145e-01,-2.957179663873150677e-01,-1.568871076617678550e+00
0.000000000000000000e+00,2.121314454232617663e+00,2.933756028014928852e+00,2.319553262964960449e+00,-6.387191311164199803e+00,1.960751345655891598e+00,2.366810834533875418e+00,-2.402114008298272374e+00,1.627831295692731217e+00,-2.327710315013827858e-01,2.330503368581105406e+00,-3.484350528224794186e+00,2.153057707345160665e-01
1.000000000000000000e+00,1.021264824198976129e+00,4.136666844479455207e+00,5.108476722939117032e+00,1.530245345937013557e+00,1.270978711151430574e+00,-9.170112277631736752e-02,3.321037350646180997e-01,-1.915811501469026901e-01,-3.727775683161325126e-01,2.152791153696494320e+00,-2.084667489771391047e+00,-1.009464021302740377e+00
0.000000000000000000e+00,2.765332618637834194e+00,1.565041510992817075e+00,-2.975762506983590239e-01,-1.171007287088977611e+00,5.619368511257649690e-01,2.085069726617069019e+00,-2.082127208622199355e+00,-2.118005184119897244e+00,1.450294991566847713e+00,1.462301788781517065e-01,-1.026872607469061727e+00,-1.048300207520489691e+00
1.000000000000000000e+00,-1.008317694941294196e-01,3.609671794376927867e+00,2.629894436957648907e+00,2.880282184577263482e+00,9.085295459090392267e-01,-6.648114092412988896e-01,1.568052647351339424e+00,2.009593784124136029e+00,7.225283473969550396e-01,-1.515258905778362752e-01,-7.292383946764176006e-01,-3.422528152573777849e+00
1.000000000000000000e+00,1.343367359336557154e+00,-1.002080468045776662e+00,1.442975422910422800e+00,-1.141259562144481682e-01,2.256548328580570306e+00,-3.158851718322968072e+00,-8.182333267284671585e-01,1.893194020287229939e+00,-1.282925495806251259e+00,2.137577770972794333e+00,-1.326804661235957417e+00,-6.412243449400063522e-01
1.000000000000000000e+00,-1.024802991296235977e+00,3.234310903567183093e+00,3.881278329726006504e+00,1.470482602865666566e+00,-1.736190532350833760e+00,-3.833524788801582428e+00,-1.673885064342550688e+00,2.773072549729961533e+00,7.782172207983584222e-01,-4.237636541548943647e-01,4.900942147725477760e-01,-5.639361386588060965e-01
1.000000000000000000e+00,-2.389997903242456090e+00,8.115785379668771782e+00,9.234313280936463642e-01,1.424849829018006941e+00,-3.898250745515472016e+00,-1.882514833258630560e-03,-3.970111004888399631e+00,-2.405626089724175465e+00,1.988412539114347899e+00,1.527615483263435880e-01,1.026975465636755125e+00,-2.724101408673103464e+00
0.000000000000000000e+00,2.368704767820399404e+00,5.136053575043317387e+00,1.307964824141458982e+00,-6.858334816653277599e-02,1.024699038774326665e+00,3.895364268129374086e+00,-2.911851630112385347e-01,1.810101091550260666e+00,-2.587282097041266216e+00,1.982590538146576709e+00,-3.592652040580372130e+00,-3.606927416667258690e+00
1.000000000000000000e+00,3.848251545291463405e-01,3.953058142689949150e+00,-9.998642671009617677e-01,-7.859683131930830235e+00,2.225111991711159476e-02,-9.649588748201631816e-02,-4.461265344023673585e+00,1.015526261727101254e+00,-2.020098341792022190e+00,-2.614582013840480279e+00,-6.479710530758052478e+00,-6.496073653535321402e-01
0.000000000000000000e+00,-7.772725732528757980e-01,-2.075150364285315518e+00,-1.956263911099178188e+00,2.534775212335034222e+00,-2.938623558024012539e+00,-2.037847780179879997e+00,1.863682774876013193e+00,8.928764977269532110e-02,6.093407191629520714e-01,5.445861469077639683e-02,1.217206839454202161e+00,2.088877254300216535e+00
0.000000000000000000e+00,-7.869132872747439666e-01,-2.821587679181167818e+00,-4.248301919055479381e+00,2.028286197752419806e+00,-2.349285401699976461e+00,5.720049205023862715e-01,1.316202477030416151e+00,-2.838256528070614015e-01,-1.922753598682342524e+00,2.388673599815111181e+00,1.713567989785998336e+00,1.365496006374052440e+00
1.000000000000000000e+00,-1.102072502152069644e+00,7.365304756414124299e+00,1.547818414838287193e+00,-1.128968177019586516e+00,-1.865805988002479099e+00,7.516237205566714819e-01,-2.251606055589599364e+00,-1.483383033569989351e+00,9.228401552973354294e-01,-8.404729146410860885e-01,-2.562889174457845698e+00,-2.002817501301093817e+00
1.000000000000000000e+00,-6.073345933315689171e-01,-2.250440621761048643e+00,-4.211116027445672039e+00,2.000821855250835224e+00,-2.269076199840862174e+00,2.288040107707581150e+00,1.669683673293863801e+00,1.099570330469344270e+00,-1.804599644155647997e+00,-9.265908886350691098e-01,1.734277884030293926e+00,-5.326189483055798757e-02
0.000000000000000000e+00,4.773140614375104285e-01,4.134497577629014486e+00,2.105093236970617676e-01,-2.707480458936727619e+00,2.613887059572130411e+00,2.195869862903489178e+00,-1.762748467925451035e+00,9.914432186633197475e-01,-4.849746666277342522e-01,5.462737421472521504e+00,-1.315395368690527089e+00,-3.564465698210590450e+00
0.000000000000000000e+00,-1.081532970436848817e+00,-1.206952268350518914e-01,3.108014797925545025e+00,-3.028766211414583243e+00,3.030408130339020012e+00,-4.962995844584532357e-01,-1.144994697587629506e+00,-2.441610014083105629e+00,-3.092730402725085703e-02,1.561333577275451301e+00,-3.371858641296663350e-01,1.464750008900730371e+00
1.000000000000000000e+00,3.771105534728371733e+00,1.480292797922509340e+00,-1.097376758287872178e+00,6.088269393475907343e+00,-1.137655651228541842e-01,-2.469366056340602356e+00,1.650500216869528192e+00,-1.547874900711294188e+00,-9.220250417080955163e-01,6.783404763441258645e-02,-4.228180046645460877e+00,-2.994528084636546961e+00
0.000000000000000000e+00,-2.432037065894872008e+00,-1.975651028971333156e+00,-1.531269894935070486e+00,-6.155729430045833173e-01,5.337901745069748571e-01,-2.796141011331066295e+00,-1.887081728710593431e-01,-5.648536064825468994e-01,-1.492714611966932559e+00,-9.014103885614210832e-01,-1.086139888123758279e-01,4.449224278672976318e-01
0.000000000000000000e+00,1.351756883292027256e+00,3.789090666843628608e+00,2.185218230466846379e+00,4.512332043018684402e+00,-4.461243626014401720e-01,-3.808816967768602346e-02,1.317516840675042822e+00,5.620486116189600256e-01,-2.745994716454775997e+00,2.786754812137515636e+00,-2.582907303254868836e+00,-2.078343717674370872e+00
1.000000000000000000e+00,3.782892411385463394e-01,2.108814212197033022e+00,-2.766414519175871778e+00,-4.297620516506939659e+00,-7.014793217519816881e-01,2.781471572238389367e+00,-1.835779615943982757e+00,-2.421294637595855725e+00,2.856150202473148880e+00,-2.844339685490638203e+00,-1.435233921130054213e+00,-5.834483213624538367e-01
1.000000000000000000e+00,-1.818925176248321396e+00,5.246116137507523813e-01,4.718059769430060335e+00,-1.853157737337654876e+00,1.800735299143904733e+00,-2.190957966794124800e+00,1.469967962963235397e+00,3.389838583576679554e+00,-1.991183058706210707e-01,7.209589428710909687e-01,-6.628307205119502443e-01,1.204065969048788265e+00
0.000000000000000000e+00,-1.750989951459768434e+00,5.478239559436269168e+00,1.761377553344339209e+00,-2.784693763983519421e+00,-4.436328467377470552e-02,-8.543508891214171008e-01,-3.558181005983445111e-01,1.421820613462192462e-01,3.660452128515411019e+00,1.630483623550764261e+00,-1.424408147946961245e+00,-1.258845988059094090e+00
0.000000000000000000e+00,4.972087589832430155e-01,9.992758082087741522e-01,3.593280210957869425e+00,-3.585928407420018615e+00,3.395529665007363640e+00,-2.860790727157591640e-02,1.978042240744138702e+00,-4.540272997474756878e+00,3.811570774046505239e+00,3.529462784589475266e+00,-2.623463199261570011e+00,2.821364186298061405e+00
1.000000000000000000e+00,-2.023581457196174327e+00,2.992027624710809963e+00,2.170643890562385714e+00,4.038132924546343538e+00,-2.879392875666142437e-01,-9.633271538483341168e-01,3.874259943020733399e+00,2.767961091902304105e+00,-2.383401268425088482e+00,9.876293195447261031e-01,-1.534619523596616686e+00,-1.910276379112841649e+00
1.000000000000000000e+00,2.922826081646891616e+00,-4.143402089137630639e+00,5.835475742786968567e-01,-4.619529291014221051e-01,1.682703123498707543e+00,-1.026905991072265323e+00,-2.221129881667598394e+00,-1.232799007400797731e-01,-2.471224112538104034e+00,2.484476761572175008e+00,2.767686129343978063e-01,1.918092136128708880e+00
1.000000000000000000e+00,8.038191667017713371e-02,2.369253374104686394e+00,-1.242580987760960598e+00,-2.737804646122218077e+00,-1.366552133049778295e+00,4.890656540252625861e-01,-4.277454205978569846e+00,1.140309606534368747e-01,2.505230289331640270e-01,1.043353645870908064e-01,1.189800132760503448e-01,-1.006931567175082476e+00
0.000000000000000000e+00,-8.963469527638852075e-01,3.540225934248946160e+00,1.379584364077278913e+00,-6.697085379930970639e+00,2.672969647762348355e+00,5.081448882296293323e-01,-2.461616300222893017e+00,-1.132446059801241800e+00,5.830750835758911066e-01,2.497975781445872290e+00,-3.146694375188796577e+00,-3.526181209004767281e-01
0.000000000000000000e+00,1.419988260358525212e+00,1.021651405872148644e+00,7.637908482149864398e-01,2.120429304213975019e+00,6.944763027426980040e-01,1.754540602917747494e+00,-1.695850024273620749e-01,-1.144626854985283604e+00,-1.526909071574451993e+00,9.106138915741618378e-01,-3.761276014518085686e-01,-1.361110150874000890e+00
0.000000000000000000e+00,4.665474473791515475e-01,2.283422192821336072e-01,2.746537327448963506e+00,4.547575258064288306e+00,-8.990837754271667759e-01,1.090923612984561419e+00,3.423676368575333306e+00,-3.279971024242081867e+00,1.029697537923318640e+00,-1.516581896920050188e+00,2.437665793694960836e-01,1.691532840815818783e+00
1.000000000000000000e+00,3.635388213440959859e-02,7.091691403902546931e+00,2.134036655936403015e+00,-1.933740910742330454e+00,9.026888989366717020e-01,-1.193344612591553666e+00,-2.261122860084577191e+00,-4.669466451052517453e-01,6.561128057525114077e-01,-6.080589592043962321e-01,-4.736693016899615749e+00,-3.585482618639251662e+00
1.000000000000000000e+00,-6.316166449641650305e-01,1.366114227137902981e+00,-2.679300804003310610e-01,-5.938201071730464520e+00,1.167275582939107270e+00,5.083083177072107439e+00,-2.257153376254909638e+00,-2.905955087526142400e+00,-9.048283450081839874e-02,2.840644158141885089e-01,-4.483578364207224665e-01,1.078736219493652726e+00
1.000000000000000000e+00,-5.402104864216363822e-01,3.975934872713615675e+00,-1.977998676681084422e+00,-4.704410493456018472e+00,-8.112452596691210882e-01,-2.139521664896058883e+00,-5.160648523309446567e+00,6.358092681940030744e-02,2.032240668285311358e+00,-1.359485095333359705e+00,-1.956098974526634837e+00,-2.364914440142757091e+00
1.000000000000000000e+00,2.749105398445420567e-01,-2.506226631514211878e+00,3.534619871668910340e-01,-4.750208575528533039e+00,1.028586439584133538e+00,-8.586460436892071613e-01,-1.567294001110593804e+00,1.656598452616725448e+00,1.511010059596147315e+00,7.297528034000870800e-01,8.580637694068977694e-01,2.335342963604749578e+00
1.000000000000000000e+00,-1.023524812494134961e+00,3.900945959944283281e+00,-1.490946604153061461e+00,-1.913677151764135553e+00,-7.837584370302269621e-01,1.171858311828787524e+00,-2.626404664578659620e+00,-3.092921265919844398e+00,1.402439756715478270e+00,-1.790576908326015015e+00,-1.062827819880060698e+00,-1.904939595885484671e+00
0.000000000000000000e+00,-3.339627345572715456e-02,1.053085591923813569e+00,-2.368856626695420520e+00,-3.311070022022752468e+00,2.485804663709112461e-01,2.349008274483419090e+00,-2.049598812742537746e+00,-3.770833921177262571e+00,1.551102553187374777e+00,3.455511211807447136e-01,-3.648227998390246585e-01,-6.411130130341713418e-02
0.000000000000000000e+00,6.303025619715045824e-01,3.825537012168246598e+00,3.689311876308268623e+00,5.362917042095793008e+00,-5.229718589690277586e-01,9.033598175057655499e-01,2.550744500613595367e+00,-4.589202674744089494e-01,-3.708431450474466651e+00,1.021452322259826850e+00,-2.878219198441481552e+00,-1.131175820733920201e+00
1.000000000000000000e+00,3.510135677319634606e-01,2.008963212288869205e+00,-2.336178237630234023e+00,-3.705218810560662934e+00,-6.830710062621644374e-01,-1.727195107852608214e-01,-3.700459019277118955e+00,-1.730146639349686044e+00,2.731305047917938822e+00,-2.009471103270723980e+00,-9.030276323794838023e-01,-1.137352233717368710e+00
1.000000000000000000e+00,2.892681857603961681e+00,-2.036209724874908034e+00,-1.031189676639920894e-01,3.636213734934468977e+00,1.525808180887540555e+00,-6.613569923933415584e-01,3.997883066358130844e+00,-1.418363610121967433e+00,-1.322610126766205596e+00,-3.648223452948942125e-01,-3.494376458761892401e+00,1.577851547808135635e-01
1.000000000000000000e+00,1.870797465919415092e+00,1.416964060043347073e+00,4.460928910271917402e-01,2.947781193238444342e+00,1.054675627654412251e-01,-5.600087717505844997e-01,9.040818392410820969e-02,-3.948482474532766240e-01,-8.532473710046714066e-01,-2.470484683145728333e-01,-1.691371937623446620e+00,-1.900329005376338642e+00
0.000000000000000000e+00,1.430962673010252040e+00,2.730178526485743440e+00,9.803119008882962282e-01,-6.363898115313349813e+00,2.197693673934255187e+00,3.975290927206554858e+00,-2.328310082901892120e+00,-9.905894966998346485e-01,-5.617408792234404036e-01,-2.083117426406294381e+00,-3.985126998158823763e+00,-4.768600655307627667e-01
1.000000000000000000e+00,2.649230255393207889e-01,4.046997498915961278e-01,6.580299585959457076e-01,4.207330869807578644e+00,8.608818691828279412e-02,1.064430765442117011e+00,3.298938704397750055e+00,8.417843872877561751e-01,-1.359317743000706402e+00,5.329212312456592660e-01,-1.135228381216727422e-01,-1.278048671231891475e+00
1.000000000000000000e+00,5.856910118487894668e-01,-6.578449253769209637e-01,-1.885097730688590101e+00,-4.295004925298749887e-01,-1.596895268442338978e+00,3.496385097391190744e+00,-1.037081305111572371e-01,-8.102396108580565137e-01,-3.877547658586537604e-01,-7.797310022445402833e-01,9.120805032747361096e-01,9.528837735901569683e-01
1.000000000000000000e+00,1.832130196303727310e+00,-1.585131869615200362e+00,2.381842854898165385e+00,1.388995182568056652e+00,3.184350661424923068e+00,8.099723425500000573e-01,2.096976163714896924e+00,-2.068456105412774804e-02,-3.022509684484031567e-01,-9.123293290665210886e-01,-6.489273528608515695e-01,-5.893866383460393266e-01
1.000000000000000000e+00,3.614771294474210528e-01,3.761275975985032716e+00,-1.208199821929526241e+00,-5.635308082064462987e+00,5.020035100860353872e-02,-8.077243114466028384e-01,-3.423119531408067573e+00,-3.473420781243497846e+00,6.171563072544067552e+00,-3.110077258169772652e+00,-2.336189315673169897e+00,-9.566893041141990572e-01
0.000000000000000000e+00,2.828045808981207276e+00,8.224293478859311390e-01,7.959521533891690259e-01,1.743240079616586780e+00,4.848281698631096148e-01,2.344846260520126346e+00,-5.153215586263091286e-01,2.471824224508134549e-02,-1.613295145288188959e+00,4.922240453775158509e-01,-7.930617305706855191e-01,-1.347555557115905689e+00
1.000000000000000000e+00,2.428477769404957520e-02,-1.779315415694406877e+00,4.105254616668762013e-01,-2.161304886555517779e+00,-1.495035493825571660e-01,-2.979559854753421000e+00,-1.719581621199567589e+00,2.185855434782973283e+00,-1.252232851221022569e+00,2.741959739902315007e+00,-1.181362335262998720e-01,2.105287761081661380e+00
1.000000000000000000e+00,2.982634545793152014e+00,-8.626619064485545607e-01,4.060395432557317719e-02,1.102352086232579076e+00,1.033511436127138028e+00,-4.751081337582264696e-01,-2.511189239288219355e+00,4.905166667462242946e-01,7.685775135601760066e-01,1.864094113766711747e+00,1.536715717961012473e+00,-1.584378179668373354e+00
1.000000000000000000e+00,-1.755315988394658966e+00,3.396114541265786269e+00,-4.388013940544690072e+00,-4.887836458003076423e+00,-1.781263129611474483e+00,4.538188798720658390e+00,-1.538600499222543050e+00,-1.256537776115498550e+00,8.226302738924829994e-01,-2.684814346783997330e+00,-1.345334761137558566e+00,-1.385017347449980729e+00
0.000000000000000000e+00,1.630656381845836611e+00,9.704479838081520038e-01,1.504960583841014721e+00,-1.909725151545174304e+00,5.744397773894083237e-02,3.416102899266721948e+00,-3.163167920382016218e-01,-5.013311075540229922e-01,-1.433479959291831474e+00,-1.320753671344558899e+00,-2.058208781691301947e+00,1.172287688300225561e+00
0.000000000000000000e+00,-8.205270578530756698e-01,1.053029592005082948e+00,2.352487535326083457e+00,-8.700801304128459313e-01,1.525836949073045679e+00,-6.053906126658428200e-01,1.402165618432930749e+00,-1.391301243372255581e+00,2.514108417094700343e+00,2.055936770575230721e+00,-8.001180057386070299e-02,7.663190003133963923e-01
1.000000000000000000e+00,8.555274348515455873e-01,7.359188470224071743e+00,5.758789883791539665e-01,-3.653030959619063989e+00,-8.539930494920165982e-01,-2.973137864904224603e+00,-6.787198138962261540e-01,-6.254227069902671410e-01,6.968973248767923678e+00,-4.151088001176097109e+00,-5.930223743474352993e+00,-2.537570585885157826e+00
0.000000000000000000e+00,-3.073119262297802079e-01,1.201712895108032031e+00,1.018583582096432405e+00,3.064576770583677501e+00,-1.245188006624198707e+00,9.243420645052646822e-01,2.369286785157334485e+00,-2.140571477822098334e+00,3.073578746708612863e-01,6.819236501099046333e-01,-2.521734743675696500e-02,8.239645736823106859e-01
1.000000000000000000e+00,1.690995059770204367e+00,-4.614201371948769004e-01,-1.036172745212329271e+00,2.767208761489333924e+00,1.941800966784141824e+00,9.470258035577423517e-01,1.135851427038075956e+00,2.392727637700294840e-01,8.197304005035377372e-03,-3.317835587714745849e-01,2.009306170872895425e-01,-3.288081169188637354e+00
0.000000000000000000e+00,4.702046053683632820e-01,-6.045504167847579602e-01,9.713720321705644478e-01,7.904470753040120368e-01,1.786835397169167505e+00,-3.748022644486275201e-01,-2.617762352211467025e+00,-3.586933807876095504e+00,-1.189233451336698666e+00,-2.656156605634827361e+00,1.101918731797015827e-01,-9.152729913037712661e-01
1.000000000000000000e+00,1.198324003779095870e+00,1.842975458393404153e+00,1.745632391152844409e+00,6.410677321595771083e+00,1.047352647948175175e+00,-1.468528742349761718e-01,3.810009918388886252e+00,-1.121692718335396410e+00,-5.215550539909378891e+00,-9.550920672252971588e-01,-4.807106259187060360e+00,-2.282172501911019946e+00
1.000000000000000000e+00,1.219851901737597499e-01,2.493058756857823521e+00,1.778689200949372218e+00,4.461354038660502397e+00,-9.609238771567538695e-01,-2.926830716265456545e+00,1.881311742239701212e+00,1.178429504070805933e+00,-2.459672195884120782e+00,1.132568588345715055e+00,-2.866206211707653218e+00,-1.166199619546044453e+00
1.000000000000000000e+00,-2.227892040848075350e+00,5.647262777937642753e+00,2.557965498687200245e-01,-3.859784543169567428e+00,-1.791116865475022912e+00,1.665117465185750767e+00,-1.821329056755647713e+00,3.372410846963618258e-01,-7.212771357682588036e-01,-3.914438293972285487e-01,-2.614706415795857719e+00,-6.378736579058315037e-01
0.000000000000000000e+00,4.996284611429265832e-01,6.703297972598926124e-01,2.086026911780305415e+00,5.696024017580125332e+00,5.058576944051751401e-02,-6.499797432905478622e-01,5.606306284253985694e-01,6.773254024351011982e-01,-4.208586471508291460e+00,1.678142175152786297e+00,1.596586559559192153e-01,-1.639951819486102913e+00
0.000000000000000000e+00,2.825997592639797329e-01,3.801912063995465996e+00,2.774214354001403038e+00,-1.799512649951541476e+00,2.405150038024014947e+00,1.972107360306736723e+00,-6.240740033189307034e-01,-1.357738912840480427e+00,5.737137188173409008e-01,3.604596178750987256e+00,-1.298623275890894879e+00,-1.360273921785655649e+00
1.000000000000000000e+00,-2.402583291783090047e+00,4.588891181055283042e+00,1.323137510540082218e-01,-4.507197492142329232e+00,7.915659964835861651e-01,2.711734779840593745e+00,-9.819868750886368014e-01,-2.466439027137528939e+00,-1.122792215670156413e-01,-6.891613582625337742e-01,-2.749199694180653797e+00,-9.365668211904193408e-01
0.000000000000000000e+00,2.921869424867701071e+00,2.864960374927008946e+00,2.465838978074309518e-01,-7.845881206503644734e+00,2.421087453276890678e+00,7.350223288655879372e-01,-4.743930450950660571e+00,3.530960891095864529e-01,3.066343763041201598e+00,4.017635142006311888e+00,-2.489313452867666587e+00,-8.279929715016431935e-01
0.000000000000000000e+00,-7.537604671010900148e-02,2.305897088329176281e+00,2.394423848582916570e+00,1.026887260502066113e+01,-9.086087597321979015e-01,-5.689297798261712114e-01,2.421424710092712651e+00,-3.893955498488498979e+00,-2.908263519589072921e+00,2.637488257303344241e-02,2.169858152102650539e-01,-2.297208196482743325e+00
0.000000000000000000e+00,4.997647314248543360e-02,3.964826508250986148e+00,1.079835388408848962e+00,3.402661217011968997e+00,-8.778987707912739857e-01,-7.346933711621665974e-01,2.131178775430944139e-01,-2.082287604760294286e+00,-1.181795669900987944e+00,2.215056523254018472e+00,-2.007754440021316977e+00,-1.555827730518722918e+00
1.000000000000000000e+00,-2.171135253653220243e+00,3.021337578162462734e+00,3.581104558514418112e+00,2.511201307175130015e+00,1.516684779582370357e+00,-3.035999931372886262e+00,1.738466489225737099e+00,4.992104640542479821e+00,6.093814932832395392e-01,9.818590129986559667e-01,8.303091131949238424e-01,-3.692714869017722723e+00
0.000000000000000000e+00,7.840884840754620555e-01,3.784583183726132560e+00,2.634134732984641403e+00,2.127868561747158771e-01,1.284697035879429627e+00,1.674877870112543077e+00,6.377103430421628971e-01,9.468846480498882556e-01,-2.661669517277184482e+00,2.528583602302404643e+00,-3.165078640115189135e+00,-1.616158008144616964e+00
0.000000000000000000e+00,1.240059181595125626e+00,7.962219971851849376e-01,-3.138756880173088071e-02,2.115828224440542193e+00,-2.086487491454585008e+00,2.521386276856758535e+00,2.888351407262469195e+00,6.461075179242519173e-01,2.073151073039753989e+00,2.436407109784321179e+00,1.091218809724938676e+00,9.609137443951032420e-01
1.000000000000000000e+00,-1.283847046998735308e+00,2.559541427622855636e+00,2.801846141355366804e+00,2.169056081602065422e+00,4.448154978166014573e-01,-3.297447301127866215e+00,1.191270238074630283e+00,3.748256406978752953e+00,7.726526891749703196e-01,6.664381273172204079e-01,1.586429727619886876e-02,-2.382691935169303221e+00
0.000000000000000000e+00,1.339159564778719336e+00,4.128995159974109264e+00,2.951376555714464445e+00,-1.098307443742483080e+01,3.793120036462079625e+00,3.363693065888411216e+00,-3.141540950586894976e+00,1.309965526893774879e-02,1.978721305476894621e+00,2.459708128511865155e+00,-4.440385266486508442e+00,6.644484498451768140e-01
0.000000000000000000e+00,-2.127990447116984374e+00,6.242645233958159956e+00,2.723122153029288839e+00,1.430535155698776206e+00,2.171109808421522125e+00,-5.636875257461291255e-01,1.547663072568076004e+00,6.658187814174003627e-01,-3.843613415683578172e+00,4.646455811805635605e+00,-4.184163575267382917e+00,-3.740320770316731380e+00
0.000000000000000000e+00,-1.527583980482168258e+00,4.624424134384552687e-01,-5.729454649434044811e-01,7.209122430857209274e+00,-1.467668210098418413e-01,1.445246191552312709e+00,1.245287381611487554e+00,-4.197888617929818267e+00,-3.854820962391980022e+00,-3.071793766349282251e+00,1.002111087528755551e+00,-2.777805387219368427e+00
1.000000000000000000e+00,9.426258524352787438e-01,1.358278874253369350e+00,2.419324585589864185e+00,1.436031766077193073e+00,1.013815846353559147e+00,-3.071813863212133011e+00,7.459241221399652844e-01,1.314659890508898865e+00,-5.178376836505538261e-01,5.521936917586520721e-01,-2.636666118700717654e+00,-8.921559604758518836e-01
1.000000000000000000e+00,1.656631163586606448e+00,-1.281225081215683126e+00,5.101807338344515053e-01,1.303878888442630002e-01,1.117708372576348141e+00,-5.575380692165862184e-01,1.099392640472674154e+00,6.142330836339551237e-01,7.515153191208971961e-01,1.007773229237391099e+00,-6.144837337208951533e-01,4.143262978180337619e-01
0.000000000000000000e+00,3.288421607046530859e+00,-5.133240041761119032e-01,-1.325434539960046454e+00,-4.659292310975861717e+00,1.157192706064285703e+00,2.318478336340463741e+00,-3.145110430326168771e+00,3.210191275334444150e-01,6.087858650632576030e-01,1.799882592707331419e-01,-1.257338922969153172e+00,-6.668156557170989984e-02
1.000000000000000000e+00,1.295874705050464648e+00,1.448989227599100538e+00,-3.862656065252418447e+00,1.046453165498041571e+00,-1.362517645013088030e+00,3.817448662136706972e+00,-1.181316514112309424e+00,-2.447340046373312816e+00,2.326468693541738908e+00,-2.017238875792915831e+00,1.467826424850281697e+00,-2.785453301629293499e+00
0.000000000000000000e+00,-5.806991413444585470e-01,-1.811864428649228698e+00,1.817729247375494239e+00,-3.465220044656649900e+00,3.066779701037235295e+00,-2.123458497869069816e+00,5.652207079022371072e-01,-1.140094058316526215e+00,3.694360392101191159e+00,2.996431346109001304e+00,7.273053432637992533e-01,2.050861303666959401e+00
1.000000000000000000e+00,-1.780605604306490619e+00,7.737459039217723378e-01,-3.518617024002274718e+00,-7.227310966451184093e+00,1.198213978442641992e+00,3.311885384404658961e+00,-2.344963186315618398e-02,-2.069875500033277582e+00,9.319700654169773557e-01,-2.835303703801971054e+00,-2.985739357372921621e+00,2.533268753297692744e-01
1.000000000000000000e+00,1.916381431524456502e+00,1.550430960538439429e+00,7.198307620911253979e-01,3.864070505251690157e+00,-1.425740506226134130e-01,-2.352008655209968602e+00,1.514761259954574335e+00,-6.701614208183448440e-02,-5.594025567561826673e-01,-2.175079871435992018e-02,-3.019916636062035309e+00,-1.564591721593230567e+00
0.000000000000000000e+00,-1.908496139191254048e+00,2.035335655602729332e+00,1.249940898982579096e+00,-4.276422438999357034e+00,3.701191436070109919e+00,1.269812214577459297e-01,-2.691289846314821599e-01,-1.330929249601786157e+00,8.808858407466935159e-02,2.678700453753557031e+00,-1.995185543368015235e+00,-9.068795591504263953e-01
1.000000000000000000e+00,5.550263019169229040e+00,3.249025771695026599e+00,-4.960514221664957812e-01,1.030614393935363537e+01,-6.825089141801445880e-01,-5.546419062402483391e-01,2.933320722773651745e+00,-4.323138708719634238e+00,-1.795842893741941726e+00,-2.099216844570428009e+00,-5.806199734066571416e+00,-4.341943359087491849e+00
1.000000000000000000e+00,2.249864945326207621e+00,-5.264352499527941501e-03,-2.800461386898374094e-01,2.472806981084811007e+00,-9.058353355197634738e-01,-1.116857782445222158e+00,-1.325927680912851070e+00,-9.968546478340445383e-02,-1.467924618690285676e+00,1.783322773046593479e+00,-5.500303471914343989e-01,-4.001391516904080348e-01
1.000000000000000000e+00,-1.605100086488660427e+00,4.229566674689817951e+00,9.520434302040001739e-01,-5.357797825533614500e-01,-1.984598195033713264e-01,1.425970703269866302e+00,-3.514877459020762096e-01,-1.538786852187131293e+00,1.346756480573552794e+00,7.036645566797707918e-01,-1.824112073252110999e-01,-1.492050340022211818e+00
0.000000000000000000e+00,2.546303496982304182e+00,2.343714047771581654e+00,6.785770640465248471e-01,-3.844293670223184467e+00,1.894889223428823488e+00,2.710905256875258962e-01,-3.621071005386525155e+00,-1.957793218926324741e-01,1.465734226763488302e+00,2.687161349628294005e+00,-1.757033955313703544e+00,-1.416608455956289703e+00
1.000000000000000000e+00,-5.948227033923635387e-01,4.924642091622767337e-01,-4.854999537939248100e+00,3.208450669140303635e-01,-3.252921082792894936e+00,2.260066251029099416e+00,-1.459933631415232247e-01,-3.274063633056711886e-02,-4.646007273291985484e-01,-2.853758713451543194e+00,1.256959009392200066e-01,-9.527127559822848868e-01
0.000000000000000000e+00,-3.122005033253997475e+00,-1.710233268853690758e+00,-3.438968651564371370e+00,-5.934090353687484054e+00,1.679157890727474012e+00,-2.356115946323918742e+00,-1.490474446169019807e+00,4.248740188727624378e+00,-2.399687858731049062e+00,1.459819945963433563e+00,-8.889842030030796760e-01,-7.270276242901101416e-01
1.000000000000000000e+00,3.269449290234942129e+00,-4.883121492109038009e+00,-2.368787377570093611e+00,4.436221627576945714e+00,3.100097633845328993e+00,1.660284959282143813e+00,1.755729582424677471e+00,-6.082087028317395561e-01,-2.821274674785481107e+00,1.789433058126561615e+00,1.138592771719040719e+00,-2.021894731829644520e+00
0.000000000000000000e+00,2.930911996352374871e+00,2.229389669995832879e+00,3.602665687386957138e+00,3.238001857767425662e+00,-1.424240480804126463e-01,9.980431259606966643e-01,6.361656673488800262e-01,-1.708537544513579753e+00,-4.528035717219713874e-01,-6.053169891352283560e-01,-2.100326164577857035e+00,-2.010954001519982270e-02
1.000000000000000000e+00,2.229828257269314218e+00,-1.758148341561978523e+00,-5.526033828953564875e-01,2.065372515495320638e+00,6.655603208803544391e-01,1.301136318981774842e-01,1.345018504454114971e+00,-1.177997850044203432e+00,-1.770763936455927556e+00,1.159691513782413752e-01,-1.813464811861771331e+00,3.547704480172331198e-01
1.000000000000000000e+00,9.111937749044585200e-02,2.692830540614503665e+00,1.898462631445702264e+00,6.415427705887803533e+00,-1.251348578350717222e-01,9.778571647026574887e-01,1.130155574041720401e+00,6.804421525519219749e-01,-2.965619161731008369e+00,-6.310762000893350709e-01,3.697004824383485211e-01,-3.724413409643236417e+00
0.000000000000000000e+00,4.149684709168620644e-01,2.512757208590408631e+00,3.331150470246757589e-01,-7.210145238843367999e+00,3.092831128564996312e+00,-1.230580779660146451e+00,-3.411409507243726491e+00,-6.883561525940560255e-01,2.504073672427332919e+00,4.770915054083994633e+00,-2.494240743632909485e+00,-5.358664133844484034e-01
1.000000000000000000e+00,-1.614012172876534867e+00,3.933309254474200767e+00,1.577201108766388860e+00,-1.198247897390224415e+00,-1.528862867847919027e+00,1.933157154662832777e+00,-1.392722393142321158e+00,6.868532464546612815e-01,6.445525944652208405e-02,2.406367837062274528e+00,1.039888128672818990e+00,-1.996911335973855506e-01
1.000000000000000000e+00,-3.121702653284807560e+00,2.369825458797516493e+00,-2.645642043216952288e+00,-7.276741186180423426e+00,-8.315868053199078069e-01,1.205993221709879659e+00,-2.711725803219533493e+00,6.020354300526276070e-02,8.675835620098160117e-02,-8.759796230577489018e-01,-1.531606435795096477e+00,3.587072726719848781e-01
0.000000000000000000e+00,1.527747702999482815e+00,9.229997569406127589e-01,-8.217468530678622152e-01,-6.458301015936559253e+00,2.537551808970603950e+00,2.355729358840255472e+00,-4.585481200260596246e+00,-2.001603077019839194e+00,1.583053107611152477e+00,3.706177982034742913e-01,-8.179456228339014867e-01,-8.259786613027761959e-01
1.000000000000000000e+00,-5.391157567933781980e-01,3.310966648109584742e+00,4.499114378678864767e+00,-1.830519683131456965e+00,7.223922996673326491e-01,-3.985803323927369135e+00,3.978553399771667110e-02,2.639749970604275298e+00,1.751931560200417959e+00,1.109253294590717420e-02,-2.771352502144837526e+00,2.516556410090475815e-02
0.000000000000000000e+00,-1.551284924193004233e+00,1.761862298861083920e+00,-4.538375606720679301e-02,-3.943291935118509173e+00,1.521085879441763655e+00,-8.727357787898422092e-01,-1.023130821579776306e-01,-7.522721843102401218e-01,1.218664867385256700e+00,3.297673974588865242e+00,-1.771643292125936631e+00,2.363751587256316400e-01
1.000000000000000000e+00,-2.607535351282574965e-02,-5.242482657155991266e-01,-2.036749400629711104e+00,-8.739008044115820439e+00,1.171321328385587446e+00,3.477562515166424006e+00,-2.575526041964370183e+00,-1.708880580886944944e+00,1.298968294153184155e+00,-1.204838403755674525e+00,-1.475586442042683188e+00,2.066012131171738986e+00
1.000000000000000000e+00,-2.840587314987115697e+00,7.428226292153613519e-01,-2.465124970708139962e+00,-2.757436329280388065e+00,-3.344536529477114328e+00,1.756071716593782472e+00,-1.578176693419067522e+00,1.904566185607703854e+00,-2.440099434342212881e+00,4.207383789798966323e-01,1.016539261131933269e+00,1.414070287661962855e+00
0.000000000000000000e+00,-4.609635424206002252e-01,3.525373056460601173e+00,5.865720442730823159e+00,8.989831595125701291e-01,1.034897507876482159e+00,-1.387726580972622026e+00,2.440082969208576813e+00,-1.953309668576935110e+00,3.149859734829764335e+00,-2.013661910551317380e+00,-2.204086334313836382e+00,6.876144722564981882e-01
0.000000000000000000e+00,-1.939139058362436607e+00,-2.164140516675187698e+00,-9.348289195878722868e-01,-1.280904211435059059e+00,2.186123950118369130e+00,-9.687232895826901613e-01,3.096359604958927036e-01,-3.218720589509642238e+00,-1.242422331595097074e+00,1.160252208702452936e+00,-2.639349689891210549e-01,1.078718719655454628e+00
0.000000000000000000e+00,-1.588326971774200125e+00,1.082685654882812099e+00,1.324503149290244375e+00,6.170827670192271519e-01,1.134602053638785080e+00,-3.805503389621880395e-01,-4.206874095318778872e-01,-1.423420258709847452e+00,-1.726611047533936016e+00,2.578918071283355484e+00,2.232502384089765091e-01,-4.285871477621863157e-01
0.000000000000000000e+00,2.862408450873832777e+00,-2.074026092807042865e+00,5.439505483644833106e-01,3.191514297822404256e+00,5.529491181460740590e-01,3.169583758621774550e+00,-5.983061810307175321e-01,-3.268381831187436859e+00,-7.991982934162662477e-01,-3.651184625335592848e+00,1.370167697805693141e+00,-1.853166404727863981e-01
1.000000000000000000e+00,1.747697768040488153e-01,5.556685575784906739e+00,7.931916668899432477e-01,3.047986308503809472e+00,-1.068150694886109475e+00,2.583641937224497198e+00,-3.022587281861177644e-02,-4.880172177294390679e+00,3.461285114776608385e+00,-1.431488410643291465e+00,7.003891757275759744e-02,-2.809429031934580934e+00
0.000000000000000000e+00,-1.003180104971693298e+00,-9.261504309688801673e-01,1.914869164164982873e+00,2.271026528980714776e+00,7.611884628122436158e-01,-9.332574994077658115e-01,1.589041763479126956e+00,-5.218480098021276881e+00,3.512670489750852054e-01,-1.068511808495508308e+00,-9.243441943628416535e-02,1.971226906872725060e+00
1.000000000000000000e+00,1.201913231674725413e+00,2.412280449061696697e+00,1.557647485379632490e+00,1.430387641473878091e+00,1.955938275892372014e+00,2.272869332745107940e+00,1.334517516076854093e-01,1.090533841200983511e+00,2.415905690184791954e+00,-5.994875832048507380e-01,1.492522676409679949e+00,-4.034771532664297666e+00
0.000000000000000000e+00,3.468412351062299948e-02,-4.139152134579462405e+00,3.258750423790487627e+00,-6.323247262424186443e-01,3.357267570353188457e+00,-2.386281720764694025e+00,1.962598767677710576e+00,-4.605340420405918067e+00,1.496399357374820660e+00,-1.102756644550612730e+00,-5.883351530969809229e-01,3.978932435472270157e+00
1.000000000000000000e+00,-1.977611182829241310e+00,4.042424768248273459e+00,-1.371293248508782980e+00,3.411281997434147950e+00,-3.908996478749242165e+00,2.122611889542227459e+00,1.359497404843716950e+00,1.524224474716620037e+00,-6.177415367613041663e-01,1.302475694928579841e-01,1.093063305708988686e+00,-2.000872787669059072e+00
1.000000000000000000e+00,-7.335778226311440164e-02,1.642474592375054554e+00,-2.073093032340200814e-02,3.559244912583902076e-01,3.094681078702757882e-01,-5.660047165644072065e-01,2.361334126574174963e+00,8.661583468828966126e-01,-1.068814514527735904e+00,8.593010432436783974e-01,-3.306004334277850898e+00,-6.736502893552736015e-01
1.000000000000000000e+00,-1.045853998220556358e+00,6.259508348866954286e+00,1.178871063911472561e+00,-1.260391605206279686e-01,-2.037501922169215440e+00,7.833116310403334115e-01,-2.588852000347308113e+00,-2.672010360846769572e+00,9.237313483120159763e-01,-8.793316200861858167e-01,-1.329950765705453897e+00,-1.624737924863802530e+00
1.000000000000000000e+00,-1.797612078426946258e+00,-1.478426800511949635e+00,-1.613803055029355837e+00,-7.756273162934153032e-01,-4.655025636711320747e-01,3.535399207728826987e+00,1.423826476050721102e+00,-1.329959489501576053e+00,-7.612172439791351497e-01,5.248549055704074817e-01,1.964458599885528400e+00,1.533845857143510294e+00
1.000000000000000000e+00,6.426409706125733035e-01,-3.878824029355742997e+00,9.252211627436872643e-01,-1.215466000740509367e+00,-6.934493936285202054e-03,-4.002580769378503156e+00,-1.092041513802286534e+00,8.673373736415366242e-01,-4.388095965353778993e+00,2.789344607412415300e+00,-1.955958481642525282e+00,4.299285215560129103e+00
1.000000000000000000e+00,-1.220922527954201753e+00,-7.702187693046134154e-01,-6.785731054508559179e-02,1.615440045875637054e+00,-2.140124896723468062e+00,1.547968002244177299e+00,3.358202312629028352e-01,2.388006694832550458e+00,-2.300308719255255596e+00,2.885309612861730155e+00,3.099584795401840509e+00,1.171428454666299857e+00
0.000000000000000000e+00,5.316578748101064011e-01,2.327794976184808462e+00,3.097468169696382834e+00,6.668312460477029191e+00,-5.241961334694462682e-01,-1.533570151739700460e+00,1.041640028166078924e+00,1.198701359217815732e+00,-4.927210451032166816e+00,2.055885668386034926e+00,-1.355605474526073051e+00,-1.901726428565819749e+00
1.000000000000000000e+00,2.344560326698682751e+00,-3.698203754042637570e+00,-9.274432938134236082e-01,3.534651006809885310e+00,3.238630803004339809e-01,-2.252709118480742845e+00,3.065852373855735280e-01,-1.535417844719929814e+00,-4.959924334266700541e+00,-7.619694607784865958e-02,-2.468146579638160532e+00,1.193153785600195693e+00
0.000000000000000000e+00,8.872524239925281275e-01,3.969385801408375491e-01,-5.998474682615162479e-03,7.842463462447787359e-01,1.250039126494838060e+00,2.841031673449127659e+00,-5.227326598217273412e-01,2.611030011315971233e-01,-2.057470719081229582e+00,1.758072570706565418e+00,6.763991786906289327e-01,-1.766472500701229631e+00
0.000000000000000000e+00,-4.190130427785143663e-01,2.146952956854256023e+00,1.548770541390595668e+00,8.434381104567341136e-01,-8.015956943462065887e-02,2.372262293797389177e-01,1.983472141797403054e+00,-1.678009368682313429e+00,3.778608012024398111e-02,-1.851604488711993124e-01,-2.277935580712078689e+00,3.867905440236386605e-01
1.000000000000000000e+00,-6.423419354965551609e-01,3.532311797904945649e+00,1.190593869210942568e+00,-2.991964668799779736e-01,-1.670943395803456744e+00,-3.127493316500612686e+00,-2.018515738249677227e+00,-1.740067018715489855e+00,2.545634118380417199e+00,-1.260182504624180355e+00,-1.368010129957586196e+00,-1.755506941635343043e-01
0.000000000000000000e+00,-2.047064320460515230e+00,1.674217257109635870e+00,-8.252349004651617914e-01,-4.361908372889730323e+00,-6.368459361730214319e-01,-2.125703827421344450e+00,-3.119247256635211407e-01,-4.726603861274993879e-01,8.628549159295619830e-01,1.028493298171565096e+00,-2.857194212629607932e+00,1.645447711969324711e+00
0.000000000000000000e+00,-6.041713598914137950e-01,1.855805890396189151e+00,-4.905728980189281163e-01,-7.570354506494068936e+00,2.555906057191219105e+00,1.395065422388186871e+00,-3.870167429303040141e+00,-3.108723253566069822e+00,1.920023160574529708e+00,3.964028440607828552e-01,-1.623364346045858664e+00,-8.720428670133617555e-02
0.000000000000000000e+00,-2.643972113443926020e+00,2.972150191139389941e-01,3.786607173259767256e-01,-6.668563322192045284e+00,3.246066440529470132e+00,-2.558335256393511337e+00,-8.874863548850802086e-01,-3.096723935287359453e+00,-8.112481189403113468e-01,2.429278819045241455e+00,-4.139576186231118449e+00,2.119528720286802503e+00
1.000000000000000000e+00,2.514107784228277964e+00,5.709074675210455752e+00,-2.252236150101267764e-01,1.273539747793996924e+01,-1.968543595103845245e+00,2.900543139420596273e+00,4.400319425570189402e+00,-2.311633065910306595e+00,-2.680571347760462686e+00,-1.776260295100293263e+00,-2.378211640865438348e+00,-6.563303086042448165e+00
1.000000000000000000e+00,-7.602017143377681752e-01,6.212335042677384678e+00,3.283070359834977303e+00,8.812736833745466569e+00,-8.444058693800091664e-01,-1.224921981719219177e+00,3.474530790015869730e+00,1.967042765089005218e+00,-7.082923869162233155e-01,-1.648950800580800902e+00,-1.105661981963849350e+00,-5.755609069727572802e+00
1.000000000000000000e+00,-3.156221356390477961e+00,2.152733050441337337e+00,-1.501662169812450820e+00,6.443777628750049224e-01,-1.699236351137457302e+00,-3.223541459770393747e-01,-1.235262985367500344e+00,-1.466414455686916085e+00,1.753504877208221790e-01,3.325922401919987337e-01,1.754768539493254842e+00,-1.134158203343544891e+00
1.000000000000000000e+00,-8.776895706731042690e-01,-1.518514262935809711e+00,2.598747324364731881e+00,-3.623990272781130173e-01,2.922516794222302927e-01,-4.134052022516904401e+00,3.455406357331133993e+00,1.367032523277042166e+00,-3.050639946723241458e+00,6.510723901274644287e-01,-4.551335237742285322e+00,3.865987431072692715e+00
1.000000000000000000e+00,1.581125686216116044e+00,-1.603985374663762897e+00,-2.915973719057910696e+00,-3.535691204751712835e+00,-3.894617126949265762e-01,8.068862714016475923e-01,-4.802741374262610163e-01,1.141757027023574622e+00,1.206765971706445617e+00,-1.940237533380680279e+00,-1.364939347572378114e+00,7.161864652547182963e-01
0.000000000000000000e+00,3.026592971242531238e+00,-1.793827508664422643e+00,2.148552856426382718e+00,3.948872195705948940e+00,-6.116708187740353964e-01,1.029067697218821742e-01,2.290762564799231349e-02,-7.649948678264176793e-01,-2.050605722762930405e+00,-1.843339569817383783e+00,-1.690286631938622275e-01,1.207477520808785787e+00
0.000000000000000000e+00,5.366801299933164238e+00,3.239951923203343576e+00,-7.040334230652822711e-02,-1.101044684018062991e+00,-4.553728791123663466e-01,1.144425017428927216e+00,-2.147021607989487268e+00,2.594051552634324853e+00,2.640739393612161479e+00,7.487637793379023243e+00,-1.097565268584519194e+00,-1.571418347879224076e+00
0.000000000000000000e+00,-1.663555388351765085e+00,1.039959703017311377e+01,2.687242639603139693e+00,-3.906192523638642555e+00,5.208910737655195744e-01,2.259912527753865419e+00,3.123472732136252095e-01,-3.643262052601616396e+00,-3.421933011270539282e-01,1.034437513887872750e+00,-8.068468829037858114e+00,-1.872460233808688201e+00
1.000000000000000000e+00,9.854997280357675749e-01,-1.465166645092962350e+00,-4.347194696951078186e+00,6.056513637022579388e+00,-2.146220942468336279e+00,5.163533470575189632e+00,4.465300044538402346e+00,-1.622986487025212865e+00,4.540607537220253676e-02,-2.449693452701747098e+00,2.062974658497339409e+00,-1.588224164437335162e+00
1.000000000000000000e+00,-1.088988892701689748e+00,3.943053766352343725e+00,-1.071168383869866680e+00,-5.763047322451896548e+00,-1.889385995032689669e-01,1.799426736203472155e+00,-1.994910172551108030e+00,-4.240935678286081867e-01,-8.866518225012947063e-01,-1.969894422185166416e+00,-4.274038468873417429e+00,-6.231865566264641609e-01
0.000000000000000000e+00,3.181313752804515449e-01,3.271537435901268331e+00,6.312144028575398025e+00,5.117250197730489170e+00,-1.043445154303500377e+00,-1.693204949901427003e+00,3.386131436784085125e+00,-2.613811039377255341e+00,4.854520595796916638e+00,-1.999396461554097115e+00,1.529049440969123541e-01,1.074971093144514889e+00
1.000000000000000000e+00,-1.097179867167355383e+00,4.631936051570512802e+00,3.262968495805615543e+00,-4.315219777084232100e-01,2.718707252476195713e-01,-2.289370865730828264e+00,-5.956547261838613938e-01,3.587719758909074130e+00,3.861428284388269461e+00,-5.061528655473197524e-01,4.981517975135658638e-01,-2.999789544436484157e+00
1.000000000000000000e+00,-8.000327969395846228e-01,3.866996938313673748e+00,7.757901856278477393e-01,8.840034152300234593e-01,-1.869065241591768789e+00,-2.669114433266961406e+00,-1.321570188894468645e+00,6.647471287228523540e-01,7.535754367594774683e-01,-2.506697437627763980e-01,-1.270487148239435093e+00,-1.420909463000793016e+00
0.000000000000000000e+00,2.399485103548169018e+00,6.517612721580728907e-01,-4.507639296371701576e-02,-8.151187255437722712e+00,2.790448031434376031e+00,4.149742690930278144e+00,-3.316814043966999748e+00,-2.143215495762637701e+00,3.644935082171745222e+00,1.098693403060559959e+00,-7.854514884997277901e-01,7.679491725223877019e-01
1.000000000000000000e+00,3.260626200787275053e+00,-1.846666731424932761e+00,-3.673919120676016892e-01,5.818843269445546085e-01,2.213587276771311618e+00,-6.073794068711918515e-01,1.245054275828481716e+00,-1.258061500191431481e+00,-1.042086455112767318e+00,9.066558620857080308e-01,-3.308926296459045790e+00,1.253531549780435572e-01
0.000000000000000000e+00,-1.576574296627635263e+00,1.017422630373541415e+00,-1.483870928643293841e+00,2.010390597866452966e-01,1.341651354907673843e+00,1.531068465378269350e+00,-1.334191136917601828e+00,-1.539478889322350996e+00,-2.839174561933262453e+00,9.222946800243492227e-02,9.211559383666267919e-02,-2.619364872023659974e+00
0.000000000000000000e+00,2.989824451356412283e+00,4.057336027285199265e+00,-4.768240194125021869e-01,-7.966076118501002057e+00,1.757158523154096930e+00,4.279257210283664570e+00,-3.288226863775717490e+00,2.087204798963989028e+00,1.306368449840411561e+00,4.191693768934719344e+00,-3.171836177363268394e+00,-1.495610430956450188e+00
0.000000000000000000e+00,8.298555087468220126e-01,-6.338673548231802179e+00,2.164977098834798497e+00,-2.229389233762070432e+00,5.540124212195322251e+00,-4.699651828893154359e-01,2.280347335432876932e+00,6.309820875574021493e-01,-2.760895982121960301e-01,-1.866236462683470876e+00,2.524956015664705511e-01,1.824037575882951456e+00
0.000000000000000000e+00,1.308116158514980309e+00,-4.199830300556560148e-01,9.048870311549515044e-01,2.393041287052085853e+00,-1.082253762504270966e+00,1.663420139526240682e+00,3.116756686650397068e+00,-2.549152088136387384e+00,2.205179081983686729e+00,1.311846203484572593e+00,4.221257981031425466e-01,2.337449978206599610e+00
1.000000000000000000e+00,-5.474417009465426531e-01,8.607833891299517814e-01,-2.611477078678071884e+00,-9.121540194590837203e+00,2.144601431239585576e-01,1.773688203280050946e+00,-4.245138192255632603e+00,-4.455471839375493293e-01,1.419486627509580767e+00,-1.171025258337691888e+00,-1.611345472462296424e+00,1.007924098754385156e+00
0.000000000000000000e+00,-1.120266218268302083e+00,1.644103677004164821e+00,4.267653007099625473e-02,6.402190744016458268e+00,-1.610558180698704156e+00,-1.878031529439603275e+00,1.239578443884181702e+00,-9.701393161545506238e-01,-3.218057263072293228e+00,3.008321677728815757e+00,7.032278619040166490e-02,-1.405825083332842729e+00
1.000000000000000000e+00,-4.241429791305423302e-01,1.878463903328105644e+00,2.963460231938344069e-01,-4.609055622698990717e+00,-4.035379543695382099e-01,3.471942402313134668e+00,-1.685064556022576099e+00,-5.427560019659283252e-01,6.279920660806850297e-01,7.585489037871664397e-01,-1.265516322375300762e-01,1.239962798952539913e+00
1.000000000000000000e+00,1.373461603177968282e+00,-4.451507913199491462e+00,-9.944305091391085760e-01,-3.145798328696170820e+00,3.377624471073045864e+00,2.981479958390159002e+00,1.214163701488396363e+00,1.416307614900243816e+00,2.115043250048866508e+00,2.096491183059360885e+00,2.813568505219697702e+00,6.851197547048115677e-01
0.000000000000000000e+00,1.656578268717143088e+00,7.352936803152239076e-01,7.929684041594893262e-01,1.727018533292901781e+00,9.416350499931681606e-01,2.066455925094944135e+00,-4.306737435847393103e-01,-6.433860381020941599e-01,-1.904185478345115090e+00,5.656708056995851663e-01,-3.919503212747641463e-01,-1.458643070164042488e+00
0.000000000000000000e+00,-1.683500287731311218e+00,-6.999006753333425479e-01,4.625378180081561874e-01,4.530372159547081168e+00,5.477907250767792835e-01,4.767396916346933189e-02,3.492787871600553373e-01,-5.404038992059078339e+00,-1.071454898368637831e+00,-1.114368843258549457e+00,2.077467358888507309e+00,-4.228743338423709419e-01
1.000000000000000000e+00,-5.861422615965117267e-02,1.026371690134443515e+00,-3.322380112519253803e+00,-7.249212339047946152e+00,4.055326431507633167e-01,3.434605882257195653e+00,-3.572706951802853137e+00,-3.022479554756039910e+00,1.458658019027274877e+00,-2.550297065116072126e+00,-1.617998166111691560e+00,1.480344535280770923e-01
0.000000000000000000e+00,-6.573555037163485437e-01,1.897907923605798297e+00,-1.333536709371221374e-01,-1.887031417960566504e+00,1.313411516589015227e+00,-5.889285600948952482e-01,-1.674477410722241766e+00,-1.550394503476349772e+00,4.931681563774605870e-01,3.928868554027784121e+00,-4.862942344704346276e-01,-8.909484099785216493e-01
0.000000000000000000e+00,5.545120316235846225e+00,-7.229577311308580390e-01,3.303519864349107049e-01,4.125228415836382112e+00,-1.582322525639848987e+00,1.270675863133439387e+00,-3.080455512928519379e-01,1.847576101017004202e+00,-1.225591457998596034e-01,2.976116253724254701e+00,7.606782991711231734e-01,-1.959879868828985350e-01
1.000000000000000000e+00,3.527847901877803061e-01,-5.049970806793230294e-01,9.311915410631537160e-01,3.922714948059581985e+00,3.686506693863222495e+00,1.781042563594494865e+00,5.246619661996653861e+00,5.547030524912290872e-01,-3.912068246150736339e+00,5.243312433716312837e-01,-2.554420475688873537e+00,-2.602531299695288070e+00
0.000000000000000000e+00,6.601206795486633805e-01,-4.139408143877789659e-01,3.216289765531220368e+00,2.055685552557719564e+00,8.256224609936955172e-01,3.231343169400726190e+00,1.587064535693285094e+00,-1.179517943057646789e+00,-3.293587531965852744e+00,-2.087758381308313371e+00,-5.753431239693476140e-01,1.048905129576990891e+00
1.000000000000000000e+00,9.136956267243339092e-01,1.665156317513348139e+00,-3.396626692766281597e+00,-4.522148565017909405e+00,1.567860586280693802e-01,2.101771369691599389e+00,2.539875830626092679e-01,1.242965250572563018e+00,-5.709944911506592558e-01,-3.586959316475597515e+00,-5.102643743298716394e+00,-1.485153947542056097e+00
0.000000000000000000e+00,1.826832907301110254e+00,-4.281460545368918069e+00,7.512389178345153518e-01,1.408354796463202385e+00,1.700739838789820935e-01,-2.549959706689230998e-01,3.129491445137237982e+00,-5.942020627466266802e-01,2.641621587348592648e+00,8.986736095670586622e-01,1.687461384262705977e+00,3.441264589676841901e+00
1.000000000000000000e+00,1.189549513979400563e+00,-4.966608308535108485e+00,9.256708557403943161e-01,-2.197906604221270821e-01,2.895793510248987346e+00,1.005058204417164092e+00,2.501402120102048876e+00,1.546619468733563485e+00,-1.048924157042641525e+00,2.908932217147842003e+00,1.546702717563489760e+00,1.983885913910794496e+00
1.000000000000000000e+00,-1.123078390835498430e+00,3.712754471152625246e+00,-1.095436321553800108e+00,-4.078451948426301321e+00,-1.810125081243068923e+00,8.899049301084392960e-01,-3.911081403536231793e+00,4.025088157532596966e-01,3.141630930268158872e-01,-4.738491357491303457e-02,-6.189590882652969972e-01,-7.489043751783845959e-01
1.000000000000000000e+00,-1.433601554040837556e-01,-2.234415447198429550e-01,2.164373586417601913e+00,3.132370707289821449e-02,6.901542121300843213e-01,-3.327648104598755374e+00,1.173631642075257719e+00,2.275395704543127451e+00,-7.329074962749884126e-01,1.535016422756293020e+00,-1.701618094901125033e+00,9.168205986541699826e-01
0.000000000000000000e+00,-2.223748184523905103e+00,1.881343491936995571e+00,-7.911696442941615892e-01,-1.515077682844317097e+00,1.663748336468804823e+00,2.382875691270772478e+00,1.941219645366694113e-01,-4.931462323470749531e+00,-6.502006147133603253e-01,4.985724112657155871e+00,-2.985437792402148016e-01,1.367385248815544685e-02
1.000000000000000000e+00,9.149556189548324614e-01,5.457857754824146923e+00,3.343279198944634878e+00,3.255405554346133101e+00,1.368037108147898140e+00,9.179207729753666722e-01,3.753585498216413630e+00,-2.753015788775732275e-01,-4.505159508675692370e-01,-1.366932190709295725e+00,-4.963227823874353462e+00,-3.245615581112225811e+00
0.000000000000000000e+00,-2.031418557371173605e+00,9.683367854291798915e-01,-2.150276013430877153e+00,-4.165522817785389798e+00,2.573808132118942993e+00,5.068513577149633687e-01,4.581607992436630417e-01,-1.015227774438454134e+00,-3.609635126072807232e+00,3.160173524382043464e+00,-4.180660205543027530e+00,-5.780916678701066846e-01
1.000000000000000000e+00,-6.514638975461429782e-01,6.565573841420351719e+00,2.452616248272747157e+00,-5.271681445772572472e-01,-2.684041295643859293e+00,-2.222118021661056986e+00,-5.863924173357387026e+00,-4.848254799214756217e-01,1.275526265547407778e+00,1.372859508917320781e+00,1.955623611016503727e-01,-1.650667244422490576e+00
1.000000000000000000e+00,-2.062077346877966288e+00,2.945797133665885692e+00,-2.132490469939947175e-01,-4.929713556448060419e-01,-1.688082289098586486e+00,1.257802056510451294e+00,-1.470160122835542094e+00,-1.386252244287658364e+00,-2.651898744047220813e-01,3.575242231737849607e-01,6.539061684563769461e-01,-3.610799606664500949e-01
1.000000000000000000e+00,8.214637697902182900e-01,1.383110761936977129e+00,2.197189163394398292e+00,1.622132215514108688e+00,1.846572005377067338e+00,1.328973833977538099e+00,1.675283134431202470e+00,2.222905086155341436e+00,1.106785465437875704e+00,2.412147249755927980e+00,1.115452864330785054e+00,-2.250087001391615438e+00
0.000000000000000000e+00,2.136193953448165317e+00,1.633591096501609385e+00,1.077764021280830598e+00,-3.309032569174663596e+00,4.563522187004083186e-01,1.694289165606944092e+00,-3.400142295321223251e+00,-1.899238033037137230e-01,1.607234408508797507e-01,7.808292646142305227e-01,-1.020616808675276932e+00,4.434750309654345024e-02
1.000000000000000000e+00,1.289426910515784286e+00,-3.458807286076902576e-01,-6.532091787088802892e-01,1.750679645665053963e+00,7.205147359219590264e-01,8.720598313853178407e-01,-1.541965250202941284e-01,1.672648424133625689e+00,1.434762079138450108e+00,1.842488250033744723e+00,2.629124308887507588e+00,-2.342003244772397519e+00
1.000000000000000000e+00,2.494156995058815163e+00,1.293118388428988075e+00,-3.700097724143458500e-02,3.309277517921289657e+00,5.107602220646927371e-01,-2.698489103315891313e+00,-1.751202481433651315e-01,1.570564652098251912e-01,-2.958364198848928428e-02,3.980954089145001262e-01,-2.217368059249734458e+00,-2.721816475378742162e+00
0.000000000000000000e+00,-1.106939432639363119e+00,-6.055242727768404443e+00,-1.764823611534590331e+00,-1.926552436710765148e+00,2.659661312241542230e+00,-2.195926909779339020e+00,8.048706347266127992e-01,-1.021891700115751256e-02,-1.203515400874069829e+00,1.340806401312889307e+00,1.157812918341106556e+00,2.145929326185689767e+00
0.000000000000000000e+00,1.430632547675366295e+00,2.035044118672157065e+00,1.175678813511267684e+00,2.209287328748382517e+00,1.496893750055044991e-01,2.620240565003860489e+00,1.709798366488939347e-01,-2.421847958636473397e+00,-1.034372866777758970e+00,-7.395018866526352763e-01,-1.112771461655756244e+00,-1.100756982877857171e+00
1.000000000000000000e+00,-2.585779288482036531e+00,2.336641748903420801e+00,-1.856716802934566868e+00,-2.098603200884256115e+00,3.586095576214760605e-01,-3.375371175767292176e-01,2.401733841716271467e-01,-2.287420722613397572e+00,3.193840891965674000e+00,-1.276143843736136319e+00,-4.889208547545340622e-01,-1.512275995285268682e+00
1.000000000000000000e+00,5.015695217022004826e+00,-4.159390362044413259e+00,-2.996399918149781350e+00,1.514561504932274705e+00,1.695791708838727319e+00,-2.457136015024823372e-01,1.193271895544813832e+00,-1.622232363211378203e+00,3.807738129852689113e-01,2.529483289197812734e+00,-1.584540880182226719e+00,3.059352919113909053e-01
0.000000000000000000e+00,4.444772317132414940e+00,6.612783537615628537e-01,-8.562201997293115152e-01,-1.671936356400040014e+00,-2.698823294478125412e-02,1.298151774147830562e+00,-3.230731497233148453e+00,1.124141937377617140e+00,1.324452734070836080e+00,2.973809322065077865e+00,-2.909337057249240521e-01,-9.362073518609216327e-01
1.000000000000000000e+00,-8.662012108554563161e-01,3.642276021076946257e+00,2.088407799506406981e+00,3.796379088318391659e+00,-3.805959093592719888e+00,3.734397880153514926e-01,8.658348235673833937e-01,4.976239142022433892e-01,8.837702838902552482e-01,1.115993569366580118e+00,1.509472189268361575e+00,3.193801129837647856e-01
1.000000000000000000e+00,-7.002068544556407925e-01,-3.471556918220940258e+00,2.028046689525777602e-01,2.507785001050115259e+00,1.295106853691249560e+00,-9.130422080177802435e-02,2.320250539137729273e+00,2.163867272663352992e+00,-3.024352006148090855e+00,1.640485679853836753e+00,1.850895397456755465e+00,2.700796025335692185e-01
1.000000000000000000e+00,-3.573971584184558736e-01,7.434404019009763775e-01,1.124998434369257616e+00,2.163683367723638007e+00,5.106268918660349376e-01,5.835305185786778814e-01,2.306121183130994012e+00,1.181026187974364650e+00,-1.472671363335113170e+00,2.500725214695946885e-01,-6.264834009053863451e-01,-9.761935884889154647e-01
1.000000000000000000e+00,-6.364359198848179577e-01,-2.359409686879478496e+00,1.865348397890463472e+00,8.071217499177130161e-01,1.153427643918962575e+00,-3.410422517301879619e+00,2.221518545427403346e+00,2.086449590769857920e+00,-4.440140388728494258e+00,2.536604727905663825e+00,-2.454296644102043068e+00,2.233576197661875984e+00
0.000000000000000000e+00,-4.193722901238724710e+00,5.105445751788526998e+00,1.024738481259976686e+00,-6.475713380710991451e+00,1.937313644289611281e+00,-2.852019823663056286e+00,-1.911164903166331364e+00,-5.247182913105048474e-01,2.219801843593574464e+00,3.830908953164584574e+00,-2.368456455077621925e+00,-1.008501591473939918e+00
1.000000000000000000e+00,4.367547496084145386e-02,4.119623372316166154e+00,-2.019680417555781204e+00,-2.738517916725382029e-01,-1.923711789240547088e+00,3.405683811440674891e+00,-2.597734512836904486e+00,-1.533789750571251886e+00,-1.812937904160771829e-01,-1.199982713076981788e+00,-2.328295282196256588e-01,-2.612339444516490250e+00
1.000000000000000000e+00,-1.098260658316218441e+00,2.854177371757423476e+00,-1.117937812584446799e+00,1.760687274617499742e+00,-2.799308228943665711e+00,-5.834792865664817363e-02,-8.439702581006580662e-01,1.737773223988583027e+00,-6.613691954243199334e-01,4.341729460011247710e-01,6.772665160139943463e-01,-1.733611592083780684e+00
1.000000000000000000e+00,-2.636369812024613957e+00,-7.192253370585326433e-01,-3.032746565488902757e+00,-6.774501501416727578e+00,6.230384760864300375e-01,1.440827865968510091e+00,-8.773235338391850435e-01,-1.145948956085113268e-01,3.953117955553789864e-01,-4.706037721158634612e-01,-5.674375397231692375e-01,1.202698871702093442e+00
1.000000000000000000e+00,-2.767750588299664471e+00,6.018522419091150155e+00,-1.086117153979664574e+00,1.990130954718537959e+00,-2.400210975323320284e+00,-1.170264851624525093e-03,-1.392586227891515760e-01,-3.236273370820451856e+00,2.784394370470741009e+00,-2.008296119545066816e+00,-3.325471829618705799e-01,-3.031445303676804759e+00
1.000000000000000000e+00,1.053829166599394629e+00,-1.260823742735582176e+00,1.851087701439267708e+00,1.496169288364773697e+00,1.940213785102464339e+00,8.942912653799239830e-01,1.318820649611287976e+00,2.159802623906709407e+00,5.171948287699101865e-01,2.510887274585532403e+00,2.289786900551415538e+00,-7.829455050683709061e-01
1.000000000000000000e+00,1.012460155904658654e+00,-2.787515591887567146e-01,1.782657210888317412e+00,1.568200059212046860e+00,-5.064293835167266167e-03,-2.094607603289450282e+00,3.061556833457337756e+00,-9.296086959459204380e-02,-2.810880688160142249e+00,1.432041604606363761e+00,-4.493117100952828125e+00,2.289380866649306512e+00
0.000000000000000000e+00,-1.810596297219698503e+00,6.226178291234551132e+00,3.874463257909124270e+00,3.034345819220075624e-01,4.139377091936313757e-01,-7.197717239364609387e-02,8.763845862883580251e-01,-3.850609836858415402e+00,2.873873627476643655e+00,1.088933623384516824e+00,-1.868369792870360202e+00,-8.205609409372576213e-01
1.000000000000000000e+00,-2.178296479597505719e+00,2.542793311383355626e+00,-1.874052622194982920e+00,-1.719125782951365311e+00,-7.756670615061265206e-01,5.185840416047093893e-01,7.567348186930209497e-01,-3.488740420753954075e-01,5.377858514529969547e-01,-1.538295048629423567e+00,-1.776917807676329009e+00,-1.105248802367197358e+00
1.000000000000000000e+00,5.211300482266352230e-01,4.110117544541079582e+00,-1.815530770365364255e+00,5.162964263930693853e+00,-2.178877479838927655e+00,-1.115305181314401484e+00,1.845388292041582723e+00,2.896584619618316481e-01,1.971004475123919075e+00,-2.569108197835551444e+00,-1.544271313198511297e+00,-4.419837398767384684e+00
0.000000000000000000e+00,3.314209777625697573e+00,5.700134551932197091e+00,2.133299828242027907e+00,-7.528081338045888415e+00,2.169107178706725758e+00,3.334112929154708915e+00,-2.595417467038974912e+00,1.644847614014612880e-01,2.452322956129743048e+00,3.056650654505709497e+00,-5.041027495022285976e+00,-8.876601112551028017e-01
1.000000000000000000e+00,-4.740566741500830128e-01,3.981193354210382562e+00,-2.902772517722771450e-01,3.342058845238959464e+00,-2.963000229431090204e+00,-8.885368087095768530e-02,2.591463043529098620e-01,-9.526004910414352933e-01,1.741066149991430390e+00,-1.238715411729508942e+00,5.574324428872379222e-02,-1.807726094130303274e+00
1.000000000000000000e+00,1.439752395544092956e+00,9.387638934693872672e-01,-6.209106635764306326e+00,-4.513322476064522526e+00,1.366700864813474858e+00,3.486907030964661480e+00,1.367133488971098654e+00,-3.992564637786522930e+00,3.057615550510791813e+00,-7.468343972671695141e+00,-5.597934727535188060e+00,-2.524093829544989731e+00
0.000000000000000000e+00,-1.312483747007797685e-01,-5.442874500077910405e+00,5.507138367116095612e-01,-3.133740670858888300e-01,3.291077392426811521e+00,-6.205641075572194687e-01,2.449767686581178161e+00,-3.822341461593032008e+00,-1.482722268591285086e+00,6.485354370932656654e-01,-4.577002484960651651e-01,3.471188436468478855e+00
0.000000000000000000e+00,2.983439855038673816e+00,3.124119992286677583e+00,-1.957797013451390900e+00,4.525582539368754098e+00,-1.895138379791791117e+00,8.997426231868576041e-01,-4.819809565014773201e-01,1.882762734573940389e+00,-2.915743432391987078e+00,1.695762454988499979e+00,-2.125932279130969604e+00,-3.916205606367115788e+00
1.000000000000000000e+00,-1.350101581290115149e-01,2.859611818869991939e+00,-1.539947121388771656e-01,5.519571492726089268e+00,-2.477096149494652622e+00,1.558242254365138635e-02,2.863115273873396927e+00,6.326016932698037554e-01,7.712379499705712682e-02,-9.382267603431594383e-01,-4.964738736936610275e-01,-2.082821037358028260e+00
1.000000000000000000e+00,-2.394028190384095200e+00,-3.818732460749260649e-02,2.897282368417155585e+00,-3.612727621517536347e-01,1.511610098835496574e+00,-2.155958817914415349e+00,1.274871552806726704e+00,4.423550319475864967e+00,6.099507145175309120e-02,9.976087254425944906e-01,1.567069195608473020e+00,-5.588797132624117037e-01
1.000000000000000000e+00,4.522950079092320053e+00,-4.933200622130721413e+00,-3.703903586570343798e+00,9.165219706800890875e-02,2.333261101536694859e+00,3.362100384279854026e+00,-6.256338062768964647e-01,-7.030092311806381833e-01,1.204918718072848005e+00,3.544358724725835685e+00,2.895887573126514347e+00,-7.196592172774611829e-01
0.000000000000000000e+00,-4.563648963718909268e-01,2.847782957114739943e+00,2.386498815493814263e+00,-2.496260185158379219e+00,2.869755226275903404e+00,8.039468700960021863e-01,-8.848649143027876862e-01,-7.025179726312218431e-01,-4.839155627662760084e-01,3.339247876076109289e+00,-1.569431451626544405e+00,-1.220030579654579617e+00
0.000000000000000000e+00,1.214802925592250338e+00,4.385831672104227308e-01,8.396482407149611360e-01,-7.398596013672886329e+00,2.445894591539564011e+00,1.101570705198986921e+00,-3.419426542172252503e+00,-1.770913554038899607e+00,2.132933613184767818e+00,9.928643560148506797e-01,-1.632988597743979309e+00,1.467590417685487925e+00
0.000000000000000000e+00,-1.942592603474205148e+00,3.128569664577835585e+00,-6.782174136258116715e-01,-1.281153008253317571e+00,1.230070390080951981e+00,-5.263716426811861915e-01,-1.738044858560549688e+00,-1.905506252854461069e+00,-1.340336286525841469e+00,2.166820522388626102e+00,-1.558550013855823924e+00,-2.265786213467756660e+00
0.000000000000000000e+00,-7.897442756800643338e-02,3.813213545680556926e+00,3.365165570948476681e+00,-3.617128509934684821e+00,1.757839084613622038e+00,1.132195438966489442e+00,4.058784026708728288e-01,2.347851721400172398e+00,-1.956733840590637818e+00,4.513439431297681992e+00,-3.689853436681462817e+00,8.120535883897184171e-02
1.000000000000000000e+00,1.987769456595009032e+00,1.422358722251333418e-01,1.351545295531937363e+00,1.327961361745476410e+00,8.526272530248475423e-01,-3.235999726659017917e+00,2.817280700506478386e+00,-1.069109102486170748e+00,-8.033381752215741356e-01,-1.470530930243855838e+00,-5.913296704675953919e+00,9.264745394892608399e-01
0.000000000000000000e+00,3.843822610001816908e-01,1.486042178608582010e+00,2.529038795037972243e+00,4.211529828340523363e-01,1.363327673944274121e+00,-7.551431111234663263e-02,-5.418944501447435780e-01,-2.441665217775172536e+00,-7.624277287192535724e-01,2.264711483877202003e-02,-1.529455563307803079e+00,-1.051689850312771402e-01
1.000000000000000000e+00,2.816227643968896022e+00,-3.296009427944731840e+00,-2.745313658145427826e+00,9.676307257322747546e+00,-7.459799070643389207e-01,-1.137974468519712401e+00,4.973480296464600769e+00,-1.972834113100274234e+00,-6.525382538653965447e+00,1.472428103501406849e+00,-3.272170178409875785e+00,-3.777756570566477290e-01
1.000000000000000000e+00,-2.099902978479916804e+00,-4.052310382147995549e-01,1.737107856082642066e+00,4.455825965771319730e+00,1.182404186868337703e+00,1.234190166449073089e+00,3.851279016002297606e+00,3.608745761116440853e+00,-3.761676896519284607e+00,2.862789843528240397e+00,2.175025950359056548e+00,-1.708105552691675522e+00
1.000000000000000000e+00,-8.510071226169811931e-01,3.119564835063362906e+00,-2.825231185211983798e-01,-8.943190766579051099e-01,7.106762535356896393e-01,3.032951744394357663e-01,1.054407480701121447e+00,1.613825243295641254e+00,-1.293874839689572287e+00,-2.151618886294498489e-01,-3.169325176681906608e+00,-2.417069590025787029e+00
1.000000000000000000e+00,-6.381546236892468027e-01,-3.796199229450866047e-02,-2.853666506775886624e+00,-1.890673086289475169e+00,-6.837601888311894971e-02,3.206080642486782484e+00,-1.149892865468906011e+00,-3.084598573191264848e+00,1.097884741244852025e+00,-1.084481376435242783e+00,1.187513411327959290e+00,-3.987070665616994081e-01
0.000000000000000000e+00,1.485337415062305544e-01,-2.081904089527431556e-01,-1.557539787228455097e+00,7.884569343212557868e+00,-8.548123776362281934e-01,-1.387858669133845702e+00,-1.731225434542689179e-01,-1.665130741165978812e+00,-3.243718884197980046e+00,8.375080439913507035e-01,1.725471262654947768e+00,-3.184925368883460894e+00
1.000000000000000000e+00,-2.356413395737496863e+00,7.411996070159091232e+00,4.372258103526023287e-01,1.226481567483484136e+00,-1.998970936184127911e+00,-7.852476758581630190e-01,-5.274200677746199162e-02,-5.353058242304112868e-01,1.974221817458992723e+00,-8.716512950765977763e-01,-1.896803894256910983e+00,-3.543847292394119997e+00
1.000000000000000000e+00,1.885222537772220930e-01,1.420145964867936872e+00,1.846829083556070117e+00,3.461964910137340201e+00,9.486780846409924584e-01,-8.127801457390755324e-01,8.737442758254665431e-01,1.672425087537049215e+00,-1.040750080857927529e+00,1.500005321234458844e-01,8.945864797526104084e-02,-2.694198566347700385e+00
0.000000000000000000e+00,-1.526224488976260840e+00,-2.917337315803449460e+00,-1.930370862731348058e+00,-3.854195648223809556e+00,7.391789015485263903e-01,-2.643558940561588688e+00,1.733235541299301685e-01,4.964948051361890435e-01,-2.808981374410672860e-01,3.123136374733117115e+00,-6.335139711902005866e-01,2.681025303015529104e+00
0.000000000000000000e+00,-1.409443568667370972e+00,-8.037385324792903907e-01,1.098358589314619715e-01,1.331764694622775469e+00,7.133017390003493219e-01,7.078803095268018097e-01,-1.164118322088461888e+00,-3.404244629039646419e+00,-3.569728175912707524e+00,-4.622156558261790060e+00,-3.395141969971144924e-01,-4.201638821724043016e-01
1.000000000000000000e+00,-2.659293441097843491e+00,3.022553386709815104e+00,-7.279774158808759443e-01,-3.521293142481571437e+00,-2.502430670450925820e-01,2.781327529603447868e-01,-3.334322055908321758e+00,-2.611796629464045338e+00,6.786629307320312110e-01,4.263328448027459139e-02,5.847985199573457749e-02,-6.450962339852607252e-01
1.000000000000000000e+00,2.675074087069229556e+00,7.107512726021131266e-01,1.962775165609471628e+00,6.529344254206536746e+00,9.747755301896391389e-01,-1.685841955835394312e+00,2.095359524898662951e+00,-1.253510655206750535e+00,-4.133426508683131217e+00,-2.209527203964452013e-01,-3.889990903379035192e+00,-1.775957116850195749e+00
0.000000000000000000e+00,-2.340549240527974639e+00,-2.667389795761521576e+00,-1.849950817906923284e+00,-6.341729037481702136e+00,4.393672456969144768e+00,-4.882678975205724248e-01,-1.609906344963219826e+00,-1.240801256832176458e+00,-1.069522283311708843e+00,3.396140680617590224e+00,-1.021021333171280299e-01,5.265765972146727592e-01
0.000000000000000000e+00,-5.208792629725278456e-01,-1.958454794014528932e+00,8.499516403790556840e-01,9.100162616808409322e-01,-2.959457911433713839e-01,-1.241803330831299457e+00,1.522784633727316095e+00,-1.124515416466981943e+00,1.056965627416968312e+00,-1.263100751341578398e+00,7.231918414044369303e-01,2.149796578979749739e+00
1.000000000000000000e+00,-1.287025688134921131e+00,1.590244428969817436e+00,-6.607847312488837055e-01,-3.896434502751105367e+00,-4.149504425103673899e-01,1.693261822883860956e+00,-1.190955565239174785e+00,7.156225264393820673e-01,-7.378205068992975679e-01,4.058121293250935846e-01,-9.326145866442923094e-01,4.039166339992741328e-01
1.000000000000000000e+00,-4.605624816868422178e-01,2.819914202727866304e+00,-4.047644238092507063e-02,-1.257283218355695675e+00,1.679583837536178237e-01,1.210408303735859281e+00,-1.468528468244772123e+00,-1.659550858908621640e-01,-1.900738481423946968e-01,6.856244359437215774e-01,-6.133281547069988626e-01,-1.698180370970002073e+00
0.000000000000000000e+00,-1.723172658028748749e+00,2.306137531812552766e+00,1.283413525902384222e+00,-9.445626939349657247e-01,1.535835242934910028e+00,-5.918070118295475357e-01,-5.882601514199679027e-01,-2.524083271563005937e+00,-7.634309059008591580e-01,2.052427193667318406e+00,-1.368805344354832476e+00,-5.386761608605273866e-01
1.000000000000000000e+00,2.573183999140549183e+00,-2.598911687003295778e+00,7.406126047157147729e-01,1.374265990510507851e-01,2.015653367099674576e+00,8.296062110998900785e-01,2.118859232646847168e+00,-2.855220016259634175e-01,-1.664351472438361679e+00,2.861519392030676734e+00,-1.832820684942798151e+00,1.771571263486908521e+00
1.000000000000000000e+00,-2.543871464187953180e+00,5.915385901541760916e+00,4.124903879216135216e-01,-1.161067939481373212e+00,-2.902453904661396189e-01,1.128368676966641226e-01,-3.381352164690485829e+00,-2.602300949822648590e+00,-3.360738233820512733e-01,2.135958361550605034e-01,-1.040281252188399508e+00,-2.912914852462711757e+00
0.000000000000000000e+00,-4.706841897928922824e-01,-1.643590430596028940e+00,1.871616586707798957e+00,-1.132691732260748374e+00,1.748089487480462001e+00,-2.118601012380186610e+00,1.314417228132870763e+00,-1.361484388216057662e-01,2.377515803027347552e+00,-6.526297076795337659e-01,2.023308102761116611e-01,1.398632704558343320e+00
1.000000000000000000e+00,-1.544853065488297483e+00,1.575599182302697576e+00,1.039889289811270601e+00,-9.481218525226774441e-01,-6.687877743898807958e-01,1.641523569635633617e+00,-2.070224507105221434e+00,-2.620801532058878891e+00,7.192822897299158136e-01,1.709107108997425239e+00,2.332658670259304401e+00,8.525822874670863083e-01
0.000000000000000000e+00,2.889139262409329056e+00,2.692386426639854946e+00,3.274921669126746426e+00,8.029604970408664499e+00,-1.133281229550295865e-01,-4.683812463843031182e-01,4.141312338499580914e-01,9.176282116343286166e-01,-3.764005992379241938e+00,1.626072833333472634e+00,-9.526526854824753920e-01,-3.378338373088193514e+00
1.000000000000000000e+00,6.766246523437338123e-01,-8.608104555307881656e-01,7.361628661601351542e-01,-2.144399278046407176e-01,3.742069744761208350e-01,-4.684879029354501512e+00,-2.961151170734515059e-01,6.220905521143942352e-01,-2.787575610512380564e+00,7.316072891077287643e-01,-3.992177422045855462e+00,1.355260866293932054e+00
0.000000000000000000e+00,1.362707230451076779e+00,1.891669722366399853e+00,5.361977920142569909e-01,-7.386983145363404724e+00,2.421063042782802377e+00,2.857157264665831864e+00,-3.170024952571094179e+00,-1.296840071477105560e+00,1.677103307848162306e+00,6.426026094209045247e-01,-2.195334104181492663e+00,1.871546158335792853e-01
1.000000000000000000e+00,-1.881713444217128828e+00,3.232366154908704381e+00,-2.934789383487755199e+00,5.792172712102745535e-01,-1.514889747025206734e+00,2.978741959104340253e+00,-2.423177312633036928e-01,-3.747837224044385351e+00,-3.696967543100404541e-02,-2.677964528451269199e+00,-5.932382452986015853e-01,-2.153426350091429686e+00
1.000000000000000000e+00,-5.958410866678900408e-01,2.007920964655871554e-01,-3.937943040010465356e+00,-8.665129186889155122e+00,1.402581569728641231e+00,-6.153810563711925585e-01,-3.768688686375408992e+00,1.071887330121372717e+00,-1.793372160321078379e+00,-2.538932321293493111e+00,-4.741663189309881510e+00,-6.367489012111942071e-01
1.000000000000000000e+00,3.222867696538276316e-01,6.164273122646363179e-01,9.377464018097670939e-01,4.776975898143871468e+00,-2.604350792236649337e-01,-1.780190575206098247e+00,1.861544468695230936e-02,2.005774517301438742e+00,-3.059888962711266203e+00,2.426114914200254713e+00,5.950671893331105355e-01,-2.089886757776511672e+00
1.000000000000000000e+00,-1.743065789016655653e-01,1.204729612799602556e+00,3.642300742357609700e+00,5.200704679053930191e-02,4.623233034449846235e-01,-3.534030833698555085e+00,5.498821822990885844e-01,2.354842024340251250e+00,-1.797962698666874193e+00,2.576294646238990627e+00,-2.504388441152510580e+00,1.124123396401566666e+00
1.000000000000000000e+00,-2.521639476801834867e+00,6.959531444859903715e+00,1.269780321629946140e+00,-1.448464699025317159e+00,1.336557194804628423e-01,6.440017829145898709e-01,-5.069071065479793248e-01,-3.372184647096258203e+00,4.396104617916552826e+00,-2.707249746038675742e-01,-1.029820353202862915e+00,-2.706841444812252195e+00
1.000000000000000000e+00,-1.479817566714488830e+00,-2.950912480235043933e-01,-2.445827950859893019e+00,-3.948624812929144134e+00,5.231568366452938879e-01,2.506263190035914690e+00,2.839297854916660313e-01,-8.225081567204745037e-01,1.091802307935016536e+00,-4.656001680845361923e-01,7.699800001467060895e-02,3.692951586631585403e-01
1.000000000000000000e+00,1.029416691862112598e+00,2.192485491891522642e+00,-7.817622041452265691e-02,1.100663660762956741e+00,-2.807786031889247802e-02,-4.977778545240056918e-01,1.348016138145867071e+00,-9.360961524364246333e-01,2.352293984542845884e-01,-2.396651627219433145e+00,-3.660026996635915797e+00,-1.406155557067756634e+00
1.000000000000000000e+00,-4.380115574260159406e-01,4.744237440794174532e+00,-6.168876049609905987e-01,-1.043000122398559659e+00,-6.083713959654972747e-01,4.680471009132811666e-01,-5.500357995379845377e-01,5.741317580344440508e-01,9.717169580125875061e-01,-9.191335547748805679e-01,-2.446785714429975833e+00,-2.886843051975719554e+00
1.000000000000000000e+00,-1.130952241869488617e+00,7.411327801444553387e+00,1.841216749694485344e+00,9.414245398450040270e+00,-3.735818248284865195e+00,-3.632095851943100584e+00,5.081458440031387802e+00,1.777184435629361570e+00,-1.792858851831631295e-01,-2.267813729408048040e+00,-3.993329055806485783e+00,-4.353894166183131631e+00
1.000000000000000000e+00,-1.058774822371881363e+00,6.558489547831444888e+00,2.239014977986750754e+00,1.562081028436740127e+00,5.246666977788509989e-01,4.930251685791448013e-01,3.195561894914449308e-01,-2.285198510416012851e+00,1.216437548263138213e+00,-2.756236069359685459e-02,-2.247754363772368702e+00,-3.474115800170089585e+00
0.000000000000000000e+00,-1.994599960742368783e+00,-4.317883675209559513e-01,-1.474421693055425475e-01,-2.392285353993326869e+00,2.093382732301928506e+00,-1.832797927371853763e+00,-3.557381835658170122e+00,-3.305507523713094198e+00,-6.778700479031812831e-01,-9.737248618699134717e-02,5.497721417481606920e-01,-3.625788721310201357e-01
0.000000000000000000e+00,6.905422329378805291e-01,3.773915080169416569e+00,1.855660147179604813e+00,5.628695386739885009e+00,9.559829172351532733e-01,1.466309796027789991e+00,1.240548940753742890e+00,-2.231671645323891617e+00,-1.819279320747947848e+00,1.195269573888695369e+00,-1.000233803851900083e+00,-3.707510623359711932e+00
0.000000000000000000e+00,1.966925626883730960e+00,7.922928419047475579e+00,6.532099878501417933e+00,4.409864636622070400e+00,-9.117165276181418143e-01,3.625315470153744002e+00,4.579394281467903838e+00,-4.925170450121129306e+00,3.055074685999737305e+00,-9.658253949707193975e-01,-4.333282641628041887e+00,-7.027779769093345230e-02
1.000000000000000000e+00,6.882688001816337220e-01,2.066486736630969823e+00,8.795806458346819845e-01,-8.084462704436597980e-01,1.874572145110102728e-01,-2.829145713500843762e+00,-1.799016394982067890e+00,2.430618975055439890e+00,2.553403120975473506e+00,1.185141279354670507e+00,-6.740422243874255592e-02,-1.853387579105042704e+00
0.000000000000000000e+00,2.873851378275413815e+00,2.334095913798801269e-01,-3.663652821940728277e-01,-9.170887046391241748e-01,7.290702630196339573e-01,2.000882957131494777e+00,-2.462870720676401781e+00,-4.175466867530538417e-01,-1.371144547046290629e+00,-2.233254045042606606e+00,-1.556598850304356851e+00,-1.296473292455593729e+00
0.000000000000000000e+00,-2.795464265413022176e+00,5.197952044161880281e+00,-1.021252883638114728e+00,7.950968703053240549e-01,-2.994812273669767322e+00,-2.503458692520591500e-01,-1.961240234134213889e-01,4.223009261087535826e-01,-1.055505776520253125e+00,-1.039534562622139724e-01,-1.566478443189393222e+00,-1.854265381419269332e+00
0.000000000000000000e+00,1.311198864572644895e+00,7.145507398533234023e-01,1.527499596929313475e+00,1.228214433088416824e+00,1.227801963739358682e+00,1.237684158860125283e+00,-1.060812916671405537e+00,1.526550072823593673e-01,-2.839920786701131128e+00,-4.026291719208365816e-01,-8.495010768486127573e-01,-1.504545624401957049e+00
0.000000000000000000e+00,-2.669881600840450453e+00,5.800823342986351605e+00,-3.727568816924484718e-01,-5.383585511294018744e+00,-8.657773970451918544e-01,-7.433389697793283402e-01,-1.950407431584334716e+00,7.739591121850561972e-01,3.419772177205224306e+00,2.859259262791824519e+00,-1.350046664702401200e+00,-1.145388191662899402e+00
0.000000000000000000e+00,-1.873371394952745295e-01,2.166030214240671548e+00,1.353683248155764129e+00,4.026376213533934489e+00,-6.077432798560484795e-01,-1.216753663751999337e+00,5.000635196220422074e-01,-1.206482197962237990e+00,-1.879736570420561748e+00,2.601614333676024238e+00,-7.078760143872382393e-01,-9.394050375482764226e-01
1.000000000000000000e+00,7.250627414690822281e-01,2.675942834121357583e-01,6.253154766279744869e-01,1.313997534317834948e+00,3.307654568532398809e-01,-1.097037676286405805e+00,-8.146535957174776410e-01,1.883481370493564455e+00,-2.310262298764686584e+00,3.581947121433338932e+00,-5.828852273748352797e-02,-8.433028531714987786e-01
1.000000000000000000e+00,-6.309973335992127286e-01,9.350782560801662591e-01,5.488821738204898715e-01,2.045658412784485236e+00,-3.875485994595155859e-01,-4.514363507667696895e-01,-4.086978257033115902e-01,1.496731075663799482e+00,-2.187961041358054359e+00,3.348266862830935331e-01,4.403265058929854980e-01,-1.449869087038533344e+00
0.000000000000000000e+00,-2.814865955626082439e-01,2.498213300716126017e+00,6.235772042899057066e-02,-2.768004333760369917e+00,2.534162983412826975e+00,8.508744979318987323e-01,-2.137035696526089268e+00,-1.259262658362959586e+00,-6.519183347957238084e-01,1.759924660026723986e+00,-1.640089711306586873e+00,-2.306709439243527893e+00
1.000000000000000000e+00,-3.610489221209469690e-01,9.632562173914515080e-01,-2.796259588339651714e+00,-4.340901662595466171e+00,1.146816766709555679e+00,4.884995527013279215e+00,-4.647930756355020954e-01,-4.767156950160707396e+00,2.661045887250320430e+00,-2.456026213828683247e+00,-6.485305716270481913e-01,-3.742909089692882940e-01
1.000000000000000000e+00,-2.722601745569404041e+00,1.637371385297888837e+00,-1.848747478716814552e-01,-2.587691593322979600e+00,-1.009655743290021501e+00,1.212484115959597153e+00,-3.281267838034496176e+00,-2.515921737986244633e+00,8.069334685599401924e-01,1.627870969309076710e+00,2.747196642138973743e+00,7.890595158821664956e-01
0.000000000000000000e+00,-9.629660829823938339e-01,6.227000147259149632e-01,-1.285530916204248530e+00,-3.430784703643097622e+00,2.219598736743663370e+00,1.275237960182759478e+00,-2.681119292831954493e+00,-3.374156100658821877e+00,-2.590010200732264511e-01,-9.109555167236096374e-01,-6.594101032704047238e-01,-1.217160381376174882e+00
0.000000000000000000e+00,1.278167133056558269e+00,2.314472431343692627e+00,-3.990658800912438853e-01,7.282905095703694265e+00,-2.462720620745706412e-02,-2.242236690191675041e+00,-8.363944779970065024e-01,4.584919078348861365e-01,-3.899907331000953103e+00,1.885737110771103398e+00,-7.519199036286589033e-01,-5.095403595676508246e+00
1.000000000000000000e+00,-1.765499819943050053e+00,6.719694399772819793e+00,-2.304991053924628774e-01,4.338627996293303646e+00,-3.139617688041075105e+00,1.693313193691069918e+00,1.371876494074698360e+00,-9.408020133561514342e-01,1.698448881160992130e+00,-7.326641076888079640e-01,1.150077704208702922e-01,-3.674419079866668270e+00
0.000000000000000000e+00,1.565311127835908200e+00,1.364757921196334101e+00,7.326011066363991020e-03,-2.920845430469770410e+00,5.264690790980596224e-01,2.260133635892467741e+00,-2.489676964588884100e+00,-2.637596952139950268e+00,5.087778959268876022e-01,-1.577479226744350704e+00,-1.660119693789101625e+00,5.067761044749552468e-02
0.000000000000000000e+00,-1.157785950964083321e+00,3.961397513826746319e+00,1.599957611607869978e+00,1.911448727684854854e+00,-2.095806708942621999e+00,-4.212417482853260120e-01,1.858897809063630557e+00,2.041081930365526986e-01,2.854703172222867735e+00,2.720616732686860217e+00,4.522917923907125992e-01,-1.514769024918232176e-01
1.000000000000000000e+00,1.325963245297601345e+00,-1.756189240164854226e+00,1.141427152398285294e+00,8.868028939686899426e-01,3.819094427709940565e+00,-2.100769441004677329e-01,9.734691504769003023e-01,1.567685487250996434e+00,8.452094199826771792e-01,-2.201103428474804335e-01,9.629594153843359372e-01,-2.464153502208610291e+00
0.000000000000000000e+00,-3.599123713438261429e-01,-1.526990524449091780e+00,3.380039247502124589e+00,-2.256343594908056360e+00,4.521400189011263393e+00,-1.060177267931888379e+00,1.477371899223981933e+00,-4.939085442869018294e+00,2.001320628642984545e+00,5.633469892258931022e-01,-1.433570303523021394e+00,2.266721133266296206e+00
1.000000000000000000e+00,-6.864621143431717254e-01,-1.350825826798266460e+00,-2.117284557701467840e+00,-5.332671385017955679e+00,7.325464967069326150e-01,1.642516076517307688e+00,-2.171375819941773422e+00,-1.830166285711096741e+00,4.232754296112715142e-01,-6.671360387914528900e-01,-5.737989549138955425e-02,1.500191325781120799e+00
1.000000000000000000e+00,-1.936629459029692857e-01,-2.647425548163190978e+00,1.323883935700159498e+00,-4.397380892382011908e+00,1.818137500065675649e+00,-1.821409576840212319e+00,2.368987883727186716e+00,1.369157806124444932e+00,-7.220835626348613978e-01,1.805095523522795009e+00,-3.212312557971988447e+00,4.057766489433179302e+00
1.000000000000000000e+00,2.147423686273302934e+00,-2.400062326168511007e+00,-3.291026426306491448e+00,3.852334549039889922e+00,-4.914130780063346027e-01,2.249198124507148400e+00,2.013464270979228310e-01,-9.988573047259708959e-01,2.834202396667414581e-01,-4.768210305248263836e-01,2.811953595209349288e+00,-1.786990702582037960e+00
1.000000000000000000e+00,-1.055366272705439146e-01,-8.429962004049522672e-01,-1.490715008891417614e+00,-5.127745500714255833e+00,8.264263318766005284e-01,2.708006895892618893e+00,-1.518901921116431630e+00,-1.352060306118018751e+00,-5.345793416334170267e-01,-6.713112249215280602e-01,-9.986367881367788080e-01,1.475005804764902173e+00
0.000000000000000000e+00,-8.606594692048572526e-01,-3.649916490787966872e+00,-1.111658053332235330e+00,8.948102747103880983e-01,-7.145866761743446816e-03,-1.404523945971757115e+00,1.068022397248215682e+00,1.962371849953909564e+00,6.856577555027024706e-01,3.407052435979367466e-01,3.118573118177463854e+00,7.930842094521395325e-01
0.000000000000000000e+00,1.000537369277394006e+00,2.010020689014401896e+00,5.135482581127838841e+00,4.866703293988630108e+00,-7.384833899779403854e-01,-4.627130682817844898e-01,4.507192115766537555e+00,-3.995880279676520264e+00,1.928472167510076662e+00,-2.050681989296753827e+00,-2.346396471776618142e+00,2.273667614334035747e+00
0.000000000000000000e+00,1.076349813506180197e+00,8.116723579634179675e-01,3.380659470801445909e+00,4.409733589393636244e-01,-7.344123218360376626e-02,1.778751455444917973e-01,2.676652351584869916e+00,4.895718579012173777e-01,4.839906022439201649e+00,-3.157098336963366503e-01,6.587844742002240128e-01,1.428683846692887949e+00
1.000000000000000000e+00,2.037013711889259504e+00,-1.250728584391836984e+00,6.308880553234470501e-01,1.640562696401821841e+00,1.682384124103014189e+00,-7.578721650637000318e-01,8.818605047871597158e-01,3.532060159924854670e-01,-1.714117373274899325e+00,1.833295283240469420e+00,-1.419405554440203332e+00,-3.895143344349576431e-01
1.000000000000000000e+00,-1.004404370994311790e+00,1.927498329115988396e+00,-1.619422132113266244e+00,1.006243304472591860e-01,-1.978559417794747421e+00,-9.615463253822518208e-01,-2.548267772692899280e-01,-3.574189097034802254e-01,1.331722129809798982e+00,-1.666653342877619792e+00,-6.848131616155638257e-01,-7.464564554674555374e-01
1.000000000000000000e+00,3.044912231870526398e+00,2.203786464074911078e-02,-4.354973529965702195e-01,1.541705382766951349e+00,1.888664005375345623e-01,-8.205461200153779666e-01,4.782510752337936211e-01,-2.141032548526854207e+00,-1.274598339905701483e+00,-4.931696082158956163e-01,-4.046178341584425908e+00,1.072601737715537240e-01
0.000000000000000000e+00,-1.802854372857744192e+00,-1.319226441465553235e+00,7.130971951875417769e-01,-1.298825066731325029e+00,1.711819165074236260e+00,-1.699916670115868556e+00,7.922889112633827446e-01,6.150395438511233603e-01,-4.537470950802278136e-01,-3.386589654417062611e-01,-1.204595742244262135e-01,4.506685548400067853e-01
1.000000000000000000e+00,-1.482047368768448781e-01,2.704390917902954605e+00,2.787228690824972155e-01,-7.251382060969007171e+00,-4.162417465755392509e-01,1.782036695241306923e+00,-2.982141935863893423e+00,-1.371620579174432475e+00,2.041772141719650158e+00,-1.133751521725204325e+00,-2.367720866748105113e+00,1.785186559363975967e+00
0.000000000000000000e+00,-2.150832022257266551e+00,-9.989727867055452348e-01,-5.351033342363862300e-01,-3.881205174289314108e+00,1.506480414824232117e+00,-1.484664248916996332e+00,-6.653582604733010442e-01,3.582462786784319508e-01,2.610115637564947910e+00,3.944304953138865422e+00,2.069784241865083363e+00,9.475376444963480305e-01
0.000000000000000000e+00,-2.707752646567941568e+00,5.850519077372678289e+00,-1.300852582679966396e+00,-1.722580891264142045e+00,-3.205933338725382775e+00,-8.152145295124897384e-01,-3.522952599395590134e-01,-7.576884245392333517e-01,1.032035116904519434e-01,2.333171373573422080e+00,-3.113433105781965526e+00,-1.554230924906419009e-01
0.000000000000000000e+00,-2.017411364035447185e+00,7.009157781958168520e+00,2.069636997711205684e+00,1.112822486968234603e+00,-2.865163969419711965e+00,-1.111996088783540726e+00,5.916898756443380591e-01,6.503745695107001623e-01,2.667176676656200840e+00,-3.819910999539961605e-01,-1.451385285391971536e+00,-1.681292659184913330e+00
0.000000000000000000e+00,1.996850146826256722e+00,1.615942587474828107e+00,3.052453944291755317e+00,4.950848043149152389e+00,1.416896609287015885e+00,-7.416128130916632699e-03,9.448126730304873266e-01,-1.769496195127901794e+00,-9.258003706741168015e-01,1.420850095930072055e+00,-6.701134097225701636e-01,-1.834490950476989735e+00
0.000000000000000000e+00,1.859701786578118465e-01,4.322936309771199248e+00,2.448125059230013001e+00,4.271628137914131318e-01,-1.481577818640113176e+00,-3.547496619777994464e-01,2.281250956045940192e+00,1.869151663597377944e+00,4.065900354719746979e+00,3.282760156542775531e-01,-1.206588732394523911e+00,-4.680084517554432555e-01
1.000000000000000000e+00,3.037731808708310499e-02,1.463710347136749856e+00,1.012935108634407166e+00,-4.471851335245793369e-01,-7.193427947746133810e-02,-1.939353178677283740e+00,3.223611616025309878e+00,7.109546999663329814e-01,-1.507347698919986323e-01,3.356836230305277891e-01,-4.643031714935691667e+00,1.128537316229062171e+00
0.000000000000000000e+00,-2.851112799468393799e+00,-8.052886157704624015e-01,4.828629597555091024e+00,3.495257328097802624e-02,4.045272995150773099e+00,-1.246175731023062117e+00,-5.345077701253706515e-01,-3.966293119581218551e+00,-2.793860897627582940e+00,-2.106622813192329247e+00,-2.928623964007637248e-02,7.162257035851538056e-01
0.000000000000000000e+00,-5.959364134347633346e-01,2.102113811151207656e+00,2.772362708148968125e+00,-1.745556034191812378e+00,2.428923343560057901e+00,2.844287901089439963e+00,1.091197714304560140e+00,-2.283312521360831404e+00,-8.057037038382538485e-01,6.362597927087436656e-01,-1.911836299458901545e+00,1.644111025752832411e-01
0.000000000000000000e+00,1.020088249900077404e+00,3.057409154349615688e-01,3.612482886573424867e-01,7.058702240773563119e+00,-4.616235890613926696e-01,-5.672802106020107260e-01,-5.837897966596286015e-01,-2.782265573031458494e+00,-2.128336739819364887e+00,-5.210340115855511822e-01,1.358284956000720634e+00,-2.378016352607739137e+00
1.000000000000000000e+00,1.768500604097998252e+00,-5.179317875069554544e-01,-3.852186751096484230e+00,-9.887723429281120247e+00,9.757835490823165703e-01,2.885419622922066996e+00,-2.929902421440013338e+00,-1.522924943852185020e+00,4.510886093727503265e+00,-3.327742294160828784e+00,-2.391348071592091173e+00,1.158330613401587605e+00
0.000000000000000000e+00,1.103775360217021051e+00,6.043092550279477448e-01,-8.781682773744847736e-01,4.168512399976140870e+00,1.187042359685199555e+00,-7.444262676141732982e-04,-1.125326318254193936e+00,-1.327608524685786495e+00,-1.033476859749617338e+00,3.009335561500818379e+00,1.580951581679781004e+00,-3.528644157915457935e+00
0.000000000000000000e+00,5.084463740011049282e-01,-3.575441691101711728e-01,4.018309104745899418e+00,1.893122033295957518e+00,1.369457782935165957e+00,-7.202662212181942802e-01,2.569305867851710445e+00,-9.356047528281445924e-01,3.107817990959031107e+00,-4.590646007613927715e-01,9.488034140356684798e-01,1.102751331382378019e+00
0.000000000000000000e+00,-2.441751035140597992e-01,1.550377632487515145e+00,2.493202650885652183e+00,-7.684646563321058998e+00,3.980348489991712757e+00,4.974225908842017319e+00,-2.073530616155915496e+00,-3.995677034474502065e+00,9.995422766554191707e-01,-2.812951978934817632e+00,-2.037396600390724899e+00,8.792986053438083260e-01
0.000000000000000000e+00,1.807005711853922669e+00,7.486064022067810964e-01,2.510684898771913698e+00,8.224739876932829485e-01,4.849159594004469609e-01,1.769105957941481844e+00,3.635295294367651309e+00,-2.590633345719020042e+00,1.185539283065096372e+00,-6.997835832563730207e-01,-2.983982111246769264e+00,2.060076245124328409e+00
1.000000000000000000e+00,-2.072887490661631027e+00,1.261002678527931797e+00,1.133835173492781845e+00,-3.861201733500343902e+00,1.905865063086928046e+00,6.182103775662889378e-01,-1.655887367989604675e+00,5.583275463983983222e-02,-1.837222286529496706e+00,2.489901731571924515e+00,-5.237012426548357524e-01,5.148098266705680714e-02
1.000000000000000000e+00,-2.604609842159637534e+00,3.340351758795772064e-01,-3.908711059080175687e+00,-9.110994394698975540e+00,7.462258007134614513e-01,4.498945059179382255e+00,-2.175280566879381094e+00,-2.852442597665018287e+00,9.100310007219840625e-01,-1.751494669288085282e+00,-9.305200502897152948e-01,1.270882151442930041e+00
1.000000000000000000e+00,-1.056386238248457676e+00,1.391001474281730321e-01,9.362313327110235450e-01,-1.866663056680756938e+00,2.423337791244694728e+00,-1.631647557682368577e+00,8.112116295552107559e-02,3.660782142093958580e+00,2.211053640918112961e+00,3.375172231072279816e-01,1.268836375059290145e+00,-2.202734166310766906e+00
0.000000000000000000e+00,7.115929144984090016e-01,-3.867234480056326529e+00,2.855784298223314366e+00,-1.400184402969280484e+00,2.703168400532589999e+00,-2.428292408663777380e+00,2.833908074307958991e+00,-3.164027404333104254e+00,8.756356515948420238e-01,-9.322227597429053603e-01,-2.524132889080207942e+00,4.558498693047980055e+00
1.000000000000000000e+00,6.043983287448846831e+00,-4.496733781613828640e+00,-2.847246773166098421e+00,8.352679821947711858e+00,1.063868193311278132e+00,2.387263874853801759e+00,1.644594147152670827e+00,-3.435561661064684635e+00,-3.382022636201100330e+00,1.448863517364632925e+00,2.805443549679811355e-01,-1.675207860696109385e+00
0.000000000000000000e+00,3.383224331482224123e-01,1.066577491442167736e+00,6.021339696596195168e-02,8.767898617396331362e-01,4.832977688647105419e-01,1.418199748246069092e+00,-5.829826078389437338e-01,-1.987930539975922395e+00,-7.789866533006066796e-01,8.763253917275078964e-01,-1.006070038732661542e-01,-9.020431259643451050e-01
1.000000000000000000e+00,-1.762874264128982515e+00,1.131204038848520055e+00,-2.112436106481231590e+00,-4.827510622343852975e-01,-1.004984120794073288e+00,9.057810659135301368e-02,-3.522439290263387202e-01,3.113860792981253400e-01,1.390318226794205803e+00,3.112223556255955259e-01,1.366013645364010376e+00,-1.255335176536864772e+00
1.000000000000000000e+00,-1.790584748583059493e+00,2.811667970215076195e+00,-1.019075949486995425e+00,-3.312997635160136234e+00,1.968199861269435136e-01,1.581228612937817246e-01,-5.703780739392788623e-01,-3.632543871050786244e-02,2.660166860631284491e-01,-7.658134002626673098e-01,-2.291574622245771131e+00,-1.142214035093820801e+00
0.000000000000000000e+00,-5.395643036928695624e-01,1.178330213274530802e+00,1.873970590059140129e+00,1.109109746148772002e+00,1.070494399170386135e+00,4.476813859772090787e-01,1.885465442201025965e+00,-1.289489315102708256e+00,2.273961473541722178e+00,2.358819362430018884e+00,9.897888723858214721e-01,-1.447569333020362059e-01
0.000000000000000000e+00,-1.038684389678159459e-01,4.765098847944834404e+00,2.517556145911330923e+00,2.835042349717544319e+00,-1.684997825382541503e-01,4.945613576987171189e-01,1.741935407469507258e+00,2.080966246723026103e-01,-4.000574663885018367e+00,8.934137403971482705e-01,-4.409412862586118642e+00,-1.819987596862595591e+00
1.000000000000000000e+00,-1.608767683660250025e+00,2.173742302649866343e+00,3.024994755826436510e+00,1.139087105831691413e-02,2.037585603539172618e-01,-4.760545892600576146e-02,1.782189578666445895e+00,3.270640538899622474e+00,-5.806316917147269496e-02,2.014875163358533339e+00,2.756329398267605146e-01,-2.247627940703856853e-01
1.000000000000000000e+00,-4.753729412182690517e+00,8.529625470705900270e+00,6.636622301147927949e+00,-6.217542054992469119e-02,2.757950509749225176e-01,-8.546436792843055130e-01,1.162239382937668264e+00,5.017867635518173053e+00,6.195354204662630870e-01,-1.466120066799040167e+00,-7.693528954337658377e-01,-3.797862970754604994e+00
1.000000000000000000e+00,-1.396914075147005718e+00,-1.297001207710219095e+00,2.570691821146180001e+00,-8.654494660034205145e-02,-2.956045360682366674e-01,-1.162504017159117442e+00,4.142531962193095607e-01,3.075769386871241462e+00,-1.446929644202867626e+00,2.379200161087863030e+00,1.936785780713508043e+00,2.103290048232437481e+00
0.000000000000000000e+00,1.145285656793790796e-01,-3.102174107371140632e-01,-1.220963420711271841e-01,-4.318448232475034843e+00,1.059796067983795886e+00,-1.009041633954065986e+00,1.283612601119113572e+00,2.400615021633860646e+00,3.851901063433009753e-01,-3.744941384058839695e-01,-3.393170537509247353e+00,1.163153529705358125e+00
1.000000000000000000e+00,1.381925191576210743e+00,-9.025378227000468989e-01,2.742722417421606940e-01,5.431799450513380201e+00,-1.744095055770327196e-01,-1.090197493266015671e+00,4.723040924481526126e+00,-2.170697158746366373e+00,-5.625807854267605990e+00,-1.093081342240699971e+00,-5.769884053719589900e+00,1.084153741422889450e+00
0.000000000000000000e+00,-3.676100648775695756e+00,1.094016871316867201e+00,1.235015882700481127e+00,-3.256139645904621016e+00,2.127748199808495499e+00,-2.925398532872057089e+00,-1.492426383618168817e+00,-2.009288082224092165e+00,1.320826248506893563e+00,1.801499380575033449e+00,3.515400566672033378e-01,1.658076118222762130e-01
0.000000000000000000e+00,7.415481525305258614e-01,-1.794467765955026328e+00,9.196975774766195100e-01,1.094541977566425350e+00,-6.734160395681012545e-01,-6.275732326720169230e-01,2.184886255990998283e+00,4.117796499149235512e-01,6.083426163264680220e+00,3.528184300448056199e+00,4.225389902650956486e+00,2.120471368043686855e+00
0.000000000000000000e+00,6.100532427154080617e-01,3.364252812804095605e+00,-1.072449675266475833e+00,1.457653577899089781e+00,9.468279448888716754e-02,5.574003266809939294e-01,-7.986228398540829998e-01,1.255326241532645160e+00,-3.634649292858648018e+00,1.465979218553876695e+00,-2.853860759652003587e+00,-3.651726621322986865e+00
1.000000000000000000e+00,-1.861347731471706402e-01,4.080301789429646497e+00,-1.923965520583211131e+00,-1.077292257574346435e+00,1.152483466438618542e-01,6.645619926512329467e-01,6.042345103597084321e-01,-5.126426361633578122e-01,2.356138725260453093e+00,-2.375313187115814184e+00,-2.955368086934311744e+00,-3.430582427637902221e+00
1.000000000000000000e+00,9.082927958110853517e-02,3.018461806571195005e+00,-2.126868919686172532e+00,2.691916094358192790e+00,-5.815863489556736265e-01,2.631644980409284962e+00,-4.223150622938232068e-02,-3.271309369753352403e+00,1.435461091762347152e+00,-1.676615018310390282e+00,3.563602342465999051e-01,-3.529878533172714050e+00
0.000000000000000000e+00,4.659696751120057101e+00,9.463104773964245986e-01,2.600217818052774632e-01,-2.294263189399461667e-01,2.952155761778259002e-01,2.570516439862527314e+00,-2.087475882601162347e+00,1.750703693571731279e-02,2.326631932660840896e-01,-2.027928275231336563e-01,-1.351293345291550763e+00,-1.194017733107066270e+00
1.000000000000000000e+00,2.797876566505272944e-01,1.132498757221173102e+00,-2.151061866350672425e+00,6.297955433824793392e-01,-1.618909617303906145e+00,-1.112321315445491621e+00,8.744605925123869472e-01,-4.405122616431822458e-01,1.436479426379758007e+00,-3.210220592168158582e+00,-2.170960591820698227e+00,-8.572855358429571915e-01
1.000000000000000000e+00,-1.618100991114785892e-01,-1.876716679270759247e+00,1.637228490771062361e+00,-5.674053054303372923e-01,1.589951742529597256e+00,-3.587467309409311245e+00,1.080191483883021997e+00,2.668132186195512734e+00,-1.544106036489851119e+00,2.359438749237111388e+00,-1.330798708920313267e+00,1.226676515844574933e+00
1.000000000000000000e+00,-1.675457215424983382e+00,8.834259022124268945e-01,1.912020577135327803e+00,2.779200768405457822e+00,-1.504983193072052750e+00,-8.821764246912322527e-01,2.738978419334730852e+00,1.978327797961348278e+00,-2.665370159793262861e+00,9.905129411217590274e-01,-6.601922144457802455e-01,1.003118409550423085e+00
0.000000000000000000e+00,2.900851690965471352e-01,-2.254003053919721555e+00,3.597166373872973999e+00,-2.111740762441349784e+00,5.090056727962755545e+00,8.144270638604367285e-02,2.434222553993996563e+00,-1.251406540398141587e+00,-1.391050039415964612e+00,-1.807719563975028088e+00,-2.932001125562013311e+00,1.259929837632783656e+00
1.000000000000000000e+00,-1.544066530076510624e+00,4.273434883742510237e+00,1.282777891336792653e+00,-9.623550229068897899e-01,-1.322453488023868751e+00,-1.486891086756244373e+00,-1.744266412523593601e+00,8.954184656637793616e-01,-1.609528125570886647e+00,2.492463126771535809e-01,-2.377353805313323853e+00,-8.793102546095804550e-01
0.000000000000000000e+00,-4.350645546173609546e+00,2.469349331651943036e+00,-3.459004543838902102e+00,-8.026816263032072740e+00,5.649506130561507966e-01,-2.472924923482175963e+00,-2.954358024817832273e+00,1.382479277442202559e+00,-1.622260346632212968e+00,3.025213936709498785e+00,-3.166225887688970619e+00,-5.622321837150530133e-01
1.000000000000000000e+00,3.438581452545184991e+00,-7.938385003331993595e-01,1.521587067268384885e+00,-9.928680077012494998e-01,5.023654004405991635e+00,-1.495387470952291631e+00,1.616964274458037032e-01,1.323059823678395253e-01,1.407019436713726535e+00,-1.159973256604307501e-02,-2.796721504774472677e+00,-2.364170587715096250e+00
1.000000000000000000e+00,7.839673502544777239e-01,1.884992119131716715e+00,-2.302724605108147138e+00,2.242886989271926715e-02,8.632905797850929375e-01,2.629923628373480593e+00,7.838602090486992413e-01,-2.117041436687984834e+00,-7.629942644419740461e-02,-2.680588517131720305e+00,-2.655868478709103364e+00,-2.761510914816839524e+00
1.000000000000000000e+00,7.661246884872205953e-01,5.742719483487060961e-01,-6.196841723442070293e-01,4.466099992305773370e+00,1.638483487727034227e+00,3.263160791644283520e+00,7.454884053703483282e-01,1.699057268576303681e+00,-1.320892211150270779e-02,9.833261156366580602e-01,3.784040899524833357e+00,-5.152212150487629927e+00
0.000000000000000000e+00,-1.089271206596394759e+00,9.134305084034949340e-01,1.346651107974681461e+00,1.327289755795049597e+00,1.937619471098733559e+00,-2.782400867803958011e-01,-7.683643433023288338e-01,-2.866057785501227251e+00,-2.420201074601309621e+00,-1.381617900458386838e+00,-9.661922214478055881e-01,-1.490923790952991990e+00
1.000000000000000000e+00,-8.828770513055534952e-01,5.000709895018385254e+00,-2.200753809379044856e+00,-2.904095336213497802e+00,-1.591010411266959856e+00,1.898215706703644035e+00,-2.315964404181487524e+00,-2.048600397267269724e+00,8.565355012307094285e-01,-2.980491956088144434e+00,-2.788706266262668265e+00,-2.130073289981569751e+00
0.000000000000000000e+00,1.036717816788858659e+00,1.403331097308149755e-02,2.907131765315856597e+00,-4.785940120035045431e-01,8.635243301932160609e-02,-1.929246674792162386e+00,2.297997964138984273e+00,1.556659378622001100e+00,4.569631598814870799e+00,-2.475342957882975536e-01,-2.223300534017474961e-01,1.732087828528091844e+00
0.000000000000000000e+00,1.081044335759534736e+00,1.092669032343539737e+00,2.427204010473007045e+00,8.170346194851164867e+00,-6.278538712919989884e-01,1.782771904958778908e+00,2.530955794365445932e+00,-1.699609859464414896e+00,-2.886206460636987714e+00,7.559746580568582619e-01,9.165675225828944228e-01,-1.381221278372986472e+00
1.000000000000000000e+00,1.732256682121905200e+00,-4.796506766372670150e-01,-1.505694284574549346e+00,7.748209946449722274e+00,-5.587004862564017849e-01,-1.467335090452387636e+00,2.248512426508722406e+00,-6.072780955356860133e-01,-3.058499600538162611e+00,-6.800488236827122446e-01,-1.259576606288839162e+00,-2.800343139510784063e+00
0.000000000000000000e+00,-1.135214457348325601e+00,1.304410654463546537e+00,-5.942090567480791119e-01,-1.332983250260628916e+00,-2.058849530868213762e+00,-1.150395703543277248e+00,8.777938146356178972e-02,9.898428688279656829e-01,2.067783938997824755e+00,1.738271266973713702e+00,3.082605533494586769e-01,1.137898441815632600e+00
1.000000000000000000e+00,-2.479162698916133500e+00,1.873757170589288812e+00,-1.953316178894585864e+00,-3.734614361263919768e+00,-8.546290157675536792e-01,1.277782014000219402e+00,-5.834261964655591548e-01,-9.951223779297057037e-01,3.793024793975918740e-03,-1.353631917788650441e+00,-1.380515019592496451e+00,2.257442416633923532e-01
1.000000000000000000e+00,9.439719557637408220e-01,2.060214284258089279e+00,3.061246707207257778e+00,9.408553608629626197e-01,-1.202992650717765954e+00,-4.949941193090845459e+00,-1.411086823936883672e+00,4.878943582239845256e-01,-1.525773523614514460e+00,-6.437884123125980906e-02,-3.779210932670560741e+00,1.077463635751360727e+00
1.000000000000000000e+00,1.909987101608945359e-02,5.477514811803071204e+00,-2.002063102400927219e-01,-2.744117735203166486e+00,-1.487711531546296095e+00,-2.733607842731684112e+00,-3.007594606745452204e+00,-3.244910431614500546e-01,2.485408709024341078e+00,-2.649446908338251028e+00,-3.999955720503237000e+00,-2.001492493099132908e+00
1.000000000000000000e+00,1.119876794221335459e+00,-4.441816643876192287e-03,8.942737084000519365e-01,-3.437203653538432491e+00,1.153862180015853500e+00,3.234895157670214516e-01,1.011499873313657094e+00,2.501504005501309358e-03,6.476944297181088661e-01,8.678733708530652624e-01,-2.999462056492391504e+00,1.875923843061557683e+00
1.000000000000000000e+00,-6.476851637463415523e-01,3.369529296532993712e+00,-2.273900977792460587e+00,7.977869238730198598e-01,-5.893336147248215973e-01,-8.811369580422365733e-01,1.369376200971475832e+00,-1.704502606469335602e+00,3.330675295814134351e+00,-3.306721713545103025e+00,-2.348023388203568373e+00,-3.055421916993960263e+00
0.000000000000000000e+00,7.233613229059463468e-01,2.923671385648395571e+00,1.054491106005036372e+00,9.278794668947241142e-01,1.075553265257712665e+00,-5.647001414039944933e-01,-5.836841383919649795e-01,-1.906651233600129114e+00,1.362243129888751625e-02,2.367433212252853636e+00,-1.883070353978949951e+00,-1.741140798699555514e+00
1.000000000000000000e+00,1.890427885953971376e-02,5.242057735031267818e+00,2.519586635741157377e+00,4.576497024868421803e+00,-3.363662343374402841e-01,-2.432186563408253122e+00,2.438684996287104667e+00,-1.132794631483431402e-01,-2.745659318793292947e+00,-1.928828452186612807e+00,-5.860106334127062944e+00,-2.867093062216165666e+00
0.000000000000000000e+00,-2.982694859623897798e-01,1.347292643049846639e+00,2.959231119040230951e+00,-6.314346251562451620e-03,2.015986869214310140e+00,4.560701396390189899e-01,1.842927287425066618e+00,-4.586210092332244415e+00,7.761334656642744356e-01,1.304977934988974519e-01,-2.251146893816934558e+00,1.221346601374888596e+00
0.000000000000000000e+00,4.131260341499666922e+00,2.707941069182660532e-01,-2.975959766117466376e-01,-1.165426030870695939e+01,3.232258349714570045e+00,3.468003832070346348e+00,-5.053036324078755470e+00,3.430572578793251726e-01,4.441907099197216269e+00,2.327056505589834678e+00,-1.798546636413622668e+00,1.196330319610095394e+00
0.000000000000000000e+00,-2.282556403304471182e+00,8.668284228355629395e-01,2.333427765542314125e-01,-2.093354037846277826e+00,-3.593573343414078192e-01,-2.744840752732638389e+00,-4.101482782826848528e-02,2.681313467711325504e+00,-1.818854646396999009e-01,-9.382070539495463990e-01,-1.129395942398691677e+00,2.806940691163772872e-02
0.000000000000000000e+00,-8.258928316199223296e-01,3.247814604205971900e+00,-8.210403398723185031e-01,-4.191642632675883995e+00,1.888063489997465094e+00,3.062834282599412816e+00,-2.087672297331019777e+00,-7.168916292061506823e-01,-1.124118379954181401e+00,1.178168951223462990e+00,-1.760659085168429172e+00,-2.345683947344551878e+00
0.000000000000000000e+00,1.170667093326539066e+00,1.635460620028181600e+00,1.248667644245212482e+00,-3.524323930061612042e+00,2.422280499522108776e+00,2.573921049558440366e+00,-2.571834850226526470e+00,1.785772950792261504e-01,-1.813643564844259259e+00,-7.770346718256426755e-02,-1.816606091149859825e+00,-1.408238585155780598e+00
0.000000000000000000e+00,9.717620608402199878e-02,1.779630262936034990e+00,3.121730618626133325e+00,7.589639585728407134e-01,-4.652978257663997752e-01,-5.458838214023322699e-01,2.073324825916880609e+00,-5.332838133319918184e-01,2.420878370144830427e+00,-2.357611734117464941e+00,-1.298144369307621337e+00,1.008424203522864104e+00
1.000000000000000000e+00,-1.973143614059397866e+00,-3.822687803305926835e+00,1.118959095597102937e+00,-4.747188186616020822e+00,8.760019822610977114e-01,-5.469266553786007456e+00,-1.142382402864090096e+00,5.255207588475147240e+00,-1.074525968135279230e-01,4.413803128701825784e+00,1.490991441222304204e+00,3.512770913471817913e+00
0.000000000000000000e+00,5.938988923593453428e-01,-4.971704636338091787e-01,2.442023982617887334e+00,1.674498233523260993e+00,2.026543062669096118e-01,4.523147035896899482e-01,2.142923914135608676e+00,-2.776824530727550755e+00,4.962452377235944567e+00,2.324861735542211427e+00,2.798541472036506050e+00,2.075832825662389691e+00
1.000000000000000000e+00,-1.008364807213792069e+00,6.666063868318314434e+00,-1.085829381991343823e+00,-1.810654538738127872e-01,-1.509615572138161443e+00,8.973300091136282575e-01,5.562929148702704385e-01,1.716569158379801507e+00,-1.082928285262165780e+00,-2.062399324661400524e+00,-4.658269734220692904e+00,-4.030074213504419411e+00
0.000000000000000000e+00,-9.820401337517353779e-01,7.685801047460248669e-02,-1.149842194150904273e+00,1.823649770631967371e-01,7.237667267314540354e-02,9.462310606065049701e-01,8.909245110639861798e-01,-1.320060307288243528e+00,3.998375216793051967e-01,2.625799024999956988e+00,9.224478817655281659e-01,9.408261986582056036e-02
0.000000000000000000e+00,4.815685117909866975e+00,4.761387064864765484e-01,1.754015036472885480e+00,4.105790781769598219e+00,-1.363216704188813466e+00,2.909938210701706218e+00,5.991940313837647025e-01,4.463152153505491881e+00,-4.880506454666193150e+00,5.424404854575293200e-03,-1.844395448572280438e+00,-1.005749198775671260e+00
1.000000000000000000e+00,9.553385063906209007e-01,2.925739937569567406e+00,2.442645188846441329e+00,8.772598863238711964e-01,1.324330515234815042e+00,-2.533327606494040651e+00,-6.768992477006565700e-01,2.079233420681986022e+00,1.383548911046968755e+00,6.067148989869786124e-01,-1.222117385596171557e+00,-2.885523841040090076e+00
1.000000000000000000e+00,4.183732810634186450e+00,1.407573735235329693e+00,1.489024546914716085e+00,1.226900446175527737e+00,1.982353847790459422e+00,-3.153774423050425657e+00,4.723201751014560745e-01,-1.936736284392686969e+00,-1.035939544655972266e+00,5.218807671285152772e-02,-6.921149371814376394e+00,-8.113930343887488794e-01
1.000000000000000000e+00,-7.090594612392044915e-01,1.052640588998928983e+00,2.923494009035052521e-01,5.991245348280775040e+00,-2.795413120855577027e+00,2.604886348253920403e+00,1.135703980747443609e+00,-2.340377690743021155e+00,9.237907100539228811e-01,1.389276797295438737e+00,4.635571194631213032e+00,-2.703028649165543085e-01
1.000000000000000000e+00,6.268918623910008092e-01,-2.234630934447032313e+00,-1.030755666865488251e-01,-1.770815904254195106e+00,4.117186697785424343e+00,2.597245874487709827e+00,2.930836856289716685e+00,4.230009962720870931e-01,1.108743446163834356e+00,-1.569643017565514054e+00,-3.535126797105959673e-01,-1.087284110847954066e+00
1.000000000000000000e+00,-3.810606950569577211e-01,2.424386954593830801e+00,2.912934783039632158e+00,1.179365872135742288e+00,6.724397946975064766e-01,-1.246328001728515211e+00,-1.451164960851804242e+00,2.596031102849223338e+00,-4.049540347012507979e-01,9.754046724798453027e-01,9.690723174983368882e-01,-2.314663373553851322e+00
1.000000000000000000e+00,-2.592177162113085132e+00,2.358006219377913659e+00,-4.425560494681698431e-01,-5.437294804793140202e+00,3.463274042283253085e-01,1.287954400143343836e+00,-2.297761260839057407e+00,-2.087228378486543967e+00,-2.146007725763923180e-01,-2.681526717062493459e-01,-1.402512315430718859e+00,6.205982754904315613e-01
1.000000000000000000e+00,-3.379278366777274112e-01,1.540289405279667845e+00,3.574133859618507270e+00,5.042679762683876632e+00,1.511061882007535218e+00,-6.046453368347002311e-01,4.105149002750447806e+00,1.503133144223680606e+00,-5.229009838930134269e-01,-1.810190627687269238e+00,-7.373257245225162126e-01,-2.396076903365788269e+00
0.000000000000000000e+00,-5.145031405351421228e-01,9.684280572324360792e-01,-1.709559533831431555e+00,-7.256845716290749593e+00,4.097706799741888117e-01,2.004077571199547769e+00,-3.598523485987397574e+00,-2.368906194458280101e+00,1.904489296248501162e+00,8.272596922426885824e-01,-5.935913359062721106e-01,1.380731375583797771e+00
0.000000000000000000e+00,-1.792341897437492726e-01,2.540582347946123587e+00,1.299296784867599808e+00,-6.844815397290320291e+00,1.598863595894836731e+00,-3.648809183462626837e-01,-3.019634479574373032e+00,-2.467166500087384584e+00,2.668878099478381838e+00,2.792841027115884778e+00,-2.212491996194648980e+00,1.493306209832779174e+00
1.000000000000000000e+00,2.727150921415647744e+00,-2.664883081155527300e+00,-1.271231336213759722e+00,1.026739317414069319e+00,1.020443953684137428e+00,-1.335587284747772996e+00,-1.836304114253826114e-01,2.683783986946970401e-01,-1.199707057280870126e+00,2.793517263332181422e+00,-7.284187730697866403e-01,1.934773659089705777e-01
1.000000000000000000e+00,-2.347797928109146781e+00,-3.338812344545100674e-01,-2.844010598066114781e+00,-4.376306015345899247e+00,4.164136397285500557e-01,8.199502131634137658e-01,-1.225932119240264573e+00,-1.357765172410360988e+00,1.207112270837361612e+00,-4.273393552682426266e-01,5.599188312917688926e-01,2.309516848618184959e-01
0.000000000000000000e+00,1.086251147124222438e+00,-6.171737783107446695e+00,2.906192946823521472e-01,1.996498332550866284e+00,1.471683072431804185e-01,-1.383487161067454174e+00,2.958637284626269626e+00,-2.091831293759395471e+00,3.910815650196176385e+00,3.598852060010704790e+00,4.296811002989408657e+00,4.798576592317525424e+00
1.000000000000000000e+00,-2.014421889647181274e+00,3.423174871472951963e+00,1.503472662326006404e-01,-2.714201764354303714e-01,-2.823646311706419443e+00,-2.776107496175574063e+00,-9.633824457035247146e-01,3.364523434919483691e+00,5.924881595534998713e-01,1.044263056188676320e+00,-1.598961851059963468e-01,-7.439443949448159010e-01
1.000000000000000000e+00,-2.592940419271954067e+00,-2.785805395488467062e-01,-1.630055146241304209e+00,-7.395783636023539387e+00,4.082105326300111692e-02,-6.043881323021824681e-01,-2.204595484701519670e+00,1.665720630880304309e+00,-1.131846599958424626e+00,2.363839613807978690e-01,-1.552053810069494499e+00,1.968059886445355122e+00
0.000000000000000000e+00,-2.165247333216496983e+00,2.743464614752507469e+00,9.221255011763975773e-01,-1.695279872185682768e+00,1.518934435298912478e+00,-5.048816441658852128e-01,9.571999178782815143e-01,-2.613758583771681021e+00,-2.958358345065402961e+00,2.122323106592078901e-01,-4.820996702571124004e+00,-3.085970402980531269e-02
1.000000000000000000e+00,1.041067857856019518e-01,1.318996986063858401e+00,-2.352522741375854931e+00,1.904601351674765297e+00,-6.668866521111913581e-01,3.625010057253060580e+00,3.973462456031979784e+00,-2.012679924206544069e-01,7.209030342341573583e-01,-1.941354606895494772e+00,-1.099126833545616577e+00,-1.828052499394626107e+00
1.000000000000000000e+00,3.154377857588297029e+00,-1.262207383016342499e+00,-6.521631270832977112e-01,-3.924333649008898066e-04,2.296176809924403983e+00,-2.145986503102472742e-01,1.309424233734609366e+00,-1.950684006306386387e+00,-1.450890180058625578e+00,-3.514808259515418420e-01,-4.604505021958967603e+00,-4.488741604513535322e-02
0.000000000000000000e+00,-6.988880177341718625e-01,-6.897460436634446357e-02,-1.255939295661685051e+00,1.597768165260118334e+00,2.728430887812601791e-01,-2.067763452664475032e-01,-1.203349564726652998e+00,-3.790235153360230314e+00,-8.134050196731301696e-02,4.230052776648787205e-01,1.117637848714658766e+00,-8.211477851194266542e-01
1.000000000000000000e+00,3.756834152598993448e-01,-9.597333493988306763e-02,-6.011605344269540296e+00,-7.464515000261324751e+00,4.299747639305617763e-01,8.501424388094054763e+00,-2.736814984865497902e+00,-3.544133100384863511e+00,5.891886616805253052e-02,-3.062010180918318891e+00,-5.847669238406228986e-01,-4.230921769055024928e-01
0.000000000000000000e+00,1.437324734175344343e+00,-2.197764845078102880e+00,-1.421553834819841988e-01,-2.520009501334800728e+00,1.782336213780780776e+00,2.225542655492284805e+00,-2.106432498173560042e+00,-1.630464109422151919e+00,-1.534506701713140853e-01,-8.978059000420139935e-01,8.787022357256766281e-01,7.382152350436665955e-01
1.000000000000000000e+00,-2.482560480449367279e-01,2.210432282068789611e+00,6.963989195759952011e-01,-6.950649001609551236e-01,5.639443083261967971e-01,-1.617702890859913367e-01,9.768945086738327621e-01,3.932406048776891927e-01,-8.807366335449515748e-01,-8.612088422933237286e-01,-3.170733617939147653e+00,-9.069989524987494001e-01
0.000000000000000000e+00,-1.632312361262728384e+00,4.194052549008706166e+00,2.329988726270024735e+00,-3.087490212140058254e+00,2.572613397113250322e-01,-2.146726093974065108e+00,2.045455222595405909e-01,3.332519417315185084e-01,3.653422433717329998e+00,3.799067724507035893e-01,-2.114679819872171684e+00,-1.710539663950099154e-01
1.000000000000000000e+00,-1.556796382455805094e+00,5.162636709692944414e+00,8.996235726225700891e-01,-1.442164083811504627e+00,-1.425482195508010363e+00,7.136239206255758916e-01,-2.513409286299811196e+00,-2.361035389962802711e+00,1.310190048323953915e+00,-2.377161899247597354e-01,-6.679028532926754025e-01,-1.004855118075030473e+00
1.000000000000000000e+00,-1.715500409528489145e+00,2.650713133968458646e+00,-2.657930778753403445e+00,-4.752592437216357268e+00,-2.821469107151228339e+00,-6.437342574482005642e-01,-4.858110472279149050e+00,1.754258956552394277e+00,-1.268481030965463052e+00,-6.984083266177807392e-01,-9.927832243056481376e-01,-3.260046440236917809e-01
1.000000000000000000e+00,3.367049889306184873e+00,9.821615515070188096e-02,-3.456883586566168454e-01,1.356744270061634783e+00,1.227902473627749957e+00,7.710692818746123223e-02,1.843846401528002943e+00,-1.916011951699286175e+00,-5.321181323790431517e-01,1.589838650294780331e-01,-4.331673187573311878e+00,-3.756913114083832994e-01
1.000000000000000000e+00,3.150141871419286588e+00,-7.931721703745042262e+00,-4.872022428925337323e+00,3.585234029637640041e-01,7.318067058398919356e-01,-1.151696540641640620e+00,-1.260669650974439282e+00,-6.722084490415216607e-01,-4.266661385656583150e+00,4.071650199032555761e+00,5.254922212173498419e-01,2.599878839696315058e+00
1.000000000000000000e+00,-3.227283071112631685e+00,6.175396977519981512e+00,-7.958396630411856965e-01,-2.240046054131477948e+00,-1.318146443999053785e+00,8.689977669865489585e-01,1.741678712400570372e+00,-3.326088800292287262e-01,1.311599088475353003e+00,-2.222482357265775477e+00,-3.809671084265347396e+00,-1.930920058318064125e+00
1.000000000000000000e+00,-1.850875896878376725e+00,1.171473342768809545e+00,3.666794962175270456e+00,1.712033182797271014e+00,1.917311914202075585e-01,-2.338314738314219543e+00,2.202784574993518873e+00,3.007249289273877135e+00,-2.294692963939188424e+00,1.192033335851397258e+00,-9.851506351651643234e-01,4.126652973266529134e-01
0.000000000000000000e+00,-5.059589990260083825e-01,-3.282641047957796765e+00,-6.903161592726883011e-01,-4.308191044769922873e-01,2.082911738393584677e+00,-3.644221765980892869e-01,1.170627207759817434e+00,-7.367663357600510166e-01,1.562114814114444750e-01,2.964584909752050024e+00,1.652021327585743826e+00,1.077586011186700388e+00
0.000000000000000000e+00,-5.955072262168742414e-01,3.782732465486874140e+00,1.966221705649435325e+00,-1.960620464526746431e+00,7.004643537986232626e-01,2.277741712163310339e-01,1.458262583001446844e+00,-1.428069892292040510e+00,5.312484563708839147e-01,2.174973215481882383e-01,-4.162684517779376314e+00,1.864597170493912381e-01
0.000000000000000000e+00,1.033412557518149644e+00,2.428063190319409426e+00,1.614235869538192647e+00,-4.803866889107220040e+00,2.517970328029352167e+00,1.511648201358045895e+00,-1.308863215977456029e+00,7.335840182882849003e-01,-1.283073111165337510e+00,1.426202232244225376e+00,-3.829842505685251641e+00,-5.704376028862920833e-01
1.000000000000000000e+00,9.903577159653240702e-01,1.173675399472488223e+00,-3.632717504657972274e+00,-5.315451827662989182e+00,8.801122933747222987e-01,7.881963127773556899e-01,-1.456964113604047428e+00,-1.255948901841154264e+00,1.626929265823513715e+00,-4.108660631960892928e+00,-4.286436493805229730e+00,-1.443599225083902926e+00
1.000000000000000000e+00,-1.962874932039104792e-02,2.743378383727633540e+00,-1.174128200345667672e+00,-1.562540283590082346e+00,-1.144157240184217272e+00,-2.188737295273539551e-01,-3.206199893305543114e+00,1.017743030825324357e-01,-1.151950468780990722e+00,-8.784219091994667217e-01,-1.655233611764307611e+00,-1.584697472692087050e+00
1.000000000000000000e+00,3.920385671913720227e+00,-5.021913301958575104e+00,-1.994203588062928745e+00,1.788208778159122936e+00,2.473497827534576921e+00,-8.398810500132556367e-01,4.548717619915553234e-01,-7.998346549678583273e-01,-1.495054530681893867e+00,1.981229812019740244e+00,-5.800608653477605792e-01,9.272123404819221371e-02
1.000000000000000000e+00,2.202680322474250829e+00,4.095453295029282126e-01,3.315536763275778176e-01,1.059837965166670948e+00,9.047236518037020669e-01,-1.897614636691695722e+00,1.990169162160482230e-02,-4.377179996200408763e-01,-8.595968382532550578e-01,8.500644765829334926e-02,-3.197423297104488249e+00,-8.119322707080537382e-01
0.000000000000000000e+00,-1.454777238289588936e+00,-3.715816775379249259e-01,4.639689115218196269e-01,-5.288133072143916813e+00,2.941456064395226999e+00,-1.413906262197575980e+00,1.339775593857491787e-01,-9.362925686620635624e-01,-7.734407174756032788e-01,6.334830738706717090e-01,-3.520935586858346955e+00,1.381406734715548978e+00
0.000000000000000000e+00,-2.823661979608467654e+00,1.070026618174770849e+00,-2.553997829298046973e-01,-4.222434387053471738e+00,1.425192077057170881e+00,-1.817953169508867539e+00,-6.151572954094934875e-01,8.987426281031187791e-01,-7.689395986225397994e-01,1.759500084287734190e+00,-1.700736930805434977e+00,-6.453327238386430409e-03
0.000000000000000000e+00,-1.317483996685488989e-01,-4.272108974216601851e+00,-2.579966206442323884e+00,-2.698406462459521649e+00,5.841122641251164094e-01,-1.436221655034295885e+00,4.205793549038767676e-01,2.129500997910057425e+00,-7.102936064189053766e-01,6.631514860189344773e-01,6.802719036014570619e-02,1.832685083503162504e+00
0.000000000000000000e+00,4.451147717687642391e-02,2.166091127470216871e-01,1.572223404632885346e+00,1.571276012576894310e+01,-2.874193348031878426e+00,-2.176645818100269469e+00,3.746496677393525765e+00,-3.124255678308557993e+00,-5.764154796675327930e+00,-1.981813511923692150e+00,1.000646257767940472e+00,-2.338207054069589397e+00
0.000000000000000000e+00,6.449909595059821754e-01,3.534763702881620340e+00,2.561750339817421729e+00,-1.008446865953248173e+00,7.001416990267714802e-01,1.381162094318114431e+00,2.114232383413178873e+00,-1.331238558371322878e+00,1.995239313333386555e+00,1.066095703467232259e+00,-2.967260242597325792e+00,2.854322620768251495e-01
1.000000000000000000e+00,-1.090686030183861677e+00,1.254945548447213843e+00,-1.415236747772028458e-01,3.465818345006569601e+00,-1.970098936792536559e+00,-1.154709333033598018e+00,1.028678605153602099e+00,1.370195313093002909e+00,-1.126780052562461165e+00,6.058913601840303365e-01,5.780773980742708318e-01,-9.152607713065010753e-01
0.000000000000000000e+00,5.944447860916453052e-01,-1.739402244431012878e+00,3.174955874972333003e+00,-4.612411477495220069e+00,5.096620637352643257e+00,-1.198785113331399144e+00,1.807628958375213202e+00,-3.097645130506531341e+00,-1.033526223348024242e+00,-1.219884072370624573e+00,-5.728872276003331265e+00,2.749704165026300551e+00
0.000000000000000000e+00,2.668309854620412036e+00,3.561331478246779092e+00,1.080380395595630594e+00,4.396737026162930384e+00,-6.583444686927175660e-02,2.519206587320900192e-01,-3.774001857769393453e-02,2.518930280612796668e-01,-1.969363945101157309e+00,1.942685791777917004e+00,-2.319987643922333476e+00,-3.343043494575141494e+00
1.000000000000000000e+00,2.164007468214589558e+00,-3.655240551000019877e+00,-1.083791228531105766e-01,-1.643614320802297968e+00,2.855736339146885960e-02,-1.721327625915786363e+00,-1.887109157178552099e+00,3.859920680615108735e-01,-1.287052087552685631e+00,2.950827355586000955e+00,3.702408278570357147e-02,3.234094978865910797e+00
1.000000000000000000e+00,-8.536731104121678682e-01,3.600758688641252814e+00,-1.220125672213618451e+00,-3.922751160986699848e+00,-1.651886214054217872e-01,2.090663196661195933e+00,-7.457856176491395317e-01,-2.885676484884592607e+00,3.274539383426741335e+00,-2.321648676243524001e+00,-1.994783923926113367e+00,-7.893497034854635164e-01
0.000000000000000000e+00,5.922463536133526496e-01,-4.944349225292630212e-01,2.053427839825139323e+00,-3.936495314830096848e-01,3.282321897364548935e+00,2.013297837037725468e+00,2.479528112238595483e+00,-1.761512691604362191e+00,4.570222839244022506e-01,1.157800431638150940e+00,-8.152123574536218609e-01,2.268928714101622335e-01
0.000000000000000000e+00,3.370424164855900351e+00,9.357315675654184206e-01,-5.429471398855389985e-01,7.578157938223570866e+00,-1.460101896741955674e+00,7.975829342116179665e-01,-9.561800607921222550e-03,-4.915291783491900768e-01,-2.670519590032769841e+00,-1.066453125245203637e-01,-3.480413572591400939e-02,-3.085053936246194617e+00
0.000000000000000000e+00,6.248137888164349008e-01,1.519560409360834474e-01,1.293743536200796074e+00,8.740808552554875099e-01,2.581584873344615172e+00,3.026140136690461446e+00,3.119345623079396557e+00,-1.983189515698892791e+00,-2.957203230070791111e+00,-8.583174842411711580e-02,-3.016271012224724046e+00,-2.085081543489333278e-01
1.000000000000000000e+00,7.328201744260292028e-01,-8.873199648151061103e-01,-4.557771582106939334e+00,-6.641011592021979659e+00,2.913949958437811460e-02,1.097389726400480381e+00,-4.841180438253269713e+00,6.364126897084600998e-01,-9.576300161139721379e-01,-1.708643145583245149e+00,-1.421080740401851727e+00,-4.531485003234153597e-01
0.000000000000000000e+00,-1.998240027852954181e+00,-4.112865128390276404e+00,9.881356348415495372e-01,-2.366771137552613258e+00,5.312673693430461697e+00,-1.662533416297443889e+00,3.264500565328601889e-01,-1.836008413014928120e+00,-1.041268647222656885e+00,3.352898090977594059e-01,7.138685033626002152e-01,5.526701983498798487e-01
0.000000000000000000e+00,-1.215014539550004491e-01,-5.916175103297165450e+00,-9.480370346245901025e-01,1.166409755635093637e+00,1.021656980366901557e+00,-1.316276934460007375e+00,2.233693351583295517e+00,-3.505080773305062625e-01,4.585390282974995957e-01,1.264407686499548378e+00,2.782940855477156639e+00,2.690262653492538014e+00
0.000000000000000000e+00,2.760610066860829992e+00,4.459963028426462417e-01,1.850290881565070489e+00,-3.389725312743690377e+00,1.490361328803456065e+00,3.555570217899945096e+00,-4.507680443109330914e-01,3.296127371008074292e+00,-7.340924268131936437e-01,4.084428372881049540e+00,-6.595610368222796227e-01,5.746241372296607697e-01
1.000000000000000000e+00,-2.487222129896791145e+00,2.796633956267613907e+00,-4.029092643379022398e+00,-2.304572761276767690e+00,-1.529844602814418586e+00,3.586530691588842856e+00,7.840168405959211384e-01,-1.760146591176859676e+00,2.183237533879794245e+00,-2.312710660132552221e+00,-1.614451006745885042e-01,-1.577840399908736480e+00
0.000000000000000000e+00,-1.748799774709514532e+00,1.562687309502877042e+00,1.111745581675078975e+00,1.538409302469662121e+00,-1.171811579826981475e+00,-7.974836398518043712e-01,1.380962767483464138e+00,-8.368606960300046804e-01,1.644164540025622845e+00,2.547231672947389391e+00,1.310286541304106045e+00,7.444427975069689563e-01
1.000000000000000000e+00,1.293005568285916507e-01,5.968949101290565551e+00,-7.015645533313699111e-01,-5.077446170983046514e+00,-1.535227877762211701e+00,-2.401685461930802568e+00,-4.638109878362834948e+00,1.574675327059023022e+00,1.107285442824379018e+00,-2.171181970742884992e+00,-4.784487848953236089e+00,-2.288572709821738105e+00
0.000000000000000000e+00,-7.577329887860737578e-01,2.202878155895321655e+00,7.054901937451030225e-02,-2.264065953617818039e+00,2.064582753837751916e+00,1.639769667411677290e+00,1.092646531945139721e+00,-9.980287441622368583e-01,6.272923493705825360e-01,3.603072907271614334e+00,-1.466161494494601092e+00,-9.305374125222947157e-01
1.000000000000000000e+00,-1.232282259835868921e+00,2.422331767763016952e+00,2.549816472113385579e+00,3.533016324384622653e+00,-5.764477512702512740e-01,-1.873541737484140102e-01,2.623287698906489496e+00,1.492629795211207755e+00,-1.983542882341223113e+00,-4.356938186278807024e-01,-1.019489158877500135e+00,-1.033660638274864541e+00
0.000000000000000000e+00,-1.934528428007892487e+00,2.923706798137323482e+00,9.502618567961377272e-01,5.178169719672975901e+00,-2.556770476966108152e-01,9.858028309564266234e-01,1.394984135050391316e+00,-1.997059264557916158e+00,-5.636467762147004734e+00,-2.057805236799281623e+00,-2.113006611692545000e+00,-2.564935442143320810e+00
1.000000000000000000e+00,2.413353242068434934e+00,9.227088423638448722e-01,-2.834916735225949225e+00,8.363298933136860125e-01,-8.820462272532695325e-01,2.360832693167654650e+00,-2.825645405370691865e+00,-1.896772572194856732e+00,-2.583155433290702074e+00,-2.778191852474678036e+00,-1.789121677717228298e+00,-2.232200633127439104e+00
1.000000000000000000e+00,4.125260615954663423e-01,1.364564099075969983e+00,1.256752452328779412e+00,4.620008763403964380e+00,9.747504577813966842e-01,-5.877326478969906454e-01,1.558021795826447509e+00,1.232526915817850899e+00,-1.232147040371216473e+00,-3.759765553611078559e-01,-1.722634217529160905e-01,-3.317206982745634747e+00
0.000000000000000000e+00,1.912704992414654193e+00,3.177934551736611574e-02,3.662837417617319069e+00,-9.782658507795675362e+00,2.700548209070601224e+00,4.778516942764907682e+00,-1.857404162609056275e+00,-1.760853400228633570e-01,2.900589707915413040e+00,2.484738405146343254e+00,-7.036824922977557017e-01,4.245245605928454680e+00
0.000000000000000000e+00,-1.223306751264643388e+00,-5.623416033457078633e+00,-1.058862825230790339e+00,9.839072869152275524e-01,2.486364684943674686e+00,-6.383279747282166738e-02,1.527442577637376342e+00,-2.866997034330135641e+00,-1.944774562011132524e+00,1.505902351768552805e+00,2.349173201804993116e+00,2.021113523152190616e+00
0.000000000000000000e+00,4.908406189335812186e-02,2.884350639606106270e+00,2.054827769825807504e+00,-1.124416091904752779e+00,1.279793564561037877e+00,6.059831406606728255e-01,1.467003508202003204e+00,-2.779873244077843530e+00,1.916971808569695401e+00,1.658612096136812930e+00,-2.522701042873875643e+00,3.555741810440937734e-01
1.000000000000000000e+00,-2.273933966278242735e+00,4.878709399259565593e+00,5.608152228334462031e-02,-4.921487973071368316e+00,-1.408159984694725253e+00,3.150135719217763697e+00,-3.060265962484753022e+00,-3.197397009087681319e+00,1.793920529660286478e+00,-4.639323216116280069e-01,-3.800679839077628630e-01,3.601370741488658656e-01
0.000000000000000000e+00,4.020964706248086884e-02,2.733063581776884021e+00,1.529535547718423372e+00,-5.886640807863998681e+00,2.183931874726356526e+00,2.904848973583664673e+00,-1.414075550119983760e+00,-5.916267349308793611e-01,1.889333701466906490e-01,1.618501868233890750e+00,-2.437896566379384122e+00,1.766968123016732228e-01
1.000000000000000000e+00,2.843789651720396439e-01,8.559109135593062634e-01,-7.750368621891980947e-01,-9.326438533608050196e-01,-8.527223779046260166e-01,8.148010576560513751e-01,-1.552449032654728667e+00,7.089478356825167360e-01,5.171418150444947459e-01,7.216801723789718626e-01,8.188197344365142349e-01,-4.928242417356376581e-01
1.000000000000000000e+00,-1.442654325240146918e-01,-3.646658680437490641e-01,2.417490216675722614e+00,-1.061027057486521485e+00,2.964231525533291833e+00,2.886095607006322616e-02,1.426682177463263645e+00,1.666285176313240468e+00,-1.469318665952825453e+00,8.102194655625039044e-01,-1.296157629379245169e+00,-3.108219787242174625e-01
1.000000000000000000e+00,-2.736585048276832799e-01,4.781295276255284499e+00,-3.379424067272661647e-01,2.762165566858632904e+00,-1.425148981078513399e+00,-2.600215370024116623e+00,6.004609002926659667e-01,-2.010247258213105681e+00,5.007725506549910222e+00,-2.442768334228520022e+00,-1.301097267089176945e+00,-3.228726804098144942e+00
1.000000000000000000e+00,-6.677766574402554944e-03,2.561532894858179699e+00,-2.157844949645081556e+00,-2.403561698490403131e+00,-1.432490393086132130e-01,3.099433168199768662e+00,-1.175636357591205217e+00,-4.743229306545408086e+00,3.277006151734627171e+00,-2.942051813895449897e+00,-8.954155970099890727e-01,-1.131338969232807967e+00
1.000000000000000000e+00,1.492140233473789213e+00,1.057069259692003493e+00,2.192050669965918797e+00,5.043402361299712533e-01,1.154374395146704702e+00,-1.483322878320297189e+00,3.043114086396386808e-01,1.446521978281934517e+00,-1.814702901017385184e+00,4.019890022095934157e+00,-2.334066064886765268e+00,-6.464378882156818218e-02
0.000000000000000000e+00,-9.418572272406485757e-01,1.533473699850067762e+00,2.035468201858443571e+00,-2.408219714275878776e+00,4.709182485689968889e-01,-1.833603797820791526e+00,8.524587469342932433e-01,8.523825878418600510e-01,2.563349927404511952e+00,2.882851783707156557e-01,-1.296027566257284658e+00,9.257958489224012988e-01
1.000000000000000000e+00,-6.468154457607735441e-01,-2.772121125886549908e+00,3.265780166109990557e-01,-3.788361567095318017e-01,1.952616958860666330e+00,-1.569233970047598348e+00,3.321899772452885369e+00,2.803667894959818163e+00,-1.354949881717588678e+00,2.935572907598385406e+00,-6.685477456127127960e-01,1.178203599199354912e+00
0.000000000000000000e+00,-8.812218220513352573e-01,-3.532434704746377552e+00,-3.071304452935132545e+00,-1.037251280932711239e+00,-3.024962830249321222e+00,-2.637933408582411765e+00,4.862842556849870101e-01,4.261811047031929256e-01,3.254611574195626744e+00,4.046745541560049730e+00,3.151917713712951929e+00,4.124551654942947287e+00
0.000000000000000000e+00,3.628783762103728883e+00,1.303123894020589590e+00,1.185019303519703859e+00,-8.060535276918775693e+00,1.952769130421483146e+00,1.084960130970810566e+00,-4.479795567632676168e+00,3.928727225090161923e+00,2.221464928595873189e-01,3.800491622080057308e+00,-2.716892722925415171e+00,3.528102115519835547e-01
0.000000000000000000e+00,-1.005891629108787821e+00,3.053948465000267731e+00,4.264590788571368307e+00,1.323659093948568843e+00,1.316626760851836497e+00,-1.000059218857653809e+00,1.660035241114885540e+00,-1.968128146185193383e+00,2.164032909787686254e+00,-7.755381142871777822e-01,-9.904229777971691462e-01,-4.755431752953114266e-01
0.000000000000000000e+00,-7.203103592967092794e-01,3.300376121851436029e+00,3.933297839512878369e+00,9.457212950035327470e-01,3.442408430567245325e-01,-7.489083666364351188e-01,2.444659629042862825e+00,-6.636408017222027667e+00,1.380819839865283560e+00,4.770702773034551925e-02,-3.911087400044301887e+00,2.505388879581491146e+00
0.000000000000000000e+00,-1.999886968195589976e-01,-4.905109666042640093e+00,1.640959397609206949e+00,-3.411386593485583596e+00,3.980004262939791815e+00,-2.647891079134394587e+00,6.267948538192956720e-01,-1.572724337336811828e+00,2.238357141071616319e+00,3.636694210320662313e-01,6.353285901392140556e-01,3.061469783478123041e+00
0.000000000000000000e+00,-2.781406441559779452e-01,-1.234641998881775560e-01,-1.107027497770785462e+00,-2.882089828944375931e+00,1.624259726386004576e+00,8.688845034275263224e-01,9.825638342211956422e-01,4.575980200661713404e-01,-5.510205390257094660e-01,2.389074800361841611e+00,-1.747543887337225765e+00,9.409044824385626171e-02
1.000000000000000000e+00,-1.625880349417326842e+00,1.164930659795904822e+00,-4.784393827219446393e+00,-1.491782753400192618e+00,-1.269875608950360890e+00,3.449151627480554705e+00,1.360697729808030942e+00,-3.279584008113816118e+00,2.708260201214801377e+00,-3.723872542369874861e+00,-2.644180974408003593e-01,-1.110817881340808055e+00
1.000000000000000000e+00,1.545748700684260513e+00,-2.430501441113473771e+00,-1.582927299795493514e-01,2.253300266494030701e+00,2.240687437392971937e+00,2.733444687244630522e+00,4.541739033035228523e+00,-3.094618389131165159e-01,-3.252860929249943300e+00,2.535415875499313021e+00,-1.742757425176080677e+00,5.191283708587963730e-01
0.000000000000000000e+00,-1.544068654582861022e+00,2.608611391151042458e+00,-1.965141503918967913e-01,-5.123779355413293324e+00,6.668363934571479579e-01,-1.461061980456516141e+00,-7.531855483985998578e-01,1.306130918207086822e+00,1.086707677130959615e+00,8.337306116247147347e-01,-2.948248093294874028e+00,-2.140088654430267745e-01
0.000000000000000000e+00,-3.821254579796212969e+00,2.665488759273293873e+00,-1.798261893081956053e+00,-6.992507307959693108e+00,1.855481610156209271e+00,-2.380002761363499975e+00,-1.979842317864618284e+00,3.183607083459352172e-01,-2.377346721915273076e+00,1.725685350329141610e+00,-4.573414181437033932e+00,-8.090740303885499696e-01
0.000000000000000000e+00,-3.945904638151916721e+00,-8.711106004664476155e-01,-4.300147050285281214e-01,-9.947765317469857038e+00,6.409655713149085443e+00,-2.911700592604098858e+00,-2.277718817722260258e+00,-2.496391117207229726e+00,-2.778681272670814550e+00,2.766979974776870854e+00,-4.698935324041592310e+00,8.520199340867504745e-01
0.000000000000000000e+00,-2.776011881458479102e+00,3.553379638319257516e+00,2.400761027657249969e-02,-3.015973581135071857e+00,9.081964663212083178e-02,-1.738745462535324027e+00,-5.873155910465293061e-01,-3.875271194260542229e-01,6.150261037243673901e-01,2.051609955850438372e+00,-2.064799478406693645e+00,-4.992892184950390444e-01
1.000000000000000000e+00,-1.552045807174397440e+00,-1.415936264387987198e-01,-2.414533251299956440e+00,6.521184240622409645e-01,-1.493771551448994650e+00,3.112646802233507870e+00,8.571637255235258213e-01,-2.085091426164701112e+00,1.721535125850627068e+00,-1.104540420214454866e-01,3.044468939217790826e+00,1.124523427539874110e-01
0.000000000000000000e+00,-1.345127472178999195e+00,1.408627934541714755e+00,5.878104382080300283e-01,-4.224603981626754212e+00,1.015644668041200349e+00,-2.169756763830407387e+00,-1.317513856079679524e-01,2.436447619453499414e+00,3.693687800027011470e+00,2.533363572419123688e+00,-8.752091722043653377e-02,-4.528135760259499598e-02
1.000000000000000000e+00,-1.537812838354879474e+00,3.266673669674912794e+00,-1.456677968761860509e+00,2.823338720694819948e+00,-2.664519545026494463e+00,2.552077580327671846e-02,1.563670485495967544e+00,6.173632994040696431e-01,5.333418512980780957e-01,-1.094654253844637992e+00,-3.223497593740343170e-01,-2.054818108298436474e+00
0.000000000000000000e+00,-6.727260566628376903e-01,-3.245376100047207002e-01,-3.982891219001323257e-01,7.265344117221314235e+00,-6.284854820180725277e-01,4.984645605448101424e-01,6.222968202577383590e-01,-5.843306401850096421e+00,-1.454709488084072966e+00,-2.500784173060560889e+00,2.009110925563077021e+00,-1.459210222108925814e+00
0.000000000000000000e+00,-1.745493635000810784e+00,3.436758654049436590e+00,-2.795398934069872610e-01,7.375235927798075686e+00,-7.436307855761443708e-01,-1.512261689212386351e+00,-5.625656835866377214e-01,-3.723217917759579887e+00,-3.589502040450187170e+00,-1.009448607974558598e+00,-3.906728174905269579e-01,-4.292233807310856797e+00
0.000000000000000000e+00,-5.863756983048876714e-01,-2.800947688738804953e+00,6.303350249497592372e-01,-2.562123009378263649e+00,3.253705845761567961e+00,-3.982348262444825870e-01,1.101216913906678530e+00,-2.724517714905860810e+00,1.265017487409822783e+00,3.133371267997122178e+00,3.929672803597599184e-01,2.254229957000709383e+00
0.000000000000000000e+00,1.749764793364505522e-01,6.487225089396834177e-01,5.800258829534440386e-01,2.373151063653472281e+00,-1.693615803781556739e+00,-1.078589362487936132e-02,1.972863958734712764e+00,-4.194937335531557787e-01,3.852975610520821270e+00,3.055140844572756365e+00,2.488732272657950606e+00,9.643517212080714440e-01
0.000000000000000000e+00,-8.038047535891104101e-01,-8.647409633823693875e-01,4.206352595081487067e+00,-6.182740904815869909e-01,3.325982478401594555e+00,1.030797077642057857e+00,-3.535723278190981977e-01,-3.587818641162717537e+00,-1.474114978498357820e+00,-2.506198608957657115e+00,-9.005749208163971176e-02,1.095331577969766990e+00
1.000000000000000000e+00,2.132822273138463842e-01,2.567374153018578742e+00,1.919211511932024106e-01,-1.508568052643626478e+00,1.655895971213519058e-01,2.791999575207232631e+00,1.611493472391711812e-01,-1.902500817592723159e+00,-3.157400311665958803e-01,-1.329681252335974673e+00,-2.445202355621657553e+00,-4.110128103472802108e-01
0.000000000000000000e+00,2.379544872133443345e+00,-3.980367036974460593e+00,3.164761417351788175e+00,2.786299783522452778e+00,1.706011808210608383e+00,1.265421917399496277e-01,4.249739291785409989e+00,-9.146437263042710430e-01,1.050186956199559374e+00,-2.013459001877510257e+00,-3.845754420882141478e-02,2.762974557367908979e+00
0.000000000000000000e+00,3.222097790829454134e+00,5.367722766065121220e+00,2.880409844710223766e+00,-4.211101679832577993e+00,1.471137221754817315e+00,2.831105579614173529e+00,-1.053057082288936463e+00,1.856492316279168442e+00,9.799423615468589865e-01,4.700532527942260508e+00,-4.048889322766987320e+00,-1.097511239376718351e+00
0.000000000000000000e+00,1.940662863402777383e+00,1.841868607102932764e-01,4.641813398331497975e-01,-5.575382697252849518e+00,1.870763788588574839e+00,6.085180264338642120e-01,-3.155708208169311302e+00,-7.531700225037535334e-01,3.025577261182500699e+00,3.616258548495739245e+00,-2.029188479043719795e-02,1.011337550361525395e+00
1.000000000000000000e+00,-1.330611590437013270e+00,-1.418911864022711911e-01,2.402105965947171295e+00,3.853352195096582999e+00,-1.471667553140232787e+00,-4.990006811117096319e+00,-4.449993196737977996e-01,3.343681240644697628e+00,-5.454075187201136821e+00,3.579305074501550443e+00,-2.863164267111569794e-01,7.898862595351237026e-01
0.000000000000000000e+00,1.849708139325341172e+00,-2.593380914576993046e+00,7.747659778993691848e-01,4.093858180114932743e+00,-1.283325891729653723e+00,9.776213077760576020e-01,3.727807047622103465e+00,-2.873790620958234676e+00,4.389585492930607735e-01,-5.655107429328154467e-01,9.570256114793096458e-02,3.228701404229421090e+00
0.000000000000000000e+00,-2.189500967216297056e+00,4.703391655172849184e+00,-1.576080780535600301e+00,-1.799257045066398941e+00,-2.961059836592176531e+00,-5.874748206460123079e-01,-2.632264877213803533e-01,3.202907133734093748e+00,1.093390056381038589e+00,2.309105048051028231e+00,-9.216446362487182853e-01,-1.315480074898763174e+00
1.000000000000000000e+00,-1.004623209120911520e+00,3.423219616085253936e+00,-8.004535860796879732e-01,-3.779350716242538599e+00,-4.885355312051586907e-03,-3.470009685780504061e-01,-1.591134897961151040e+00,2.536896395817778149e-01,7.024604356854343701e-01,-1.016644748649305763e+00,-2.821535679340444247e+00,-1.394059635392975505e+00
0.000000000000000000e+00,-9.896992280154487398e-01,8.955679350253497040e-01,2.459033391543770541e+00,-2.741754165679780364e+00,4.284690576017165853e+00,6.603535426455591217e-01,1.200700244151684082e+00,-2.844181167651445463e+00,-1.970509362188218372e+00,-2.891699762935395768e-01,-3.955858823662029788e+00,3.145595536598611019e-02
0.000000000000000000e+00,4.178087123051439367e-01,-1.047652136896634611e-01,3.537806226173436652e+00,-1.246534430322462583e+00,2.925687039620120000e+00,-3.418766418052436862e-01,2.480544525506207076e+00,-2.497155798703764251e+00,2.043410502679932517e+00,2.001758906269605065e-01,-2.028261506282905025e+00,1.762854008278505802e+00
1.000000000000000000e+00,3.522005098960198088e-01,4.859258660250887485e-01,1.690811377771024304e+00,-5.285739301940997059e-01,1.935759134564533746e+00,2.648842550504859616e+00,2.254263763053775627e+00,1.306392171719605422e+00,1.041074244319762698e+00,7.427260274173099752e-01,3.419685533805367772e-01,-7.137217197029177562e-01
1.000000000000000000e+00,1.027237463148301666e+00,2.509768682696548736e-01,1.927382639442284606e+00,1.357831280961351084e+00,2.940167833436238887e+00,1.164656020321719332e+00,2.782798016810730246e+00,1.495178907965315052e+00,2.620378622479531128e-01,1.428175219211406555e+00,-4.088700757187839763e-01,-1.888509600176211833e+00
1.000000000000000000e+00,2.093156425935310594e+00,-4.936750202590006187e-01,1.580771691062246020e+00,8.559887954866222115e-01,2.875893104149329638e+00,-1.848654581778334638e+00,8.454107167068405371e-01,1.085616864123611247e+00,4.954278083216565598e-01,1.065193830853308654e+00,-1.486122406864447631e+00,-1.530890263670694473e+00
1.000000000000000000e+00,-9.609612611130669002e-02,6.321204491476036580e+00,2.431813519651452093e+00,6.941155733054151789e+00,-1.040375159249279591e+00,-6.024443170800197755e-02,4.322670016027513995e+00,4.891997250357992266e-01,-7.139514476862128811e-01,-1.398854705302289503e+00,-3.453220432659332761e+00,-4.236253342962580604e+00
1.000000000000000000e+00,-1.227136617608211910e+00,3.171999905454627289e+00,1.868032989092569096e+00,2.522089862744978372e+00,-1.838085814846161625e+00,-2.854819450710032847e+00,-2.065059765942617087e+00,2.944404922460654106e+00,-1.043695042981070076e+00,9.188384338650612548e-01,1.058356837770399128e+00,-2.048831909381434446e+00
0.000000000000000000e+00,1.774016361798547159e+00,2.540875887606163452e+00,8.779108424835415647e-01,2.785537183076358669e+00,5.089956336273653292e-01,2.179325366909578676e+00,-6.859164372061816728e-01,-1.074335559408079677e+00,-1.403528662549204054e+00,5.345701365024178031e-01,-6.116076005590249665e-01,-2.726958700613595354e+00
0.000000000000000000e+00,2.660806099367460931e-01,1.177358906361407609e-01,1.434266599500591211e+00,5.542914243228229232e+00,3.377092172546692916e-01,-7.691286294814398961e-01,-3.693162195142423165e-01,-2.479761525288532553e+00,-2.508637170629232749e+00,-2.335738851311153219e-01,9.288417959234480659e-01,-1.520467360725421102e+00
1.000000000000000000e+00,1.536846261642454081e+00,-7.055062744158231425e-01,-8.558299640727411450e-01,1.349186516698912319e+00,2.654690461672145396e+00,2.915370152372997570e+00,1.954498309472258555e+00,-4.688042742636939764e-01,-1.859329110305355082e+00,4.023587809135028559e-01,-1.129166980803137044e+00,-2.181121358276221223e+00
0.000000000000000000e+00,2.548829185947854015e-01,2.134343940415910357e-01,-5.203550470256832483e-01,-2.751690177075591381e-01,-6.783039558282144554e-02,-2.273362576588419337e+00,-2.383496520596982471e+00,-1.599286005250596165e+00,7.310979542056650349e-01,3.101189887743225793e+00,4.667806406089090032e-01,1.272824312651894552e-01
0.000000000000000000e+00,-8.658959020382710481e-01,3.204613154069962278e+00,3.350656952167152536e+00,-8.674103341296529601e-01,8.565037648247442181e-02,-2.424014426837535208e+00,1.644182869963950910e+00,5.284402139264980924e-01,2.455526098325290896e+00,-8.000304417230477139e-01,-2.661984043352663587e+00,4.412512602634461878e-01
1.000000000000000000e+00,-1.116151286078495009e+00,2.142955500309966954e+00,2.383844401223370824e+00,4.875983405984158914e+00,7.167472217384909250e-01,1.376372344343200549e+00,5.623435708516562492e+00,1.502541749188890607e+00,-1.932210768690473479e+00,4.534213909993489722e-02,-1.362831027507174442e+00,-1.888545682092737987e+00
0.000000000000000000e+00,3.628453078959393618e+00,8.794843841551798214e-01,1.296360161174127335e+00,-9.812364563677141049e+00,3.773622486926754060e+00,3.832685610202779092e+00,-4.156422972292389773e+00,-4.169088509188287883e-01,3.225850855108372883e+00,1.449498416570181192e+00,-2.023240974141169435e+00,7.433521141484311645e-01
1.000000000000000000e+00,1.405199587608569001e+00,-4.684411696053820684e+00,-5.137548861812475387e-01,-1.126244043719025978e+00,4.043224266709103176e+00,1.945278415990856491e+00,1.973864333621446754e+00,1.212729035730565563e+00,-1.073404042973740147e+00,2.679308935869832098e+00,1.118857941365432929e+00,2.989377945656048752e-01
0.000000000000000000e+00,7.074308507049380523e-01,3.319459834220544803e+00,9.433820030840404103e-01,1.801254382492139539e-01,3.324553561427806558e-01,-3.058564575498646576e+00,-2.171764874155403646e+00,-1.010171138386941392e+00,2.760984322838559990e-01,3.634227575808589794e+00,-2.201060519120392467e+00,-1.466901281762754028e+00
0.000000000000000000e+00,-6.419765213213921573e-01,2.635048907626863279e+00,2.601340323116741793e+00,3.641093482335355791e+00,1.541150226402523860e+00,3.126070190706977225e+00,1.712596153209629879e+00,-4.757300015952422356e+00,-2.648142672192032698e+00,-3.653205442880688381e+00,-1.904320728327120182e+00,-1.780735639397784453e+00
1.000000000000000000e+00,1.386879509694424417e+00,-1.249410716398402954e+00,4.270670886074360295e-01,1.365715769148299064e+00,8.069372231262521566e-01,-3.716532807084917955e+00,9.482293462720982058e-01,6.974091570618101699e-01,-2.165265274393018746e+00,1.434524120199369923e+00,-3.166760734940925470e+00,5.532769327845890039e-01
0.000000000000000000e+00,-1.477312935398750415e+00,6.172345621166221985e-01,-1.650275249948941259e+00,-1.439531901567000727e+00,1.212070620240060181e+00,1.727249641503265654e-01,-2.894692367260788046e+00,-3.831992477669051045e+00,-2.393096313468604519e-01,-7.634345486593467900e-01,4.159618540925480445e-01,-1.460424442898182740e+00
1.000000000000000000e+00,5.158572979390181334e-01,5.701270185600625595e+00,1.748863098353953927e+00,-1.102790820406175154e+00,-3.668454874091441331e-01,-5.044072471916214440e-01,8.760404020167140704e-01,6.659413780416354456e-01,1.002267215811540879e+00,-1.890588014055999189e+00,-5.369601240906730411e+00,-1.814107414199844115e+00
0.000000000000000000e+00,-1.884617342209257806e+00,6.750402128060395412e+00,3.631085579306081890e+00,-2.087543559369758217e+00,-1.167654018746586253e+00,-2.494425071092364554e+00,5.308635767412437367e-01,1.408810885324793816e+00,3.862247931153821590e+00,-4.236951005384688163e-01,-2.978280462924626448e+00,-6.947050584626444092e-01
1.000000000000000000e+00,1.441357344527699036e+00,-2.942123906010232215e+00,7.159964761970682989e-02,-1.171854091430263090e+00,1.376051396242983227e+00,-3.466951563215625143e+00,9.314024760286311322e-01,1.033503559941061578e+00,-1.252664740858588921e+00,2.390668349959471861e+00,-2.678094583590742150e+00,2.183148128825115108e+00
0.000000000000000000e+00,7.369141613525869161e-01,2.408172355148360921e+00,-1.663855254336561451e-01,1.319355407549864800e+00,1.357361307650825522e+00,3.420792839195573531e+00,-8.787550392420637735e-01,-5.547954206624008400e-01,-3.957003757436275304e+00,-2.170048626749950138e+00,-1.945613327699429185e+00,-3.726141859213863761e+00
1.000000000000000000e+00,-1.769462213714790177e+00,4.381527109767051620e+00,-1.774225056500739583e+00,2.976995288683178531e-01,-1.633149919052334420e+00,1.023147437070498711e+00,-7.352933167865873809e-01,-3.793580267941026207e+00,1.673614015298450663e+00,-2.807888640186653628e+00,-1.195125066676301584e+00,-2.142385724108663236e+00
1.000000000000000000e+00,7.333113391391401503e-01,4.011842534958246637e-02,2.387658675216624005e-01,-1.370062245496748599e+00,1.861273090647781459e-01,4.492392412706173177e-01,-9.966692132171826035e-01,1.625725819716239862e+00,-2.345629866958148568e+00,7.762188311725046752e-01,-1.300251377728838476e+00,1.978867181511831941e-01
1.000000000000000000e+00,5.308756473928377684e-01,-3.507082756211620800e-01,1.632888578536792368e+00,-1.936937067207449070e+00,2.829992978781731949e+00,-1.001139068894072670e+00,5.415339027717769316e-01,2.279542159887502528e+00,1.770562173930243510e+00,9.865131108366930190e-01,-1.790368202044307910e-01,-9.216346572567243323e-01
0.000000000000000000e+00,-2.209880283776915366e+00,9.661521007514272341e+00,2.264303450612805690e-01,7.275926169612316752e-01,-4.942207828146405468e+00,1.008090957273738653e+00,2.646962915843305009e-01,-3.052940963991942480e-01,2.312380813019128567e+00,2.500924385241094505e+00,-2.138339775326323799e+00,-1.768856782672939776e+00
1.000000000000000000e+00,1.350893274780387898e+00,-1.080603010981455281e+00,9.770792660423099907e-01,-1.911102038704147521e+00,1.430997321036366010e+00,-8.223806805662678965e-01,1.863939121328740844e+00,6.563230297085127507e-01,1.040839003419788966e+00,1.265872115987259461e+00,-2.245078551437940106e+00,1.674927193847843832e+00
1.000000000000000000e+00,1.775680753725458194e-01,1.243108724073945348e+00,1.126266289562170897e+00,2.895136400021145917e+00,1.171512355877135647e+00,-2.407541779320876874e+00,3.111370754567476027e+00,1.271117425222404229e+00,-2.598000457630164739e+00,1.254638524813273870e+00,-3.867674870842014112e+00,-1.422344485653319612e+00
0.000000000000000000e+00,-9.387313120887577078e-01,1.336783085147823957e+00,-6.733212483295163420e-01,5.060429831986645866e+00,9.104874125613349189e-02,4.223644980650904657e-01,-3.547790276184972225e-01,-1.988291641624687411e+00,-3.903588149501807880e+00,-7.911778046692137245e-01,2.175169572599142676e-01,-3.274149178358984447e+00
1.000000000000000000e+00,3.322938564844637899e+00,-3.799645154525444379e+00,-1.477767871294512148e+00,9.460655749012484961e+00,-7.114596773680099684e-01,-7.398135253806237266e-02,3.058536715852817611e+00,-1.865555791935699759e+00,-6.120046805395131351e+00,1.611917381386222203e+00,-8.063225712887164276e-01,-6.383212859839448861e-02
1.000000000000000000e+00,1.879705630093099877e+00,1.034608903821773396e+00,-8.174687633570432155e-01,1.485186937794929829e+00,1.202298556694518794e-01,4.365733466526700024e-01,7.422764410184226058e-01,-1.306793248237235083e+00,-1.724961911814679061e+00,-3.657255992638106523e-01,-3.370758138720445718e+00,-1.000791886294948085e+00
1.000000000000000000e+00,1.508519289803341490e+00,2.127133492961566841e+00,-1.823678179576128322e+00,-2.912758701048842269e+00,-1.026161463671016127e+00,2.237525680550217277e+00,-1.287460041986364212e+00,4.042921612324121838e-01,7.467487267087116187e-01,-2.061492875921481893e+00,-2.408773541555112807e+00,-8.514511512472028310e-01
0.000000000000000000e+00,2.152722681271824090e+00,-7.151935601779976892e+00,1.132881798633682546e+00,2.049282630879635914e+00,1.760490126004460532e+00,-6.817826439920394721e-01,3.860547460200546510e+00,1.446370585482161797e-01,2.409596429951666785e+00,1.513403199147534739e+00,3.284177076218906421e+00,3.801525506571730162e+00
0.000000000000000000e+00,-8.961135540748190742e-01,1.469485277274608315e+00,7.584056505860172770e-01,3.463911546776074601e+00,1.442011178949039074e+00,9.277724352802498853e-01,1.236836438598909460e-02,-1.706274331839614078e+00,-3.586798226671171097e+00,-6.106753729317329071e-01,-3.676705306490507530e-01,-2.900863440726510145e+00
0.000000000000000000e+00,1.718389934943157504e-01,2.710348241374476608e+00,-1.993561974827164907e-01,-8.769103910102584720e+00,3.037587896281294331e+00,1.598756762982108448e+00,-4.243851679606194693e+00,-9.467048478450722504e-01,2.532741398358574259e+00,3.558984104656391256e+00,-1.500976732773074973e+00,-7.011048341709824605e-01
1.000000000000000000e+00,-1.750119256408265933e+00,4.085895532910207351e+00,6.329671115097554868e-01,5.147868356855490823e+00,-4.005790243778737825e+00,-1.665199539344917934e+00,2.862557558893297216e-01,5.235173432288782180e-01,3.294657682948642918e+00,1.402153163497665833e+00,3.397409384365039031e+00,-1.733622863803343073e+00
1.000000000000000000e+00,-4.079258094334591078e+00,4.110960398688328077e+00,-6.620985858854142592e-01,-4.698238408466163030e+00,-3.895322680112760505e-01,8.439127067818950056e-01,-1.724165367638706314e+00,-1.436590022479103723e+00,1.258082547106345483e+00,3.739304137033581110e-01,-4.007184458665851157e-01,-5.574443474396097997e-01
1.000000000000000000e+00,4.220804365350018017e+00,-2.698327235592316686e+00,-8.293631558089673561e-01,-1.864754861585149026e+00,5.708809355141540642e+00,3.243251435431234064e+00,-7.682275477846789435e-02,-4.600583556675186259e-01,1.828971471382817349e+00,1.197204554769556228e+00,2.647247554859299967e-01,-2.764922187456906322e+00
0.000000000000000000e+00,-6.445204247351676852e-01,-4.341109096690380476e+00,2.625165271093530706e+00,-1.526774762450878065e+00,3.370595892267831406e+00,-2.567619673542355763e+00,1.144566731011501748e+00,-1.888018253759853105e+00,2.325967810473819064e+00,6.004603311553693423e-01,1.656090509441442205e+00,3.040795828967914893e+00
0.000000000000000000e+00,-4.334950805470206836e-01,-9.641628460158671032e-01,-1.790778235767851001e+00,2.447112532927039119e+00,-2.258226700137128784e+00,-9.699555159263240078e-03,2.110748681006859861e+00,-5.460301751737182130e-01,-2.187898474356526179e+00,-7.019877048017466592e-01,-1.022938691425222313e+00,1.341441843288955216e+00
0.000000000000000000e+00,1.473873878699876849e+00,-7.538833001557119010e-03,1.355900323476746383e-01,7.837046640933282432e-03,5.388052844939966723e-01,-8.850615717384258119e-02,-2.089444733158195788e+00,-1.386758953673115968e+00,-1.232144914050716800e-01,6.620401692964358320e-01,8.791967490379137828e-03,-3.883058965724560663e-01
1.000000000000000000e+00,-1.342895827832868871e+00,2.459424484537249267e+00,-8.337488639198867846e-01,-5.408809761094999224e+00,1.242181182224677549e+00,3.774726771944526327e+00,-8.765781499612752548e-01,-3.462481678871529134e+00,2.952817293746894389e+00,-6.919705040475807589e-01,-6.477714004980541507e-01,-6.132074687219501996e-02
0.000000000000000000e+00,-6.680153629929337367e-01,-7.203575098549291233e+00,-1.827982219312363377e+00,-1.152797009420140295e+00,4.216769474953103725e+00,2.583272786251709086e-01,2.425711723000210540e+00,-3.749525236514248849e+00,-5.523544292428908875e+00,1.298543253393218411e+00,-1.656993099030256156e+00,3.284672689213383734e+00
0.000000000000000000e+00,-2.441150414682042857e-01,-9.646351606285042957e-01,2.193648808801985872e+00,-3.528788604424214714e+00,2.854432133463642884e+00,-1.956543474808231320e+00,1.089605916830134635e+00,1.165097949413457012e+00,2.417906693846029853e+00,3.521149401873343576e-01,-1.078172007822855827e+00,1.096172651960357181e+00
1.000000000000000000e+00,-1.599664847404786538e+00,2.949539596664493502e+00,-1.838744917877659590e+00,-3.249710631674601391e+00,-9.535150039523104804e-01,4.637979461721453145e-01,-1.274610554723601297e+00,-1.230135383163708296e+00,7.808291476288224953e-01,-2.091956472958994340e+00,-2.199972768712668891e+00,-7.669480605422054342e-01
0.000000000000000000e+00,2.508516200665924067e+00,-5.454727823886467153e-01,4.186477953641053240e+00,2.375398954329464907e+00,1.238797940582185841e+00,2.228394791860022650e+00,1.675836960152423671e+00,1.090932737421635323e+00,-3.032737029743893586e+00,2.146965616884843886e-02,-1.021207659490886765e+00,8.611419308466985445e-01
0.000000000000000000e+00,-2.181557961766846798e+00,5.428398414450437137e+00,3.057631975813565273e+00,-3.022711512847318538e+00,2.882382976842537303e+00,3.778142716221923880e-01,2.839904665872863276e-01,-4.787185226174008434e+00,2.524388385358360409e-01,2.057796295038222922e+00,-4.383352443228610618e+00,-6.246378261195897341e-01
1.000000000000000000e+00,4.465174850346281810e-01,1.999451868065419191e+00,2.415464787914370248e+00,4.958924697108160196e+00,2.069775154422485386e+00,3.458614016849100636e+00,3.677422875818965764e+00,1.308730753349768072e+00,-1.154834937991076282e+00,8.645643621807745927e-01,8.468674028472529258e-01,-3.706953785711223137e+00
1.000000000000000000e+00,-1.518854406881693375e+00,6.335093548789064499e+00,2.022419784982687929e+00,-2.174525094639840894e+00,2.803143648605437299e-01,-4.578404203778545067e+00,-2.029659125887341542e+00,-4.116669167690567566e-01,7.697865043817502251e-01,-1.424040378922479366e+00,-5.355889882094655441e+00,-2.384099842638721434e+00
1.000000000000000000e+00,-3.424806456655819620e+00,4.744825742336132635e+00,-2.570892045131345505e-01,-4.821074930894067911e+00,-1.810551686549142225e+00,2.579455372888956877e-01,-1.963430722462093936e+00,9.550338652216092683e-01,-8.999982596415989633e-04,1.926800849371981261e-01,-1.658607450470679812e+00,-7.812142641833708101e-02
1.000000000000000000e+00,-3.313963930206320629e-02,4.692890608874814795e+00,-2.395606972886938912e+00,-1.882472181047755599e+00,-2.813137393726704572e-01,2.369594593910557379e+00,-9.789422182295296482e-01,-1.465606648069406326e+00,-7.167298335734004766e-01,-3.343526869984048577e+00,-4.333397587985544419e+00,-3.370453639814937397e+00
1.000000000000000000e+00,2.611642930325879242e-01,2.660155598155826695e+00,7.544618588637976853e-01,6.685365013784236865e-01,3.563097557461543108e-01,1.318492209894070122e+00,1.847181521196863407e-01,-9.513379037109761516e-01,7.072792348871852486e-01,3.085502626861287290e-01,-6.689243821762651532e-01,-1.637807692289229067e+00
1.000000000000000000e+00,-6.004566084753635291e-01,1.678269595449720430e+00,2.594939764667642645e+00,6.154968967767142196e+00,-4.958022016846364011e-02,-3.763251676483399866e+00,1.981306012568414765e+00,2.489796384611087099e+00,-3.259155450033825563e+00,7.811008317876789731e-01,-1.233387230887261987e+00,-2.367655095092119133e+00
1.000000000000000000e+00,4.574752759014668158e+00,1.697455084285362403e+00,5.329170261838822586e-02,5.629318725370334064e+00,4.254874277483848832e-01,3.058529912942926643e-01,1.253322010040130996e-01,-2.926343465867483840e+00,-1.649595313450737510e+00,-9.444284780180298711e-01,-3.398855628013277563e+00,-2.981933193858840259e+00
0.000000000000000000e+00,-5.131898288642733341e-01,5.100504270322598011e+00,1.293870300629939685e+00,4.946896559343598732e+00,1.950437023162688854e-01,2.271559015295194772e-01,6.489917600512005169e-01,-2.655572380154841206e+00,-2.308335055857596352e+00,1.030401385576749984e+00,-2.232602429898048690e+00,-3.782382320324303215e+00
1.000000000000000000e+00,-1.478835321869683028e+00,-1.163326324440822956e+00,-1.464282023033244062e+00,4.663788937650073407e+00,-2.709889605579333782e+00,2.389161816857788168e+00,6.183651736422117740e-01,-4.658513343993534450e-01,-1.403035441974514352e+00,1.980264564810676475e+00,5.132205154621250820e+00,2.260936175809367121e-01
0.000000000000000000e+00,-1.628688099909508136e+00,4.275683402786041309e-01,-1.642439727773775004e+00,-5.490194096676173530e+00,5.053907323353287184e-01,-1.869670523206031554e+00,-4.687443022865118714e-01,-2.373909863778306040e+00,2.872510821002539849e+00,5.676489370773540877e+00,-1.289654333004329079e+00,2.637170130955277969e+00
0.000000000000000000e+00,8.938759797161199838e-02,7.667191660063150671e-01,2.348074354259054530e+00,4.469720275818722222e+00,7.266927554409436940e-01,-1.146221422778983534e-01,8.112061019166167952e-01,-1.278435801704752794e+00,-2.923158305764470555e+00,4.331374070018020328e-01,-2.164653703468640833e-01,-1.098696572300375429e+00
0.000000000000000000e+00,-5.153153766394309443e-01,1.403988400409912109e-02,5.773636046529968535e-01,-1.082813250974204777e+01,3.604662779717688892e+00,9.348737645538213181e-01,-4.070093540539802213e+00,8.663884875782512651e-01,2.310373893892312402e+00,6.000088041545426520e+00,1.401439180789885164e-01,1.825914716632562662e+00
1.000000000000000000e+00,2.549914632544258986e-01,-4.280515168737013987e+00,4.183599628394013559e-01,-2.350410142729668195e+00,3.007812740152075559e+00,-1.036918096629905861e+00,6.909758596267437936e-01,2.733835328259197617e+00,-1.290143469720859137e-01,2.620018143032523561e+00,1.449247300603325961e+00,1.230205217833104214e+00
1.000000000000000000e+00,-1.523269511536777365e+00,3.453547751469718818e-01,2.297221305303401184e+00,-6.826828642296837169e-01,2.353774153030010474e+00,-1.450940724235685764e+00,4.776660012366373831e-01,4.329239683083239143e+00,1.615025435339866977e+00,9.395737460809674424e-01,2.252756130884711716e+00,-2.160879174965974148e+00
0.000000000000000000e+00,1.470841162801782565e+00,2.969290671180015551e+00,1.297500033173385692e+00,3.920711581449949801e+00,7.453395343080426727e-01,-1.759317016207202489e+00,-5.108306569034439804e-01,-5.174781978933307158e-01,-1.008687354527789903e+00,3.454325983888288487e+00,-1.340507497450923236e+00,-3.031881105612740157e+00
1.000000000000000000e+00,1.871739569369743839e+00,-3.149720918099079725e+00,-1.021129965980326126e+00,-8.461644450624373759e-01,2.165308193546843452e+00,2.719077493876522755e-01,5.467025189903504945e-01,3.167343294759006334e-02,-1.444378765469785497e+00,1.578963631502284137e+00,-9.424921287388953184e-01,6.214161674783398315e-01
1.000000000000000000e+00,-2.350128827278352706e-01,-1.133444091105248575e+00,-1.373048926721229801e+00,-4.619815713451835393e+00,1.369498153518475814e-01,2.493718864408671188e+00,-2.339468610238998103e+00,1.761923385174202217e-02,-3.937029478564302298e-01,1.004689651049379684e+00,1.025430901427269337e+00,1.499908365092456730e+00
1.000000000000000000e+00,-1.770675156139335460e+00,4.907594675900334380e+00,-5.751287522214429959e-01,-4.337946272008175619e+00,-4.907719387341153983e-01,9.954420617567277807e-01,-4.267667471997389939e+00,-3.149149441945297223e+00,4.341309498647986764e+00,5.464086381926080982e-02,8.489614669588829710e-01,-1.627862882592552518e+00
1.000000000000000000e+00,2.392999670651305699e-01,-1.890859930090303065e+00,8.465051309984752415e-01,1.480196759967753239e+00,1.130287970662478436e+00,-9.210780404042560043e-01,2.705488842809905536e-01,1.564679655697669425e+00,-3.023413120334083271e+00,1.944608325827179574e+00,3.833368158691439209e-01,8.693916615552477190e-02
0.000000000000000000e+00,1.880813111882809086e+00,3.603890350857984703e+00,-6.513961758790025591e-01,4.520387499429562972e+00,-1.353699011061847202e+00,-9.679389938022859852e-01,-5.121007085109953172e-01,-8.801841687803777514e-01,-1.333884347770333934e+00,1.698000559317094815e+00,-2.249826103072380512e+00,-3.081200389268347717e+00
0.000000000000000000e+00,1.032368685140223619e-01,-2.376375888624638610e-01,3.186713356571148736e+00,-3.757416528320751237e+00,1.880288804474056663e+00,-2.525262487992604221e+00,1.423565744294257307e+00,1.171122241191043134e+00,3.471259229030847493e+00,6.510941503387351892e-01,-1.693792778622268846e+00,2.335446307812016009e+00
1.000000000000000000e+00,-2.411361061543766837e+00,-5.994146754931845705e-02,-1.989339640890400496e+00,1.590582846850115972e-01,-2.275709630713910414e+00,1.602444500697875807e+00,1.195244605661255566e+00,-3.340892508274689865e-01,1.170487975656265611e+00,2.075987797564473603e-01,2.542463715583012540e+00,9.435367302274695334e-01
1.000000000000000000e+00,4.910427190214201598e-01,2.617356319286754385e+00,-1.125382795086261822e+00,-3.231534145181930828e+00,2.525585212499525944e-02,2.854439486847499374e+00,-2.859515912659360559e+00,-3.242732423215895388e+00,2.043083807495252202e+00,-1.295204852873069079e+00,-5.500185355968961742e-01,-9.518068631125855550e-01
1.000000000000000000e+00,1.318546361170876313e+00,4.408037192482708200e+00,5.389287945597631690e-01,6.952052749166967693e+00,-4.858029104251870844e-01,-2.213602980298353673e-01,5.184358797198156399e-01,-1.880212881388416690e-01,-1.665586176268752272e+00,-1.250117952205686223e+00,-1.535482158374500194e+00,-5.458712527899884037e+00
0.000000000000000000e+00,6.650972910854811015e-01,1.222844736138879673e+00,2.221166065140752544e+00,1.272978961265944342e+00,7.994845675853091693e-01,2.263611905854215678e+00,3.126952239349463092e-01,-9.514543561141376449e-01,-2.001521824406258254e+00,5.601874318492112703e-01,-5.755160968819832412e-01,-2.836216957806608763e-01
0.000000000000000000e+00,3.309560060559322281e+00,4.674952525410432713e+00,3.668720055498790877e+00,3.030764717626279303e+00,-2.521678909559348369e-01,-2.342661803400530651e+00,-4.210251344639740489e-01,6.729881463175004797e-01,4.040180575474270341e-01,5.762096607768018686e+00,-2.887786623034582334e+00,-1.355258918308265947e+00
0.000000000000000000e+00,-7.601047096767397093e-01,2.813129865815294117e+00,2.180399993296427308e+00,-3.960933235616697967e+00,2.502091830456637744e+00,4.611668102290977789e-01,-2.056949285255802451e+00,-3.020784969611652659e+00,6.463903498686263127e-01,2.610069979465072798e-01,-2.157392612143337995e+00,-3.151685956303600378e-01
0.000000000000000000e+00,-2.102334801660147079e+00,9.588454474299477059e-01,2.121815088119002546e+00,-3.142881370922175677e+00,1.607447132223930764e+00,-2.745083046728993281e+00,-2.179837228345717914e-01,-2.436268898274823069e+00,2.213155723286933885e+00,1.139172445883308349e+00,-1.180813750107958304e+00,1.689603255382398306e+00
1.000000000000000000e+00,2.795355293211252423e+00,1.853438477694800968e+00,9.806221735630449299e-02,1.263314982993967384e+00,2.082850854873550261e-01,2.491090037490637066e+00,-8.164215772190124287e-01,-1.202837078180585273e-01,2.748796277935929844e+00,7.268777781481601252e-01,1.214128165199475529e+00,-2.451038182001282095e+00
0.000000000000000000e+00,-3.785519112851091217e-01,-3.103199521583386744e+00,1.402482351880480316e+00,-4.129317011115732683e+00,2.182729278470031176e+00,-2.754967848965060639e+00,5.769990402612230618e-01,-1.039714106394227455e+00,3.203090633170588397e+00,1.502457372211580378e+00,1.633641456336176745e-02,3.674289340443309015e+00
1.000000000000000000e+00,-1.694718752059071853e+00,1.620838587613258275e+00,-8.052484379607394160e-01,4.070092348873886046e-01,2.538751553702538466e-01,2.874045723071892766e+00,5.836658895432533800e-01,-4.670700681752239625e+00,2.971475214555892919e+00,-2.140092073687819285e-01,2.079720075807458546e+00,-8.190196904868831673e-01
0.000000000000000000e+00,3.867062588383484822e+00,-5.922941172470185478e+00,-4.823700987157866216e-01,5.760605351453154110e-01,-1.752595442593181563e+00,6.106597384051828392e-01,3.989021933455665803e+00,1.478649849431574737e+00,4.866516758667668086e+00,2.203952018262731904e+00,2.620931238133368701e+00,5.524880931964108122e+00
0.000000000000000000e+00,-1.751484957696950229e+00,1.449455575005912156e+00,6.737548789844672870e-01,-9.818605669592899154e-01,4.459294897993695272e-01,-1.204582487549520575e+00,4.230902698695704345e-01,-3.181933739255845772e+00,1.061370090222574891e+00,1.815968780876845212e+00,-1.073680373720396153e+00,1.043267815512274321e+00
1.000000000000000000e+00,-2.173156938053313336e+00,3.890156369518034118e+00,-2.385473193587903218e+00,-9.330605870940265945e+00,4.083043368046255228e-01,2.453231182643917485e+00,-3.843973476342666284e+00,-3.592370452674941372e+00,2.899734704142538089e+00,-2.585276446286647989e+00,-2.706531364279634033e+00,-9.660743337552302190e-02
0.000000000000000000e+00,-5.349611789954884511e-01,-7.076265523310040217e-01,4.497053121334400050e-01,7.194249893178763511e-01,-2.195283843338784457e-01,-4.602629504110629100e-01,-9.690451749986873642e-01,-1.020532803291298141e+00,-1.234882695833307675e+00,2.128083471668598126e+00,1.283697334376289412e+00,9.811177826087549292e-01
0.000000000000000000e+00,4.510017298230071248e-01,-1.669206294164787163e+00,3.165336139199453891e-01,1.308852028328475192e-01,1.163102834867205893e+00,2.849127212992448310e-01,2.868860523143153429e+00,-1.431003968568743900e+00,1.140660063071149422e-01,7.486119309994110349e-01,-1.337053463078467175e+00,1.741352056453057129e+00
1.000000000000000000e+00,-1.405582324882819645e+00,2.509489380491535915e+00,-1.609289932018229674e+00,-5.248537311293262952e+00,3.400316503865834505e-01,4.846400220505513445e+00,-7.683908338736521459e-01,-1.155710209799770016e+00,1.257947959452665465e-03,-4.342309343595758264e-01,-1.245476949245142295e+00,-3.059935032730342064e-01
0.000000000000000000e+00,4.681620323855273824e+00,-9.395160214644023844e-01,-6.590359394940925597e-01,-1.441887681825107315e+01,3.550613854211254417e+00,7.130050010213065725e+00,-5.253328005170654791e+00,5.791348554299464713e-01,4.016249601615797360e+00,-2.013385259210558331e-01,-1.615517944013577178e+00,2.238655374984867219e+00
0.000000000000000000e+00,3.260826002353564679e+00,2.141164374652916980e+00,1.487469510051565358e+00,-1.589223265532862639e+00,1.180130875651533184e+00,1.528346664363369634e+00,-1.568595521441226825e+00,1.498732448878368206e-01,1.501823148989342993e-01,1.780602112230120326e+00,-2.360440272500476944e+00,-8.650277199657958604e-01
0.000000000000000000e+00,-3.536487127654922347e+00,-2.216876588302144346e-01,2.146584609556091650e+00,-9.853902311036625505e+00,3.493625545619907236e+00,-7.590737577035707062e+00,-3.137142651735524979e+00,3.970194355486742488e-01,5.155200731091706068e+00,1.583485438899436826e+00,-1.294199417178193645e+00,2.417827157664659055e+00
1.000000000000000000e+00,-2.381118487907255776e+00,7.847921698146109293e+00,-2.263083558908565607e+00,4.176617079825156176e-01,-2.761615600960507511e+00,-6.816893960792802520e-01,-1.651909751695889605e+00,-2.550465258429909898e+00,4.285291702164325756e+00,-3.042923999998238926e+00,-1.425249542813604720e+00,-4.651875074630005713e+00
1.000000000000000000e+00,1.685390821882735146e+00,2.836562877838133989e+00,-2.280518649333110659e+00,-2.374095269271941699e+00,1.924664454059931806e+00,1.708261806841052444e+00,-7.949419168989532158e-01,-1.317890378101564064e+00,1.111983789388086841e+00,-2.744015715903621810e+00,-3.959974896968790237e+00,-3.800221075100004509e+00
0.000000000000000000e+00,1.592611202197632192e+00,2.092387708966917947e-01,1.173207434743845923e+00,1.146673243667317710e+00,-1.468393881910438292e+00,2.463875931172212486e-01,2.696728975412712614e+00,3.988936614196146202e+00,4.854301281038226890e+00,2.270839449466782511e+00,2.365683862497844903e+00,5.537947119239740035e-01
1.000000000000000000e+00,5.471241002778712836e-01,6.238859381947550631e+00,2.874549745996388239e+00,5.578096803178651975e+00,3.921577353932741428e-01,-2.645360298234682439e+00,-9.734482291132244836e-01,2.021017559686824505e+00,2.052998654389342814e+00,-2.356545713381767548e+00,-1.207521568277308832e-01,-7.116539210502144108e+00
0.000000000000000000e+00,1.064006164604845095e+00,-2.818688375868471763e+00,-1.386583532152708020e+00,6.201507294979447416e+00,-5.560781660579805497e-02,6.470702834172525897e-01,-6.251610625763147633e-01,-5.245378293614414433e-01,-3.324842012517473133e+00,4.477565843785480393e-01,3.533256738155174936e+00,-1.989918309320815482e+00
1.000000000000000000e+00,-1.028400154975080305e+00,2.709605916252584290e+00,-1.458440185880931939e+00,-6.867807400473179280e-01,-7.511481340851352551e-01,1.397106827862265588e+00,9.691759756120554847e-01,-1.069952456529648765e+00,1.280601216146293631e+00,-1.727560852477616482e+00,-1.522864290496604323e+00,-1.332089658965619261e+00
1.000000000000000000e+00,3.523292426824939927e+00,-4.655105957096050240e+00,-1.064511746249878765e+00,1.323867715423428404e+00,4.805753713390649828e+00,3.562247225297988429e+00,-4.991445566134140588e-01,6.775202952803158762e-01,7.354144171689960263e-01,1.999816803121249764e+00,4.576404298033789786e+00,-3.073226788252953590e+00
1.000000000000000000e+00,3.326285750261852137e+00,-2.936984158560618785e-01,1.280250388920187277e+00,3.845479045370629567e+00,-5.205281335639555529e-02,2.379122214930575741e-01,1.666140627298905441e-01,-6.939692085622253259e-01,-9.191227873342193710e-01,1.688742500859382378e+00,-2.811410702258508865e-01,-2.433036339160919992e-01
0.000000000000000000e+00,1.305781109662317974e+00,2.846125302393426981e+00,1.872875402878986684e+00,8.200660053577170316e+00,-8.589244596425720246e-01,-1.349759744985988164e+00,1.624870685627899380e+00,-7.497605223395198415e-02,-3.187882973077031501e+00,2.458003412962725953e+00,-1.111080460495553535e+00,-2.905597018768590445e+00
0.000000000000000000e+00,-4.630947020777655965e+00,3.381047704511213503e+00,2.971760356005150872e-01,-6.451721061320002448e+00,3.350874039116606973e+00,-2.622361026742514145e+00,-2.331554752346597148e+00,-1.221608025001741593e+00,-3.223719670487965594e-01,3.258935159727359476e+00,-2.425788863151272956e+00,-1.368894769171848935e+00
0.000000000000000000e+00,1.226791182038087236e+00,-6.236215309651664818e-01,-9.197931199671789404e-01,4.837121481361310593e+00,-3.994736787503458952e-01,6.161195170661304399e-01,-1.142697784386312199e+00,-5.406347665620106824e+00,-5.032721495096310615e-01,-3.957173313733949094e+00,8.875916624950881406e-01,-1.374538785115853035e+00
1.000000000000000000e+00,2.985330939044366083e-01,-5.285683142839509019e-01,-1.351705320222659434e+00,-3.358436526042597237e+00,7.612405264444490616e-01,2.579165737502377098e+00,-1.634415639412223120e+00,3.079272290998333883e-01,-1.094059800766223223e+00,7.565322202719457767e-01,5.597484077825054527e-02,1.012285978916525053e-01
1.000000000000000000e+00,-2.331454017419769098e+00,2.686193849504319719e-01,-3.223317865468908749e+00,-3.352110467650123216e+00,-1.700365678624687904e+00,2.999766925022943731e+00,2.672872573542430796e-01,-5.412887915396251692e-01,-1.268297417072326905e+00,-1.713846164892316226e+00,-7.164964507519708814e-01,1.146224576908229764e+00
1.000000000000000000e+00,-1.237992501064530959e-01,-1.480844823528748022e-01,-3.613683684308225175e+00,-2.836722753474715475e+00,-5.124516328517871866e-01,3.575694405931204578e+00,-2.823053746253056939e-02,-5.368245195663838842e-01,-3.092889025767153743e-01,-1.909462374616833102e+00,-8.426142381427358385e-01,-2.947132535939042119e-01
1.000000000000000000e+00,1.253179939754075045e+00,3.020433578694517340e+00,2.036886322843804109e+00,1.582987441591838129e+00,-1.171731201960556135e+00,-6.445952723509278393e+00,-4.068086589645699469e+00,2.066583530590012430e+00,-3.367380188818420717e-01,1.747665580131147589e+00,-1.701290567803267262e+00,-1.732813904606213873e+00
0.000000000000000000e+00,1.680704035524728024e+00,1.207204216427378629e+00,5.618008177641083956e-01,-5.033331266711586593e+00,1.799297216275727251e+00,2.077651468096507692e+00,-3.029330674849369576e+00,-5.110423406768579424e-01,-3.239512525315113578e-01,-8.971818490815717251e-01,-2.372957821185319283e+00,-2.461678655369591295e-01
1.000000000000000000e+00,-2.335249365296236945e-01,-8.803020366875936864e-02,1.868205507516444319e+00,6.179625430793388219e+00,1.335644288042917793e+00,-1.826644299122144322e-01,3.667482433728606050e+00,1.263827849731414155e+00,-4.131806448120735276e+00,-4.688021020356902824e-02,-6.931411757430970821e-01,-2.217527914259073363e+00
0.000000000000000000e+00,4.148640576214683851e-01,-4.279333148906954598e+00,1.550284966947337528e+00,-3.770858677070030751e+00,1.849487661880906186e+00,-3.649407442552745184e+00,1.015129994228988863e+00,1.206218479336489402e+00,4.475603641920335996e+00,9.960123526395969762e-02,8.099261254864213999e-01,3.698828994484440358e+00
1.000000000000000000e+00,1.839319331451918504e-01,2.892817207161473725e+00,-1.358357917111800317e+00,5.097528994856382667e+00,-2.452670908045825104e+00,-4.486728801712487336e-01,3.102791380113489872e+00,-1.155950087575046803e+00,1.794014418505964326e+00,-3.279717893799674044e+00,-1.636083247277383190e+00,-2.318225449834187657e+00
0.000000000000000000e+00,-5.051342813223924644e-02,4.166187621258929497e+00,3.942524376810688569e+00,2.523148362666532307e+00,5.302718816169235128e-01,-2.205091052798784368e-01,1.723225392581791748e+00,8.588576182046911978e-01,-3.325311673743178265e+00,3.022050785300523401e+00,-3.343020072981484958e+00,-1.048680354351913646e+00
0.000000000000000000e+00,8.221225999546950547e-01,1.358901618832537794e+00,2.115256851370458158e+00,5.245105157103567839e-01,5.130022693565812197e-01,1.217089154581244781e+00,2.970333162434489971e+00,-1.946067692087857903e+00,8.624155740528713920e-01,-5.112055855888644196e-01,-2.654302732382735730e+00,1.156271073410999994e+00
0.000000000000000000e+00,2.395427852708825966e+00,5.961955632015146778e-01,1.379915998558523205e+00,8.257907870361691494e+00,-1.776901571811658531e+00,2.908276742653820968e+00,2.498864918883633379e+00,1.475469849793833443e-01,-5.607705455077646839e+00,-2.858380449308193683e+00,-1.144612465160849357e+00,-1.536900703349143305e+00
0.000000000000000000e+00,-1.205793997567131903e+00,2.558567353315319703e+00,1.540864371198256144e-01,4.888646907005928521e-01,9.342065533515481190e-01,-1.699697482915556890e+00,-1.119426520820322679e+00,-3.348631352442521969e+00,-1.531613240972240497e-01,1.363189741954415890e+00,-1.482829610479277527e+00,-1.510344068003917517e+00
1.000000000000000000e+00,-3.809215930588384147e+00,2.190297945167158034e+00,-1.175486077644639193e+00,-7.066409077373748460e+00,-1.617068195568085454e+00,-9.426231163395748514e-01,-2.677810313837690970e+00,-8.837932481434518373e-02,2.767242318234493403e+00,6.092209677961935022e-02,1.334387218646637674e-01,1.896600302054948006e+00
0.000000000000000000e+00,1.089790969224122552e+00,-1.443767463981923682e-01,3.084656760835928768e+00,-1.935221622872335789e+00,1.096372082110628865e+00,-3.453805255660296059e-01,2.555000949717497249e+00,2.894093436186140345e-01,4.706961435852403675e+00,2.378451400202540533e+00,-1.063780826162195048e-01,2.620175107745412291e+00
0.000000000000000000e+00,5.304023942009872261e-01,2.125271284676250261e+00,5.489748303084496239e-02,-5.839923413610508263e+00,1.684366821091297650e+00,2.380167414180264229e-01,-2.761695933020977378e+00,-1.625968820749289501e-01,1.992534735056342932e+00,4.886724196909180584e+00,-1.231978907564388770e+00,4.684417705864318826e-02
0.000000000000000000e+00,7.321760495169544747e-01,6.894901534810446542e+00,6.774688194502496152e+00,-1.043491254650787292e+00,6.187828795252362513e-01,-5.679989413920194519e-01,2.622725079026011485e+00,-2.947054229140421810e+00,5.893217232242913717e+00,-4.009174498225933636e-01,-4.524588441308383224e+00,9.500380087938981033e-01
1.000000000000000000e+00,7.260848586193264786e-01,-2.595236667832125366e-01,6.607772995784305659e-01,8.726161385695517525e-02,7.635768950410237732e-02,-2.652372912720234233e+00,-1.385269737315365735e+00,1.914265033178415898e+00,-1.173385871888926957e+00,2.612506375990530039e+00,-4.031853660472969336e-01,6.447413785937117225e-02
1.000000000000000000e+00,-1.358187420227291664e+00,1.062606043553051549e+00,2.196344957172858159e+00,-1.187137218682860151e+00,1.658765582011421769e+00,-1.996716884481953835e+00,5.848438718644444201e-01,2.971831542707090712e+00,-5.427760945256605574e-01,7.158089067597319666e-01,-9.841004730256592836e-01,-8.984388350356599107e-01
0.000000000000000000e+00,-2.218790553611226901e+00,3.935549546444277347e+00,2.204080924236150985e+00,-7.546154480589934987e-01,6.426857092897845236e-01,-1.531840700087898188e+00,-4.707344709650295167e-01,-4.346872331011045532e+00,-1.079164259422124017e-01,4.229381624916114246e-01,-2.925261353811874798e+00,1.145144447472707938e-01
0.000000000000000000e+00,-3.132522321922796005e-01,-1.373083054837252792e+00,3.137787222734879755e+00,-4.880376235108934146e+00,3.348806415172733697e+00,-3.079539290785773709e+00,8.163854303218158748e-01,-1.524037296564088706e+00,3.545272641256030255e+00,2.911405532799520302e-01,-2.008072585719722358e+00,3.034698328092332531e+00
1.000000000000000000e+00,2.074248835630947418e-01,-2.591533070747356948e+00,-3.513522534801771791e-02,-2.883097420884055406e+00,1.055284663489062247e+00,7.846814356406197621e-01,4.520198612177760644e+00,9.667765427794162703e-01,8.137094466304388707e-01,2.143176075544048764e+00,-2.011035901650034763e+00,3.656870678845931089e+00
0.000000000000000000e+00,6.505382413903552097e-01,-4.316491442458628702e-01,1.209365529792109317e+00,-3.557776604333720005e+00,2.138588235561487139e+00,1.239307120258941408e+00,-2.247033808660980014e+00,-2.776157352351877883e+00,-1.897303539091454994e-03,-2.155720181908321820e+00,-1.142488932670515434e+00,8.635672301204921908e-01
0.000000000000000000e+00,1.577104001608193862e+00,-1.525275509871434898e-01,-1.426962090321897136e-01,5.486668662455896239e+00,1.781678932314270103e-01,3.166202701945275422e+00,5.653297114272735069e-01,-5.868043017222286384e-01,-3.594476912181364447e+00,-9.063788374951267102e-01,1.092034661875008972e+00,-2.641472939710201473e+00
1.000000000000000000e+00,-2.556209528378735385e+00,6.714048839709049865e+00,8.027456607578147274e-01,5.293615608717788135e+00,-4.391030953516620983e+00,1.079812710535698050e+00,1.544806384079628447e+00,1.996144533237889096e-01,1.300516998069283225e+00,6.236733640929481570e-01,1.450945768625825139e+00,-2.610568136993832944e+00
1.000000000000000000e+00,2.332782938054935418e+00,3.116553390741202634e+00,-1.590018683308634717e+00,-2.355735716495005239e+00,-1.961811367861318045e-01,1.954573014682015497e+00,-1.915579740738240666e+00,-2.317574305199130880e+00,2.190002834667417630e+00,-3.449437751776890160e+00,-3.258475876914503910e+00,-1.902583346262014974e+00
1.000000000000000000e+00,-9.155234086952052097e-01,5.059529114763693380e-01,-1.221365947542305985e+00,-7.791005656373944710e+00,4.651764718785658115e-01,-1.613061884291079107e+00,-4.742721790929705250e+00,1.741472844076082716e+00,7.438777680946107029e-02,5.884750995686283126e-01,-1.441197462723072364e+00,7.664764402958494927e-01
0.000000000000000000e+00,3.007417539302377207e+00,-2.399356826832647283e+00,7.307281906440019625e-01,-1.010345127395577247e+00,1.887902067655635729e+00,2.911131217127746140e+00,-2.217073245425151384e+00,-1.565533722087503188e-01,-6.649493197523044241e-01,-4.804156271803419198e-01,1.551015619096308029e+00,3.738293858821384319e-02
0.000000000000000000e+00,2.719154054112824515e-01,3.949529325033640514e+00,1.997328833008869431e+00,1.015135646519230495e+00,1.053080461496924025e+00,5.636466619606458339e-01,-4.392909210877931070e-01,2.750374928633334548e-01,-2.896547635472150439e+00,1.562102396906947188e+00,-2.827040369142280074e+00,-2.513615198809352691e+00
0.000000000000000000e+00,1.776357647653125094e-01,-2.450520934150140773e-01,-1.818080200480642450e+00,-3.983005600545511893e+00,1.162821115152280482e+00,1.914162053813360131e+00,-3.286267533032780630e+00,-3.459861796304576576e+00,6.808788326130998936e-01,-2.016829179908810055e+00,-2.087711658230102518e-01,-1.359347789961380393e-01
1.000000000000000000e+00,1.148969679643974340e+00,-2.550735894399239201e-01,9.414599754590636804e-01,2.750912252559929883e+00,7.765975539156089180e-01,-9.385729309606551940e-01,2.921749282711812334e+00,-2.454566480210533808e-01,-2.244706513443495588e+00,4.982682997798959512e-02,-3.178359051262444446e+00,5.811127410112915115e-02
1.000000000000000000e+00,3.197032893372657725e-01,-2.469365723614698638e+00,1.285115351202954947e+00,-9.017204082334364657e+00,1.967629644379859766e+00,-2.433609010472983503e+00,-5.596280620023713404e+00,5.231171170011253757e+00,5.211459951946080693e+00,5.423418770756994967e+00,4.792330726451424106e+00,2.004947941121097532e+00
1.000000000000000000e+00,-3.245608422935905235e+00,-1.371258464000706390e-01,-4.547205889868655149e+00,-5.206581193897148019e+00,-2.399526507776205797e+00,3.440349689887682860e-01,-2.786645520848455071e+00,-1.729296470522452500e+00,3.595258836193078622e+00,-1.340911370319444629e+00,2.541625377079908432e+00,1.268042078962154928e+00
0.000000000000000000e+00,-3.452825923784895723e-01,3.700583115914228838e+00,5.383690322893062152e+00,-2.468299004375476002e+00,2.301367976284586003e+00,-1.788569047194741302e+00,1.254831237548627021e+00,-1.397184105482585537e+00,2.973996807002583509e+00,-8.137180813011617442e-01,-3.726022437556761435e+00,6.712971644189047460e-01
0.000000000000000000e+00,-1.498876786036049014e+00,3.924555965849746642e+00,1.445073617628890750e+00,-1.272795318182464497e+00,-5.659293899544493023e-01,-1.666509682207915510e+00,9.919931589941758387e-01,-2.038160204020965427e+00,2.761251393473251881e-01,3.509769817816943416e-01,-4.238738795947303295e+00,7.687807172813901913e-01
1.000000000000000000e+00,-2.834170428219837667e-01,3.921101053296236483e+00,4.801044955744464549e-01,5.800068437130240895e+00,-3.352655975300995905e+00,4.959045121794647404e-01,1.366180082284979669e+00,7.052448574685836746e-01,-1.895783614219459512e+00,-4.498723314768929837e-01,-5.246877029160161854e-01,-2.035732923518026816e+00
0.000000000000000000e+00,-1.374727212102850427e+00,-4.046169095644289726e+00,-8.731995477220122481e-02,-3.093307231950335190e+00,1.760696945505766831e+00,-2.969348270381654942e+00,3.035511840501132763e-01,-1.839112353888487039e+00,2.101771366502761751e+00,3.670947719723760105e+00,1.481107618542497395e+00,3.795724504416755796e+00
1.000000000000000000e+00,-1.704502554399048631e+00,6.156668234790114269e+00,1.284828950351015742e+00,-1.762777600142051648e+00,-1.067590932960669425e+00,-5.401503504603715200e-01,-2.940057714187184423e+00,-1.204505695871658233e-01,-1.339910345025991933e+00,8.455197083798449142e-02,-2.774911843761041830e+00,-2.033163174035849785e+00
1.000000000000000000e+00,1.243916148474670802e+00,-4.125589821772315258e-01,1.021505929245907440e+00,-7.170010178175887372e-01,1.973842420504471118e+00,2.141731126033201704e-01,2.379900028810684187e-01,8.900891051148787092e-01,2.231431286379428336e-01,8.704400893709192122e-01,-5.149879192925675975e-01,-6.024599061021427282e-01
1.000000000000000000e+00,2.606931691485298686e+00,-4.145058962582813145e+00,5.637147917974023592e-01,-2.124679733017077243e+00,2.026599110328396680e+00,-1.115903975818789640e+00,9.846838573490466207e-01,-2.861440698704258434e-01,-2.291259096266143214e+00,3.310125669002043303e+00,-2.853301489188599049e+00,3.813018565611688615e+00
1.000000000000000000e+00,-1.783502168106015473e+00,5.339798611063920397e+00,1.087719151671933560e+00,5.147412269509667126e+00,-2.975728494127623414e+00,-2.776662998518369285e+00,1.477488844338450402e-01,1.698367452350784124e-01,-1.542583595341244784e-01,-1.744997571906239386e-01,-6.039600598533163556e-01,-2.794045739958316954e+00
0.000000000000000000e+00,-9.867757929151217411e-01,-1.723171771886024661e+00,2.012507831414209747e+00,-2.172453079271726928e+00,4.129221797439500463e+00,-2.442820413766793042e-01,1.704363030290573011e+00,-4.713421970435661024e+00,-2.672512479974245014e+00,-6.589875495073846956e-01,-3.839824096658386754e+00,2.201362845252202938e+00
0.000000000000000000e+00,2.683795870919427173e+00,-1.554894572316499080e+00,3.075896602322736317e-02,-2.235955036949691443e+00,1.538201809164546408e+00,4.449662664504595355e+00,-6.427522385655488613e-01,1.228417614999248286e+00,-1.063845952390220173e+00,9.447356365306137649e-01,4.563936638515073696e-01,2.661278003475793241e-01
1.000000000000000000e+00,4.184399279602236454e+00,-6.418328316979035053e-01,-3.854798795364626773e-01,6.853897021087769659e+00,1.087171426027857102e+00,-1.217677819678843587e+00,2.276686529745421517e+00,-1.796506981056478214e+00,-2.897873785854037543e+00,8.698362594361495059e-01,-3.394918135704786621e+00,-2.195560946505169309e+00
1.000000000000000000e+00,6.838632478262974823e-01,3.742337915986911345e-01,1.944404109954257720e+00,2.853187428246041435e+00,6.743329984137389488e-01,-1.512131087208592906e+00,2.413415106120095466e+00,5.272840849256485996e-01,-2.136046810008525032e+00,2.776797599443755482e-01,-2.592488035020877213e+00,-1.617489797733782098e-01
0.000000000000000000e+00,-2.337261640940280660e+00,2.282159340838440520e-01,-8.376554965493010485e-02,6.737494017692733372e+00,-1.137615910413972031e+00,-2.793357392242997062e+00,1.379667018653634170e-01,-2.369436657729349527e+00,-4.260201133862238976e+00,-3.102678323340057887e-01,8.103303613009440465e-01,-1.483038996168525081e+00
1.000000000000000000e+00,-1.242615528129389357e+00,5.843237671910271658e+00,3.770908325306406628e+00,2.488356154072945969e+00,2.465767967120565451e+00,7.147262773875333597e-01,3.647220212553245133e+00,2.839765523556274207e+00,1.990022308238978521e+00,-1.190293125473597335e+00,-1.372157883100489695e+00,-5.457372774925232761e+00
1.000000000000000000e+00,-4.634038681304488705e-01,-3.656365032339816246e+00,2.201876080970189609e+00,6.542723821476672530e-01,3.363461399247026584e+00,-1.024446872737357017e+00,1.557278606422840994e+00,3.791152428075233782e+00,-2.243743633611288146e+00,3.819456054128354427e+00,2.380488889732005120e+00,1.421596765255739303e-01
1.000000000000000000e+00,-1.358994804783607790e+00,2.962287514420595347e+00,-1.219881939154814132e+00,-2.440118851989076632e+00,2.319899984559470330e-01,2.647915442829379629e+00,-2.263737330617028753e+00,-3.596242835657494918e+00,2.195613810699570401e+00,-2.510803916840765870e-01,8.360430857598979415e-01,-1.525255360920523717e+00
1.000000000000000000e+00,1.609432834828945502e-01,8.383454983587849796e+00,1.512977134954537561e+00,3.015619891770747962e+00,-2.605903600506813689e+00,-2.310790209120456851e+00,-1.302295971211787418e+00,-2.324564631666197201e+00,4.775952920654233935e+00,-2.324567139667157889e+00,-2.274735705434419497e+00,-3.972764070292398308e+00
0.000000000000000000e+00,-1.709811215287388553e+00,-2.106071932387447276e+00,-7.404784452608323964e-01,1.644191084432996997e+00,8.779346045949280031e-01,-7.381523536188892010e-01,1.385656154690949160e+00,-2.595555889778518033e+00,-2.972006866416238680e+00,-1.168165432005120685e+00,-6.398239174024997755e-01,7.255217883445523874e-01
0.000000000000000000e+00,-5.886410409438486147e-01,4.523412277844592322e-01,-7.124407732364070878e-01,-1.907843043901690461e+00,1.090919803939470745e+00,7.696848025828257889e-01,1.327440837907435167e+00,-5.649109899393087719e-01,-3.950195193134991012e-01,2.534383758074936654e+00,-1.701259064793172904e+00,3.808215938307155657e-01
0.000000000000000000e+00,1.249076241423364042e+00,-1.471062137984198381e+00,3.420004212099867935e+00,-2.722363978698004505e+00,2.982056830711543149e+00,2.518924550081448110e+00,-1.052017503887453520e+00,-3.118782529087159361e+00,-1.667216034237893885e-01,-3.390731739677114831e+00,-6.050482695290160251e-01,1.851111472468965680e+00
0.000000000000000000e+00,2.536513616700968310e-01,-6.148770249347148997e+00,-7.443099115927387377e-01,3.136737563667624684e+00,-1.811687655404315755e+00,-2.669470589046582631e+00,2.691484285737522963e+00,2.351967853453973412e-01,3.119435735263671905e+00,2.182932403657236620e+00,4.907307905418263339e+00,4.314619705156547802e+00
1.000000000000000000e+00,-1.802686564831766702e+00,-7.444781301504516113e-02,-4.179190687338941501e+00,-2.391236164117986340e-01,-1.566740715832841246e+00,1.161218450563723525e+00,1.872703656140150219e+00,-1.412836675219696581e+00,1.522307930399920739e+00,-2.887420926639266749e+00,-1.126424129974605837e-01,-4.740303493642176180e-01
0.000000000000000000e+00,-1.765209327826747554e+00,5.334755949107280237e+00,3.953339897653671109e+00,6.193683676978151809e+00,6.637418180135845613e-01,-2.448916351268368707e-01,2.626841057721041039e+00,-8.641540764391367757e-01,-5.173051811831018476e+00,1.609607717993537968e+00,-3.102958981794048832e+00,-3.120364087051406443e+00
1.000000000000000000e+00,-3.761734090057469171e-01,2.326490099271770973e+00,-3.873589392190134983e+00,-1.898364095113253880e+00,-2.203117372571762989e+00,7.045470314391105715e-01,-2.205299148250424945e+00,7.859040317069219128e-01,2.362135027240106488e+00,-1.428687713992875086e+00,3.988757277548153901e-01,-2.253035552576041489e+00
1.000000000000000000e+00,-6.346116321030472740e-01,3.680467073557342150e+00,-2.663939186316911290e+00,2.340238937270192388e+00,-2.690660101720538044e+00,-3.071282112158055799e-01,-7.400058680922297905e-01,-1.230740160290527463e+00,6.572626349130894496e-01,-2.846250434945023500e+00,-1.128839467760794690e+00,-2.999431585501369568e+00
0.000000000000000000e+00,2.802276219163498450e+00,3.969848040293899594e+00,3.300575794265536267e+00,3.524514578514657548e-01,1.057916721173955743e+00,-2.378274920366696410e-01,-3.896027186438210110e-01,1.408562811713795160e+00,5.801356654042622019e-02,4.858970186013509718e+00,-2.732189358045320482e+00,-1.401967171954013214e+00
1.000000000000000000e+00,4.178460880078024076e+00,-2.520744865090687625e+00,-1.446935009219752377e+00,-1.229840709692815226e+00,3.570166331788854563e+00,9.578657022469290183e-01,-5.127390840189487431e-01,-1.618902611843483719e+00,1.111121173356790504e-01,5.127627782898811493e-01,-2.115958745134642438e+00,-1.042912684086407360e+00
0.000000000000000000e+00,-3.032331093527914634e-01,-2.085780511798415837e+00,-2.004752359054273736e-01,-9.372856577229016217e-01,-3.024829627864118464e-01,-2.549575149215252079e+00,1.818977253616512524e+00,1.385789161579088269e+00,9.206824442172429901e-01,4.117317154782280664e-01,-7.423129498422693651e-01,2.263589636970550156e+00
0.000000000000000000e+00,1.075096453631156024e+00,2.184441964629479482e+00,2.638945062538113451e+00,8.410912541609862902e-01,1.163564814457744401e+00,2.265493760125343314e+00,2.982852474787359487e+00,-2.324983246500742506e+00,1.336681216219739010e+00,1.038423821847109130e+00,-2.045170447944525627e+00,4.140511453403146191e-01
0.000000000000000000e+00,1.373561776226981612e+00,2.178614283065075874e+00,-3.480506905023081909e-01,1.205241433943263329e+00,7.487533571375615260e-01,-3.757140815160080471e-01,-1.992637867794494255e+00,-5.047475682748747694e-01,-1.356941060207843996e+00,1.136792226640502390e+00,-1.451663275703422240e+00,-2.920644017509633095e+00
0.000000000000000000e+00,-1.546288205441840091e+00,7.430547739600784851e+00,5.546856844148781107e+00,-4.043080246526025712e-01,-1.485186059917854795e+00,-2.732335441960591638e+00,8.707817081776147994e-01,-2.566942140350623625e+00,3.674561549107890457e+00,-1.368292866567198285e+00,-4.237136373479049922e+00,8.390855969080956989e-01
1.000000000000000000e+00,2.061758572516645405e+00,3.099696694734171309e+00,5.239998216295576050e-01,2.963661337937083529e-01,-1.017877428166010567e+00,-1.924789808354216092e+00,6.958207119933912388e-01,-8.279773847155293964e-01,1.687041628448416208e+00,-6.152100955892492173e-01,-4.571154102212279469e+00,-2.405426572382797223e-01
0.000000000000000000e+00,7.483887712367929268e-01,7.861008222096019793e-01,2.451327406625765981e+00,-2.317074742848800550e+00,1.700581979950647860e+00,-7.847402090990278634e-01,2.082384764641910024e+00,-1.376259500239323863e+00,2.115058680084488607e+00,5.886782258947675928e-02,-3.390961916340217375e+00,1.797761117589126600e+00
0.000000000000000000e+00,2.275469633657470681e+00,-9.311897710084443558e-01,9.835115430806955494e-01,1.036314265457984218e+00,6.650652503524394632e-01,-2.458106967016824296e-01,-1.200044143723997259e+00,2.279089136421985629e+00,-2.704907894427833082e+00,2.347430682729226170e+00,-1.827797848974371808e-01,-3.990556948234870172e-01
1.000000000000000000e+00,-2.359615567669689717e+00,8.134347300718377527e-01,2.563039534061439362e+00,2.143301365741485220e+00,-2.344561126942430462e-01,5.574873159334097217e-01,6.991245625419655330e-01,3.238902386907820397e+00,-7.530003234769206966e-01,-1.480598454812016573e-01,3.471456457368080173e+00,-1.180595431233464110e+00
0.000000000000000000e+00,1.091923975916058165e+00,7.441211694226326778e-02,1.825302400247336365e+00,1.345264536543355760e+00,2.207539778062506119e-02,1.597084846288630455e+00,1.308194959184727502e-01,-1.850844861034774746e+00,-8.380107210501920312e-01,2.946977160607477941e-02,-1.090395033449409468e-02,1.005686428617564854e+00
1.000000000000000000e+00,3.335047304803659962e+00,-5.727650955085399787e+00,-1.404710681799439254e+00,1.079021181701751431e+00,2.593759487182023538e-01,-4.621834538606785614e+00,-1.966991395012540167e+00,-1.018582914441241716e-01,-2.889100641273327774e+00,3.074897847830152742e+00,-7.625710729651705710e-01,2.785595676870937787e+00
0.000000000000000000e+00,2.127025114359040181e+00,1.929623786071277047e+00,1.478911878475470232e+00,-2.416035785859368124e-01,1.106636793309545563e+00,1.355109324374026425e+00,-9.843607128049098876e-01,1.471519430838742704e+00,-1.625518112387013492e+00,2.652944100909653269e+00,-1.531656780159459164e+00,-1.443325159965459958e+00
0.000000000000000000e+00,-1.075167977657942586e+00,-7.452074490695749232e-01,5.252996501652557049e-01,-7.077700543726037630e-01,9.076146274267534730e-01,-8.589259964709090589e-01,4.781202442772592986e-01,5.097773393013202980e-01,1.556285115546617304e+00,2.278959295233408122e-01,1.357929434289093962e+00,1.300771194261168828e-01
0.000000000000000000e+00,1.604258921559296613e+00,2.906286289811275569e+00,1.816701314089985253e+00,-1.295419262952922068e+01,3.486057049458015200e+00,3.533632379899204423e+00,-4.261669490285073358e+00,1.903832304084443816e+00,1.565272564785823661e+00,2.733589646258524297e+00,-3.925867078465726134e+00,1.167559586242673308e+00
1.000000000000000000e+00,3.873258170104059150e+00,2.221393786703608431e+00,5.834375885658525940e-01,3.183337042415963936e+00,3.555704962969179928e+00,9.224248073437388840e-01,1.856087588341988726e+00,-8.416221446107445825e-01,2.266594701069912343e+00,-1.078566534486888884e+00,-2.564643842792073691e+00,-5.261296018419189480e+00
0.000000000000000000e+00,-6.118369561841208171e-02,-2.102461099639114650e-01,3.481334083003318813e+00,-1.368416286091956202e+00,3.238843387944156937e+00,-1.634355122066440957e-01,2.304744932026180582e+00,-2.594302706314068452e+00,2.141263728304381608e+00,1.576885418866927235e+00,-1.100707869168759512e+00,1.683072735569591583e+00
1.000000000000000000e+00,1.821892075170680192e+00,2.349616853119723459e+00,1.709384883541414935e+00,4.664933450210335231e+00,3.069616046194195924e+00,3.049024294284974346e+00,5.139868529293158517e+00,-1.210027005600520233e+00,-3.737167074019397406e-01,-2.571787152095389661e+00,-3.194784753307398084e+00,-4.056412228545405618e+00
1.000000000000000000e+00,2.164549863247203998e+00,-3.042961394061162395e+00,-4.106232264597806658e-01,2.020359273287364657e-02,2.914974753539408159e+00,-8.960263411542127576e-01,8.634678450475317124e-01,1.216496820405523316e+00,1.987910706556923479e-01,2.315328246137126289e+00,2.168469502974024188e-02,-5.557885413439889177e-01
1.000000000000000000e+00,3.971233451707489870e-01,-8.928709028186577745e-01,-7.624180239567347472e-01,-3.571754876703775228e+00,1.303508253400203820e+00,2.695227053084870761e+00,-1.548298993016394842e+00,-7.016198704440292921e-01,-9.335139613591292296e-01,7.328055987137913618e-01,-1.603445846707729494e-02,6.654224138163256086e-01
1.000000000000000000e+00,2.791921353518480586e+00,-3.533063009703890867e+00,9.274489020071754464e-01,-4.775770643952984784e+00,3.594814794825655468e+00,-5.869323470360254813e-02,-3.111085505405042362e-01,-5.872734325931450172e-02,-3.397205639757494566e-01,2.820809735266130769e+00,-2.243482869377432465e+00,2.762626004039483441e+00
1.000000000000000000e+00,1.622002133635240817e+00,-4.269718495528851854e+00,-9.071233708019910136e-01,3.204508057591144876e+00,1.722918391442379349e+00,9.721878524625251483e-01,2.568255981143810374e+00,-2.700756892041862312e-01,-4.541748782729648326e+00,1.776336657849339584e+00,-5.039390570415587245e-01,6.672110261968100531e-01
0.000000000000000000e+00,-1.812384567179513573e-01,-2.923308789059769541e+00,-4.967972914081997260e-01,9.081497148665385044e-01,-4.604039125825276635e-01,-1.415901350406087555e+00,1.938625996483791081e+00,-2.151794487360437547e+00,1.370080936514017189e+00,1.460020999318659696e+00,8.963052707112044715e-01,3.066757865737716582e+00
0.000000000000000000e+00,3.764459917499605179e-01,1.775618243630488202e-01,-1.631172115143883161e+00,2.056258537916705542e+00,3.610147104244004757e-01,-1.352176479261238295e+00,-2.324625867030014170e+00,-6.828006055138986508e-01,-1.840482858885648776e+00,2.239858158215126238e+00,6.459058179936276733e-01,-2.372005039796543535e+00
0.000000000000000000e+00,-4.007988752630855522e+00,1.681297372106867194e-01,-2.508947846437824758e+00,-7.215420334136386060e+00,1.176596750045831197e+00,-3.331089700488851779e+00,-2.474172279989744982e+00,-1.382876173142107756e+00,-7.281835080012843964e-01,3.021504825532661975e+00,-2.288614514166431135e+00,1.571157883343356598e+00
0.000000000000000000e+00,2.730496599903554866e+00,3.843919740680150632e-01,-1.134226905189495316e+00,-7.801674834348016896e-01,4.676236880997167722e-01,1.845939695895565169e+00,-3.011004357119429820e+00,3.251761592028377112e-01,-5.276274532362601466e-01,8.002846735161304181e-01,1.212470194301862314e-01,-1.793826990786576481e+00
0.000000000000000000e+00,3.214470641343391666e+00,-1.947908940996733174e+00,-5.209143716937163493e-01,1.207087555572109894e+00,9.158452030558492662e-01,1.489716833417693564e+00,-2.302227187352748228e+00,-2.032211735002786845e+00,5.169204763368306921e-01,-5.549761647830646627e-01,1.680314146324216829e+00,-6.667116889924831202e-01
1.000000000000000000e+00,2.692266589506498775e+00,7.191156037054732830e-02,-1.491472414559569248e+00,2.685821728566872846e+00,4.810886411651347228e-01,-2.546052939852511354e+00,-8.555086321711320441e-01,7.264165949984273674e-01,8.663536365607515943e-01,1.565727023026715070e+00,-5.704147572124043108e-01,-2.807251589894676158e+00
0.000000000000000000e+00,-1.253697100808730536e+00,2.082547664373540552e+00,1.695786248359375303e+00,6.797885782106225072e+00,2.382841266495439037e-02,4.862871619267530310e-01,1.878803159421985391e+00,-1.680184866858730697e+00,-4.173440983953801364e+00,4.494481884805188177e-01,-3.796503534990769424e-02,-2.441036895920874805e+00
1.000000000000000000e+00,-1.236336419777066986e+00,1.623524718340605855e+00,3.189282314972976540e+00,-2.799909664761846884e+00,2.108742094430536618e+00,-5.249643670221181280e-01,1.159260280718888536e+00,3.246377793985522509e+00,2.332821056603181731e+00,4.596977579462886432e-01,-3.376073886892305698e-02,-6.080848181202648250e-01
1.000000000000000000e+00,5.452709804953734807e-01,4.270984451929508374e+00,2.480778137316177023e+00,3.344480485243065182e+00,9.405059002364624110e-02,-1.134694977571147900e-01,-6.929288769110333313e-01,1.621495610215477834e+00,1.310787956265068388e+00,-5.522472012787635887e-01,8.205583982746138538e-01,-4.226071846926288345e+00
0.000000000000000000e+00,1.246377728449300282e+00,-4.924501687665591376e+00,2.628523023520870971e+00,6.987485898809091545e-01,4.362782345277285145e+00,2.173592985342311934e-01,3.624699675883205519e+00,-4.069900149196696404e+00,-3.009910300626887913e-01,-1.753209715099230959e-01,-8.468989031605832496e-01,3.075704382860766639e+00
1.000000000000000000e+00,-1.701920805238649415e+00,4.828197341703685197e+00,2.969078058451040114e-01,6.478125168793558153e-01,-1.489507829247416648e+00,2.619099757346829982e+00,-2.445623658731920003e+00,-2.484607136487279710e+00,-1.050277670413982012e+00,6.249330121855545261e-01,6.280304768584661357e-01,-1.950645917534204798e+00
1.000000000000000000e+00,5.642275805413519141e-01,7.075429759240562611e+00,-3.578590697035077817e-02,9.330067898559546435e+00,-3.031185938682462222e+00,-1.616447695789476668e+00,2.947194800397546111e+00,1.911934400625647790e-01,1.235468532590712654e+00,-2.491528985093542481e+00,-2.306053351115803007e+00,-6.224721160671882636e+00
1.000000000000000000e+00,-1.639123006989216425e+00,3.633129265069954261e+00,-8.068241927642672007e-02,1.656740498845163057e+00,-1.943594266901731427e+00,-1.759240319894974203e+00,-4.609263263805540856e-02,-9.079064273993686651e-02,1.200961214345246830e+00,-5.022707138901283397e-01,-5.025546942477867596e-01,-1.652433096764585718e+00
0.000000000000000000e+00,1.909222001797152402e+00,5.070484738513839629e-01,1.451830823545810834e+00,-9.477599288810409917e+00,3.955592547574971807e+00,2.111836848251363641e+00,-4.738827336842880378e+00,-1.135326308574703180e+00,4.432076438378074634e+00,3.875437835716210255e+00,3.681325920864200185e-01,9.694154423341996285e-01
1.000000000000000000e+00,-1.381395739424566838e+00,1.769181032949445287e+00,4.162486552458903866e-01,-2.590608685815911638e+00,-1.558701156674885180e+00,1.135652371487549939e-01,-1.296227588089091443e+00,3.477508985751252002e-01,9.656254588033987840e-01,6.989215629954890208e-01,2.542765319832300808e-01,1.269339418519899176e+00
1.000000000000000000e+00,1.008956093284819167e+00,-2.214423185240063763e+00,-9.476259407769491716e-01,2.883233599708619366e+00,1.299160057658968803e+00,1.373182842507114643e+00,2.895751110388639304e+00,-4.724663011991403483e-01,-2.734515250707484135e+00,-1.262389771173488828e-01,-9.519545585155079204e-01,-4.709347067862532654e-01
1.000000000000000000e+00,-1.666080096066758109e+00,1.814202903329646510e+00,-3.660017671441074816e-01,-6.877720199711867544e+00,1.371561166103125284e+00,-1.493244357971283520e+00,-2.630651734240249340e+00,-8.508422042305094912e-01,1.971550831847811436e+00,-5.042314938664681501e-01,-2.374086343407922683e+00,3.343304014560084525e-01
0.000000000000000000e+00,3.091090121238657673e+00,2.069266634267235005e+00,1.038351230751349163e+00,1.118803699254813111e+01,-1.162858271020000611e+00,9.247082727968169991e-02,1.706766827862016278e+00,1.067745915967960535e+00,-4.336192406864828541e+00,2.396066428512824587e+00,1.447154800645236161e-01,-4.529538681339999151e+00
1.000000000000000000e+00,3.606815933485578718e-01,4.765302264802175003e+00,2.843086202445793020e+00,5.112088083341334688e+00,1.840377455405513452e+00,2.088460293541962276e+00,2.615315285939364465e+00,1.521545392716179945e+00,-4.478489807032606240e-01,2.307570850056246403e-01,-4.622267237456667566e-01,-5.569248786406370222e+00
0.000000000000000000e+00,-2.687392674609429655e+00,-4.949026946467366628e+00,3.127434269253953625e-01,-8.264924340354868448e+00,6.178001751389954777e+00,-5.228314464643290194e+00,-1.253373418588187516e+00,1.148216435163584404e+00,-8.405576546805486604e-01,2.855681534355347662e-01,-1.938229528156248049e+00,1.789582481471648112e+00
0.000000000000000000e+00,1.238943915626111725e-02,1.758214767772615372e-01,2.263083858736834486e+00,-4.961699738570800378e+00,2.185982404766588338e+00,-2.015496018044279580e+00,6.339547333246418059e-01,1.998271141567058429e-01,4.347834141336845981e+00,1.968774698062999651e+00,-1.407158780911767382e+00,2.059993773789773996e+00
0.000000000000000000e+00,-7.708845381014237663e-01,3.384862259383050631e+00,6.286884020766316805e-01,9.202435926357090068e+00,-1.289812505238662865e+00,-2.425734257894114343e+00,1.894356447171680724e+00,-1.065282951976507908e+00,-3.370307152057836930e+00,4.110490962355918931e+00,-2.869127150316835850e-01,-3.479981360328824991e+00
1.000000000000000000e+00,-5.478350128663580509e-01,4.445706031574608197e+00,2.875709398081723656e+00,1.432948983244404006e+00,9.832618202650477146e-01,-1.702094050770588840e+00,2.034304838898334467e+00,2.519413597077645228e+00,7.506345249317818435e-01,5.664684753668560724e-01,-2.508727552397090221e+00,-2.916088203878489438e+00
0.000000000000000000e+00,-2.003876869450245124e+00,-2.144634244253046662e-01,1.696807050650006587e-01,-4.382029431496119898e+00,1.694898351547215354e+00,-2.059960476393147832e+00,-4.377232749259916122e-01,-8.107935720039600724e-01,-1.473348259882261146e-01,1.475266170834846680e+00,-1.958189321783463832e+00,1.542073207013432867e+00
1.000000000000000000e+00,-2.679174965055208801e-02,4.994703674112791703e+00,2.436373771696453083e+00,6.974180665310813154e+00,-3.504093979968269323e+00,-3.056268113845186374e-01,2.195587607078117287e+00,-1.845733436800758742e+00,9.251814024053989227e-01,-1.215316109181738380e+00,-6.230689862261733492e-01,-1.249533667476960597e+00
1.000000000000000000e+00,4.833436838591593343e+00,-4.746334932167658671e+00,-1.539601213186416739e+00,3.138253804189083396e-01,3.490609289371529478e+00,-1.849381532708020970e-01,3.131694145529635875e+00,-1.301729543882650830e+00,2.196239305815418597e+00,1.227871941401179834e+00,-2.023170668028616781e+00,6.684486181269013727e-01
0.000000000000000000e+00,-2.099487755388743881e+00,-1.710590428229676441e+00,-1.988166456818942773e+00,-5.037957795696333285e+00,2.241264539765155828e+00,-1.713987480443229128e+00,-8.446699306040044153e-01,2.348157698885009470e+00,-6.292269212828676128e-01,1.261024207594035218e+00,-5.007961595472814054e-01,-2.075934534458072633e-01
1.000000000000000000e+00,-1.656496412069194957e-01,5.111611568213413115e+00,-3.396781303464310842e+00,-3.996993818801333642e+00,-7.335547399846896743e-01,2.114919895476482736e+00,-4.191853231296482463e+00,-5.816895116066559623e+00,4.739663251940071653e+00,-4.372969674974128473e+00,-1.724317125793382477e+00,-2.974864409094455375e+00
0.000000000000000000e+00,-8.877365497766661617e-01,-1.874824329997251349e+00,9.482677865099831127e-02,-1.176567378523565965e+00,2.706745189180804534e+00,-4.831148189625411593e-02,3.657346436416136770e-01,6.341361703358157076e-01,1.802937152141261823e-01,3.272270990835947080e-01,1.337194263385228510e+00,-7.401795205019794377e-01
1.000000000000000000e+00,-2.867430111857860453e-03,1.373067007014325616e-02,3.087853270754790103e+00,-1.021480023777999957e+00,2.750244599784932742e+00,-1.577775422334560806e+00,7.857905675943364088e-01,2.408731159685989276e+00,-4.749990951283113993e-01,1.450549144434084115e+00,-9.990501645531532082e-01,-3.646729185799862938e-01
1.000000000000000000e+00,-1.016097099857433017e+00,1.592627516206712723e+00,7.216338785967379987e-01,-5.372343120133982630e+00,1.716049284488653015e+00,1.043792883847321828e+00,-1.088637913077044272e+00,-1.550702493290720518e+00,1.277558010532082289e+00,1.782113186684677331e-01,-1.802636073301860264e+00,7.500936084147720173e-01
1.000000000000000000e+00,-2.960391223401548366e-01,4.197819885772661408e+00,-1.096459214791929204e+00,-6.372272622055045410e+00,5.807288723218739790e-01,1.507116434747760580e-01,-4.348004922829860952e+00,-1.559163372789498681e+00,1.120533357041451072e+00,-1.944952924382254089e+00,-3.721676106617801683e+00,-1.597587708833952291e+00
1.000000000000000000e+00,-1.878208250302213944e+00,4.418036463797474944e+00,9.920226266693650263e-01,-2.598426087939151863e+00,-6.658018161747696340e-01,-2.276335049551263978e+00,-6.078434672097680291e+00,-7.705020405694951169e-02,-2.796719001285751016e+00,1.404610514153913581e+00,-1.261710091242194354e+00,-1.631606211026292996e+00
0.000000000000000000e+00,-1.888905574604562432e-01,2.248743251553572797e+00,9.412374473137320452e-01,-2.286376933606619755e+00,1.342465003933897227e+00,-6.932110262538726531e-01,-1.892432885056198000e+00,-1.565545201909589679e+00,5.208377808149782240e-01,3.038674795944423579e+00,-1.247425490449764585e+00,-4.531370349787755547e-01
0.000000000000000000e+00,8.636521568112447422e-01,5.847287523004235155e+00,2.321937646338900763e+00,-6.834957271770397469e+00,1.714156778570214312e+00,2.965824149272436205e+00,-1.163214055448339446e+00,1.277113735618604640e+00,3.284635165550715552e-01,4.440311785124430699e+00,-4.722820759461770379e+00,-4.646017072063227671e-01
1.000000000000000000e+00,-2.045564255314286317e+00,3.745974235066458213e+00,-2.506318279767286050e+00,-3.292753577012146771e+00,-1.507760380702407588e+00,-3.839643817282385463e-01,-9.734749298451766952e-01,-1.134373275026256955e+00,4.257039575668978060e+00,-2.210415578911272938e+00,-1.023527822280024813e+00,-1.461270567043028157e+00
1.000000000000000000e+00,-2.149411191514098984e-01,4.091963349410761452e+00,-1.639392426531674829e+00,-1.859355066265892642e+00,-2.102534097776000976e+00,1.018717179785357807e+00,-2.513893124699424053e+00,3.979735381084683610e-01,-2.631588039949361857e-02,-1.456927167777700483e+00,-1.805366257693745702e+00,-1.867366333211264884e+00
1.000000000000000000e+00,5.322785632923057175e-01,1.648923939716237408e+00,2.597429523215716962e+00,2.206592343388525723e+00,7.737078580433984776e-01,-2.898340769269694972e-01,6.726359630747824614e-02,2.541315002775396792e+00,-1.382032930581005514e+00,3.717690388210752150e+00,6.636279536277818192e-01,-1.599372636877173903e+00
0.000000000000000000e+00,2.231631361777679512e+00,4.217374677583561215e+00,1.441782483470692711e+00,6.184707490822767717e+00,5.437902854293619193e-01,1.594052777901676432e+00,7.375309092314028536e-01,-1.745164538870083604e+00,-8.050184035757603773e-01,2.976778879587595128e+00,-6.676604312657251628e-01,-4.250065359568713674e+00
0.000000000000000000e+00,-2.456763416019065893e+00,-3.787139327474969841e-01,1.738954368962500219e+00,-4.250797083785441188e+00,3.492878787190136336e+00,-2.444935211401065622e+00,-5.228042690270380266e-01,-1.361657027482104487e+00,1.421882785564573926e+00,1.805641012863459682e+00,-3.878223757196289645e-01,8.432198376680031249e-01
1.000000000000000000e+00,6.702338085486625463e-01,5.584096515633564017e+00,5.546571838587341929e-01,4.816921379338367615e+00,-1.322187201417742930e+00,1.927739545188267734e+00,3.895123759581680112e+00,-7.474596841500977806e-01,7.770104636276010668e-01,-2.410350477160654314e+00,-3.359762958879052519e+00,-3.545399794316787201e+00
0.000000000000000000e+00,-6.976539076006604834e-01,-7.679661224464527924e-01,2.463897023934756625e+00,1.082992981092627316e+00,1.562176515293298928e+00,6.328361647189377770e-01,-5.058252351750509579e-01,-2.497729854898957935e+00,-2.719319586341296446e+00,-2.541858535583348733e+00,-2.545370394105228584e-02,4.343510463316517800e-01
1.000000000000000000e+00,3.670230600672199639e-01,-1.769866199090091907e+00,-1.081986308293114263e+00,-3.931163454825052028e+00,2.129773446857253116e+00,3.143075956852142028e+00,-2.262277967242456445e-01,5.815105608885007271e-02,-8.196770179933123845e-01,1.046171737535525281e+00,-6.241393523665161869e-02,6.559359596676934689e-01
0.000000000000000000e+00,1.035202943885640270e+00,-1.737407426392991949e+00,-1.290021535170013500e+00,9.589354764927891850e+00,-1.658322154161280260e+00,-1.525837868669259745e+00,2.262607636284261758e-01,-3.224402513099382084e+00,-3.537446948557248838e+00,-3.162053375608954831e+00,1.381755599212061369e+00,-2.060797416347885935e+00
1.000000000000000000e+00,-1.453918092026853959e+00,6.404073506099243751e+00,-1.409865322813703914e+00,-3.933297669734665547e-01,-5.226133496596518935e-01,2.399974897364538506e+00,5.581392537128495590e-01,-4.519974673925373665e+00,5.004084305465144489e+00,-2.963977811994973344e+00,-1.572249522489396201e+00,-3.619101274242701560e+00
0.000000000000000000e+00,-1.630556154388614676e+00,2.079523853386035182e+00,-8.373448464458623786e-01,-1.891045965176325172e+00,3.475910186212498587e-01,8.173830738095453352e-01,-4.653607850849961203e-01,5.454154493046989849e-01,1.301030128360318061e+00,2.359167725770819679e+00,8.239745662811222005e-01,-1.419870985801519492e+00
0.000000000000000000e+00,-1.179606907088213807e+00,-7.991077329941179697e-01,3.989974394715987582e+00,-3.910799700535977586e+00,4.109966196067830424e+00,-2.947326491408246874e+00,4.558516028266822451e-01,-1.842804614999430601e+00,3.593206421633153624e+00,7.482937163588824214e-01,-5.520672004747131378e-01,1.885984172431713013e+00
1.000000000000000000e+00,1.849347950641791360e+00,5.406945533477927057e+00,2.010139409936279264e+00,8.920214350590766728e+00,7.773107649352488657e-01,2.050400036719162156e+00,4.761085145412002007e+00,-9.226316208954308262e-01,2.139888334956694393e-01,-2.852214540038026325e+00,-2.437916889608592985e+00,-6.347491624090038087e+00
0.000000000000000000e+00,1.630291874028011900e+00,1.677140943552322405e-01,1.016924498622923334e+00,-1.177162961731284874e+00,-9.496947815282685834e-01,-1.904405165746738682e-01,2.504645495970632574e+00,-1.187541078587598831e+00,2.705616678360949212e+00,-2.309543724324720770e-01,-2.748106283472537825e+00,3.117760958373768432e+00
0.000000000000000000e+00,-2.341402078867261149e+00,2.713896234379586936e+00,1.076291398475342609e+00,-1.192004972448343914e+00,2.068516778193409955e+00,1.978737893664460623e+00,-2.110529773824592059e-01,-3.497608354922578489e+00,-2.252385362393299895e-01,2.224458201962603798e+00,-2.619446579705553280e-02,-1.097024348644970893e+00
1.000000000000000000e+00,-2.766930415199483573e+00,2.320014378576576330e+00,7.580588236084941922e-01,-9.341903834399439832e-01,-1.273214897992793748e+00,4.099486662982505081e+00,-1.532287661069937190e+00,-2.046589555170757802e+00,-2.783818207779013676e+00,2.050673788889765703e+00,1.813615459851730005e+00,9.116124138421914935e-01
1.000000000000000000e+00,-8.628937637123402782e-01,1.356544629766041510e+00,-2.121006791585927420e+00,-6.290799075739975654e-01,-9.138744254387228816e-01,2.131121248309281846e+00,-1.168596704137580211e+00,-2.131420993120458185e+00,4.095696047649577398e-01,-9.589408101963066144e-01,5.865323859216884372e-01,-9.581542616610980723e-01
1.000000000000000000e+00,-2.360800830309108811e+00,1.756531734723867588e+00,-3.419939791778225935e-02,-3.969501530066366080e+00,-1.081973662025357275e+00,-7.298754310362027820e-01,-4.908565843009974117e+00,-1.888981900339588460e+00,1.249658860386735570e+00,1.421474172067477504e+00,2.039491447483416042e+00,9.593865273531616555e-01
1.000000000000000000e+00,-1.989006974222949697e+00,5.694876246972444100e+00,-1.374251560972858055e+00,-1.185982772531571708e-02,-1.727464481878765667e+00,5.460187342062764460e-01,4.049938387394304229e+00,9.976674367438502777e-01,1.496766077628987501e+00,-3.386860938457094239e+00,-4.839221407820009091e+00,-2.563808596703993636e+00
0.000000000000000000e+00,-9.664113852108346947e-01,1.687685803885162539e+00,-3.687632815306993717e-01,-5.844960025612698118e+00,1.914316558061374574e+00,3.994699863731470124e-01,-2.516609857498626202e-01,3.061325369829059895e-03,1.482238021618244250e+00,3.079103009472523578e+00,-2.260456350314152374e+00,3.503117145437317781e-01
1.000000000000000000e+00,-1.107467385008129579e-01,-1.631601441869925395e+00,3.015713828456803025e+00,1.963701487581752669e+00,1.534954414317512006e-01,-9.927693508652543075e-01,9.440900629853712367e-01,2.700201271053384922e+00,-1.867043955246695308e+00,3.182522899648325243e+00,1.972874642686683000e+00,1.602984094942511373e+00
0.000000000000000000e+00,1.558077259367496303e-01,6.168522084434496788e-02,9.275035390678385561e-01,2.724898890711613841e+00,2.979516475213320748e-01,-1.209788888350970204e+00,-9.549862189120890132e-01,-1.295360756476254815e-01,-2.042555481147888763e+00,3.037757024541699824e+00,1.013680522525381988e+00,-7.734410642195114205e-01
0.000000000000000000e+00,-2.726619589713080494e+00,-3.215362643893895922e-02,-3.025648861925547273e+00,8.601425979746426531e-01,-1.395096657692080022e+00,-7.283351317579137563e-01,2.473131604626137570e-01,2.065862909631631439e+00,-1.845190545963078410e+00,2.182611208814317028e+00,1.563044431254900335e+00,-1.215049404497702934e+00
1.000000000000000000e+00,-1.894869074234732942e-01,-3.999296188099217719e+00,2.786535704598724905e-02,-1.844650618809699161e+00,1.389828644815777725e+00,-2.285775484327675855e+00,2.246154585263373971e+00,1.336905246133762049e+00,-2.070395448888930900e+00,1.447581685074339708e+00,-1.965547334125911760e+00,3.238752952492713000e+00
0.000000000000000000e+00,-2.337654054053143415e+00,4.459417848491033509e-01,-1.699358076397751827e+00,2.522727729393942742e+00,5.962305236977789580e-01,-1.685496685666375338e+00,-1.423187232832161531e+00,-4.204911405100759225e+00,-9.955495079763756472e-01,5.475136426589080063e-01,1.214816316090361337e+00,-2.008605033918207106e+00
0.000000000000000000e+00,-8.611976920030037785e-01,-6.592137950684870962e-01,5.721957245553610516e-01,8.158124611936166115e-01,-2.322993652869682624e-01,-3.351687163482792720e-01,1.267244432250768771e+00,6.515906308709360495e-01,2.520432605487242128e+00,1.249469185175214436e+00,2.699968532832409007e+00,5.084468946314562032e-01
1.000000000000000000e+00,-2.827532140787196724e+00,3.528327255211641589e+00,3.894512985255196291e+00,2.857097958500065538e+00,7.217595876760755091e-01,-1.773292694154108062e+00,2.902010911538693172e+00,3.999895183984587543e+00,-2.318348512154063901e+00,1.279401131468291375e+00,-9.785608555246936291e-01,-2.279709766603223997e+00
0.000000000000000000e+00,-2.752728352255389144e-01,-3.629240704834019837e+00,1.377982016943539278e+00,1.568120557185396002e+00,8.342439139339691279e-01,-1.764444752689914075e+00,2.248130033206815703e+00,-1.476053090758054909e+00,1.184884247729635520e+00,-2.484508130987395091e-02,1.552155584151611478e+00,2.709007235663382751e+00
0.000000000000000000e+00,-2.624112234144639899e-01,5.347484326282198053e-01,1.684943982914028027e+00,-4.965276995208291133e+00,2.824356139448493508e+00,2.365513835031590517e+00,-1.161145739925570464e+00,-6.401892054298121693e-01,-7.840577342697332419e-01,9.792808472667978714e-01,-1.307710488449257191e+00,6.805798466472785524e-01
1.000000000000000000e+00,-9.654090260111669597e-01,3.750680618269379707e+00,-1.220197216209768953e+00,6.380438865370224866e-01,7.132400956851194795e-01,6.102446946540237560e-01,2.345571361430069945e+00,-2.429750080858710248e+00,8.492662265596822024e-01,-3.184295025500853082e+00,-3.959461614313370514e+00,-3.001770003354863103e+00
0.000000000000000000e+00,5.168324846644694937e+00,1.514001043547089864e+00,1.419994639455500751e-01,4.215536704474025065e+00,-7.013195252417236958e-02,1.393418630364500199e-01,-1.711926293369687713e+00,3.009234443751283017e-01,4.101609955007663455e-01,2.651424697849374290e+00,-2.898762360639456359e-01,-3.081180423410014413e+00
0.000000000000000000e+00,-1.280762288335357546e+00,1.209241098210730003e+00,2.186618787880838077e+00,1.075704786369692911e+00,-7.028496084649504816e-02,-2.809106352410988272e-01,2.329276943036642233e-01,-3.661190583621284578e+00,-2.142975104644429862e+00,-2.194545441796798890e+00,-2.004909232446242306e+00,1.244832425591589242e+00
1.000000000000000000e+00,-4.169692114855974019e-01,-2.703153653583519223e+00,1.265651662766662966e+00,4.307408966496500402e-01,1.093758134689422068e+00,4.883096798505874858e-01,1.699051858975405338e+00,1.932503868387639656e+00,-2.087568519194013206e+00,2.154457527702894115e+00,1.387581162280467684e+00,1.543409737667065240e+00
0.000000000000000000e+00,2.382640592200444107e+00,2.102954949840952992e+00,8.140214767075202307e-01,3.596141741783048573e+00,-9.252251512964249081e-02,-2.225701223661324946e-02,3.746501459018585223e-01,7.643864187403421884e-01,-8.517629883243462707e-01,4.319734638977159591e+00,-7.462055861095492348e-01,-1.955439114120893329e+00
0.000000000000000000e+00,3.692374687024746471e-01,2.516191814127218596e+00,8.583568712599806139e-01,-5.224077796047075672e+00,2.039827165790724095e+00,1.965955317822003057e+00,-2.726426588730137990e+00,-1.716985989749740149e+00,6.788329922637277303e-01,7.555616686314881036e-01,-1.985182549198936997e+00,-4.380610494039709479e-01
0.000000000000000000e+00,-1.034308473879176571e+00,2.872613194496883793e+00,3.292894516235131075e+00,3.842878918054195569e-01,4.079135141680521048e-01,-8.123957157427597053e-01,1.477251007517458303e+00,-2.900844852769962401e+00,2.597116807298735175e+00,-1.390498117490863716e-01,-1.226032621606768958e+00,7.354806375109197436e-01
1.000000000000000000e+00,-1.483534892499085434e+00,-1.311199606719123834e+00,-6.128789192791135321e+00,-8.357777250910999101e+00,-8.701596303800073207e-01,4.678238498803874990e+00,-2.432465163358403348e+00,4.932010991731372584e-01,-1.936317486050675107e+00,-2.257585128211353265e+00,-1.181512936119127000e+00,1.118623612796628919e+00
0.000000000000000000e+00,-3.242546565221557042e+00,5.337938328080678474e+00,-1.039113161471050262e-02,-5.104297870048289276e+00,3.863480490207319429e-01,-1.467124433231361547e+00,-1.735253190688222258e+00,1.091181071450707307e+00,3.119812730647426591e+00,4.622145431374750757e+00,-6.690792482235322636e-01,-1.675661005660881830e+00
1.000000000000000000e+00,4.767974656388949128e+00,-2.408358708144693328e+00,-3.399487997770431758e-01,-3.923915333255587612e+00,3.591140712672308499e+00,2.062980646757420544e+00,-1.903587141395706173e+00,-1.594323987022886691e+00,2.409272468178487614e+00,1.102796902950657021e+00,-8.784694617431292318e-01,2.533355495102012078e-01
0.000000000000000000e+00,1.206366470745288133e-01,1.298113325416254404e-01,1.454705077281928549e+00,-9.209184293130068255e+00,3.841627922964506059e+00,2.594608574447294203e+00,-3.515919853269916295e+00,7.604197267240213609e-01,-1.122595474824554795e-01,1.831977814295384199e+00,-1.138068306889461700e+00,9.625288511179299622e-01
0.000000000000000000e+00,-8.622825238609950205e-01,3.171719320706415379e-01,1.834483244744143926e+00,-3.745039459517905289e+00,1.885181849040396429e+00,-1.571047912415675540e+00,-2.020391685310205965e+00,-1.984068460181187987e+00,1.349662831378524164e-01,1.611454908128540531e+00,-1.202697979199280232e+00,1.539800882363912216e+00
0.000000000000000000e+00,1.559959967001277814e+00,2.269694792025646279e+00,4.411587041107818408e-01,-6.502687037224692546e+00,8.837295152917282737e-01,1.605196789924421052e+00,-3.810306671054472627e+00,6.320525821016171886e-01,4.506779948969696914e-01,1.729900080894142711e+00,-2.284184917868883336e+00,3.092150467663583591e-01
1.000000000000000000e+00,2.448101399597176098e+00,-8.621928674543531956e-01,2.437303272807685994e-01,3.531848905002006767e+00,1.740467943786419891e+00,1.490462783368581956e+00,4.625653731046530659e+00,-9.549990906377514577e-01,-2.562048722883544016e+00,1.749559297063068675e+00,-3.408373941877608448e+00,-2.227925442638740705e-01
1.000000000000000000e+00,-6.842492075425720133e-01,2.160080158194027433e+00,-2.246119737554517215e+00,-9.280720454086852200e+00,1.720660415139028565e+00,1.474393782346490545e+00,-1.242822096611819749e+00,-1.489262401660674584e+00,3.191121711821995000e+00,-3.061495402408650701e+00,-4.541404173140061395e+00,1.029703465540565688e-01
0.000000000000000000e+00,-1.947743105991298851e+00,7.192344535092439761e-01,-1.452163978263769639e+00,-5.414638448090516309e-01,-1.049432170469282610e+00,-1.110319181219693307e+00,9.152956306033296352e-01,-3.453132556646124840e+00,-1.809706236374307498e+00,2.310960435271614877e+00,-2.624592060072662658e+00,2.084700318950802433e+00
0.000000000000000000e+00,-7.856625446932128387e-01,-4.398808340002724471e-02,3.829068348743227546e+00,-4.795671765799315978e+00,4.872079535150922069e+00,-3.009077583935568789e+00,1.522181382166659214e+00,9.222440136841973946e-01,3.118741474772749322e-01,-2.031787871015104496e+00,-4.717775567993655272e+00,5.476641362889679288e-01
0.000000000000000000e+00,-1.626125133282150692e+00,1.498166665886792481e+00,3.941183153635552383e-01,-3.686088522736724826e+00,1.477169511952195702e+00,-1.027540875812333665e+00,-6.164556467215831503e-02,1.585446089921849655e+00,3.210490902874858055e+00,3.882786083997546989e+00,7.123690386177599088e-01,-4.647525152442166796e-01
1.000000000000000000e+00,1.670049459557527261e+00,3.895672860368819101e+00,9.722611354787612514e-01,3.354071672345047883e+00,8.887719575415808926e-02,-5.692516869370627397e-01,-4.133700911600108885e-01,1.322815221723316448e+00,2.384520887502352693e+00,5.172476061879587306e-01,2.254601339985886632e-01,-4.474967220055106054e+00
0.000000000000000000e+00,1.195851549746708598e+00,3.489239008167433820e+00,-9.608245336338216980e-02,1.903334504391588355e+00,6.012450157718132182e-01,1.487893325353205176e+00,2.596110555164754530e-02,-8.741245409609493811e-01,-5.486751556607287750e-01,3.140142382999350890e+00,-1.381228347778243215e+00,-2.985597080071893394e+00
1.000000000000000000e+00,-1.047994487495178317e+00,6.939375221867407184e+00,7.011876001881192089e-01,-3.364994543190876986e+00,-2.458612025611653706e+00,-2.543087199203716509e+00,-4.230547642039130807e+00,-2.820255119506644981e-01,1.078368232039129682e+00,-2.057168833279205078e+00,-4.096053019307569265e+00,-1.461639491019709913e+00
0.000000000000000000e+00,2.124468530999585880e-01,-1.687519347818877691e+00,3.108726990182955952e+00,2.444011448914778506e-01,9.719599279089516930e-01,-1.925762313873092602e+00,2.652902068986295880e+00,4.499373860243616186e-02,2.601188391133685940e+00,-4.107062651695503330e-01,1.137428394968780232e-01,2.519797206890478591e+00
0.000000000000000000e+00,-2.212646551732611044e+00,1.737577138467622850e+00,1.944442877308841799e+00,-2.740139293323704095e+00,2.680037975710877873e+00,-2.064676450433533095e+00,1.535610637249470445e-01,-1.262680001766898652e+00,-8.402069840718129345e-01,-1.301065284881412598e+00,-3.412083493772844811e+00,-4.344443205841854727e-01
0.000000000000000000e+00,1.862506780955108798e-01,-5.158536498323656794e+00,1.305283374174644351e+00,-9.175610879748521409e-01,1.334076043179551530e+00,-3.953033753350462476e+00,1.636474939397698058e+00,1.274865074866986525e+00,2.399641378695752003e+00,1.374048851484614975e-01,1.453187951808895484e+00,3.437734842441797500e+00
0.000000000000000000e+00,-1.193477477636871509e+00,1.000267150234673164e+00,2.084265239270952641e-01,-8.629809460735753390e+00,2.639171563681921739e+00,2.421880946916608934e+00,-4.299667313699091942e+00,-3.273111506227738943e+00,6.600957071613420268e-01,-1.992654562613936697e+00,-1.487606992039084197e+00,9.240991976334973490e-01
1.000000000000000000e+00,9.239506896360554222e-01,2.854531617742662508e+00,1.586871286270788994e-01,2.742628338188613402e+00,-5.453911345978810221e-01,-2.733213075585422258e-01,2.430441204714437475e+00,-4.739011101440133711e-01,-2.109527796075957307e-01,-8.495886271308483728e-01,-3.476283051871809526e+00,-1.664398539785009845e+00
0.000000000000000000e+00,1.202214465574666935e+00,1.591206458644191413e+00,2.357801006501868413e-01,-6.641838916564919426e-01,1.750748042821235639e+00,2.624535057706712138e+00,-1.342970190737542868e+00,-1.299323366261590618e+00,-6.436495030895003078e-01,9.895928683488448563e-01,-5.388098111014697489e-01,-1.966593776725789056e+00
0.000000000000000000e+00,2.380748423271328296e-01,-3.207302555741206262e+00,6.883191086998747821e-01,-1.165794854470511899e+00,1.842543388164406881e+00,-5.818315600197556670e-01,1.971174066952746884e+00,-2.046878040367907658e+00,1.780288285320062780e+00,1.959543063444218358e+00,4.547177816300969067e-01,2.947060772364350711e+00
0.000000000000000000e+00,-9.151856156168848289e-01,1.103464958980346022e+00,-8.319226840924318633e-01,-4.439177347507651250e-01,-1.926920745362273202e+00,-1.400655947950172786e+00,1.690309511247643837e+00,1.032027407780846673e-01,1.108872789510216395e+00,2.980279642620260905e+00,-1.235140850272573809e+00,1.754387136533111846e+00
0.000000000000000000e+00,-3.079922311333205265e-01,3.438293334283232916e+00,3.126682743374408879e+00,1.996872619617353406e+00,1.776521950154263507e+00,-1.692026321458316662e+00,-1.534742556444899098e-01,-3.034057893816106244e+00,-4.383727331053699494e-02,2.719669575304590303e+00,-1.669364050279835476e+00,-1.482503316214683231e+00
1.000000000000000000e+00,-2.622531528265306555e+00,2.760149108775980409e+00,3.274989520305509938e+00,7.686694690578339539e-01,-6.423689738977942376e-01,-2.506583304304689008e+00,9.695128306254885420e-01,3.360760456800008011e+00,-1.166896695785620608e+00,2.233820894584168659e-01,-6.400679906201636182e-01,-4.137337322711766019e-01
0.000000000000000000e+00,-1.593548293300210084e+00,-1.069181165809907519e+00,-6.343790314283273002e-01,-2.204360983185477796e+00,-5.584798920583882165e-01,-3.456054561486863186e+00,1.593911521726267821e-01,-4.970219043958913341e-01,1.611913412611306384e+00,1.336397896319992062e+00,-4.849835183523394377e-01,2.451565425071272397e+00
0.000000000000000000e+00,-1.751935810059688681e+00,-1.872050869360774916e+00,6.796976548481874492e-01,-4.176676677189595566e+00,3.571814406366907058e+00,-1.596130113309766507e+00,1.530576143475439466e-01,-6.849249178087766232e-01,-1.796542238251587431e+00,3.380123501087650695e-01,-2.233697650682172409e+00,1.221903402106835568e+00
1.000000000000000000e+00,-3.758098231351637342e+00,5.585096893021327169e+00,8.424313372877663131e-01,3.934483502685967582e-01,-2.306682260763524006e+00,-2.794247593226382609e+00,-2.551547952264992869e+00,-4.896766836074051277e-01,1.527156250188515418e+00,1.310249579670989206e+00,9.930496289562527057e-01,-1.911938574808539570e+00
1.000000000000000000e+00,-1.807566830915141587e-01,1.324189632033233366e+00,2.628157720001935260e+00,1.315334017308120496e+00,2.133912399429215512e+00,6.249360184375591931e-01,3.203547461738906588e+00,2.012802653150564947e+00,3.447070313840094880e-01,5.987302099188326343e-01,-6.669094236912017637e-01,-1.631818387052891950e+00
1.000000000000000000e+00,2.359442940077625117e+00,-6.420685892362200109e-01,2.103078611213641258e-01,5.023293119462539202e+00,1.371592141104404750e+00,-1.726190490214411177e+00,2.894634969866227259e+00,-4.148655143978530191e-02,-2.573622940507664936e+00,1.495345106490018505e+00,-2.884441230932642597e+00,-1.582209813951046318e+00
1.000000000000000000e+00,1.523934619075737906e+00,1.889582453263742634e+00,1.278959779693794374e+00,3.179483161351159826e+00,2.628443816402904476e-01,-2.775527029283291647e+00,3.458726064838432146e-01,7.209671088599951538e-01,2.417417548614487544e+00,-1.893539023493606699e+00,-8.439069232180856917e-01,-2.799515266392747392e+00
1.000000000000000000e+00,1.170810568484037084e+00,2.378089185385455107e+00,2.226329640096324169e+00,4.332191595523539718e+00,1.141585731452851693e+00,-3.216395278234903898e+00,-5.864956535478738076e-01,1.552443218089732069e+00,-1.739145160038487958e+00,8.075432123723701450e-01,-1.430737492858677351e+00,-3.711217586966647275e+00
1.000000000000000000e+00,2.626274905719917285e+00,-2.556147320001307399e+00,-3.674043283982251218e-01,2.455378337298696589e+00,2.482421798752173281e+00,-8.161317285727376358e-01,2.468643437469770774e+00,-8.061684134913473798e-01,-3.694754077926086566e+00,1.583754958403656321e+00,-3.591309649912391766e+00,-6.644060214600877590e-02
0.000000000000000000e+00,-3.113646871372277580e-01,4.033051557260169950e+00,2.019466826768286705e+00,3.157667254632106957e+00,1.039673803725430279e+00,8.242105225401001878e-01,6.079369796466602693e-01,-1.820883948135197938e-01,-2.924113327950040642e+00,3.501760940876928796e+00,-1.444949094565745495e+00,-2.992657493504344846e+00
1.000000000000000000e+00,5.698051709612630411e-01,-7.292127652810991290e-01,-1.477635154015104479e+00,-3.668280861154569195e+00,-2.132578144866831282e-01,5.630623947282612507e-01,-3.606195306579483173e+00,8.743982246279393689e-01,-3.167073571886222183e+00,-8.780257027738325171e-02,-1.239470777988182393e+00,6.523168465968223195e-01
1.000000000000000000e+00,-1.030280135372514394e-01,1.751482715259526257e+00,2.558113412432230227e+00,3.219846841067698584e+00,3.380987890288242870e-01,-2.691640772397013492e+00,5.738025967398203697e-01,2.590003276209605687e+00,-2.653959139996430405e+00,2.661972339979895352e+00,-1.074341889339994527e+00,-1.526117975821404071e+00
1.000000000000000000e+00,2.569126027594658801e+00,-2.999579199240888450e+00,-1.375844679669276260e+00,-1.974224955561958206e+00,3.509175689926963049e+00,1.795581698230488410e+00,3.556681867482630599e-01,-5.143890562501685082e-01,2.946738445293828335e-01,4.614242589452081100e-01,-6.455582096548555526e-01,-5.877241130866082131e-01
0.000000000000000000e+00,5.905858352570092507e-02,4.069307790086277299e-01,-2.331419378572068268e-01,-3.333940844010366167e+00,8.362573576294669575e-01,8.100265492484859386e-01,6.594428893674505465e-01,-1.922591351157345585e-01,2.990790232337609655e+00,3.858484738972392414e+00,7.049692634589010964e-02,1.157622592910527271e+00
1.000000000000000000e+00,9.162773621713269367e-01,-4.144633180431156028e+00,-1.314252264123860758e-01,-4.636000947716052423e+00,3.016531590649889516e+00,2.161268147682153806e-01,1.337012284217828473e+00,2.035675033951339863e+00,1.866519270263385266e+00,2.995106318622838160e+00,6.315008845169449714e-01,2.346038428802552644e+00
0.000000000000000000e+00,-4.153596726942785367e+00,1.131339949607098161e+00,-2.448479322438800843e+00,-5.396513885504558239e+00,-9.157907531359525954e-01,-4.169369877782269640e+00,-2.338365812142588762e+00,1.232895989342663867e+00,-1.844352428091466933e-02,2.031355223373211949e+00,-1.180802057313067088e+00,7.984720679410781674e-01
0.000000000000000000e+00,-5.049258000339693631e-01,-4.887955328510654174e-01,1.919464249047605264e+00,-1.481502523453258835e+00,5.546836576313756151e-01,-2.453481069731836328e+00,1.505893814465040448e+00,-1.245704917157825609e+00,4.064407318113484102e+00,2.116181607199373982e+00,1.696085752340972252e-01,2.691303448033774970e+00
1.000000000000000000e+00,-4.304358004439243768e-01,3.585468114828814556e+00,-2.620868734959473922e-01,-4.208806339161117904e+00,-1.271466091327693171e-01,7.302460398776162709e-01,-1.883186700305316874e+00,-1.546404299423246309e+00,2.046858898311293196e+00,-1.513068110638590369e+00,-2.501063001659058038e+00,-5.682000709260458526e-01
0.000000000000000000e+00,2.674116539118629454e+00,-2.629371912605920514e+00,-5.012148608262112504e-02,-8.088472981432524023e+00,2.436935587681073656e+00,3.151237296361096618e+00,-3.256718588330815400e+00,2.679204615708599135e+00,-9.922068193237254530e-02,1.624449321574674476e+00,-1.267075308342778817e-01,1.990141693309555926e+00
1.000000000000000000e+00,3.904252690959997718e+00,-3.144994685329424167e-01,-3.990918676595094361e-01,1.577741873292593855e+00,2.294507592052275946e+00,6.212251931572954078e-02,-2.220086662881752826e-01,-3.297175005398709224e-01,1.282573518703883586e+00,1.463349420185338978e+00,-8.563229018150549932e-01,-2.554272748978225316e+00
0.000000000000000000e+00,1.642396136586206534e+00,-3.433219462220660212e+00,-1.606622104178268451e+00,8.710169327691876795e-01,-1.076211548473473112e+00,8.105633442439095226e-01,2.772519256971225587e+00,1.604823077393144004e+00,3.689693515905473564e+00,3.220302329512627626e+00,3.218876548458823983e+00,2.168264727462122288e+00
0.000000000000000000e+00,-7.006953111320524119e-01,-2.562437135379968645e+00,-1.090501570345563387e+00,-4.439504083732099260e-01,3.831631195335434281e-01,-1.030699449929004530e+00,1.316030931760232559e+00,-1.537791200313019191e+00,2.215961930254977119e-01,2.647616347779305990e+00,4.743672649244543571e-01,2.292477850820562324e+00
1.000000000000000000e+00,3.071896097830386640e-01,4.168047764525240950e+00,-1.680998456705334654e+00,-5.364038305355182779e+00,5.759020071678586650e-01,2.410532667579848187e+00,-1.130379920922616854e+00,-3.617934813655460768e+00,4.932642128577087171e+00,-3.593910394843250700e+00,-3.295112464594896373e+00,-1.451008494107946634e+00
0.000000000000000000e+00,-1.797124820337973716e+00,-1.127825397463077195e+00,-1.585196328699756130e-01,-4.414807867034131056e-02,-6.812048323426966867e-02,-2.304404437716224052e+00,9.319599425558729999e-01,-1.096252417878219809e+00,-3.317586899288520463e-01,-1.217728046018995425e-01,-4.454576471856844799e-01,1.501098504245117038e+00
1.000000000000000000e+00,2.467559368147709264e-02,2.769193447145224418e+00,-2.080285716633780702e+00,-1.304367326791192161e+00,-2.781932063633629770e-02,-2.497583275611769515e+00,2.722539232859224612e-01,-3.220138993337747779e-01,1.912256054427315055e+00,-3.767449470614484763e+00,-4.508277069621717814e+00,-2.477856766906212371e+00
0.000000000000000000e+00,-4.056943008402305040e+00,3.675335214047095178e+00,-1.728095788880660955e+00,-3.168097144296119883e+00,-1.381225001537508046e+00,-3.212603498157371895e+00,-1.356154721332675894e+00,2.540912947124807086e+00,6.343126891523220845e-01,1.948602284789563877e+00,-8.771312284477610355e-01,-1.500237196801758266e+00
1.000000000000000000e+00,1.088364669051542055e+00,4.429703500205992128e+00,1.396297207094033155e+00,3.638989664716106631e+00,1.328155646574657789e+00,2.428235890890756643e+00,4.506803252971147700e+00,-2.549211748746502693e-01,-1.642476321843037157e-01,-1.234569261310736188e-01,-3.717209747510180406e+00,-3.612438213435279266e+00
1.000000000000000000e+00,-1.986135832909033949e-01,3.304469127256397520e+00,2.337061965115153406e+00,-6.689964505388355853e+00,-2.082244566038754519e-01,-7.720522952185182586e-01,-5.297721220134918418e+00,-8.139701357769733026e-01,1.581145378407902147e+00,9.146939199066903559e-01,-1.474356313889461312e+00,1.639882287834395491e+00
0.000000000000000000e+00,-2.827283993204375179e+00,2.193753625893072323e-01,7.835594146857893794e-02,-1.603874168383363275e+00,2.487552236587647236e+00,-6.195336807591025341e-01,2.613344872589284940e-02,-4.363604891192706781e+00,-3.594452933622832802e+00,6.543436427606440509e-01,-2.793936200717594076e+00,5.250183102148768821e-01
0.000000000000000000e+00,1.445429650550954737e+00,-2.557586530349427179e-01,1.359212021201731790e+00,-2.353543089657129939e-01,1.918208228191344400e+00,2.744612128816050323e+00,8.222150099727199013e-02,1.053960355193385379e+00,-1.265186789570403425e+00,3.475311015637708056e+00,8.195303043168795654e-01,-4.861831850314661807e-01
1.000000000000000000e+00,-1.584134566488570206e+00,2.279280437974279039e+00,-2.485864550693883679e+00,-5.878552633475299771e+00,5.424687220164321477e-01,1.790804739773182774e+00,-1.363363517046025875e+00,-2.595363233069942765e+00,2.670573017949786188e+00,-2.266803952421123647e+00,-1.943378493360523596e+00,-5.160017250867554583e-01
0.000000000000000000e+00,-9.701061235929097082e-01,1.675140028848381979e+00,-4.146145610221929623e-01,1.268826790120130443e+00,-1.825294283040181487e+00,4.384863344336105140e-01,1.085591874402349388e+00,-1.953828272234555907e+00,-1.099316188329221955e+00,-4.133092795038382228e-01,-1.580350086612195337e+00,7.314389752942528355e-01
1.000000000000000000e+00,1.046623824850342332e+00,-1.737014844691886939e+00,1.028663216061386443e+00,2.583403733896681320e+00,1.940389280011000084e+00,6.622727140888347019e-01,1.808665990139362023e+00,6.400694103086773667e-01,-3.029609171160955849e+00,1.426040274208887348e+00,-2.980627465202254633e-01,-5.191212266509563911e-01
0.000000000000000000e+00,-2.129170694091645721e+00,1.130068399782228283e+00,1.091713140078021338e+00,-3.869365126170427605e+00,2.817833902298982451e+00,-2.149690515191475360e+00,-8.910862109671622289e-01,1.513162221298877785e+00,2.615671967504793027e+00,2.325499582428679268e+00,6.287818753838820829e-01,-1.320629462706146562e+00
1.000000000000000000e+00,7.083843232866737782e-01,-2.914027901767812345e+00,5.402417513636602608e-01,2.569116234620898997e-01,1.782456491834631063e+00,-3.177935163703434096e+00,1.616652605099350160e-01,2.284290867831026972e+00,-1.162616412748217032e+00,2.284032875582601818e+00,9.313321608947111585e-02,4.013752202441605021e-01
1.000000000000000000e+00,-1.285633933597397860e+00,2.835984037035527816e+00,-1.175644595634437239e+00,-6.501939056658850191e+00,8.566565055826378394e-01,9.778291586451243189e-01,-9.963644412094021519e-01,-3.502959725376912914e-01,-2.719614879278027253e-01,-2.109690890299945387e+00,-4.713410694218429065e+00,-2.450791006046011411e-01
1.000000000000000000e+00,-1.078585204791754570e+00,3.249252761995000682e+00,5.050486657919397437e+00,1.317026834802450974e+00,1.681362809565880134e+00,-1.506782089121514234e+00,-2.658614862483885677e-01,3.559212526525798559e+00,-2.066167675398974390e-01,7.767585098596814230e-01,7.170234752112307763e-01,-2.630522918581649883e+00
0.000000000000000000e+00,6.405489766154492948e-01,1.548750043815614097e+00,5.076749474488709168e+00,1.250027449279346448e-01,2.291685400468180589e+00,-6.467260411948745347e-01,3.095221952647914332e+00,-7.002825685633472519e-01,3.096311830906147922e+00,-1.775345080157174849e+00,-2.042249266037343247e+00,5.999901443528210532e-01
0.000000000000000000e+00,-1.537949334349100194e+00,-1.425427431056524252e+00,2.290922477220739495e+00,-9.096528915772758017e-01,2.704780383066542448e+00,-2.386775654145318448e+00,1.200936626900427351e+00,-6.203906755849164512e-01,1.788065648922144701e-01,-1.212585492324342873e-01,-4.016823687485133743e-01,9.319728695539689634e-01
1.000000000000000000e+00,1.664257124921696640e+00,-1.600578881842149581e+00,7.378809991794760270e-01,4.173803816901994423e+00,2.918181808699406021e-01,-3.288811344930008929e+00,4.034308320227756539e+00,-1.552292863903510511e-01,-5.132124216736412059e+00,2.774124475357747865e+00,-5.318159267767855525e+00,1.810598905448580709e+00
1.000000000000000000e+00,4.713284488225936819e+00,-2.563491481996767352e+00,-1.697783695886582844e+00,1.230969427939288208e+00,3.408268754245198817e+00,3.802997396450985335e+00,1.108888224896702246e+00,-2.293478630848666544e+00,-5.304746917366698344e-01,1.002913989444923049e+00,-1.062403169542489367e+00,-1.630212708882138095e+00
0.000000000000000000e+00,2.160090232451874925e+00,-8.554249847265679163e-01,3.547536820456792528e-01,1.276531668050072454e+01,-2.292784643026935854e+00,-1.392373020007584561e+00,2.286930374660276932e+00,1.565734629334850858e+00,-6.447731091972668693e+00,7.800811433356784619e-01,1.029373108830828887e+00,-2.870113978270713240e+00
0.000000000000000000e+00,-1.246409386166615230e+00,2.353124302171214488e+00,3.737271319157402516e+00,-7.648663817896445005e-01,3.465547089479043219e+00,1.098259341665993372e+00,1.455779721619614442e+00,-3.337376641822371148e+00,-1.011132753961683228e-01,1.213493116254506399e+00,-1.842306926102491360e+00,-3.197283438722116067e-01
1.000000000000000000e+00,-8.915970642315860228e-01,2.957797790739152277e-01,2.340428380268523068e+00,-2.324714607576003456e+00,2.133106801179624590e+00,6.741035425496644251e-03,1.025118781930365763e+00,3.222370796343232424e+00,2.295303169438954516e+00,9.985155581223461585e-01,1.276411847271371247e+00,-5.330980442790798079e-01
0.000000000000000000e+00,1.799501194176683416e+00,1.461872929747262129e+00,3.204103602630009595e-01,4.668608543048760495e+00,-1.039286689882875869e+00,-3.387858775388334909e-01,1.198354772424274906e-01,-1.809273047194297490e+00,1.346476525959270365e-01,2.575339205782082530e+00,3.214454977560663451e-01,-1.134139024310953703e+00
1.000000000000000000e+00,-6.303582150564048803e-01,1.129769077301751024e+00,3.312383781951798722e-01,3.599898483548549688e+00,-1.437965822246027869e-01,-3.586222056343481013e-01,3.249233913895591019e+00,2.029780198037870464e-01,-3.782958333555716646e+00,-7.309313509527328723e-01,-3.156976982584463798e+00,-9.694720102075481405e-01
0.000000000000000000e+00,1.224752290750142247e+00,-6.303722633240524953e-01,4.110203083753708242e+00,-8.535421049295535134e-01,1.343651919536610784e+00,-9.715277712089254170e-01,2.078028003946037039e+00,-2.408518532699464920e+00,4.594304769375341380e+00,-9.374281535716855185e-01,-5.590418226658709910e-01,3.089287800270331452e+00
0.000000000000000000e+00,-3.054772577653052767e+00,3.243278679240675810e+00,2.551979502937080646e+00,-4.988703672234255038e+00,3.686674250477322445e+00,-2.712610942531616498e+00,-8.409646255808620463e-01,-9.682448477450265045e-01,-1.034896398374263171e+00,-1.005166021197445136e+00,-4.735872887158176781e+00,-1.078311061628713929e+00
1.000000000000000000e+00,-1.001406455259148176e+00,1.641227497923759326e+00,-1.313990385753768919e+00,4.816633042155010536e+00,-2.737565820180038134e+00,1.484423639252891558e+00,4.112191753973298169e+00,2.036226859632769504e+00,-2.481079077450927262e+00,-9.271875656227080986e-01,-8.871007440634189889e-01,-1.317756766314700290e+00
1.000000000000000000e+00,-2.471057130719230166e+00,8.218981478981893574e+00,3.169747791844800044e+00,8.208497902033789373e+00,-1.062545020831539233e+00,-1.732841966060983729e+00,4.167898233370975092e+00,2.129449030637569962e+00,-3.076875479933694368e+00,-1.914217780107453137e+00,-3.895979022574028061e+00,-6.178724827539644693e+00
1.000000000000000000e+00,1.621322270614417027e-01,-2.877459955841822570e+00,4.076943199770743931e-01,1.849390274236174081e+00,5.734860495648776979e-01,-2.554653114896154875e+00,-1.321922984424142467e+00,1.694876436309086021e+00,-4.120042803675916687e+00,1.903629509816403331e+00,9.000745798198293013e-01,4.060488649846552001e-01
0.000000000000000000e+00,7.826929583875353869e-01,1.495030747845335739e+00,2.222314443909537474e+00,3.813397873059057197e+00,7.158029909073244657e-01,-4.914537069911864009e-01,1.754098088678777145e-01,-6.760044413481223202e-01,-3.211003396184686665e+00,-2.511836192867085149e-01,-1.620073680539085181e+00,-1.653906401078892419e+00
1.000000000000000000e+00,7.150205241648832644e-01,3.309858936378892391e+00,-2.897566345221957995e+00,-4.335963472631743088e+00,-9.974887452989578129e-02,1.227214357916625476e+00,-3.740641176528137990e+00,-1.124548737496615658e+00,6.188770863354342566e-02,-2.910688594706806853e+00,-3.491717377337395511e+00,-2.558094816038243735e+00
0.000000000000000000e+00,6.553950131524102218e-01,-2.023699777113695530e-01,1.286815800576967206e+00,8.707753968545669521e-01,-6.172401355032297587e-02,2.133620098575090829e-01,3.048230276409848560e+00,-1.830355062299836355e+00,1.329664427955780548e+00,1.111869118611188423e+00,-1.323036317668654149e+00,2.217793997800249883e+00
0.000000000000000000e+00,-1.206233982139706784e+00,9.067591281813494053e-01,5.741412765500496285e+00,2.513330898724054130e+00,4.887211230541165241e-01,-2.883601831510087976e+00,2.129147849912405910e+00,-4.563857304205951593e+00,3.804890505222784380e+00,-1.146795403281145376e+00,4.426800300089246409e-01,2.784288186065619009e+00
1.000000000000000000e+00,-1.091129931896948291e+00,2.980546337935413792e+00,-1.328063726401639943e+00,-4.570865666462114341e+00,-1.330487406277445217e+00,3.250091206537285782e+00,-2.643111796589001194e+00,-1.161225372549569590e+00,1.418992926740756388e-01,-7.205649246842120714e-01,-7.910236947447920608e-01,1.480172832148054507e-01
1.000000000000000000e+00,-2.001685107967875688e+00,2.257654440841638799e+00,-5.911255537576414198e-01,2.767007015756202559e+00,-2.897179728812699473e+00,-2.078611729771246086e+00,1.705001444850702264e+00,5.112268896226921377e-01,1.466533278232899917e+00,-8.582313973959174724e-01,1.467507191508163888e-01,-5.411924096325269051e-01
1.000000000000000000e+00,-1.730675916477284471e+00,-5.036481390045786988e+00,-4.644818586696424667e+00,-7.339808717657226644e+00,9.710898308162081438e-01,6.249890123887029691e-01,1.021118460763779101e-01,1.946826184523237302e+00,-1.462286070868788368e+00,-9.093310865922024089e-01,-8.163558559648486090e-01,2.872736067023986095e+00
1.000000000000000000e+00,-1.935189768527042053e+00,6.943136996030701447e+00,-7.001164924045515381e-01,-1.678436101109137324e+00,2.782459308829268174e-01,2.229934615091734962e+00,-5.442582823382829948e-01,-5.222571375410500316e+00,4.082800420018481091e+00,-2.627194525314707541e+00,-2.261672273360760599e+00,-3.547658893557061877e+00
1.000000000000000000e+00,4.461139540655162383e-01,3.205712062176370725e-01,1.839799911312725023e+00,-5.061672811693392754e-03,1.403011895863480962e+00,-4.639061800582802597e+00,7.073207801173766462e-01,1.742476686135105091e+00,-9.488055065299352275e-01,1.057706132587341141e+00,-3.482910769605404244e+00,-6.576328253258767464e-02
1.000000000000000000e+00,-2.443199808166425235e+00,2.215088816865566024e+00,-7.957954589410720647e-01,4.334798251234703304e-01,-7.978904262290055227e-01,1.818809552031358745e+00,3.796674141049227735e+00,1.958978228335621186e+00,-1.169794094728039635e+00,9.757160800087794073e-02,-1.401156282460713109e+00,-9.352621268339305072e-01
0.000000000000000000e+00,1.270787000014944601e+00,3.627770861103629230e+00,3.983947878406173260e+00,2.420645663172171780e+00,9.832329477223720193e-01,7.276871830101399041e-01,1.297999103357520223e+00,3.586200631330869193e-01,-2.069990122721544701e+00,2.651553726422702262e+00,-2.637803164010736001e+00,-1.194897124445301273e+00
0.000000000000000000e+00,-1.651852617687646241e+00,-3.055551507938555122e+00,-1.665337110887120886e+00,-3.086652096321884198e+00,1.572553957845662431e+00,-1.402730345949983137e+00,-5.012070308804519314e-01,1.551843966736152769e+00,2.138695079849855851e+00,2.790862084758962691e+00,3.178204262356622678e+00,6.139020328481449296e-01
0.000000000000000000e+00,-1.503662693193972277e-01,2.633714526325221073e+00,-5.506221893956140256e-01,-6.675356249151672472e+00,1.680171072835552559e+00,1.132792488599820846e+00,-3.347416027412908335e+00,-1.309202373189997770e+00,8.838549079341606607e-01,1.517099443713494811e+00,-2.426252793925510964e+00,-4.231972228931900615e-01
0.000000000000000000e+00,1.681423928937598511e+00,2.373628295952359579e+00,-1.059925062804730977e+00,3.570225525336252481e+00,-5.972394217614800382e-01,9.517234617738732361e-01,-4.661855744562077852e-01,-5.189858758046876908e-01,-1.185720121574424191e+00,2.297782500409944362e+00,-4.758628335751065030e-01,-2.950089383886210115e+00
0.000000000000000000e+00,-2.971988356284782640e+00,2.928435234450569524e+00,-6.251781191691496709e-01,-2.503563529216804806e+00,-9.531797507869099739e-02,-1.142019290141217169e+00,-1.595570498077691912e-01,-2.837692708814019582e+00,-2.770509070204234536e-01,2.820944688019550561e+00,-2.386388770335245990e+00,6.080911288087755828e-01
1.000000000000000000e+00,-1.617524336963582332e+00,4.307963381123749436e+00,6.935520717219096909e-01,6.811535511286832545e+00,-3.458976008509538236e+00,3.329444314062099064e+00,1.520906865256360874e+00,-3.339972184707208136e+00,3.009798876693787761e-01,2.989954595596711062e-01,2.898842428577292019e+00,-1.635113660955482384e+00
0.000000000000000000e+00,-4.216436980077327590e+00,1.054098309337499151e+00,1.983435428561508562e-02,-7.986811311067699037e+00,5.838164589199287491e+00,-1.247275932883362914e+00,-2.579907510157617434e+00,-4.445973621999887992e-02,-1.283105184969874468e+00,3.368417198705513371e+00,-1.424476749396567765e+00,-1.958185535799445542e+00
1.000000000000000000e+00,-9.906483660453007101e-01,5.090144891933681137e+00,-1.583202310365837473e+00,-6.816957880592814156e+00,-6.734106892644868836e-01,2.068434438720767155e+00,-5.518678453445420296e+00,-2.973560966203035782e+00,2.301123444599009193e+00,-1.679857766225150595e+00,-1.697483849247401810e+00,-1.285108932733604048e+00
0.000000000000000000e+00,-2.330888498743501458e+00,1.052103233867511145e+00,4.145109215456469487e-01,-4.064448368626500496e+00,4.027391293363554503e+00,-1.445972811461432306e-01,-1.976794646001429623e-01,-2.637419344541267030e+00,-3.308089636528893429e+00,9.024514502066705024e-01,-4.128659287334937922e+00,-5.247598525715209128e-01
1.000000000000000000e+00,-1.689687218726242612e+00,7.500784358458389534e+00,3.213970214573431683e+00,3.783198804095015966e+00,-1.931067752956381334e+00,7.141560893393550380e-01,-8.284067040482506750e-01,-2.111716745545284546e+00,6.844902856754951914e-01,1.378762789991732518e+00,2.627267224184921535e-01,-2.800206902942301568e+00
0.000000000000000000e+00,-3.636272338027126239e+00,-1.273814916050376223e+00,-7.787624855466848128e-01,-3.759130288830212496e+00,1.416849794585434363e+00,-3.825877129965509216e-01,-2.475595136718837352e+00,-2.271423375464400429e+00,-2.823111803326979974e+00,-1.371908018759123493e+00,2.190781952887130846e-01,9.862779445651934651e-01
0.000000000000000000e+00,4.104614753658053949e+00,2.623346910215763828e+00,1.569823820285144444e+00,3.596437129433471824e+00,3.056805995988359781e-01,2.314354214023286893e+00,-3.222506750052245295e-02,2.300201625352973789e+00,-2.769968712002417455e+00,1.678221860118266573e+00,-1.994895364503028290e+00,-3.122744675482867827e+00
1.000000000000000000e+00,5.718931297501095301e-01,3.005110837199246543e+00,-1.876589853294584831e+00,-7.548319448658819653e+00,-1.180325727603955599e+00,6.788825036026738813e-01,-5.979639045570239730e+00,-4.095373282088711209e-01,2.222382700708312342e+00,-1.515711862554399492e+00,-1.733130875102340207e+00,-9.720118564650603865e-02
1.000000000000000000e+00,2.000736393560909931e+00,-1.699818267541493455e+00,3.442251128642237479e-01,1.662594632569052155e+00,1.360388783064952811e+00,3.382751150630292081e-02,1.343010174833730197e+00,2.061116209664025645e-01,-1.714621448619054300e+00,2.342498904430865281e+00,-9.316028824865980607e-01,2.215649333847153901e-01
0.000000000000000000e+00,-9.897676835397088979e-01,1.912121098253424689e+00,6.521307811453257441e-01,3.005131377402627257e-01,1.064610734930237612e+00,-4.579022879048300076e-01,-3.050493049571545434e-02,-2.574633504816932206e+00,4.930869788740510629e-02,2.820680812829352568e+00,-6.851736072707543812e-01,-6.448344434396886538e-01
0.000000000000000000e+00,-7.926563486196642749e-01,1.610843315991172142e+00,1.321915012306440484e-02,-5.826141713230096331e-01,-1.480664200734378433e-01,2.430529088798500048e+00,5.889578823654511019e-01,8.385519618941059683e-01,-3.171920523389534896e+00,2.008827096776357291e+00,-1.255785718886642144e+00,-2.197324736870169826e-01
1.000000000000000000e+00,1.450830988907295227e+00,9.059393886376984617e-03,1.797054528295389808e-01,5.215806389405106103e+00,5.891036490627354905e-02,-2.677260055907298764e+00,3.237378487730157017e-01,5.293673930264639615e-01,-2.994154902676539720e+00,8.837090741782130943e-01,-1.248777962108399642e+00,-2.077608581562083057e+00
1.000000000000000000e+00,7.760718702096269794e-01,7.548041839880832438e-01,-3.510748146985689822e+00,-2.672721361834633935e+00,-8.412279597347943616e-01,5.495252955836613662e-01,-1.083852868709968220e+00,-1.095240587986608505e+00,9.760741556024838950e-01,-3.834461757073604815e+00,-2.806796036183875742e+00,-8.416859267394314337e-01
0.000000000000000000e+00,8.540445734436374892e-01,-9.949418448354171440e-01,4.054533059658814720e-01,-3.642006536962133723e+00,2.799518239467474245e+00,5.179253467693296642e-01,-1.554163334533097629e+00,7.864752617240846622e-01,-4.390861850838625458e-01,3.908928727730526465e+00,-7.109858267030511048e-02,1.712441093697587569e-01
0.000000000000000000e+00,7.467018117652494125e-01,1.665920926215262998e+00,-1.371682643502283749e+00,2.408241543516526750e+00,-6.189332858491538580e-01,-3.904011655562176220e-01,-1.968900269550097226e+00,3.536449927937368454e-01,-2.949495228033274241e+00,1.171798645277199347e+00,-7.404596222408268424e-01,-2.777251480001810435e+00
0.000000000000000000e+00,1.073541385267468895e+00,-2.034944823607225839e+00,1.725486972164188559e+00,-1.081005821779886800e+00,1.603204295509844446e+00,-1.027520234578398473e-01,-1.692307283598954548e+00,-3.591301223418194244e+00,1.553148782391593485e+00,-4.323869601198349066e-02,1.288208489009408098e+00,2.011425841357109778e+00
0.000000000000000000e+00,1.267823567418435271e+00,2.934749254251582951e+00,2.822249587596044940e+00,-2.339449037083045357e-01,1.781609902418404001e+00,-2.250287005171671684e-01,-9.757448801211577871e-01,-1.594415007707047360e-01,-1.205741795300899089e+00,1.703454799491030069e+00,-2.669149005574444011e+00,-1.439342545083530434e+00
0.000000000000000000e+00,1.323379008239696120e+00,2.590488324129995412e+00,2.404017372909639239e+00,-2.638349887005205119e+00,2.126374160355076093e+00,1.508793479469930476e+00,-1.764199393532824178e+00,-8.501922596667178533e-01,-5.646388363999725879e-01,7.247214994450883463e-01,-2.448194828214073304e+00,-8.324379309586826814e-01
0.000000000000000000e+00,3.140778029717425923e-01,-9.661916433687776973e+00,-2.911983464060686089e+00,1.568179224251110782e+00,3.129182785480421281e+00,2.720515209484399843e-01,2.216505238550728230e+00,1.117283590808405780e+00,-2.375401701443982994e+00,1.595388179777110338e+00,4.602169470859870160e+00,1.502457389008295507e+00
0.000000000000000000e+00,-6.870849353735486442e-01,3.838559869909810462e+00,5.590151926335713561e+00,1.748150824708462281e+00,-1.517902347483313985e+00,-2.993217129399521337e+00,1.843563166577645074e+00,-1.145418713466965333e+00,2.958612529487195886e+00,-4.610538801068873482e+00,-2.590638788142389792e+00,1.435969494374524702e+00
1.000000000000000000e+00,-3.077050586550740263e-01,2.035632649606328837e+00,6.918459907352891847e-02,-4.954632291842252234e-02,-1.304044979457334108e+00,3.365512171936256625e+00,-3.340113730599082675e+00,-4.100898721902237476e+00,1.213261835890023566e+00,8.966468671147056479e-01,3.124874386322635367e+00,-4.692236974230656887e-02
1.000000000000000000e+00,2.893956475271274087e+00,4.719193160157558187e-01,9.163127159369514052e-01,6.316294583216593317e+00,-1.203260758781024897e+00,-2.449538269756100561e+00,1.307020316018315587e+00,-1.951410343882471921e+00,-4.678268826909560474e+00,1.601849771841395986e-01,-4.521631074468947631e+00,6.693685966931273157e-02
0.000000000000000000e+00,-1.540652138434210450e+00,3.383107982466293517e+00,-1.321901364001916157e-01,-2.885885730320008502e+00,-7.488140646943490797e-01,-1.529654548010752180e+00,1.687265520856584544e-02,-1.005862541019262535e+00,1.118114939464417423e-01,4.721134776551627610e-01,-4.066259803283662322e+00,5.752883972029149140e-01
0.000000000000000000e+00,1.370351784182603616e+00,4.619499494619938140e+00,1.144511228428214622e+00,1.080561919260631942e+00,1.321501587426497260e+00,1.593056384029558181e+00,-2.533328411050650431e-01,-4.075704369952563022e-01,-1.643673512211877741e+00,1.913472941368128843e+00,-3.179235702298020882e+00,-3.475308707167373612e+00
0.000000000000000000e+00,-2.342061906160541440e+00,2.996455906865774121e+00,1.848974188597391821e+00,-1.493547623684948977e+00,-6.682942927675663558e-01,-2.681666170477564393e+00,4.815661313120075393e-01,-2.075895030991013357e+00,1.309053554502592975e+00,9.828792318598552624e-01,-2.383921290079628275e+00,1.596731736507135846e+00
1.000000000000000000e+00,-7.860490550132280818e-01,2.618364406337075234e+00,-1.229195662310343273e+00,-1.001699383926007547e+00,-1.223557944102580342e+00,3.183507674615675409e+00,-1.331087261624819273e-02,-1.329139315660800458e+00,-2.193416121751734504e-01,-1.182029221957330511e+00,-9.233027642641169486e-01,-6.660805266449020268e-01
0.000000000000000000e+00,1.236455494638182717e+00,3.593876097726246832e-01,1.987065396468135070e+00,5.833632170479088330e-01,2.405990975672284371e+00,1.651530529454881435e+00,-8.538456827898721624e-01,-1.728866105001593434e+00,-1.450123041874779251e+00,-1.300306320729198273e+00,-6.594926673243984849e-01,-1.318602139084829705e+00
1.000000000000000000e+00,2.941033366108342761e+00,1.102568664956778077e+00,1.679242175129361803e-01,3.886177902064826828e+00,-6.528310194460931193e-01,-1.600883045856020370e+00,1.394495080090979222e+00,-1.797449322553982487e+00,-2.182642237791278639e+00,2.434319365917781974e-01,-4.603648845507541054e+00,-2.846552545641940490e-01
0.000000000000000000e+00,-9.136631650852338193e-01,5.001133143997162023e+00,2.234783387755732598e+00,-4.392937874339884807e+00,2.209195117092119354e+00,6.802716913966112555e-01,-7.605180282024073257e-01,-2.071741222173010044e+00,6.008304774170905027e-01,2.739199195445154444e+00,-3.965685335922409571e+00,-6.750547996994815669e-01
1.000000000000000000e+00,8.368560399415111428e-01,-2.257921162019301597e+00,-1.753978862006295714e-01,-1.303367180606527009e+00,2.733472798839675200e+00,-3.119070908519706586e-01,2.491231085165663828e+00,9.899302370265244955e-01,1.549455088816096282e-01,7.647297291155829013e-01,-1.571018078511014382e+00,2.679617992062619525e-01
0.000000000000000000e+00,-2.388874293064462417e-01,4.298246957217969566e+00,4.362086698732547951e+00,-9.319201010817590003e+00,2.989745926533061482e+00,8.493039185335523600e-01,-1.809715694438077893e+00,-7.286583501227552606e-01,1.242317600849233816e+00,2.227372652782785067e+00,-5.205020857928918332e+00,2.049251095452236271e+00
0.000000000000000000e+00,-1.412800459831673461e+00,8.120080921489555292e-01,-4.915859426273234689e-01,2.222274108615018146e-02,-9.042738060024426705e-01,-8.472581574906088431e-01,1.694197609765308865e+00,-7.883960547421219323e-01,-8.512026498034259703e-01,5.869010709083519739e-01,-1.961041372317347431e+00,1.067188188922734149e+00
1.000000000000000000e+00,1.348830538794267841e+00,-2.135803437174786712e+00,-9.510913146578836574e-01,-2.540659092082546699e+00,2.561696620846166006e+00,-6.045655876047455468e-01,-2.265362944325075567e-01,1.726957971058811658e+00,2.845401880663100069e+00,8.937073804792251552e-01,9.087616567018854674e-01,-8.866035107683446492e-01
0.000000000000000000e+00,-1.186686137964120036e+00,2.551258631200047922e-01,-1.320765437170123402e+00,-5.290183677129464357e+00,1.844677938484880597e+00,4.113724400898242095e+00,-2.579172702497851688e+00,-1.823612485379257908e+00,-1.835920213680581892e+00,-2.029451132908570266e+00,-5.688641517435704120e-01,-4.066004624464740758e-01
0.000000000000000000e+00,-3.550388470684607167e+00,8.591196250462287409e+00,2.074355617023008413e+00,-3.827542434602297927e+00,-1.970096900780908822e-01,-1.852958741719640923e+00,-1.549491259297183898e+00,1.605874433171397886e+00,1.971933419129463960e+00,1.109783864359002559e+00,-3.178003779443834720e+00,-3.174742975783009236e+00
0.000000000000000000e+00,-1.328913214403630416e+00,4.197696022572274366e+00,2.942817623758258172e+00,-2.203384576698335540e+00,-3.510821118239784155e-01,-2.285677940554206256e+00,3.321428332107995152e-01,2.231088295950449663e-01,5.959117258271752426e+00,2.850168629181161428e+00,8.686326085214401971e-02,4.255883438350656078e-01
1.000000000000000000e+00,2.679340060460109196e-01,3.418035565816259336e+00,-3.851571380308970394e+00,9.813003505795240278e-01,-2.164169481551453167e+00,5.124209599540685112e+00,-4.507846147943350701e-01,-5.486579283009442420e+00,3.750902599355214750e+00,-3.915424266155155930e+00,7.200995419571867284e-01,-2.525300280312035461e+00
1.000000000000000000e+00,1.828811939945608200e+00,2.254369220130886475e+00,8.526367158259178236e-01,5.040366090153047374e+00,-1.155973877204658606e+00,-3.034163383215983778e+00,1.654893395143060220e+00,-1.025170822462833531e+00,-1.856348051605853477e+00,-1.113033530654987224e+00,-4.510566898589337015e+00,-1.202305971438086818e+00
0.000000000000000000e+00,-6.851010190812800715e-01,1.203045906335329152e+00,1.897758583635540619e+00,1.458710919736813771e+00,1.387083717385484416e+00,8.343656956883590547e-01,-1.513511591612703988e-01,-5.609931663775085120e-01,-3.018663856429695258e+00,1.088198004413805098e+00,-3.191357774992699126e-01,-1.186416753735925811e+00
1.000000000000000000e+00,2.243843374200893415e-02,1.095906349334213381e+00,2.132879615657734984e+00,3.962021325572156805e+00,-3.421511884828534189e-01,-3.783811983571373716e+00,-2.511166417322852062e+00,3.000898642876462574e+00,-1.750584746735165176e+00,1.496022074538306157e+00,1.919057238749353189e+00,-2.589921193329923099e+00
1.000000000000000000e+00,-2.023804973972838539e+00,6.777484677942186231e+00,2.453950988026750046e+00,-1.938889403491484975e+00,-1.977392547832100611e+00,4.568324074735283791e-01,-1.968012595276790400e+00,2.040502525039700199e-01,-3.913474054227146226e-01,6.978690166800309846e-01,-2.170149252346275315e+00,-7.533098645353510925e-01
1.000000000000000000e+00,-1.765810785007140726e+00,8.521037825175993285e-01,2.013788974723726533e+00,4.577062067392499323e+00,1.452676728609162637e+00,-6.340717015662227229e-01,6.500297332458342403e+00,1.343872481085364168e+00,-3.646492234359941520e+00,-1.140509940188570326e+00,-3.454387121331588428e+00,-1.260390844446590330e+00
1.000000000000000000e+00,2.005957702779036511e-01,3.534185889797343272e+00,2.347372978487791251e+00,3.965588117271089619e+00,-1.294967733097437623e+00,-4.161802783493056879e+00,7.971003255689645961e-02,1.294808349570277572e+00,-1.411595244683319983e+00,-8.117330373150988265e-03,-2.737633249973725036e+00,-1.768894539580819103e+00
0.000000000000000000e+00,2.763759123318244804e+00,1.020695323786028341e+00,1.093660799364725822e+00,-3.710737978362593115e+00,1.970955255558559660e+00,4.953798907793064643e+00,-2.028000443214488691e+00,-3.603247488024874379e-02,-5.263893275941899930e-03,-7.446411830911903174e-02,-7.350675051553883232e-01,-6.339020498965701744e-01
0.000000000000000000e+00,5.053835925436482857e-01,5.131127086420214090e-01,5.315749589544280784e-01,2.375762202262435618e+00,-1.762036132649916098e+00,-5.224554489488231201e-02,2.552489097777242311e+00,1.744307342452906084e+00,1.513798665341350436e+00,9.954524919166762853e-01,5.705601763951100303e-01,5.193889121289785304e-01
1.000000000000000000e+00,1.988472880156459954e+00,3.802786784877513426e+00,-8.139424139909665623e-01,-1.500360788133415113e+00,1.206184431139099011e-01,-7.873853656174403248e-01,-1.983930352436402034e+00,-7.116241990358225245e-01,1.386968462254226209e+00,-2.917833217618198915e+00,-4.282199156716521848e+00,-2.867235386817810650e+00
1.000000000000000000e+00,-1.058758613541156635e+00,4.573964433248480232e-01,4.245755580749333902e+00,-3.096345313613912076e+00,2.576603100433915383e+00,-1.400548094187140435e+00,-1.594385662685582350e+00,4.085698420871610281e+00,1.110040187144450297e+00,1.690722348890628224e+00,1.960266797982919140e+00,-4.040050950066566005e-01
1.000000000000000000e+00,-2.112436746020066813e+00,-2.121974861195641548e-01,-1.819193610565757790e+00,-7.948729787512852418e+00,7.393082269516657590e-01,1.079996825765134894e+00,-4.215998766500799189e-01,9.827255316954788267e-01,7.573849699150010384e-01,-4.008068161897057058e-01,-1.891196954976307687e+00,1.937857024162153330e+00
1.000000000000000000e+00,-1.507252734722232201e+00,7.705659206981659182e+00,-7.418390938733898654e-01,-4.157171805005311915e-01,-9.200948706586663528e-01,1.100931412483056704e+00,-1.710295759935041460e+00,-4.866259806943830313e+00,4.237726706752003025e+00,-2.808377484335769836e+00,-1.924525517968247001e+00,-4.114195060667787729e+00
1.000000000000000000e+00,-2.225263777139550037e+00,2.687546099123040655e+00,-9.118248795577930110e-01,-4.968613593829609876e+00,-2.587772099194340925e-02,5.873779201616333712e-01,-1.879617347967279972e+00,-7.140211345794830189e-01,2.650974939211709014e+00,3.139032705651245703e-01,-7.101329119047006255e-02,-3.133535026269129720e-01
0.000000000000000000e+00,-3.538405940330723087e+00,-9.265911319332664764e-01,-3.038485094587140001e-01,-7.022663286712371722e+00,4.303063697266454213e+00,-2.988084729963943253e+00,-1.780840582080416734e+00,-8.245516656234668229e-01,-4.853780366675046753e-01,2.166677033066330971e+00,-1.613226954452734008e+00,4.473178750716813035e-01
1.000000000000000000e+00,-1.179522097590268270e+00,9.495915280878113318e-01,-1.597241005780242862e+00,-6.194277621281940149e+00,1.946891341398890862e-01,1.533356403368216103e+00,-9.490201062821849165e-01,-2.817242078517514514e-01,3.298859976532481086e-01,-1.393785380782131655e+00,-2.483100246775451936e+00,1.084707512244088790e+00
0.000000000000000000e+00,1.117156875079106104e+00,-6.170051045997835715e+00,1.686152164801474118e+00,-2.044092735241700293e-02,3.338592476201774684e+00,-9.497423723232161219e-01,2.645187398719573313e+00,-2.923673923148599307e+00,1.640205298922355670e+00,-1.966707267784442159e-01,1.189225794967124106e+00,3.716320401447636979e+00
0.000000000000000000e+00,-8.455879008052960000e-01,-9.612140732909940644e-01,-5.729030824957503931e-02,-6.807364425526892804e-01,1.370309455771461238e+00,-1.367939568209026735e-01,-2.152565158932719047e+00,-3.907625137175403385e+00,-3.185596640338067553e-01,-1.716639664507268126e+00,7.561847024578733922e-01,9.501858189636180896e-02
0.000000000000000000e+00,-1.548712912930757302e+00,5.373724845421286922e+00,2.799322655571216512e+00,-4.580413740856611682e+00,1.476420043115826530e+00,-9.582989094318083989e-01,-6.366182258069907896e-01,-6.068886787095384427e-01,3.448827112221256819e+00,3.277077174052440700e-01,-2.986414718023924664e+00,-9.355991648162329533e-01
0.000000000000000000e+00,2.502716134649203283e-01,-4.370051082177680013e-01,2.594126647182823486e+00,-2.486268826862665815e+00,1.770035124545725758e+00,1.437877106467861044e+00,-8.523853033214019437e-01,-3.097257686621477379e+00,1.382519955054374083e+00,7.203640587646460425e-01,5.394188915077040569e-01,2.191693146013072191e+00
1.000000000000000000e+00,3.015035226554529935e+00,4.582837294293486408e-01,-5.197211626774642657e-01,3.188230100142437351e+00,-4.541271760103480215e-01,-2.051743248923318497e+00,-1.239098262942137652e-01,-9.856447908320924434e-01,2.690993930370622067e-02,-3.439345867011729396e-01,-2.317705900910234984e+00,-1.226226536826249935e+00
0.000000000000000000e+00,-3.280798252168219076e+00,1.540303870007980969e+00,-1.689982875558670994e+00,-1.460260241521078806e+00,-3.706126984285051940e+00,-5.002114359573801572e+00,-1.119210815317631003e+00,2.327691362609014103e+00,2.028477045928696043e+00,1.098868203519250519e+00,5.540745036731169471e-01,1.083634748295035255e+00
1.000000000000000000e+00,-4.041394178048840491e-02,-1.242389463071029265e+00,7.943097981865521184e-01,-8.169343066688721677e+00,1.477202956608612006e+00,1.237284406208074339e+00,-4.444977527190712152e+00,5.443823154193123681e-01,-1.327710702247566044e+00,2.230072621493987217e+00,-3.013651240742402093e-01,3.067448105226594279e+00
0.000000000000000000e+00,-1.358580323031247650e-01,3.201121605364154465e+00,1.639828247523243965e+00,-5.160322238153189356e-02,-9.139542717620856571e-01,6.168395574291662964e-01,1.334697094997387978e+00,-1.297971088070033696e+00,2.172387010222784909e+00,1.546829521167184529e-01,-1.515259797679516574e+00,4.458699253575112431e-01
0.000000000000000000e+00,-3.491001561966539102e-01,1.895546365549253487e+00,9.636001368066069439e-01,-4.177315140676642891e-01,1.146017589073971887e+00,7.606474953710700149e-01,2.078911561298079302e+00,-3.390906222860936126e+00,-1.729914950758812964e+00,7.188777615796617670e-01,-4.338538628012972964e+00,7.893460746539958661e-01
1.000000000000000000e+00,8.251310053099267794e-01,1.126943512853677776e+00,1.932684288374926229e-01,4.511618172835125673e-01,3.698075660526777275e-01,-1.162466011799170307e-01,4.832920046646668188e-01,7.537763438286998463e-01,6.537163947453383805e-02,9.134229788697981745e-01,-1.149202080838776174e+00,-1.066969380806779721e+00
1.000000000000000000e+00,-5.742682188376957431e-01,1.597354498605759288e+00,-4.639579922298134873e-01,-6.487048233294729904e+00,1.221342092379628763e+00,-6.643991146397334457e-01,-1.840883451032602647e+00,-1.156728047391074599e-01,1.412009384254799826e+00,-1.052654987961599398e+00,-3.248474264492923425e+00,3.539155183307485242e-01
1.000000000000000000e+00,1.445721971553183938e+00,-1.559075220554868801e+00,1.357053795450165579e+00,-3.217570730410894697e+00,2.273334484612563600e+00,-3.260094105029141875e+00,-6.067633312130136236e-01,1.437284148079833290e+00,5.399651415429218559e-02,2.072676427242357455e+00,-2.549109642356438776e+00,1.466927745979199837e+00
1.000000000000000000e+00,-1.349401203363160828e-01,4.485472546126500148e+00,3.153777296110296113e+00,3.563348097973568773e+00,2.965316453420197007e+00,4.439709067740738924e+00,6.843894616336607228e+00,4.420936315125079119e-01,-6.248998421169793538e-01,-7.150778168046836303e-01,-3.328483242710032375e+00,-3.843931025046973815e+00
1.000000000000000000e+00,-1.206756327321109490e+00,5.768367615695517259e+00,-1.426917277183931354e+00,-1.084910356279397092e+01,2.188487484087162649e+00,-3.224152356082410353e-01,-2.564675457226820221e+00,-1.903777620390057601e+00,4.287790731588001947e+00,-3.997660990646004109e+00,-7.193397204613238394e+00,-1.676638413697920882e+00
0.000000000000000000e+00,-2.417709411924317209e+00,3.066255904155988254e+00,-1.729571946198569243e-01,-3.907215570543119743e+00,3.374822720447945290e-01,-2.976020431958051882e-01,-1.026324780927001523e+00,4.459124876662783343e-01,1.676648780359322188e+00,2.134786687287901774e+00,-4.726201878048348348e-01,-7.208625378819619733e-01
1.000000000000000000e+00,-1.784835891466969748e+00,2.600465222488772099e+00,2.225076062936388599e+00,-5.530016377509401337e-01,5.113893837136413989e-01,-1.178287273381829259e+00,-1.384455613517950212e+00,1.195356031760855586e+00,-1.705235046685040334e+00,2.973921669250964239e+00,-1.134352166506136239e-01,-8.271662682695651858e-01
1.000000000000000000e+00,-6.133618098861284285e-01,3.861033859659084744e+00,-2.440899464103870820e+00,-6.036075090056528758e+00,1.428336312034668598e+00,1.254940451663718370e+00,-2.129280911001173227e+00,-1.822086162837702750e+00,2.455838395321548795e+00,-2.549770931589948830e+00,-3.656776737985120818e+00,-2.614258459314888761e+00
1.000000000000000000e+00,8.160065775335667571e-01,6.311846938322736023e+00,3.620332993414992373e+00,3.749214154008813082e+00,5.256515976952783609e-01,-2.221577512038811264e+00,6.424151495411460910e-01,1.247202802068532623e+00,1.448213318402666427e+00,-1.571485773540192366e+00,-2.915919949408746437e+00,-4.790014091999028167e+00
1.000000000000000000e+00,6.716075986994987090e-01,-1.529880031101603199e+00,1.636218462839605703e+00,6.845066115417148822e-01,2.913541134275245970e+00,-2.033082019111361882e-01,2.680524286161062086e+00,1.004800266719384938e+00,3.907953255662908187e-01,-8.667073682737180818e-01,-6.014355360188718969e-01,-6.690447669362755700e-01
0.000000000000000000e+00,-1.561134542486149357e+00,8.340463249308917304e-02,1.580605823618683292e+00,1.236628106905615532e+01,-1.033520212710357544e+00,-1.792488174507164800e+00,3.024993433302518575e+00,-6.172065766422005773e+00,-3.390024035424707982e+00,-2.708752593625630478e+00,1.478670899166437902e+00,-1.765859240751523229e+00
0.000000000000000000e+00,-2.053806527555619876e+00,4.849579217461590375e+00,8.133564485755093720e-01,-2.425560574659709090e+00,-1.219196165740870530e+00,-1.043377683676991907e+00,2.556315464400492621e-01,1.996979476308622825e+00,2.435189759127123210e+00,1.956499102920704170e+00,-1.393910855442935803e+00,-8.168559594990290051e-01
0.000000000000000000e+00,2.070988228711142298e+00,1.408641631774586678e+00,2.983582475221855823e+00,5.546278375526888738e+00,-3.334095718565999178e-01,-4.276674614649351724e-01,7.896630915173457055e-01,-8.956198211256198860e-01,-1.991156494036876889e+00,1.424929059694382216e+00,-7.355022722260591284e-01,-6.875724808103816921e-01
0.000000000000000000e+00,5.156348848149379105e-01,1.231195602848470960e+00,-9.661213252613496394e-01,-2.241263916439503401e+00,6.753564792596544741e-02,-1.283550444586659012e+00,-3.783994919139955559e+00,-4.838727026420945876e+00,3.701495084722278506e+00,1.000874678270459617e+00,3.685612642112787718e-01,1.688872607962470518e-01
1.000000000000000000e+00,-9.833379723410835549e-01,-8.094772861351993976e-02,-3.743587014960723547e+00,-5.488089623763436009e+00,-2.456859446190747809e-01,1.333204816402285608e+00,-2.445997637819389059e+00,-2.934930241760239644e-01,-3.636091325849537537e-01,-1.737464620607933163e+00,-1.308453560769456958e+00,4.925274164647830411e-02
0.000000000000000000e+00,1.061931342278187973e+00,2.295188407762891014e+00,2.247279429835712605e+00,-1.952453285746603706e+00,1.733844767550301036e+00,3.867399333786624149e-01,-1.451076868535221998e+00,-2.150222828186282964e+00,5.581768788630967482e-01,6.533926898182198517e-01,-2.200585404100524389e+00,-2.520160704321473544e-01
0.000000000000000000e+00,2.711484066159892681e-01,-4.754202979497568204e-01,1.428495794953452247e+00,2.292909920948464908e+00,-1.718635855203166418e+00,-1.240652638094216886e+00,2.523465979913853019e+00,-1.810554866351024916e+00,2.914766009347158349e-01,-1.514648167504444309e+00,-1.492663625885360279e+00,2.820134736404568798e+00
1.000000000000000000e+00,-2.390963755185522288e+00,4.785634248712795080e-01,-2.145666715514039868e+00,-5.375856003322629917e+00,-7.763424985279554491e-02,1.606594693941885144e+00,-1.049648144183554122e+00,1.888510900075788701e+00,-4.677698319493188706e-01,1.048002203573443314e+00,4.170267230433899464e-02,3.575604422592779663e-01
1.000000000000000000e+00,1.468004333188743793e-01,2.927085247193158768e+00,-1.547815910486925794e+00,1.743652878188648725e-01,-1.109803232860170574e+00,7.552226717402962253e-01,-8.025158733243058506e-01,-2.836107174739182835e+00,3.544676568250918702e+00,-2.185483315707056562e+00,-2.771241571257286873e-01,-1.845501546301232754e+00
1.000000000000000000e+00,7.306783528264477745e-01,2.144957202165358900e+00,4.267811578144683482e-01,3.569152554373590247e-01,-3.216072112240841996e-01,-1.588316657655854502e+00,-2.064202883034283342e+00,1.645585515024098777e+00,8.379660684441010421e-01,1.035047511096650830e+00,9.215639225662219935e-02,-2.071962630475441713e+00
1.000000000000000000e+00,-2.241841899612682543e+00,3.722542374345141791e+00,4.279007441447706839e+00,-9.859837190964130249e-01,6.328602688740376792e-01,-1.473801333406966396e+00,1.150170914480734163e+00,3.463791265598944236e+00,4.879162047910818867e-01,2.744533509781067471e-01,-1.025454034293442840e+00,-8.450973026122883258e-01
0.000000000000000000e+00,1.004123373692936250e+00,1.532487245950649779e+00,1.975405638262704766e+00,1.435132683844288870e+01,-2.420348106254963660e+00,-2.333860368871779833e+00,3.396459179725598965e+00,-3.081698223642940881e+00,-3.744642714193529009e+00,3.573259872389394909e-01,4.236938380521384495e-01,-2.516819875786443284e+00
1.000000000000000000e+00,-1.968734461168607952e+00,2.697313848515255685e+00,2.200721556390208278e-01,2.695857246952756636e+00,-1.911966901622731640e+00,1.976843019140930302e+00,4.150057133693998423e-01,-2.009933730592925905e+00,1.466215318508941712e+00,1.218121893368761643e+00,2.956806161660654464e+00,-8.035334235854184604e-01
1.000000000000000000e+00,3.131325513369054736e+00,1.956432333255324840e+00,1.008772056935463679e+00,6.916186084894937025e+00,-7.802508545806976503e-01,5.748744314015734602e-01,-2.222310387386694064e+00,-8.015036622969242686e-01,-2.611523742816799221e+00,8.738152729811279329e-01,9.987886365556510881e-01,-3.617606397003153340e+00
0.000000000000000000e+00,-1.837839653176346122e+00,-2.955589849169223182e+00,7.775521020365276925e-01,-2.105724006396699988e+00,8.671120259195559399e-01,-3.698069524360803495e+00,4.236265396985834375e-01,-1.334555789177933383e+00,3.445870662941799001e-01,-8.729153500330966153e-02,-3.640849308089240122e-01,3.421340237704239229e+00
1.000000000000000000e+00,-1.458326996928592578e+00,2.025854858931444014e-01,-4.916632803912456495e+00,-6.889947836100042800e+00,6.486203304970616923e-01,9.776104240072452933e-01,-3.041572524779807551e+00,-3.203826069823690226e+00,1.930336985559526486e+00,-3.476939941870949902e+00,-1.747546289775093964e+00,-5.132015328982406643e-01
0.000000000000000000e+00,-4.865110191019102359e+00,4.079946399579424288e+00,1.477914078359823913e+00,-9.569103548372197565e+00,3.979607440111069483e+00,-4.939439100423941298e+00,-3.316639640660892674e+00,3.377589272655944441e+00,1.003436240428185799e+00,7.996493981890199221e-01,-3.393044446283238091e+00,-2.331586946943088989e+00
0.000000000000000000e+00,-1.357438754462104047e+00,3.541404099506365810e+00,1.546898872157187022e+00,-8.509798424758645563e-01,1.118598152242545885e+00,8.653704887096910214e-01,-2.966304035470218592e-01,-2.756690879434323005e+00,-1.729172961704115608e+00,-4.150183894665633311e-01,-2.975614714775994596e+00,-9.767314132791532488e-01
0.000000000000000000e+00,1.737283817378156181e+00,-2.485557278790932578e+00,5.959586151402063159e-02,1.388817375710885926e+00,8.440872493567825874e-01,1.251348767546962559e+00,-6.569354429727860545e-01,-6.711419106104121735e-02,-1.853267691530895656e+00,3.035659190468055213e-01,1.321992769379344512e+00,1.343618343878856258e-01
0.000000000000000000e+00,-1.144793471159256004e+00,-3.259890387409279389e-01,1.133746753959815168e+00,1.225195165097193506e+00,3.247631767372158862e-01,-1.019610431342049761e+00,5.268844585527032720e-02,-3.435079519382222113e+00,-1.089870704668075563e-01,1.504393742832404790e+00,6.943135082500684341e-01,1.370085905648642743e+00
0.000000000000000000e+00,-2.900400915242093980e+00,1.388776170914256980e+00,1.423030830667670887e+00,-4.183739986140146527e+00,1.342503337147827436e+00,-3.874880334942425009e+00,-1.077322333493478279e+00,-1.546199125665449703e+00,3.109289652171819629e+00,2.457637314069627710e+00,-5.124710372293073135e-01,1.330719295869625451e+00
1.000000000000000000e+00,-1.317248258678386907e+00,1.808045634416104219e+00,-1.717986470077594419e+00,-6.143894639539514202e+00,1.085237673237408274e+00,-1.202283212191926243e+00,-1.057001077502797148e+00,-1.525114422948441018e+00,3.747124080417140846e+00,-2.311853057016045376e+00,-2.885774859937073167e+00,-2.602559749144409684e-01
0.000000000000000000e+00,-2.771970771297848302e+00,3.419838844637675290e+00,1.310528824494090916e+00,-3.197872248408554885e+00,1.553139391612006870e+00,-9.489824255516967622e-01,-6.444980714174997072e-01,-2.909740774856864665e+00,-3.183538682019280142e-01,1.124829925384362550e+00,-2.927770077832438922e+00,-9.234550790511297791e-02
1.000000000000000000e+00,7.507860403177597508e-01,-1.694900759285002723e+00,-3.664451941940460422e+00,-5.657542692071363177e+00,-1.069758413968772359e+00,2.512193160032013761e+00,-4.524251442583676841e+00,-1.376314401731723258e+00,2.488744110056671399e+00,-6.423334880530187085e-01,2.367907378333431012e+00,1.438007208552745553e+00
1.000000000000000000e+00,-1.125873080438746454e+00,2.311085410749147417e+00,-2.893942374559475006e+00,-5.426554943780447005e+00,-1.188557300817050244e+00,5.262108423278506475e-01,-2.198738881790903044e+00,6.338996570225015059e-01,-2.934997001495991409e-01,-2.405718302440257084e+00,-3.159620515411762476e+00,-4.217314877376789894e-01
0.000000000000000000e+00,-9.551423135951393473e-01,-2.745316511308501628e+00,-8.155622219370872727e-01,-5.654202044143772810e+00,3.071574027784996108e+00,-2.079611553309367089e+00,3.226499954092051370e-01,-6.591707981010224149e-01,-1.591764809787846069e+00,1.871908996921619384e+00,-3.455896627312977643e+00,2.566663303720652323e+00
1.000000000000000000e+00,-1.619126239559233404e+00,5.042748999722438619e+00,2.850407537325284402e+00,2.291561283490267886e+00,5.189770394093566885e-01,6.363762192915018989e-01,2.889206097546087815e+00,2.088219342963781422e+00,-5.016967884087020213e-02,-7.322350365616769885e-01,-1.666563013462609266e+00,-3.301349674431447667e+00
0.000000000000000000e+00,3.374272306894947171e+00,-1.052527734668413512e-01,-1.566140900805580216e+00,1.567030181563539681e+00,4.198163045166786178e-01,1.674886019350984245e+00,-3.045893065379769560e+00,1.366531368436535665e+00,-2.713905851614485165e+00,-6.850877102564032484e-01,-8.836551251545610164e-02,-3.275678611032642351e+00
0.000000000000000000e+00,-1.497496500647422346e+00,1.806303351538130153e+00,2.652840667167176925e+00,-7.533980936111698279e-01,-4.532901547503973561e-01,-3.438855303305723865e+00,1.036726633185306667e+00,-1.233198963599012821e+00,2.402534093879229005e+00,2.767243393691385389e-01,-1.682221683695595438e+00,1.966523453942874866e+00
1.000000000000000000e+00,6.855191712944073146e-01,5.406976161849728513e+00,-9.540410553722694642e-01,2.917334937109604009e+00,-1.428417490899303921e+00,1.668453434669307622e+00,-8.869698303999262734e-02,-1.306677779937535089e+00,8.640020807993492591e-01,-1.960834860994135953e+00,-1.825485975557001872e+00,-4.260935581093059810e+00
0.000000000000000000e+00,-1.812456024333752858e-02,-9.653106922175878901e-02,2.155843876193398678e+00,-4.137047318477225843e+00,3.553610646528534200e+00,-9.231897697295605720e-01,1.228177311233863644e+00,-2.419270405830700632e+00,1.852292385211737002e+00,1.220953760375677266e+00,-3.065005208742545229e+00,1.743807066978535936e+00
1.000000000000000000e+00,2.021417761782274169e+00,1.874476186690546387e+00,8.724749845828023709e-01,4.244803360891647337e+00,1.683673986260503685e+00,1.485575516630869064e+00,1.117960853917481234e+00,1.204270405280562173e+00,2.893958590389066554e+00,-1.541970151791851595e-01,2.096112582654093615e+00,-4.966519420444843291e+00
0.000000000000000000e+00,5.696583823856595785e-01,-1.999693554271706197e-01,-2.618247900546671669e+00,2.245347708710236478e+00,-2.370125064345157906e+00,2.233512454116143076e+00,1.934328607740848582e+00,1.005072827310230732e+00,1.816606793683980037e+00,4.030231586499865237e+00,2.812058278238279918e+00,5.165029588459457699e-02
0.000000000000000000e+00,5.965344217071429922e-01,1.352842238294031663e-01,2.427959987009018050e+00,5.687135704831462135e+00,2.527406568173652390e-01,-3.612063974231638497e-02,1.384599226418152362e+00,-1.498015866490362225e+00,-2.488639144465265574e+00,4.908354380718390475e-01,4.468510432409740218e-01,-6.411889325790318672e-01
0.000000000000000000e+00,-1.476522008266515140e+00,-1.529333540732821906e+00,1.881441889645965038e+00,-4.595056469749660089e+00,5.894327013396212678e+00,-2.764472950903930082e-01,1.613222569105769999e-01,-1.298894554469681273e+00,-1.655740070928219954e+00,1.007913211634348105e-01,-2.160672141656015732e+00,-1.003502367685495944e-01
0.000000000000000000e+00,-9.619008608113780445e-01,2.375332596548334507e+00,3.044708078693219022e+00,-9.124678116198637889e-01,8.825038755868951368e-01,-2.180517935268192709e+00,1.373064381297707914e+00,-6.294614232139652543e-01,5.554137275038866228e-01,-2.450580245194545981e+00,-3.644338635512696101e+00,3.792437863491658900e-01
1.000000000000000000e+00,-1.627694606057744409e+00,1.535937345790822750e+00,-2.583496545743455108e+00,-8.286530290020509781e+00,4.114793953090720713e-01,6.739941376609726031e-01,-2.223365156080457261e+00,-7.655152742992492598e-01,-1.857562460700332707e-01,-2.861134693016199382e+00,-4.354055704404567351e+00,7.562383046008362975e-01
0.000000000000000000e+00,-1.276927322938615994e+00,5.759470203371345853e+00,5.353067294574287871e+00,3.292389965029954624e+00,4.217148993418978753e-01,5.540385715444764436e-01,2.349899575273240337e+00,-4.658679289253910838e+00,1.026351998070370586e-01,-1.619654491201512503e+00,-3.133511827169576325e+00,-6.138473004320130766e-01
1.000000000000000000e+00,-5.585466178750666533e-01,2.326437804824398548e+00,-2.344202992059638113e+00,-3.922435888094287559e+00,-2.212385962014902230e-01,1.416296261322526284e+00,-3.061619062350029008e+00,-9.633008661795383620e-02,-1.823677771477271392e+00,-1.282926579656637145e+00,-2.370924556952237694e+00,-1.551532872527541684e+00
1.000000000000000000e+00,9.397547842621287728e-01,-5.912250528344747957e-01,-1.885489138226645656e+00,8.316945708725512532e+00,-2.164303560898677592e+00,2.919696442526602542e+00,2.554617441129313438e+00,-3.289698363691245575e+00,3.107400524973442213e+00,-7.700789185665446457e-02,5.461198050943769644e+00,-1.890325588961240921e+00
1.000000000000000000e+00,-3.006609205386490125e-02,-1.227662854822100025e+00,-1.515580230569453235e+00,-4.145999584049310016e+00,-1.435189157499503487e-01,1.343874517864934059e+00,-2.250471658668808494e+00,-1.628937238540224541e+00,-1.261777488684506121e+00,-1.297236798454854290e+00,-1.068934939286010355e+00,2.000959576570955800e+00
0.000000000000000000e+00,-9.439222935746667265e-01,-1.283278057124131122e+00,4.839543547054819816e-01,-2.273704251391798492e-01,3.438870482427586417e+00,1.648248282707338586e+00,1.811925343260246901e+00,-3.505283802512996871e+00,-2.554726893537368149e+00,1.975301645060687505e+00,-1.173652634936388495e+00,3.891818873011824165e-01
1.000000000000000000e+00,-2.232650702203534010e+00,1.141333007698402513e+00,-2.188497335982091840e+00,-1.390660227951547645e+00,-9.455153172792613026e-01,1.977952140909852830e+00,-1.005932947491731788e+00,-3.119603686658350750e+00,9.312474225482620938e-01,-8.874499101531970746e-01,1.197698919349290847e+00,-1.522167330063650681e-01
0.000000000000000000e+00,6.161702793655250865e+00,2.815298971637415076e-02,6.355587539375402439e-01,-6.135318472298677328e+00,2.402556567802859533e+00,3.763749505590596289e+00,-4.029328564816229807e+00,1.262964317986202456e+00,3.980956033411177764e+00,4.118180430071134879e+00,1.617621161295821341e-01,3.081011426188262625e-02
1.000000000000000000e+00,8.723129343994531215e-01,-2.834531545122804808e-01,2.591275751767941671e+00,-1.186767189897047214e-01,1.777717361545147590e+00,-2.073076176549617955e+00,-1.004892554382983860e+00,2.709094566988158981e+00,1.157990320311893750e+00,1.937816610949266494e+00,1.337012322424961042e+00,-8.483308176280143220e-01
0.000000000000000000e+00,2.696004424310860514e+00,3.811090883120634931e+00,3.831346955633537554e+00,4.551245506786245620e+00,1.572473706244759573e+00,3.085662954962440363e-01,8.742186393291200286e-01,-1.602266499611480821e+00,-3.185439916683707740e-01,2.345067426251153275e+00,-2.053692315754533482e+00,-2.655046013487230017e+00
0.000000000000000000e+00,-3.411985483882032266e+00,1.512607207805780396e+00,-1.370622552635926805e+00,-5.753505540879999103e+00,-8.012959326672770555e-01,-4.574122662309439313e+00,-2.004135864867136352e+00,3.677752531868084596e+00,1.486502925213058379e+00,1.662569038221870521e-01,-1.261151079114074536e+00,1.285625632624673997e-01
1.000000000000000000e+00,3.033069951268640985e-02,7.876065063675411260e+00,3.508888579558289589e+00,7.087100296867606453e+00,-2.923731748254190244e-01,-9.137542964165712434e-02,1.241094326490546962e+00,1.347746033213509609e+00,-5.715866197943231253e-02,-1.823586159936245288e+00,-1.412627001952151851e+00,-6.892309921085721491e+00
0.000000000000000000e+00,-1.199040284888154950e+00,5.186283808546376939e-01,3.423014928054712414e+00,-4.298092612720023631e+00,2.963635930108402317e+00,-2.778938963246411653e+00,6.726736126699173202e-01,-1.493739384879156917e-01,3.897816169749182880e+00,9.738105591517780546e-01,-1.111257352532403209e+00,1.440076815951138123e+00
0.000000000000000000e+00,-1.127048725104504712e+00,-1.927415484017304670e-01,-1.455767697971614982e-01,9.883421324001341546e+00,-3.448982137312261997e-01,-1.059647754317011970e+00,1.173408707570568144e+00,-3.124648519210637687e+00,-4.329886390481790137e+00,-6.662515469044971717e-01,2.002619303806608464e+00,-3.193592666458499707e+00
1.000000000000000000e+00,2.198761266147065019e+00,1.402219195007728958e+00,-3.283751045617522735e+00,-2.165346899209324716e-01,-1.167380201749145918e+00,5.086208527463062623e+00,-9.254580554398333936e-01,-4.334357854642679087e+00,2.425303693670997518e+00,-3.662272932732495878e+00,-2.413690474499785577e-01,-1.396858181330593807e+00
0.000000000000000000e+00,1.050298050077864698e+00,-2.324817847316630104e+00,1.917115189616345861e+00,2.609222874486379684e+00,-1.099281572199262591e+00,-1.439333794475816664e-01,2.944248897077677007e+00,-1.863381638913758742e+00,5.008924000048059710e+00,8.691957640090814952e-01,3.288028000574050758e+00,3.386008836921909904e+00
1.000000000000000000e+00,1.312104638363178921e+00,1.628403927118091010e+00,8.041724758280710539e-01,4.504451434673882204e+00,-2.753177101636505864e+00,1.135245627033018012e-01,2.804368043883137318e+00,-3.584359573196521653e-01,3.065708442736845285e+00,-1.196168327560854783e+00,3.795031989384376470e-01,9.088772291164470829e-02
1.000000000000000000e+00,-1.159749871917881370e+00,4.825889968413558329e+00,-1.495317673861596308e+00,1.312902062204106768e+00,-1.992393545524470566e+00,2.671075685158555979e-01,9.675456851957673354e-01,-9.751669548680100830e-01,6.042006757245517168e-01,-2.973348503578556290e+00,-2.939124775834125458e+00,-2.696737719480696960e+00
1.000000000000000000e+00,5.127088709519536991e+00,-2.465005447376671377e+00,-1.858711633549398723e+00,6.429036120773734098e+00,-2.319387595336539487e-01,-1.959782583384432453e+00,4.195038350235607005e-01,-2.448936050926198149e+00,-4.332391049643376846e+00,2.483546407938633571e+00,-3.198778222145674643e+00,-3.163745063224041587e-01
1.000000000000000000e+00,1.067618240461768453e-01,3.752081269515494255e-01,1.234125410308283044e+00,4.168508349412289427e+00,-2.023096555282803966e-01,1.973444001642787882e+00,1.206347454561467858e+00,1.572810743908391373e+00,-1.536498001321997098e+00,1.657159249023163694e+00,2.618270922729568184e+00,-1.575956910505489361e+00
1.000000000000000000e+00,-7.138718972955588882e-01,2.568578621615037250e+00,-2.953164436095625511e+00,-2.420652367060478038e+00,-2.173829403400694638e+00,-1.462640129773364883e-01,-2.090393364724345560e+00,-2.349953831943651483e+00,3.278957598974743259e+00,-3.327344820146623139e+00,-1.009642838930373987e+00,-7.645254665576289854e-01
1.000000000000000000e+00,-8.933605166225861982e-01,8.162457117847619070e-01,-4.488045278069519028e+00,-4.519395313582661999e-01,-1.792128418114416588e+00,4.423555099806253388e-01,-1.130310707080028898e+00,-2.193403948465948439e+00,1.187158683950704008e+00,-3.338552210947960841e+00,-3.247822349048050672e-01,-1.530553452379777468e+00
1.000000000000000000e+00,-1.986722344498228932e+00,4.681953629386234716e+00,-6.458958100901581734e-01,-7.005853122083514073e+00,7.129609216878831646e-01,1.093624606347744166e+00,-5.105985867131860978e+00,-2.026398039918798855e+00,1.573030412398422229e+00,1.651600195336935251e-01,-1.279927372198635283e+00,-1.491994992958591837e+00
0.000000000000000000e+00,1.943944765866796986e+00,3.554683908097397538e+00,9.037206906313204335e-01,8.804465347372577355e+00,-2.427357111011991808e+00,7.139782905912830380e-01,1.714384940131379764e+00,9.316565420337901138e-01,-4.323680606793715242e+00,1.769731203395621844e+00,-1.297398484499116877e+00,-3.237018177789249496e+00
0.000000000000000000e+00,-1.295265918706531183e+00,1.516416029705345503e+00,1.606741888416666653e+00,-1.317058566305366663e+00,-5.655456522781572293e-01,-2.619770869862561469e+00,7.189431787511724181e-01,1.780411640423593678e+00,4.630652392768379144e+00,2.419158114921512670e+00,1.329786530554732948e+00,7.201309028844746774e-01
0.000000000000000000e+00,6.497648494630841043e-01,2.916669757961404930e+00,1.498445950216539924e+00,-1.149126686906475348e+00,1.544228268559504347e+00,2.741879323209862385e+00,-3.446014407475057606e-01,-1.313941162759384884e+00,-2.292291672396151725e+00,-1.628187623626089930e+00,-3.405053166319357949e+00,-1.482550398971492767e+00
1.000000000000000000e+00,6.136357607052185248e-01,-2.637043227636091558e+00,1.610945754974085098e+00,2.410755026501572917e+00,-1.200826606106510930e-01,-3.096640067116450901e+00,1.658834101453787291e+00,1.188776702057363632e+00,-4.913062149956958891e+00,3.735921156908117435e+00,-1.993866400936485928e+00,2.967189410794082161e+00
1.000000000000000000e+00,-2.400145648888896144e-02,2.237919827072432533e+00,-1.795773490392591043e+00,-2.420064272155582508e+00,-1.188025324514209391e+00,2.242787202818830039e+00,-9.063672634941803974e-01,-1.348285227966943944e+00,1.797345925602201744e+00,-1.852968684919967135e+00,-1.004964327216069986e+00,-4.973888057075684932e-01
1.000000000000000000e+00,7.382787075085974760e-01,5.726697774502099492e+00,7.308779134811715927e-02,-7.232996673829096501e+00,1.768963377525051950e+00,-6.828653426986910357e-01,-3.910010551821409219e+00,-1.431927577993876932e+00,3.694845871477633992e+00,-2.206581379555506039e+00,-5.214762820157002210e+00,-2.555673121929287195e+00
1.000000000000000000e+00,1.439146641982503194e+00,3.737805161048790126e+00,2.452390207427179725e+00,6.088145104980028144e+00,-1.657480613137329861e-01,-1.268890738660725104e+00,5.760535266183857139e-01,2.853743312181290515e-01,-2.064250976720590547e+00,-2.634883201464552904e-01,-1.971162001113426765e+00,-3.613410748147813489e+00
1.000000000000000000e+00,-2.659023166845978281e+00,7.793133628037297811e+00,2.131059299010229946e+00,7.078549701370327220e-03,-2.807496442851950214e+00,-2.981346760183313016e+00,-5.961237494215817279e+00,-1.620719425005311409e+00,2.107486614635243338e-01,9.881358799587218744e-01,-2.160425302206243625e-01,-2.429822780102334434e+00
1.000000000000000000e+00,2.530484788092559612e+00,1.445636803727228026e+00,1.576732590297589720e+00,2.620616032153015862e-01,2.803150872854915931e+00,4.134767493161070284e+00,1.151576213583080932e+00,-1.508423534796722087e+00,2.583261283041025536e+00,-3.122825595033465795e+00,-5.499026863507754381e-01,-2.661363570678445978e+00
1.000000000000000000e+00,-1.240888149555730013e+00,2.552181251810194951e+00,-1.599174795556259854e+00,1.638596279172460424e+00,-3.345663810471167565e+00,-2.120664151130007280e-01,4.852269730812897031e-02,9.939102809902822244e-02,1.782633997759635935e+00,-1.038220094571671304e+00,8.532819374511821930e-01,-8.615255917125400620e-01
1.000000000000000000e+00,2.973407456905944546e+00,3.405176243699602256e+00,1.166248508606704704e+00,8.032395486615030222e+00,8.553890834693900214e-02,1.307350232892151798e+00,2.350811174493815159e+00,-1.614382358145213026e+00,-2.463132994726440650e+00,-3.259583808606660860e-01,-2.665698014328672372e+00,-4.182635681650904047e+00
1.000000000000000000e+00,1.367594188049673365e+00,1.764145335951076143e+00,1.611354556552788919e+00,1.479643098351014263e+00,2.340366999405639525e+00,7.838951059270682364e-01,-9.756658422455231072e-01,1.791238027428339041e+00,6.923220398190279568e-01,1.286382790584981839e+00,1.300052706846392514e+00,-3.983835618920178678e+00
0.000000000000000000e+00,-1.945808997611319313e+00,1.788012707586113859e+00,1.539184375674435667e+00,8.199452828769814516e+00,-2.420243305529745648e+00,-7.855815689711784788e-01,2.762506001913855425e+00,-1.037833101033859506e+00,-4.986495295366292879e+00,1.486529044895989582e+00,9.035956445316117858e-02,-5.299138523716608873e-01
1.000000000000000000e+00,-1.696536947849486054e+00,4.104086521568783397e+00,-2.013790295958749255e+00,-4.711959507620937515e-01,-1.113016705612832169e+00,2.623133698241438161e+00,1.153794579241983254e+00,-2.081482994009245413e+00,3.489476582557174966e-01,-2.718075309484849100e+00,-2.431797407071726536e+00,-2.063316898379659925e+00
1.000000000000000000e+00,-2.019625343725818034e+00,3.842276048730850935e+00,-2.134523989133376709e-01,-8.844132396375762539e+00,1.043131374860666760e+00,1.989156532198385063e+00,-4.036993961193429570e+00,-3.904060062856921753e+00,3.576227461132730934e+00,-8.018361668494330408e-01,-1.541382980535774161e+00,5.952099541914450676e-01
0.000000000000000000e+00,-2.567903470461301296e+00,7.306354710565926780e+00,2.286497848027251756e+00,-1.337185300297711876e+00,-6.795700455154773945e-01,-8.526850557492490212e-01,4.683912321522731848e-02,-1.371276505737894391e+00,1.848538521357031561e+00,1.021197799747889601e+00,-3.072512782903038531e+00,-1.558304803832741836e+00
1.000000000000000000e+00,-1.450508717160795102e+00,-1.360103384114175418e+00,-1.831239461220430798e+00,-5.547368911110518219e+00,2.442545364876697267e+00,2.950990464254922507e+00,-1.712659420219295292e+00,-1.642214116695671411e+00,-7.470813310281085862e-01,1.042328838971568139e+00,5.324768625268831990e-01,5.411428028288784997e-01
1.000000000000000000e+00,-2.646797892913772543e+00,5.041542376410586002e+00,-5.000364230344453986e-01,-7.763692740166828976e+00,-1.008041830653303661e+00,-1.166609669692426632e+00,-4.095313368868508164e+00,5.340260809800509989e-01,1.118877568241969822e+00,-8.448197835616777507e-01,-3.273976340719833455e+00,-1.682462092949259524e-01
0.000000000000000000e+00,-1.518735007286979188e+00,-4.232345469457953868e+00,-7.052995230490293199e-01,-3.735717926301577840e+00,2.981481186552471740e+00,-2.077792991074223217e+00,3.035885099410373655e-02,-1.577302212623260536e-01,9.496091403899201699e-01,1.678838645103665428e+00,1.304068743659120511e+00,1.853602042514579384e+00
1.000000000000000000e+00,2.882523725814404525e+00,8.148264383868318861e-01,1.471723797853394577e+00,3.933235152244830779e+00,-1.073212905404386852e+00,-4.508954876717815807e+00,-1.515046333341116380e+00,-8.344278209021376291e-01,-2.009540446141065306e+00,2.041332982996801881e-03,-3.204991594025595525e+00,-1.987335395418967643e-01
0.000000000000000000e+00,1.797199295761781945e+00,9.065844148791700752e-01,-1.065922321366584935e+00,-7.801171670182480256e+00,2.987007274918253241e+00,2.909566760719259015e+00,-4.418748961108725837e+00,1.760873487385328673e+00,-5.303326466201545575e-01,1.142804366955947559e+00,-1.807217714562544097e+00,-1.577188979102058575e+00
1.000000000000000000e+00,-1.334729233042431407e+00,-7.256116316415838208e-01,-1.298373072014403551e+00,-8.960008087750966910e-01,-1.076380862243930370e+00,4.494508776316831211e-01,-1.652720106200842975e+00,4.088894521639514501e-01,-1.359612686373677715e+00,1.265188956303334500e+00,1.874673078885882749e+00,6.467780761927885980e-01
1.000000000000000000e+00,8.222621100425572260e-01,1.783624208353119300e+00,9.465474783612854992e-01,6.067768185301157580e+00,-2.527458644716598091e+00,-3.855200296036787488e+00,4.000199695781891940e-02,8.877215542770281465e-01,-3.434693181592181066e+00,1.772757282757749353e+00,-1.741721233359700971e+00,-8.635262913766286186e-01
1.000000000000000000e+00,-4.529964573533530325e-01,4.702411230842123757e+00,-1.781566804089226297e+00,1.683671767168725797e+00,-2.333953801500794789e+00,7.810072875869882303e+00,9.229992991452125040e-01,-4.311157280663245217e+00,3.806825321030243847e-01,-2.104870288723988292e+00,3.075748555328363665e-01,-1.945493634654559489e+00
0.000000000000000000e+00,-1.408253205003141550e+00,-3.879826749701233979e+00,-1.952219319674425080e+00,-4.555020237768109048e+00,1.708954244917333387e+00,-2.466240520955870430e+00,-2.798238667562165105e-01,5.837146046846162228e-01,7.999462277399439492e-01,2.311715222895816879e+00,4.990815225936302557e-01,2.319316938371038361e+00
1.000000000000000000e+00,1.623328852056288074e+00,1.771215952998327792e+00,2.298613420108019945e+00,2.074573498699366692e+00,-1.024500091058007101e-01,-3.333606379614546977e+00,-8.970568061256303238e-01,3.937136212637293298e-01,-2.684783752647811106e+00,1.541867289187074830e+00,-3.445172711247912911e+00,-2.983613133911502402e-01
1.000000000000000000e+00,-9.350073926645685596e-01,-4.432272837700809376e+00,9.798265724572459145e-01,-1.259757507068318683e+00,1.122569545734240171e+00,-2.888253574395502010e+00,9.311695318917319053e-01,3.679306751269848519e+00,-1.110310239216512507e+00,3.312318424134560235e+00,1.872836228366149935e+00,2.765784568538589117e+00
1.000000000000000000e+00,3.345393675280058599e+00,1.279248064036324850e+00,1.043962042074179086e+00,4.469135564271038419e+00,9.237073824819552748e-01,-3.678193583034123915e+00,2.636261556689901475e+00,-1.476243196515443223e+00,-1.773215297851090222e+00,-2.847357756960342545e-01,-6.502700422097371202e+00,-1.230989823627577806e+00
1.000000000000000000e+00,-1.510893066574148236e-04,-2.506382716220609819e+00,-1.125930811326631975e-01,-3.478000346992919489e+00,1.597445722148173486e+00,5.782192492016844376e-01,-4.993514047674034728e-01,2.374250622226914409e+00,1.071454877589886667e+00,2.425874625106090754e+00,2.117629653457975270e+00,1.102532796384342539e+00
0.000000000000000000e+00,-1.729746474619777930e+00,-1.138489302512873502e+00,1.179273259098213567e-01,-2.784450738294486527e+00,1.735014272723599982e+00,-1.740213699352704868e+00,7.025052864767522554e-02,-1.129287158685295722e+00,1.063945696413358899e+00,2.368520038767254476e+00,1.514420094675135164e-01,1.418012133406701514e+00
0.000000000000000000e+00,2.001412144467009657e-01,-3.519654383148641319e+00,-7.418152793874122075e-01,-3.543242059928442877e+00,1.283492082116873600e+00,-1.366078005728366795e+00,6.914855064596344691e-01,2.067591627177757019e+00,2.428759956749598103e+00,1.342511730431467099e+00,1.003794176728038057e+00,2.095433041708810062e+00
0.000000000000000000e+00,1.162783489788992153e-01,-2.375145117423043198e-02,-3.241303475033623371e-01,-3.331352004862468408e-01,-1.487356762658991194e+00,-7.519870942066231301e-01,1.978537911997924059e+00,1.092996218930608165e+00,-1.085930087799736654e+00,-1.083556480086749207e+00,-2.896146059380090065e+00,1.730172936657860205e+00
0.000000000000000000e+00,-1.695895094777262191e+00,4.972116806881873297e-01,6.056044858316949053e-01,-3.035638032415943766e+00,2.167406988975181470e+00,-5.291672906943776233e-01,8.529042002054531002e-01,-1.187280556620883498e+00,2.534746887829959494e-01,3.432783250197400715e+00,-1.330869436791688898e+00,8.870709886706096281e-01
0.000000000000000000e+00,-4.026226991927829291e-01,-2.811902744471865834e+00,2.605124902184725588e-01,-3.960096234501346402e+00,2.334268311963932696e+00,-2.380352328846709664e+00,6.045615548030908171e-01,5.598761694472911277e-01,1.623786222752910735e+00,1.141959417117246023e+00,-6.662369889652768329e-01,2.145565955062000540e+00
0.000000000000000000e+00,2.228593242742956448e+00,1.472463728501387292e+00,2.702616732854632442e-01,1.939615131417470328e-01,3.119416954337248526e-01,3.750948834629077577e-01,-1.820098859073828956e+00,-9.450823565292434392e-01,-1.332063116345767462e-01,8.645264086089358146e-01,-1.278177264934906576e+00,-1.132202558325749786e+00
1.000000000000000000e+00,6.220329255798819901e-01,2.588513463178348378e-02,-2.749201919271172301e+00,-1.175761367054241197e-01,-1.455850865368135238e+00,1.991042479169743862e+00,2.270461509386658694e-01,5.492160612567689171e-01,-6.787940929339122409e-01,-1.599325911836880776e+00,-6.475001197718581736e-01,-5.864291784149276987e-01
1.000000000000000000e+00,3.180776380592627461e+00,1.005835294726170615e+00,-1.584245391251519752e-01,9.853544585061234429e+00,1.212926743615184932e+00,1.624596312014292998e+00,4.234896217958160847e+00,-2.083419174247851835e+00,-3.189138802809414752e+00,-1.184257767163708230e+00,-2.268825540491754111e+00,-4.702370614509566060e+00
1.000000000000000000e+00,-9.836311715388296184e-01,3.228947025520236380e+00,-5.628678123178749715e-01,8.356959814701266920e-01,-4.242639691261458346e+00,1.994315280276572011e+00,-1.062697955726573662e+00,1.139816330284324941e+00,-4.792041911365967355e-01,2.514341217937330342e-01,1.134196939499449996e+00,9.318735158624891213e-02
1.000000000000000000e+00,4.707741875872281101e-01,-1.316115382324047900e+00,-6.119151226484158546e-01,1.654384332584839079e+00,-2.891192667531212734e-01,-3.019623569538549379e+00,4.916120951517868320e-01,1.077617055563876658e+00,-1.132269501798135014e+00,3.307610370661083765e-01,-1.011219757385479756e+00,9.025873456279054352e-02
0.000000000000000000e+00,-7.247505398460313275e-01,-1.030774488642663966e+00,-1.380377149558221550e+00,-6.074866404647790707e-01,1.091627912975820180e+00,3.394978774385286613e-01,4.751917380161214677e-01,6.144485067503975273e-01,1.220941702785468541e-01,2.678409002894899249e-01,8.284543464824509762e-01,-9.280665742669433893e-01
0.000000000000000000e+00,1.002283872018006061e-01,-1.204056525927771792e+00,-1.095044687178388099e+00,7.838703107111875124e-01,-1.473003499778774650e+00,-1.121543421459680889e-01,2.072658159695647484e+00,2.300365671698040959e+00,1.046496272909931635e+00,6.359961342228529491e-01,9.345551058410936918e-01,8.873495906041360959e-01
1.000000000000000000e+00,-1.356675881492240165e+00,7.804097091904395711e+00,2.224721987418061708e+00,1.333384885541623710e+00,-1.618901828136173560e+00,-2.182208610972733442e+00,-1.298892530312428795e-01,-2.017073600259877697e-01,6.246311253480543169e-01,-1.334819435322281311e+00,-4.256290637555519396e+00,-3.001079721337989614e+00
0.000000000000000000e+00,-1.245848120742141685e+00,1.141611380723153824e+00,1.275650080614642690e+00,-5.548603240023088468e+00,3.112541393476683904e+00,1.959686596948277959e-01,-1.470593293593827067e+00,-7.047350324270195143e-01,1.717427034626730631e-01,3.618463871408361676e+00,-1.310066744111680226e+00,4.319699599892339315e-01
1.000000000000000000e+00,-1.828720972108230036e+00,5.711983777429906262e+00,3.145794891587863518e+00,-3.740649289313749737e+00,1.927550930768071602e-01,-3.406020104542645477e+00,-1.819723276213546903e+00,4.905198163639996611e-01,2.709667567027756796e+00,8.213747070935193406e-01,-2.958186957162295183e+00,-7.135014025008972194e-01
1.000000000000000000e+00,-8.190629617187987765e-01,-1.249505032974373320e+00,6.422673642885852185e-01,6.127551826243086142e-01,7.787574710698537128e-01,7.994473065159650726e-01,-1.102173269833268687e-01,2.885286624237083153e+00,1.065272035707387488e-02,1.483236468900428040e+00,3.802514988757564218e+00,-9.525404242709764047e-01
1.000000000000000000e+00,3.214182558593730921e+00,-1.188685798045492348e+00,1.036035709461645027e+00,6.154375828428640949e-01,9.280675467905147302e-01,-3.810744907410628990e+00,3.539997660670898272e-01,-5.886114357928953211e-01,4.965724548472956190e-01,2.177641994431347428e-01,-3.607697947421197426e+00,1.093921303876051354e+00
1.000000000000000000e+00,-8.740660405655077403e-01,5.123018102328846801e+00,-4.920679428217683560e-01,9.194685016686243273e+00,-3.320099980010721374e+00,4.922735709358205813e-01,4.449271117338305714e+00,3.775796711675498685e-01,-1.096991337246720821e+00,-1.645458713741174916e+00,-1.087274789920164242e+00,-4.380230571386025673e+00
0.000000000000000000e+00,-3.632462988404783211e-02,-5.425522815161304413e-02,2.941280178748900909e+00,-1.388546018560721018e+00,1.603902451416741926e+00,-2.254801336648990073e+00,1.656689562506305169e+00,4.076059364895128212e-01,3.051813117497486516e+00,-1.574881422044151158e+00,-1.185839912855772393e+00,1.052871239584359575e+00
1.000000000000000000e+00,2.302726605931131765e+00,-1.543716489535972514e+00,8.601897931007738141e-01,3.711461305278696443e+00,8.348652687108577553e-01,-2.082986953147987208e+00,-3.095732517672307171e-01,6.099794578654322841e-01,-3.033776544737408543e+00,2.586596683195562463e+00,-5.296709729867239425e-01,-5.678828227821737240e-01
0.000000000000000000e+00,-7.038313583480146907e-01,-3.290100776211816735e-01,2.124058476372339577e+00,2.374267534994824569e+00,1.314381402962671697e+00,-8.716766818075982748e-03,2.091692486344944868e+00,-2.545414395243089878e+00,-5.227191117428624523e-01,-1.278730054975310448e+00,-2.968577111149737213e-01,3.777772064909188376e-01
1.000000000000000000e+00,-9.523137456479238150e-01,2.269328904299985628e-01,1.833265789971854964e+00,1.506078475343263466e-02,-1.872644123798741234e-01,-4.038769969448352093e+00,3.833802611363871238e-01,2.378130448507274064e+00,-2.891985146445568589e+00,2.012317503722966805e+00,-2.486628639408569708e+00,1.274414534370801988e+00
0.000000000000000000e+00,-8.153406601583188529e-01,4.655019349297304654e-01,-2.307025497868548936e+00,-6.840582528635195114e-01,-8.347044853441865087e-02,-1.236929703907873712e+00,-2.988761379986023758e+00,-2.247156848990619515e+00,1.219790641888329752e-02,1.702846917688552342e+00,7.394118582003714746e-01,-1.083714955739197627e+00
1.000000000000000000e+00,-9.423479009275232965e-01,1.119614194434575882e+00,3.929036233773367304e+00,1.626168229950691213e+00,2.682551959450094614e+00,2.052580989247207999e-01,1.245517708575001770e+00,2.657058842141684529e+00,-2.759639283460892045e+00,1.208255727207601993e+00,1.111320383539462497e-01,-1.921418675780025120e+00
1.000000000000000000e+00,-2.690393837106088704e-01,2.663333819034626959e+00,1.849563008455422874e+00,6.556429582697267833e+00,2.028732662711672852e+00,1.394243911814541992e+00,4.004970677876157126e+00,1.671175638682756315e+00,-1.090592878368012997e+00,-1.191717892373945098e+00,1.541254945247603203e-01,-5.501801082931584652e+00
0.000000000000000000e+00,2.513294488793903270e+00,4.835587820901969258e-01,5.553314619975634692e+00,6.323199607341498663e+00,-4.868206102231553700e-01,8.314473580122625496e-01,5.691464814431306252e+00,-3.193097782708736787e+00,3.814446440330271582e+00,-1.086648509680429697e+00,4.968259675526720542e-03,2.450743844148531636e+00
1.000000000000000000e+00,5.169058732619382646e+00,-1.894683032880887463e+00,-1.691833565283399121e+00,3.318603233841305400e+00,2.786572709242497226e+00,1.192919237087321171e+00,8.833360555038022310e-01,-1.665713130948383913e+00,1.001505165116725937e+00,9.409159700426350526e-01,-7.682564420335147304e-01,-2.882480970437173440e+00
1.000000000000000000e+00,-1.587546341152924922e+00,6.393311537585867121e+00,9.138446439385132791e-01,2.506606853456293527e-01,-2.206349588399680428e+00,2.222277178550060128e+00,9.101039864879070240e-01,-5.513194533535615172e+00,6.669913652029148210e+00,-2.375534976417177369e+00,-9.158052814828654409e-02,-7.584667209180940839e-01
0.000000000000000000e+00,-1.684419904920675837e+00,1.842512310523250818e+00,-3.212403216381945370e+00,-2.032744975056112180e-01,-3.357416488584804348e+00,3.936370809540163940e-01,3.677117510892391472e-02,-1.121537523294856564e-01,-2.754683313937932976e+00,-2.752102365221917868e-01,-2.221870640910739603e+00,3.765614409849251665e-01
0.000000000000000000e+00,4.611581597509142760e+00,1.645048997120317269e+00,4.064396556985914621e+00,7.942284855573714664e-01,2.134401883475242734e+00,2.222120175982059909e+00,-6.910053069282018345e-02,4.216207117451634900e+00,-3.723701497277013939e+00,1.212249038349262342e+00,-3.268538968300557457e+00,-1.797886793526481952e+00
0.000000000000000000e+00,3.254229567414864022e+00,-5.010693185793010151e+00,4.631038801493744472e+00,2.897761179525161879e+00,2.383018767180761444e+00,-8.796552860418225261e-01,5.540659117274563172e+00,-3.382594862190490659e+00,4.585168484786192877e+00,4.959086187083040498e-01,7.179851145428266523e-01,5.015946970856794529e+00
0.000000000000000000e+00,3.349083771265062293e+00,3.664084643823108500e+00,-2.642315479526697874e-01,-2.409629399257660953e+00,6.653746771969824003e-01,3.542082209420648997e+00,-2.400691694907198581e+00,-2.007522266489214502e+00,1.108268296916382845e+00,-8.853263859168385430e-01,-3.066745385433094384e+00,-2.064183699792450977e+00
0.000000000000000000e+00,5.213936306343800453e-01,-5.070778812256672374e+00,1.802898038442166673e+00,-1.024117724401041762e+00,4.925421154941720836e+00,-1.543163197515980967e-01,2.244370815563896393e+00,-1.471150003002517082e+00,7.899851565961868438e-02,2.184287459495199979e-01,5.535241026758885852e-01,1.682997515154425194e+00
1.000000000000000000e+00,-1.993613570575534233e+00,4.255102398434233990e+00,7.976455913937052777e-01,3.726313433744217196e+00,-1.950889235404571043e+00,-1.682289045450124032e+00,2.229456783345384441e+00,8.711103583121257987e-01,-1.430226287945285168e+00,-7.076352984317970662e-01,-2.325634100546285055e+00,-1.972752161102368174e+00
0.000000000000000000e+00,-5.283035025455005140e-01,-9.029023615262928848e-01,2.111624460848511298e-01,-1.343256077637719814e+00,1.834010287691679508e+00,3.334574329733357434e-01,1.179660066641411653e+00,-1.184361609374019686e+00,-3.130946943444907760e-01,9.877627854892259140e-01,-8.658209076138888571e-01,7.314965845090037888e-01
0.000000000000000000e+00,-1.934720836652518372e+00,4.089564901063368119e+00,1.502774110922136863e+00,2.788261244829687513e+00,1.219696398126977943e+00,-2.880370413706672128e-01,5.078460576028398510e-01,-2.250038506238796643e+00,-1.778350254868613423e+00,3.006991765209859224e+00,-1.054387926766419570e+00,-2.815089386280521300e+00
1.000000000000000000e+00,-1.433487456074587829e+00,4.925936332476458901e+00,-1.658735757909835407e+00,-3.430527968031556796e+00,1.243610725109739246e+00,1.683376434620926121e+00,5.011209651961763267e-01,-1.861101968243121352e+00,1.270209899015342536e+00,-2.748020383044985859e+00,-4.514065373921794411e+00,-3.166283163385349209e+00
1.000000000000000000e+00,8.207297771964601196e-01,-3.484207794149339343e-01,-3.428622636289238468e+00,-7.751254524501261400e+00,7.092287527484022469e-01,5.035670002301849912e+00,-2.256974289282341672e+00,-1.302724406081656960e+00,-2.900039185178426848e-01,-2.314263544596065536e+00,-2.339890435610838981e+00,9.680846344143869686e-01
0.000000000000000000e+00,-2.028086354281032122e+00,-3.895497823568355500e+00,5.080927442357785484e-01,-2.515932584270241357e+00,3.291534743892958303e+00,-2.324204694440391794e+00,8.077569158751796152e-02,-1.408299187185970691e+00,2.999296835297811104e-01,1.248615182096298737e+00,1.409511134690156542e+00,1.841084347601894544e+00
1.000000000000000000e+00,2.497943918053758594e+00,-5.068971401368939311e+00,-3.717595439363241550e-01,2.229610396902804492e+00,2.354510620476505611e+00,1.114219636072526498e+00,3.964662092184195741e-01,9.092069725373422839e-01,-3.472922555919499388e+00,4.641387822456506385e+00,2.186556484885054275e+00,5.831248608494552510e-01
0.000000000000000000e+00,-5.151024470388709808e-01,1.747003991584355154e+00,4.734427445288249103e+00,2.102182699175628500e+00,1.063915280504046823e+00,-1.364495799356086003e+00,2.520471412301272807e+00,-5.207568385002163680e+00,-1.279270914973510642e+00,-3.862004415582455330e+00,-4.591706181106744111e+00,1.953144786066776106e+00
1.000000000000000000e+00,-1.272734789664124566e+00,2.526773253872815150e+00,2.563005383205002818e+00,-3.644777890110276974e+00,4.206376440252583837e-01,-3.268000375873424179e+00,-1.396811795919264299e+00,3.381111135519329736e+00,3.883313920044273893e+00,-7.924672375164492077e-01,-1.344467308994208299e-01,-6.057014915400087407e-01
0.000000000000000000e+00,3.968799811564931002e+00,6.306522355408116232e-01,-8.312930809623975126e-01,-3.091887805104269304e+00,6.620865250178873396e-01,-3.679082742910246839e-01,-3.947476657887825535e+00,2.896171642108177569e+00,-4.377192520456560931e-01,3.373159263737691038e+00,-1.755148641367144879e+00,-1.243857029942421422e+00
1.000000000000000000e+00,-1.676946053635888223e-01,-2.531312738729584733e-01,-1.945343357058449740e+00,-4.386492389309241124e-01,-1.564667253981596673e+00,-2.018799785410461123e-01,1.651422468761967188e-01,-8.867589589950564122e-02,8.359599711504206443e-01,-1.583050366177933821e+00,-3.364221935826160470e-01,4.738331589804058996e-01
1.000000000000000000e+00,-4.817079719856632858e-01,5.699975810282975175e+00,-8.334700236556134012e-01,-1.672003008852980255e+00,-1.674232778068809324e+00,1.608416267804674948e+00,-2.569752410685524069e+00,-3.723057131167731626e+00,4.585889130582124551e+00,-2.055919610960232902e+00,-4.717359625253798594e-01,-2.152451995894485215e+00
1.000000000000000000e+00,1.656365180605988474e+00,-6.294585550659557605e+00,-6.801066769186854266e-01,2.159422523166163899e+00,1.291928731572265399e+00,-3.449609201654340485e+00,4.005452573721964171e+00,4.770117188615747850e-01,-4.031321820569035985e+00,3.380599564933738588e+00,-2.602367952089837733e+00,3.845423703563992213e+00
0.000000000000000000e+00,-9.955788934861722339e-01,-2.951738011612413448e+00,1.710308086863359112e+00,-5.210984816333860792e+00,3.522880981832055003e+00,-4.288441401012105025e+00,-2.139429346325854020e-01,2.848028968357792401e+00,2.201643166331709978e+00,-8.016509083722804796e-01,-4.695234843230979838e-01,1.306075400865567504e+00
0.000000000000000000e+00,-2.742549164162295661e+00,2.865547041040350518e+00,2.626062400440336120e+00,-1.151318993638439370e+00,3.202477405314287928e-01,-2.877484926002709997e+00,-1.195891293489848017e-01,-2.172637575984084357e+00,1.169365162448412931e+00,-3.660866135464244664e-01,-1.657761078915583219e+00,6.500917153376880586e-01
1.000000000000000000e+00,-2.201053075600965414e+00,2.172299135149589056e+00,-2.292575677967478853e+00,-6.188005908526548637e+00,1.579681930106129339e+00,1.727273897234843147e+00,-8.499664149417482939e-01,-3.416374411411651657e+00,1.344645033610280205e+00,-2.645255588825146553e+00,-3.158767755137537048e+00,-5.590816173271011547e-01
1.000000000000000000e+00,-3.466464717737778312e-01,-5.063233063705864234e-01,2.882371340433200757e+00,-2.489611396139875255e-01,2.903331674260488882e+00,4.286802459528653575e-01,2.192742824923233247e+00,3.173039504305970482e+00,1.717517026899582522e+00,1.228849529236524907e+00,1.822318012555843580e+00,-1.044864786503789666e+00
1.000000000000000000e+00,-1.707533769749946195e+00,5.338026889018008703e+00,1.665500621162872452e+00,-3.902941574963909588e+00,-9.015326721105081376e-01,-1.230791670671133708e+00,-6.534624331070020276e+00,-1.709932856382618827e+00,3.355875508260874884e-01,1.369768867641905086e+00,-2.788080634185624573e-01,-9.154848995326430039e-01
1.000000000000000000e+00,-1.988178247330264270e+00,-5.539855375731347342e-01,-3.629702512565826655e+00,-4.092658980086005371e+00,-1.449464804471538804e+00,-1.494138121309786627e+00,-3.082714528724590064e+00,7.446764068544358128e-01,5.432417036525820642e-01,-6.300053336276353333e-01,7.249961403934026549e-01,3.196573186592974736e-01
1.000000000000000000e+00,2.746180659934579715e+00,-2.246135511999055812e+00,-3.628297703380076733e-01,-1.726467506783966044e-01,3.051144551937214899e+00,3.726446420088032951e+00,-1.387077751107248513e-01,-7.056367186694647575e-01,4.224729080342641829e-01,-5.747303446930640547e-02,1.480134589467223094e+00,-1.437125918394048352e+00
0.000000000000000000e+00,-1.195228991169488664e+00,-4.127440064265644359e+00,-4.441407862044668420e+00,-1.326941919793380054e+00,1.806279274203524965e-01,-8.075730839640771208e-02,4.640288963590899485e-01,2.308629329060146063e+00,-2.255209094789206059e+00,2.361060541660681800e+00,1.577582870873274423e+00,4.547952861867090579e-01
1.000000000000000000e+00,3.104381726065207570e+00,-7.995262106218528508e+00,-1.875178394604660070e+00,-4.905109141174583520e+00,2.725830944549299417e+00,-4.469827640514868250e+00,-1.590081459189853774e+00,1.766413454257715010e+00,3.692185178900571074e-01,5.491810632357938537e+00,2.568664669749587404e-03,4.396568624702601014e+00
1.000000000000000000e+00,-1.490396983029379285e+00,7.320282325994166506e+00,5.113140723592839443e-01,1.052589777548428446e-01,-8.959433686263713614e-01,2.324432542240671307e+00,8.715018282437860808e-01,-2.380587869260020639e+00,2.747074744591958773e+00,-1.502811194009390228e+00,-2.325439712559204786e+00,-3.205460831473391003e+00
0.000000000000000000e+00,3.958322480435839896e+00,1.998776438999679383e+00,2.714259147036354403e+00,2.117259377062810977e+00,1.126047943187725275e+00,1.874999273166189973e+00,-1.109718551182148349e-01,6.580697794082628338e-01,-1.158849445565077074e+00,1.271457299288092369e+00,-1.940775278090704603e+00,-1.661350868064153108e+00
1.000000000000000000e+00,-3.907254027803942265e+00,1.008101381891464854e+01,2.946091153529162288e-01,-4.120184990352894872e+00,-1.562365835653175772e+00,-5.568610166455199018e-01,-4.875405582690127027e+00,-4.893940801864255619e+00,4.300274125276085435e+00,-1.830091908718507465e+00,-2.131858786809392114e+00,-3.372703225007392280e+00
1.000000000000000000e+00,4.343645234290590906e+00,2.869457650031929652e-01,-1.179499545660105841e+00,3.184976394785420939e-01,2.599516326847972625e+00,-2.430010469075992496e+00,1.782110243880229428e-01,-1.136019914513565876e+00,2.970221046387550246e+00,-7.309868311646416927e-01,-3.992558617205892446e+00,-2.763135670085013817e+00
1.000000000000000000e+00,1.500134311986568214e+00,2.968129867548391587e+00,-2.099638633414404154e+00,-5.543169517478596653e+00,7.442906743641994893e-01,2.162472273288138069e+00,-2.474669384020380392e+00,-6.509777428418639378e-02,-2.552578258540161737e+00,-3.559855998192557269e+00,-6.467391579122278245e+00,-1.696457081830987867e+00
1.000000000000000000e+00,3.771359994342341260e+00,-3.341640297730583686e+00,-2.021011845906766524e+00,2.241345210028154789e+00,1.322801272287350116e+00,7.518956660224618282e-01,7.612248355290089918e-01,-1.265067767806758336e+00,-9.344461853080618940e-01,1.521551504976662805e+00,-5.010444314603286209e-01,-1.890115911053920073e-01
0.000000000000000000e+00,-1.930856005069358616e+00,-2.303027466319511163e+00,-1.446881230287806464e-01,-1.768153886282168297e-01,4.634197910946113996e-02,-2.608239129062156270e+00,5.576814599197612576e-01,-2.927228122146246392e+00,9.016955286004076919e-01,3.154740172168649437e+00,1.413509292549344210e+00,3.087169923438458863e+00
0.000000000000000000e+00,-4.145095794635622610e-01,-3.130903340128449175e-01,3.034152700098362576e-01,-6.223267580790865949e+00,1.372087888043427295e+00,9.206320485723396008e-01,-2.957537766477438268e+00,-9.334617207008635287e-01,-4.171479829119711935e-01,-4.246755076926622685e-02,-1.139604558108719523e+00,1.835228724722136384e+00
0.000000000000000000e+00,-5.948458598552623933e-01,-1.101916430015982717e+00,3.985179727958334972e+00,-2.525160261062355804e+00,5.017233359482149879e+00,-1.031777260444375122e+00,1.259530022759294265e+00,-2.687399107719123936e+00,5.280847605145475576e-01,-1.270607797963334562e+00,-2.060041835376761554e+00,1.034879112836391668e+00
0.000000000000000000e+00,6.519509040494901875e-01,-8.435264448643254198e+00,-4.797404248576861985e-01,-1.943018460349590082e-01,1.983639427226113305e+00,-2.182268736521467023e+00,2.493405412962509615e+00,-3.004206449187516448e+00,1.211711379102907271e+00,1.563742018336637507e+00,2.136911990482927681e+00,5.572493572994470235e+00
1.000000000000000000e+00,-4.762070364470338824e-02,-1.904979181287383083e+00,2.635967143118829625e+00,-3.360254106475851099e+00,3.177670962595280368e+00,8.480088898081921123e-01,2.728696394628304933e+00,2.228331032057230932e+00,7.631078396912815975e-01,2.142661090235566057e+00,-3.771566638340786426e-01,1.964484623599089375e+00
1.000000000000000000e+00,5.005272126617557049e-01,-7.193370324254775294e-01,1.638273263475197528e+00,-1.126621958830835935e+00,3.911018170848906905e+00,8.530184573331314191e-01,4.414167398940178622e+00,6.541081922468200416e-01,-8.419658435726733448e-01,3.615081377425046760e-01,-3.591221484684486764e+00,-8.099873917325595141e-02
0.000000000000000000e+00,-8.389953323746623948e-02,-1.131295200084488695e+00,-3.852766789036539130e-01,2.437905542704229322e+00,-2.688417965102813945e+00,-1.274995804980264991e+00,2.021201069910060877e+00,5.309095800135021914e-01,3.128262488108485506e+00,1.725323014612057726e+00,2.614644707399873536e+00,2.037012149434239028e+00
0.000000000000000000e+00,-1.158832332700151957e+00,3.226613949692461070e+00,2.904731106598554824e+00,-1.947759979317852164e+00,3.225207629414689414e+00,1.322337134105629808e+00,7.136298024433549436e-01,-3.995159580738327776e+00,1.214913092489669832e+00,2.044521573532257719e+00,-1.915477724797709946e+00,-5.271716395995049709e-01
0.000000000000000000e+00,4.054703307575534543e-01,5.110012963625103488e-01,8.857670551534702064e-01,-2.317560625022361709e+00,-5.260269770860492855e-01,2.644678546090434956e+00,-1.263934185523358344e+00,-6.388739864243085931e-01,-1.958530441969179137e+00,-1.883452258522985812e+00,-1.303846713713869621e+00,1.518612321440704349e+00
0.000000000000000000e+00,3.828966436719329014e+00,1.589399518191442873e+00,8.004886051024682203e-01,-7.469056675124041256e+00,1.699122419442826271e+00,4.210331187449785517e+00,-3.298391193313865433e+00,7.747678122679435564e-01,2.722566782495661641e+00,3.024314018700858142e+00,-1.321197696447333536e+00,7.346331489964426087e-01
0.000000000000000000e+00,-2.155767594964455469e+00,-3.660491979776911098e+00,-1.278601311630430004e+00,-8.241384576273170781e-01,1.541353575492642625e+00,-1.777788578632779393e+00,-1.456394437374943784e-01,-2.974621213356632987e-01,5.130607737866907936e-01,2.926854304135711793e+00,3.465877957080385485e+00,9.858885833130847098e-01
1.000000000000000000e+00,-2.244630061075315375e+00,4.508776658268876858e+00,2.311870924064140631e+00,-5.370804882925097168e+00,9.236729224069579747e-01,-7.020638214176491143e-01,-5.041296938077215906e+00,-2.140557693973824893e+00,-4.173562902204128733e-01,1.504465276622648950e+00,-1.544385842196400738e+00,-1.588761054143770224e-01
1.000000000000000000e+00,5.883573724673970551e-01,5.186243256195949058e+00,2.674113425685180623e+00,3.572263527500247893e+00,-8.327850337633213584e-01,-4.390636068044363682e+00,6.049650235280710220e-01,1.734917774465796647e+00,1.045475280678396679e+00,-8.666997697544354118e-02,-3.270850016924296444e+00,-3.043299605120943330e+00
1.000000000000000000e+00,1.705357636015094158e+00,-1.728792372369582567e-02,8.471997806843192258e-01,1.255119916116224088e+00,2.538248822543138328e+00,2.152231108535305193e+00,-9.407383647064282428e-02,2.021697619823601855e+00,1.666193540458495992e+00,2.305624693153212057e+00,3.035188840547420774e+00,-3.212867681192009162e+00
1.000000000000000000e+00,1.012422100087691401e+00,6.336705324938904482e+00,6.597791202484561968e-01,1.900695739978078391e+00,-1.908077549665061934e+00,3.069049532728393093e+00,-7.023038855700812766e-01,-4.564834275009497233e+00,3.189930173695209259e+00,-2.633299975488638367e+00,-1.432041684621265132e+00,-2.424306073782636517e+00
0.000000000000000000e+00,-9.632672112831498490e-01,4.342969099208311978e-01,1.656537264971646994e-02,-1.089669021269146887e+00,-2.037197195591211596e-01,-2.850772142694493194e-01,6.213258664318620506e-01,-1.362588249148822150e+00,3.045450167403721764e+00,4.395605778674005037e+00,1.565222112345197036e+00,1.460547239064016845e+00
1.000000000000000000e+00,1.964304179253946181e+00,2.099022669828757071e+00,2.700707308181631294e+00,1.737882644807050792e+00,-5.487305743927497481e-01,-4.466224238954596082e+00,-5.417106059590548917e+00,1.259332045397154154e+00,-2.099687579770604273e+00,1.857932907876818085e+00,-5.615477973776419329e-01,-1.500903546821086287e+00
1.000000000000000000e+00,-1.624895800111663569e+00,2.946551352703475679e+00,3.795031132183025235e+00,7.081873123750411780e-01,-1.363141254214912390e-01,-4.052382510618697253e+00,4.552047692158434078e-02,2.966107580826135681e+00,-1.154514958811168723e+00,1.852070711968973882e-01,-1.875510663505301157e+00,-6.146606381933694685e-01
0.000000000000000000e+00,1.278341069080735970e+00,5.247327606957128410e+00,1.083987611583939525e+00,-1.359997595960348526e+01,4.948414638200580029e+00,4.641325119011478151e+00,-3.915109315533553236e+00,2.455516227213634384e+00,6.437714886326826313e-01,3.262558290993972765e+00,-5.813183574748725491e+00,-1.671960644104993232e+00
0.000000000000000000e+00,8.833871073162833376e-01,1.567638974213974468e+00,2.767695507919473163e-01,5.860453375154681233e+00,-3.581579212353096509e-01,1.721780330794175695e+00,1.225553137314449703e+00,-9.730781284669886011e-01,-3.928434599476441580e+00,-8.358784339506721839e-01,-9.240372516020157745e-01,-2.686546591862362998e+00
1.000000000000000000e+00,4.587119326807838071e-01,2.403825655718681009e+00,-3.730627448807896762e+00,-5.260197605531335974e+00,7.468969180315758738e-01,1.146167857004882773e-01,-1.738558749538158033e+00,6.925830986462722105e-01,1.054927386334589601e+00,-3.246370022803438005e+00,-4.485155571271469910e+00,-2.773030509624656581e+00
0.000000000000000000e+00,2.572822910043138123e+00,3.550187343553013353e+00,3.106433384150647292e+00,5.954506787412190860e+00,-1.057553110034467281e+00,6.976172669570861462e-01,1.609104456584124598e+00,1.354115757674624998e+00,-3.667324327453338917e+00,1.875486124369399210e+00,-2.640039945959251177e+00,-1.825541107317159240e+00
1.000000000000000000e+00,6.022687179176371419e-01,-1.195560551863073862e+00,-1.048514073440240946e+00,-2.719088342833283711e+00,4.141012455607346876e-01,4.408920298495214496e+00,-2.913997709264132485e+00,-4.112065128041047402e+00,-8.080010054548671938e-01,-8.444769872888946427e-02,1.503579480883104669e+00,1.510795739253621317e+00
0.000000000000000000e+00,2.001140838938713529e+00,2.329381860372611968e+00,3.200412210261891488e+00,2.315235654254769848e+00,1.079000878779491135e+00,-3.271315824689282614e-01,-7.040367044397235485e-01,-2.327771562841643993e-01,-5.966569508154282442e-01,3.051167413539559892e+00,-7.537121212065791553e-01,-1.326763220043002400e+00
0.000000000000000000e+00,-1.722914053660858702e+00,-7.426476878163197626e-02,1.468744095238296854e-01,1.875186546995597225e-01,3.479098408300245193e-01,-2.687499585649588685e-01,1.548553189681742825e+00,-4.886755532391730661e+00,-4.179861036138427188e+00,3.971048549203644029e-01,-3.855494088719863655e+00,2.520525061991442772e+00
1.000000000000000000e+00,-7.418879193903993308e-01,1.937098051977613533e+00,1.533973935518979870e+00,-8.985912871327869089e-01,1.215470672087257897e+00,5.178915551487461855e-01,1.171481676050654119e-01,3.263387241840175257e+00,7.857279116069790792e-01,2.547317482471398442e+00,1.140216087317520000e+00,-1.923913379872115303e+00
0.000000000000000000e+00,-2.448069379163660297e+00,-1.690770748862559403e+00,-4.090084205788694582e+00,-2.481079685917055411e+00,-5.861889780434659247e-01,-8.620784057396020383e-01,-3.520907476787018542e-01,-3.883814337688561436e-01,-2.548847623718471400e+00,3.540103034302150231e+00,-3.953380141901651212e-01,1.369114705000890941e+00
1.000000000000000000e+00,-2.611810367724620718e+00,5.118952761151318143e+00,2.861789078993004498e-01,2.314454359416686646e+00,-3.908144665321560129e+00,1.613071171812030080e+00,-8.429287047667326505e-01,-8.322959445399555900e-01,-2.749766352511322509e-01,5.267053843167659455e-01,1.424975088757843622e+00,-1.020721835632040220e+00
1.000000000000000000e+00,-8.494906587827967259e-01,4.926775461542574952e+00,-7.429896633321402266e-01,1.927008104470342709e-01,-9.325264801292674210e-01,2.900763444540848113e+00,8.312145034207811811e-01,-3.268801972935496902e+00,3.074960809101774828e+00,-2.036454094418708394e+00,-1.113536200199986670e+00,-2.259416179981275530e+00
1.000000000000000000e+00,1.825477640149597125e+00,-5.181365986698894810e-01,8.230878799881148344e-01,5.152783047141618056e-01,1.734060959446875216e+00,-1.855650600037448195e+00,9.263497798162174668e-01,2.111302672208101860e-01,-6.654391417667344655e-01,6.350170457001785840e-01,-2.752504957838766142e+00,-3.056100015371093770e-01
0.000000000000000000e+00,1.752114183613586729e-01,-3.025232706611697076e+00,1.334354954377388047e+00,2.552023419624640521e+00,1.480186379721813328e+00,4.894111436514854141e-01,2.432365153716324002e+00,-2.916069886986273563e+00,6.993664442968603456e-01,9.866417011112487145e-01,2.021712909018598125e+00,1.812217192079460526e+00
1.000000000000000000e+00,8.825862385518490338e-01,3.300912780158707260e+00,8.723999737182932535e-01,1.565205490965735136e+00,-1.229271173471163214e+00,-2.349257265428122299e+00,9.458527603102511172e-01,2.794488818937047370e+00,6.970655772654834603e-01,-6.146182312088668276e-01,-2.839036495002017269e+00,-1.878597132498927014e+00
1.000000000000000000e+00,-8.505683182438361634e-02,4.002165044456459597e+00,-3.465420335355991810e+00,-1.585783766656660099e+00,-2.787818092694002381e+00,-7.154846709907023428e-01,-2.315396089397325774e+00,-7.649798673539320859e-02,2.300965117399708326e+00,-3.552284525993041342e+00,-2.233541519101010842e+00,-2.567660066701008770e+00
0.000000000000000000e+00,-1.015209936369123156e+00,4.319193931645338047e+00,2.325357633951770531e+00,-1.149558144798498605e+00,1.359535511681106090e+00,-3.940722310741473500e-02,-4.112595962086075252e-01,-2.116678720906834066e+00,-1.007993732835361422e+00,1.567171732621909008e+00,-3.262509306390720010e+00,-1.026415685620207352e+00
0.000000000000000000e+00,-1.723580344219475924e+00,5.686232273658791136e+00,3.058937377614666442e+00,4.458055221061688833e+00,-2.547081733854156482e+00,7.118661263741998813e-01,1.823497059482639404e+00,-3.340167824196307311e+00,7.988107461039722912e-01,-7.523079312595994939e-01,-7.917037014911774140e-01,-5.230902459934632098e-01
0.000000000000000000e+00,1.932057408065934512e+00,1.027706988668064259e-01,-1.836677753347554010e+00,-1.043336900335878603e+01,3.082255148142217571e+00,4.228435897801753995e+00,-4.501064747410582711e+00,-1.005362836445338859e+00,3.242021899389313511e+00,1.215849019591929592e+00,-7.288046987292560175e-01,2.857895956890399436e-01
1.000000000000000000e+00,-1.393633019577658061e+00,6.506235253936947238e+00,9.769745530142857071e-01,-1.609775018577928263e+00,-1.769396570954725911e+00,-1.446690429154312785e+00,-3.370727803266871270e+00,-3.052454232242423515e+00,3.543669436066946954e+00,-1.404901727541700174e+00,-1.469438327698850966e+00,-1.675499356551779950e+00
1.000000000000000000e+00,-1.204792058944205824e+00,4.362911504619346736e+00,-4.960634018125698042e-02,2.735602542775962487e+00,-1.993380641369183248e+00,1.658067557490656707e+00,2.445598961336640897e+00,-1.774683595758846710e+00,2.913009151909252914e+00,-1.228836056335270710e+00,-1.226933522569002566e-01,-1.739695686795980745e+00
0.000000000000000000e+00,-6.308217364623760481e-01,-1.688623641176709989e-01,-7.360491392305512637e-01,5.141849082607660160e-01,9.160278446004724850e-01,7.550879147051232643e-01,-1.282794894094020366e+00,-4.522640049639253590e+00,-7.915467077516478156e-01,-2.842257514048889266e+00,-1.836901468883196387e-01,-6.702604831159750809e-01
1.000000000000000000e+00,1.308734377329364706e+00,2.465578618742691130e+00,5.619930268857752376e-01,6.361543453036270002e+00,-7.212295485936819350e-01,-3.618705050210906382e-01,2.199690398747188080e+00,-9.063967183397640959e-01,-2.393590518978049086e+00,-1.606430941474953578e+00,-2.673597751386494359e+00,-2.784988338777911299e+00
1.000000000000000000e+00,-1.682081006371880516e+00,5.152274367645100384e+00,3.148899068363547826e+00,1.041839400332177590e+01,-2.655326653281886884e+00,5.887347541671772433e-01,3.405860261503931063e+00,-3.216133069050058246e+00,2.196944948080935767e+00,1.667508092053967772e+00,3.539509193334105852e+00,-2.687183255463594378e+00
1.000000000000000000e+00,-6.953844048965991398e-01,2.684239047731336480e+00,-2.098321841687948108e+00,2.090837643781178645e+00,-1.642573201339577516e+00,2.306104984808389879e+00,-8.688618197037845103e-01,-3.313955664859201899e+00,1.790950632759404026e+00,-1.193077856032767503e+00,1.635398233999676432e+00,-2.302044384285370171e+00
0.000000000000000000e+00,1.886550800366512126e+00,8.977833226200547800e-01,1.225072020975729759e+00,2.117614508133680129e+00,6.858727307519649763e-01,1.656166833624155288e+00,1.092978124953254415e-01,1.083753054756410705e+00,-2.970415407993926671e+00,1.623954927283226546e+00,-9.784816948820381777e-01,-1.394182434995873798e+00
1.000000000000000000e+00,-5.377569410713250342e+00,5.342282750763740484e-01,-1.063219836972932431e+00,-5.159547795969631423e+00,3.290388723666786142e-01,4.483262858605909784e-01,7.888410536619017144e-02,-3.395972076398957373e+00,3.044761423720895088e+00,5.155485926606289127e-01,1.772411241424112216e+00,2.102727698249937216e+00
1.000000000000000000e+00,1.419748869314565454e+00,-1.202577399310481354e+00,1.949016004029858751e-01,-1.178279366174552756e+00,1.932592030778044201e+00,-7.386749519087730809e-01,-5.641389369573812651e-01,1.040777239875892546e+00,-5.835351390426289919e-01,2.060767477783126189e+00,-7.265947716563017078e-01,-2.460092664032658138e-01
1.000000000000000000e+00,8.411314372056868383e-01,9.020507577075541628e-01,2.359452821268355649e+00,1.609538243831930338e+00,3.142834958747525498e+00,1.286411407483390779e+00,1.009975784875383198e+00,2.100004021709556135e+00,-2.123481794823124380e-01,1.889091313584076559e+00,9.376572508158576014e-01,-3.125624600907580319e+00
0.000000000000000000e+00,1.689747000565699153e+00,-2.364559054284275152e+00,-7.677906321450984617e-01,4.560193513765339546e+00,-2.694543563429063759e-02,2.892056302347841168e+00,1.688584197042202195e-01,-1.849861483997078393e+00,-2.769505030028828418e+00,-2.822833426346661678e+00,1.769528084893590592e+00,-9.526558125767266016e-01
0.000000000000000000e+00,2.804000102634443437e+00,4.513235059208332345e+00,3.506652855388489032e-01,-3.173640163005517323e+00,9.609851108554678945e-01,3.086627242486667644e+00,-2.206454998197264761e+00,1.405552263071014440e+00,2.073731233567517318e-01,3.261490018809511060e+00,-2.743363925261494529e+00,-2.547955868424564230e+00
0.000000000000000000e+00,7.024457726531883051e-01,2.407613529992311818e+00,2.574479253356998676e+00,7.044986181019921467e+00,3.520742759606548811e-01,-1.713817404240591813e-01,1.135841113950596171e+00,-3.773897785829586571e+00,-1.068523793019761747e+00,3.673067300609418329e-01,-3.873581617094767893e-02,-2.240025174862354529e+00
0.000000000000000000e+00,1.237385948431610316e+00,3.040803641260833245e+00,7.455964011020064230e-01,-1.310892770078489755e-01,1.495953364957348430e+00,3.089852885043294695e+00,-1.772020887928648536e+00,-1.703104077774855840e+00,-2.007808363927720663e+00,-1.829288697373215200e+00,-2.112317565989193291e+00,-2.925143808875508178e+00
1.000000000000000000e+00,-4.225898261055894833e-01,1.040638731298813013e+01,3.216199790694690641e+00,4.480941402718949362e+00,-3.076566277680552464e+00,-3.495147675756009598e+00,-8.090928155732506344e-01,1.118344387977799226e+00,2.942172158982883978e+00,-2.833182084521738142e-01,-2.788305085342270395e+00,-5.153461182881335034e+00
1.000000000000000000e+00,-1.383272936641640083e+00,2.238978487770941772e+00,-3.516911365280659840e+00,-6.903667554908319737e+00,5.223066003558751724e-01,2.017303657608116474e+00,-1.580076607839901115e+00,-1.431059942119945916e+00,3.244534553253366482e+00,-2.292043185234678759e+00,-1.900100922495230549e+00,-1.067054471023234807e+00
0.000000000000000000e+00,1.104662299372692669e+00,2.232702744291708008e+00,3.619538859360440064e+00,7.253419620621610164e+00,-2.075300522621925658e-01,-2.662247736474577131e+00,9.740500668515053029e-01,-4.624039836536645076e+00,-8.880414062884430804e-01,-1.563949762537166333e+00,-1.808082606034269402e+00,-9.325006533529683894e-01
0.000000000000000000e+00,4.424770988881230327e-01,3.950478979040283001e+00,4.299571580571582174e+00,1.900884323876758764e+00,1.305542122649952619e+00,-7.765247644256776383e-01,1.024124460282978877e+00,-2.418410622144095967e-01,-1.709337244841496517e+00,3.262960226252793472e+00,-2.981446027291294598e+00,-9.837734403614423195e-01
0.000000000000000000e+00,-1.763238092612206209e+00,-4.550184927655923639e-01,2.205772552916448248e+00,-5.664567862527190023e+00,3.435996658963257566e+00,1.908486213197755355e+00,-1.468375685957527432e+00,-1.517805880713139377e+00,-7.290474584710192607e-01,1.114254554865025781e+00,2.256832946892650682e-02,1.555648848353279767e+00
1.000000000000000000e+00,-2.212806625413194617e+00,1.591532772849121979e+00,-2.578441462193268308e+00,-4.427573648497494574e+00,-9.766444718336542152e-01,3.219647561535547986e+00,-1.776007099371549991e+00,-3.017292035314343313e+00,6.043628675443248888e-01,-1.604008356024283266e+00,-1.506076839490627650e-01,5.968498222655147512e-01
1.000000000000000000e+00,-4.444760777606554525e-01,6.378597554955016236e+00,-2.444019559631725791e+00,-2.227133665792846440e+00,-8.818595340579160613e-01,1.908007159424963017e+00,-3.368809093685511957e+00,-5.019254638832447490e+00,3.574345086549139960e+00,-3.820984328399371854e+00,-2.239722018145327009e+00,-3.853716095090581106e+00
0.000000000000000000e+00,-1.426866357101099769e+00,-3.055041117057310629e+00,-9.203995879977715511e-01,-4.406692289325369605e-01,1.872639962485701526e+00,-9.061993225391484774e-02,1.351902000308886187e+00,-2.887303091781764586e+00,-2.196614419945555952e+00,1.993676702089957065e+00,-1.387638033966859252e-01,1.907767769204143704e+00
1.000000000000000000e+00,4.567764182319365318e+00,-3.634021638941153931e-01,-1.179758882012762466e-01,2.772737372285494217e+00,2.252603771398927091e+00,7.882301525347348292e-01,3.170306521814505896e+00,-2.222546721020508986e+00,1.183512218369028979e+00,-3.722520525290664573e-01,-3.754002938965853797e+00,-1.355263103061728591e+00
0.000000000000000000e+00,3.380310823555493283e+00,5.249115899091737703e+00,2.597749626022842317e+00,8.756174838610784050e+00,-3.257011343805826797e-01,4.135324161640155927e-01,1.845391410541456167e+00,1.265955316931681729e+00,-3.626121193212211935e+00,2.721624306602534737e+00,-2.986197658735574301e+00,-5.065441884584974019e+00
0.000000000000000000e+00,-2.373362450184344219e+00,3.662565343079284386e+00,-1.019073916929851276e-01,-1.998968096717558707e+00,-8.368526652709440405e-02,4.137101579358093417e-03,7.011225438301482704e-02,-2.118642551141769914e+00,-7.358418868338976182e-01,2.445484975107692804e+00,-2.628330765027484972e+00,-7.320958806250943418e-02
1.000000000000000000e+00,1.137445009618151870e+00,6.138437872075320101e+00,1.650575221133383508e+00,3.916802777543406222e+00,-1.851137851536441836e+00,-3.021077160221647517e+00,-6.338965530797440184e-01,4.480214466760699121e-01,1.817234538489089335e+00,-1.624917829012939574e+00,-2.763029871915537061e+00,-3.849900595369074363e+00
0.000000000000000000e+00,-8.196046853038680968e-01,2.406056398075459679e+00,3.296343613810043260e-01,5.040945109662358981e+00,3.107899205486055472e-01,1.084969682366160759e+00,1.849442751275347518e-01,-2.611658883000631981e+00,-3.545685926907940377e+00,-8.439368987049600257e-01,-4.701729870422247659e-01,-3.234266785113386167e+00
0.000000000000000000e+00,-1.794513304565362954e+00,2.016300378395313952e+00,2.365184988712466296e+00,-3.609416962926850214e+00,1.937651017162969058e+00,-1.569195686098144193e+00,3.406464664841339918e-01,-2.913380109855035371e+00,3.151868681076777090e-01,6.345891758043413766e-01,-3.650140810090341859e+00,1.601229699431949260e+00
1.000000000000000000e+00,3.796448496502272896e+00,1.380144924026197040e-01,1.674486941471521328e-01,4.647728282662210830e+00,1.194110939930505655e+00,-1.406366558358461472e+00,-2.040613365131460633e-02,-5.046665601976589866e-01,5.362790952896578922e-01,2.360409508817402635e-01,-8.017625631500923111e-01,-3.063922765170365548e+00
1.000000000000000000e+00,4.945427816251327657e-01,-1.505142324253375685e+00,2.627842197312362238e+00,2.684353336714317084e+00,3.827501197521306242e+00,7.864979607029281006e-01,3.367169273121387363e+00,8.415635667945016163e-01,-2.884437478318996551e+00,-3.141303394769030533e-01,-1.016929852220429087e+00,-1.379936829223476824e+00
1.000000000000000000e+00,-1.254838537574128887e-01,4.533139225884839085e+00,-8.709579957109871984e-01,-1.772074971046728453e-01,-2.873982189427729317e+00,1.418565629956557883e+00,-2.580677366497938330e+00,-2.853604530685830643e+00,9.886323103271472679e-01,-2.520682568152323277e+00,-1.216276306629975990e+00,-1.090083515071290421e+00
0.000000000000000000e+00,-1.571328208377842373e+00,8.837285855034880955e-01,1.962754418521134525e+00,-7.174057191335417194e+00,2.789409792448243053e+00,9.082297168141313382e-01,-2.280921409183704451e+00,-3.730290557186529021e+00,8.341359903680287680e-01,-1.070877819984098256e+00,-2.159382629804714515e+00,2.143570530016023490e+00
1.000000000000000000e+00,-1.876875484272187977e-01,1.811838446862136021e+00,-1.784698002414472295e+00,5.940114299750684168e+00,-2.952883623324028761e+00,-2.240109989507269361e+00,1.768836636805644513e+00,1.820598667808749127e+00,-7.425494012625408757e-01,-1.432311652610099184e+00,-4.820805274524433415e-01,-2.759250634426217985e+00
1.000000000000000000e+00,1.687844303669563839e+00,-5.800392405323542278e-01,4.567411133967501646e-01,1.631835857491976904e+00,1.592572518629384426e+00,-1.619176804739228981e+00,2.545570392686585137e+00,8.190924114750330887e-01,1.421489845192518864e+00,2.246543233274980178e-01,-1.601783361951171436e+00,-9.835760026067804640e-01
1.000000000000000000e+00,-1.431858367602323323e-02,4.364583551511524995e+00,2.434265339199004341e-01,3.135917472235361658e-01,-1.061635473825182752e+00,-3.607240715128936515e-01,-2.321392513060366980e+00,1.414656533602689503e-01,-1.936557839933401581e-01,-2.871994790607590442e-02,-1.318947396154263707e+00,-2.593106386816380393e+00
1.000000000000000000e+00,3.987063697540730978e+00,-1.991775291804864123e+00,-1.352896540963954841e-02,1.227934482697104368e+00,2.228892393781894299e+00,-8.952498374263770931e-01,-2.248169203017805540e+00,-7.877196766224419111e-01,-1.373723565494686216e+00,1.449542461891609069e+00,-7.492565435819118491e-01,-1.165309350099620556e+00
1.000000000000000000e+00,6.762461679416307270e-01,2.245788775348396271e+00,-2.747963619717880945e+00,2.434234980265867598e+00,-4.619691691624691288e+00,-1.450847156496447354e+00,8.216335298885346639e-02,4.275005693127678086e+00,-1.344611848643877394e+00,-2.296124429993138705e+00,-1.941843184247706855e+00,-1.638142319909396738e+00
0.000000000000000000e+00,1.543908874807975895e+00,5.952288567034553779e-01,-1.320652879783918099e+00,-8.687091346686088400e+00,1.720260949124812200e+00,1.164219972899910083e+00,-3.787378680743894055e+00,1.457907009805161636e-01,3.394334346788874690e+00,5.108195038347355776e+00,-6.736730903403573834e-01,1.161043784074531349e+00
1.000000000000000000e+00,3.256943452032038389e-01,9.443327356032432673e-01,3.213235459083205736e+00,2.717990445173388725e+00,-1.509475891128757574e-01,-3.510980930685067669e+00,1.848324775292617073e+00,1.291731900033694203e+00,-2.820904430124543172e+00,1.374812732518230884e+00,-3.295544523411653159e+00,9.499237066103038973e-01
0.000000000000000000e+00,-1.148069753654932246e-01,1.174116594630714605e+00,1.230068445978889091e-01,3.649829630643745659e+00,3.908491517484262712e-01,1.171121363744566768e+00,-1.328870518430259606e-01,-6.471327420091301796e-01,-3.689581324520128547e+00,3.795582927194468548e-01,-6.618073560273640688e-02,-2.463792682037023951e+00
0.000000000000000000e+00,-1.211549036848715399e+00,1.580198578119534680e+00,-1.101891164378954180e+00,2.325377804694516826e+00,4.024213052842827709e-01,1.431956065051612770e-01,-1.019521069964854032e+00,-5.632506201885623121e+00,-4.408257429620086043e-01,-1.836905634637322038e+00,-3.115686331930808128e-01,-1.899583597968974358e+00
1.000000000000000000e+00,1.112039348119557403e+00,6.933743878348407996e+00,3.912514831004501037e-01,5.440677069317834125e+00,-2.899642585885370494e+00,-2.187882332342994118e+00,-6.876243034307177870e-01,1.575639298329469362e+00,-2.023940555389680540e-01,-1.589184129644142018e+00,-2.941105554373035780e+00,-5.212278681290983151e+00
0.000000000000000000e+00,-3.202403142245852763e+00,2.101494283781879524e+00,1.277927717020406861e+00,-6.717608527754036274e+00,4.393769812456703505e+00,-1.541744037333463879e+00,-1.419500011023055119e+00,7.532924325715195657e-01,-5.110240199526030480e-01,1.685437713233232104e+00,-2.609421587651574281e+00,-1.399646462608079123e+00
0.000000000000000000e+00,-9.154386807038561447e-02,-2.405335864106801669e+00,1.924821847570257427e+00,-2.728404060356762084e+00,2.938261024621292350e+00,-2.011724471245051937e+00,1.757456642593627105e+00,5.531015042645370805e-02,9.206531442966786605e-01,-2.026312991837002642e-01,-1.682354570566637175e+00,2.081292248202621042e+00
1.000000000000000000e+00,-1.205775917362382321e+00,2.003357146242716880e+00,-1.482165631077041690e+00,4.794521827881260023e+00,-2.089703631316148336e+00,5.102109353308393658e+00,2.465926419437817874e+00,-4.612754510771566174e+00,1.261282871666587813e+00,-1.075843005949690623e+00,2.765897196868404073e+00,-1.201686778960431523e+00
0.000000000000000000e+00,6.500054963764076987e-01,4.279776879237015663e+00,4.300892636576468142e+00,-8.691732140945606089e-01,4.903960950110110018e-01,-2.506099741587158869e-01,1.850313815022024633e+00,-2.609473433008533405e+00,4.652564368954430485e+00,7.443812425452965842e-01,-2.606799962539085413e+00,1.067164178852625378e+00
0.000000000000000000e+00,-3.488716598229504307e-01,9.820345749534838964e-01,1.300834102899439015e+00,-1.555293942283621389e+00,-1.039536715237456832e-01,-1.577869054842746088e+00,9.935772510665974444e-01,2.435841561716277415e+00,3.602046160478008741e+00,-1.398558151752709033e-01,1.463075648549310159e-01,1.922134907544990057e-01
0.000000000000000000e+00,1.116782543455002497e+00,1.732652713662909405e-01,2.412793426304705724e-01,3.894329090957707962e+00,3.595283917424272335e-01,9.122391958943897317e-01,-5.260972438249789107e-01,-2.262465259620812574e+00,-1.600783878282175721e+00,-6.499982109373527717e-01,6.069421258327816204e-01,-1.714435970796171826e+00
0.000000000000000000e+00,-1.434845282578586012e+00,2.534346983318255919e+00,1.692492564247914721e+00,6.494150644629812508e-01,1.601852925082334345e+00,-1.512044869538639702e+00,-1.525504071995509303e+00,-3.025337484633293883e+00,-2.241793585487850571e+00,-1.289316202986222848e+00,-2.264272465361044429e+00,-1.745625432488211892e+00
1.000000000000000000e+00,5.945818408211279715e-01,2.878446450744865270e+00,1.764905534804831699e+00,1.467875242945560377e+00,6.598085832999651679e-01,-2.274139775535192420e+00,1.154510287959850112e+00,1.245870914820329522e+00,5.055254788590599624e-01,-3.152401142995848726e-01,-2.890392541691930273e+00,-2.090803567386405160e+00
0.000000000000000000e+00,4.898277947623179696e-01,2.664774819997224764e+00,3.285001612557553186e-01,-5.326359054990780217e-01,-8.388059038066153494e-01,-1.240773839326605010e+00,-6.259226229072578640e-01,-2.684974834189410853e-01,-7.204859438009147965e-02,3.985015613315781469e+00,-2.151471953284706196e+00,2.372960503485055384e-01
0.000000000000000000e+00,-1.831609238854410293e+00,8.521759215564534973e-01,-7.322687353550398903e-01,-4.516742676264772882e+00,2.804369030030706700e+00,-8.375791983117154560e-01,-4.731827480828978416e-01,-1.510535039819072889e+00,-2.504094694947274213e-01,2.783467791334857999e+00,-2.380930550198401718e+00,-2.044136304756292155e-01
0.000000000000000000e+00,4.318418186343266907e-01,8.056630335952130295e+00,2.927826219399272567e+00,2.174786769844764489e+00,-4.943414699248991795e+00,-6.897549146371008133e-01,2.827690881705207548e+00,6.617100862115459226e-01,4.349971781279325711e+00,-4.107584662177217183e-01,-3.743077844582435976e+00,2.092192897187359346e-01
0.000000000000000000e+00,1.173461546703984393e+00,-4.072079122074739210e+00,3.498563216950883792e+00,-1.981694922496875622e+00,5.263545313791169633e+00,-9.211391273758033904e-01,3.032079045387473304e+00,-6.637223048499814038e-01,1.739800028285139577e+00,4.912233512573375149e-01,-7.122187448765963103e-01,2.204198223240922516e+00
0.000000000000000000e+00,1.703247933175221274e+00,-1.143907406996116372e+00,-1.555907754515935881e+00,1.765463363075004510e+00,7.346350412993780665e-01,4.948671348084184851e-01,-2.084866152483660251e+00,-5.964626027587214274e-01,-1.574625016832241542e+00,3.479329061712209681e-01,1.043615694756046874e+00,-1.998190721079611709e+00
0.000000000000000000e+00,2.261770375851555048e+00,7.944023876439495480e-01,1.881439951099558083e+00,-2.557800897587514832e+00,1.995305202309697989e+00,1.851516120597732851e+00,-2.364639429276946814e+00,-1.371949294653231677e+00,-3.779640031191510152e-01,-1.614412873211965582e+00,-1.823316951191584545e+00,-2.838085056004526763e-01
0.000000000000000000e+00,-1.563848477380591184e+00,-7.971361962587645289e-01,1.410947349799723805e+00,2.047308376676233888e+00,-1.195745862031280193e+00,-2.301170135395644412e+00,8.531739345774490557e-01,-9.032136366324177157e-01,3.306346408867559816e+00,8.894333923730048941e-01,3.444700323784188889e+00,1.640358017444426109e+00
1.000000000000000000e+00,1.162270899034020255e-01,9.625967825146228840e-01,1.077568244556244226e+00,3.432383505675281388e+00,1.354359941237028409e+00,1.155967413122237275e+00,2.658247977139762241e+00,1.868051841446022987e+00,-4.446775165209224667e-01,1.132149169638301700e+00,7.425210531419532689e-01,-2.756370973360462884e+00
0.000000000000000000e+00,4.895231652032213887e+00,-6.443168641082755999e-01,8.533703954095330779e-01,-5.184765342395208698e+00,2.158905330553256618e+00,5.460099017254864684e+00,-2.677070127402227051e+00,3.258317197699680534e-01,2.398163433073114970e-01,-2.504456499822553361e+00,-1.721461224110572008e+00,3.103670976792485270e-01
1.000000000000000000e+00,-2.289942561234107998e+00,3.836172323775946413e+00,3.267742099283378554e+00,3.912134147262235739e+00,8.801317338689925718e-01,-1.252229221908139456e+00,1.716097121567333073e+00,3.106492834941867454e+00,-2.145694291298334555e+00,-8.355230618078632876e-01,-4.239894773728263289e-01,-3.988800310536996907e+00
1.000000000000000000e+00,-2.166855637638378074e+00,6.678847669245596030e+00,-1.116854538945161179e-01,2.284818565954072511e+00,-2.435468884467715256e+00,1.655296917675384893e+00,1.644584117947138768e+00,-4.344910174914227596e+00,5.717252159253059851e+00,-2.159605870360471247e+00,1.958615672204777614e-01,-2.469469891469331824e+00
1.000000000000000000e+00,3.616885117035480768e+00,2.318226736248683029e+00,-3.581166514371996179e-01,5.443448539459953217e+00,3.406577056685992089e-01,7.428540550494495687e-01,-1.020604669136182530e+00,-4.995447601572329255e-01,4.395197313665206718e-01,8.749698032897715860e-01,3.618770823903092460e-01,-4.847534830473827938e+00
1.000000000000000000e+00,-7.290777331571753894e-01,2.186391842591106638e+00,-3.150495113991076401e-01,5.607135365435527596e+00,-5.133157424218546261e-01,-2.097347210790648120e+00,3.204206253235632573e+00,2.196960631301753786e+00,-8.727895133156009511e-01,2.249506752750006777e-01,-9.618967557858539852e-01,-3.611808592072283108e+00
1.000000000000000000e+00,3.162153363344439416e+00,2.102940026515435878e+00,1.699973961545347079e+00,7.114773079368446052e-01,2.316084366488725621e+00,-1.145675370529758874e+00,-2.546745770399625908e+00,6.682014464335173098e-01,2.416605199575807550e+00,4.536693484514856545e-01,-2.278683203705953453e-01,-3.832796842149879701e+00
0.000000000000000000e+00,1.961088017771470682e+00,-8.081507644536233270e-01,-1.099438047179580380e+00,6.321838611524349894e+00,-1.242743845343885933e+00,3.018786920910021543e-02,-2.381286515949535554e-01,-4.738692168039801977e+00,9.697166662608089904e-01,-3.800953551616939041e-01,2.169627463314923066e+00,-8.953527560644992667e-01
1.000000000000000000e+00,5.918448251115542291e-01,-9.589485018645083070e-01,1.093612431408830465e+00,1.965221696591858136e-01,2.109585368407048689e-01,-2.822535792858367643e+00,-2.052516007704074941e-01,1.258060640093181970e+00,-1.561464213509502930e+00,1.555027698418019355e+00,-1.331265050504121472e+00,1.117558041618907705e+00
0.000000000000000000e+00,-2.010773452641564596e+00,2.596618210219091560e-01,1.477892362260123660e+00,3.072097399394232209e+00,3.405279080175855899e-01,-7.321142462822111119e-01,1.526058163005927559e+00,-1.750388687228573215e+00,-1.407022984029910440e+00,-7.858488439314381679e-01,4.931459034888125981e-01,-2.234828346100146135e-01
0.000000000000000000e+00,-3.604402726069789509e+00,4.732199945810994457e+00,1.390339185484129159e+00,-5.887589524920663203e-02,2.138878103113752260e+00,-1.062923598630936883e+00,-1.749189636181581742e-01,-2.998597327640895926e+00,-1.026297527479730576e+00,3.983325765031563215e+00,-1.485147578179292438e+00,-2.508513253700887624e+00
1.000000000000000000e+00,-1.449128173728428282e+00,1.585622425869602781e+00,-7.998844137083650496e-01,-7.734097138883532452e+00,1.330912937061197177e-01,-1.472467403025446320e+00,-4.015927303154143146e+00,3.518554426847477767e-01,5.286220642542329706e-01,-5.568414958242269286e-01,-2.488809951431449008e+00,1.091957608675765190e+00
0.000000000000000000e+00,-1.787102414610842072e+00,1.333985550520194741e+00,2.237075119737844453e+00,-1.674993877253043939e+00,2.017146661446387768e+00,-1.801048099155463600e+00,6.292735904443282902e-01,-2.623092270093993150e+00,-1.190781233774507175e-01,-1.871114058103872324e+00,-3.002543769242274951e+00,4.924758863544239640e-01
0.000000000000000000e+00,-2.034581918729976735e+00,4.300451771921372845e+00,-2.309178695638256062e+00,-2.449980437895492358e+00,-2.738978528205585405e+00,-5.476030939400244879e-01,-3.692782356399788579e-01,-3.470101420366829004e-01,1.405313172941745625e-01,3.137719901513618570e+00,-2.742693244504273764e+00,2.072307128003515464e-01
0.000000000000000000e+00,-1.810051094945131389e+00,-5.751958056866771640e-01,2.614055843572010041e+00,1.047832581260361717e+00,9.151563310990697975e-01,-3.613472639500626915e+00,7.791808161312050451e-01,1.860748995172370357e+00,2.593289561136012278e+00,-1.833361138577498828e+00,2.137529125614512360e+00,-4.237877867573640600e-01
1.000000000000000000e+00,-8.683382782135529165e-01,-3.951718337817826110e-01,2.781348169368351719e+00,-2.607847885885216765e+00,2.516143575912698438e+00,-5.018339487239042995e+00,-1.501119601355398014e+00,3.768613676207345886e+00,-1.891531117066195478e+00,2.699922115246560672e+00,-1.598803484162517830e+00,1.060124927646288739e-01
0.000000000000000000e+00,4.675503802028524447e-03,-2.715183448338375438e+00,-6.912465494136499355e-01,4.415865321985749659e-01,1.457273519905219583e+00,1.267927478688892329e+00,2.453393291121281017e+00,-2.668562714855223783e-01,-1.969063239839146107e+00,1.205021379642651214e+00,-1.993931396834571768e-01,9.960007828238304217e-01
1.000000000000000000e+00,4.396444742255565252e+00,-3.566272626518247169e+00,-1.592352376405149261e+00,5.626642944917483735e-01,2.861280659195877263e+00,1.313245095394854456e+00,-2.205382362159502563e-02,-5.435114953331634524e-01,1.064215854330862410e+00,2.594646795334684342e+00,7.774653988571071928e-01,-8.956411995374815582e-01
0.000000000000000000e+00,-2.901091409147804612e-02,2.982123756349758015e+00,-2.570053002653986951e-01,1.344432679765562577e+00,1.342272421236684998e+00,1.288948051420484076e+00,-7.937732357350248957e-01,-8.624335244058685124e-01,-3.562399990683309703e+00,-1.215537259042668516e+00,-2.706639575734361536e+00,-3.770618704963075718e+00
0.000000000000000000e+00,2.630673026613826737e-01,2.775992331066037710e+00,2.036450105805091670e+00,2.423140816601453196e+00,1.112869729236108274e+00,1.816975893736550773e+00,9.727932442603355323e-01,9.883192955225406084e-01,-3.395110166445974187e+00,2.871416379716272615e+00,-1.264402525391255194e+00,-2.234419707039670300e+00
1.000000000000000000e+00,-9.811120010264613445e-01,-1.210233310556474429e+00,2.314474383477151953e+00,-1.926249242741669088e+00,6.589834273145989130e-01,-3.686298253283612159e+00,-2.317705224669404096e+00,3.310220256261234173e+00,-1.026396287230969095e+00,1.868815631687929191e+00,1.139565433105446335e+00,1.156125701336982114e+00
1.000000000000000000e+00,-2.147602463180804833e+00,5.433896009477242828e+00,-2.052888122791219683e+00,-5.950694910922927683e+00,8.201813453210842209e-01,-4.369344983037608543e-01,-1.034742327082201374e+00,-1.335189033939830239e+00,4.115011645562001164e+00,-2.716556107862681202e+00,-4.045304104426158176e+00,-2.869985483415587346e+00
0.000000000000000000e+00,5.305588852237126396e-01,-2.890745681376994725e+00,-1.211484229659110845e+00,3.518183280069028251e-01,-1.178972036317627037e-01,9.569253487761031352e-02,2.144366050417431779e+00,1.298312073252988696e+00,1.059418599992241194e-01,1.006767471925670066e+00,6.834168504954682977e-01,1.464704800857836720e+00
1.000000000000000000e+00,3.062478281208349973e+00,-2.935428760064229703e+00,-5.067947682788351838e-01,-8.498367317129907894e-01,7.090502656493069544e-01,-3.141753813040798260e+00,1.074358052177902811e-01,-4.208175675478058597e-01,1.057510818621212323e-01,1.636846425604315147e+00,-2.787209277705879451e+00,2.351991302892543878e+00
0.000000000000000000e+00,2.494369458275236706e+00,1.749037314724211312e+00,-1.215208456679159887e+00,-8.266924600757836750e-01,8.124523921896920076e-02,3.208558177431548586e+00,-1.091848552425861429e+00,7.118628296083380214e-01,-1.146834839131656514e+00,1.508399813440884030e+00,-1.505356989485727048e+00,-1.726938231006381885e+00
0.000000000000000000e+00,2.658101968445911734e+00,3.007418990593955233e+00,2.798410959020486644e+00,-1.153049103256708818e+01,3.698130028882492759e+00,3.102469964016892234e+00,-2.421713695637560448e+00,2.920917693124410519e+00,2.385547613927055721e+00,5.622099401312206091e+00,-4.046538527648003480e+00,1.407984956386346909e+00
1.000000000000000000e+00,4.692412202648068575e-01,-3.982646014598817175e+00,-4.401222623875500339e-02,1.431910119256656067e-01,1.579334839451359107e+00,-6.037689620616925046e-01,8.423401988508231186e-01,1.179771506142570203e+00,-2.183254831308118593e+00,1.409748177987782736e+00,7.117854078798415696e-01,1.367670858268346112e+00
0.000000000000000000e+00,-5.435601547812973777e-01,3.249361487755885847e+00,-3.678291969224076752e-01,1.135378012251459801e+01,-8.958990099886718905e-01,3.887239924667580393e-01,2.240241788040389981e+00,-9.820666794070462835e-01,-5.747606024305299321e+00,1.078361400272544790e+00,1.249826218721019622e-01,-5.820981032759517504e+00
0.000000000000000000e+00,-1.968818050000379127e+00,3.575505844331750449e+00,6.182027719389979747e-01,-4.149364856395297174e+00,2.789659790573778553e-01,-1.046336112665409157e+00,-1.612695859029287249e-01,-1.428586318029385627e-01,7.125566327823125157e-01,1.346708194541522241e+00,-3.296609626535819348e+00,2.469769904734369081e-01
1.000000000000000000e+00,1.490055200036144889e+00,8.023590377998945922e-02,-3.422593864210012882e-01,3.368028060216307296e+00,-2.148477237391421824e-04,-1.191420680030646162e+00,-2.026757998902602775e+00,1.619752151425276843e+00,-8.424950856356621109e-01,2.185326413576698990e+00,2.076321547215365548e+00,-2.781635479337628780e+00
0.000000000000000000e+00,3.667978988147431618e+00,3.778795156202423566e+00,6.023189515541823580e-01,7.632960419057489787e+00,2.796685041783830705e-01,-1.866403099891352113e+00,-1.375356966011508142e+00,9.653296184168489447e-01,-3.234163440382756161e+00,1.726963583160345372e+00,-2.167153263674749919e+00,-6.205125395923565712e+00
1.000000000000000000e+00,-2.865410672512463286e+00,5.824535514159611127e-01,-2.961934055833826740e+00,-5.157323264989869260e-01,-2.228344115062553144e+00,8.006895010481253072e-01,-2.685472058270126361e+00,-2.932463365254787568e+00,2.417772383245392120e+00,2.906015353216968577e-01,4.416486392382317661e+00,-2.082221785779186929e-01
1.000000000000000000e+00,1.904543887113792078e+00,-1.527232789196019569e+00,8.780714745425932666e-01,4.772139021456015762e+00,1.817567320230860872e+00,3.704251584457868063e+00,2.252946860594092104e+00,3.086628902979310363e-01,-2.808608916766148766e+00,2.448913089279540323e+00,1.950465000341714106e+00,-1.654136063462662287e+00
1.000000000000000000e+00,2.998859710546448731e-01,1.253266054362704551e+00,-4.405311804730633440e+00,-8.261991216368583579e+00,8.324497437956777102e-01,3.270372068740631910e+00,-2.053801136948276707e+00,-1.203788188320797259e+00,-5.309583619603621685e-01,-4.448536669991549175e+00,-5.311387060752360334e+00,-5.299752833162629795e-01
1.000000000000000000e+00,-1.698609122163069252e+00,6.552495965241400544e-01,2.673399120984670141e+00,-2.380257645043529546e+00,1.330488195258872963e+00,-2.251804327474915102e+00,8.908316253993345812e-01,3.480525272186124841e+00,-1.034705294092183259e+00,2.245571504138429653e+00,-1.342339577364951797e+00,7.949657156374949629e-01
0.000000000000000000e+00,1.457902966740746820e+00,-4.561790467438387786e+00,3.143279369667776990e+00,-2.068172341286163896e+00,4.852335298438291034e+00,-2.009306917486807231e-01,2.722396327820228557e+00,2.676688663448167915e-02,8.984214512117697504e-01,-1.189261204929057847e+00,-7.100067805601296689e-01,2.180427287033521289e+00
0.000000000000000000e+00,2.301935208749557482e+00,-1.304388898250611106e+00,-3.953969515097938370e+00,3.768356245054446330e+00,-3.469491840268477123e-01,2.019813716640863177e+00,-2.708794685888455511e+00,-1.752779276281560383e+00,-2.276572641334277058e+00,-3.160694819236837816e+00,1.438346128845902072e+00,-3.715655828008360473e+00
0.000000000000000000e+00,-9.966367220137953842e-01,-2.827088133525244018e+00,7.435189012069991499e-01,-3.145781901939995961e+00,2.976921756347044479e+00,-1.832503666262129016e+00,6.169989938125801654e-01,-7.666897405003701982e-01,3.743762270240579282e-01,7.392290276148982819e-02,-6.716317931396558194e-01,1.777568477021568949e+00
0.000000000000000000e+00,-5.806050683767260967e-01,3.134662707867335446e-02,-2.080195184719415558e-01,-4.477020745504234789e+00,1.531966303208709412e+00,1.945408751458809871e+00,-1.371886671910439670e+00,-1.557528205544126632e+00,3.323483602696455375e-01,1.854663814142836653e+00,-1.586810906512061692e-01,1.074059431772175888e+00
1.000000000000000000e+00,-7.932989746752603377e-01,2.516205846785593891e+00,-3.313347492545001050e+00,-9.510726788743653515e+00,-1.469358915936904708e+00,8.050529552137296596e-01,-5.207261766365000710e+00,1.008973428951270179e+00,7.829075739937653156e-01,-2.171143215527767900e+00,-2.928263149212636751e+00,4.578217173764287384e-01
0.000000000000000000e+00,-1.327628639315497683e+00,3.780476939724945584e+00,1.861667916642497644e+00,-2.927739377662117004e+00,2.931889327390555522e-01,-2.066542227865602044e+00,7.254481679821255247e-01,4.166517925800854449e-01,3.156763271146204364e+00,2.505004124941488275e+00,-2.280275509152173363e+00,2.480522119439213524e-01
1.000000000000000000e+00,1.854094210670562681e-01,6.010151988694538705e-01,2.305686122316488174e+00,2.432520773318655571e+00,-3.478269846736858906e-01,-5.114321921073921473e+00,6.154124635983533320e-01,1.171249561933401351e+00,-4.625218618419072669e+00,1.666579106230179796e+00,-4.421085144108474196e+00,9.998239436911877664e-01
1.000000000000000000e+00,7.816355314469033422e-01,9.128951090759070297e+00,3.539503234141076593e+00,5.883473504064658854e+00,-2.078360808898642720e-01,-1.527267596987422538e+00,3.139384754145603917e+00,-9.170780471772244091e-01,-1.518648519145445297e+00,-2.696571509613761020e+00,-7.830720205092649877e+00,-5.273898838952850276e+00
1.000000000000000000e+00,7.093638091854526095e-01,1.238645321383044617e+00,-2.732555086263380062e+00,-6.154579603537603916e+00,1.036853032639300398e+00,2.162396012622514796e+00,-2.287260120164910759e+00,-5.318453343811920808e-01,-5.467628475774288788e-02,-2.366654883821268207e+00,-3.538434820497210698e+00,-8.878717676245959645e-01
0.000000000000000000e+00,6.001414452027287183e-02,1.809680575601679386e+00,4.229521402868832602e+00,3.193926003820173887e-01,1.072787166067263653e+00,-3.985699280492696062e-01,2.104254375236965569e+00,-2.557868217194555704e+00,4.724646718303166182e+00,1.739276200385701188e+00,3.504391881599722147e-01,1.520230508038120654e+00
0.000000000000000000e+00,8.986796447853913072e-01,-3.260103659890520866e-01,6.529945894272257689e-01,2.042117956471640294e+00,-9.387211098184622404e-01,1.121299430686939935e+00,2.536376630481432137e+00,1.534158002533107634e+00,3.257300873461345780e+00,1.517698124689063288e+00,2.512021373962586068e+00,3.996652690329361990e-01
1.000000000000000000e+00,-1.301524427843148146e-02,2.302175562103183193e+00,-2.169699544494728016e+00,1.876463644207652326e+00,-3.594942305449869924e+00,9.257317016427606404e-01,-1.924750093525564143e+00,-9.793365136368011870e-01,1.530675539020408316e+00,-1.169944674807762208e+00,1.766953777008912319e+00,-1.224437226785954458e+00
1.000000000000000000e+00,2.897587006796494613e+00,-5.762621861074197493e-01,2.021477338531374457e-02,4.584368851506626541e+00,8.196371421013090020e-01,2.173599250125279880e-01,-1.161212817799051056e-01,-1.065189203260101802e+00,-2.682187997577630600e+00,3.741853578619408482e-01,-7.929322500484667913e-01,-1.961223734723479328e+00
1.000000000000000000e+00,-3.033564506163095587e-01,-6.655003115852212936e+00,-8.029725410305652566e-01,5.545063694092851048e-01,1.230747408348748406e+00,-1.536924806178451064e+00,1.367788996356492204e+00,1.441128450178968734e+00,-5.697808898325906313e+00,2.895356548357585158e+00,5.221277528985912575e-01,3.443484394498705470e+00
1.000000000000000000e+00,-6.980511638265352037e-02,2.271768723289710135e+00,-2.172747093179634881e+00,4.319701097497302689e-01,-1.052407071808055150e+00,2.369308829600263788e+00,-3.493910604723048374e-01,-1.744540012498529968e+00,8.921864826204453092e-01,-1.585858419400211439e+00,-2.271148262245378247e-01,-1.976630534446062182e+00
1.000000000000000000e+00,-8.451865274309913190e-01,1.996383213018735336e+00,9.978427599443453477e-01,-9.636688837604370228e-01,-3.627776294317094363e-01,2.089355388505075295e-01,1.507616143028989164e-01,2.989247757103141723e-02,8.349275894872540960e-01,6.872877592416692938e-01,-4.643588167727917826e-01,1.472072199324403474e-01
0.000000000000000000e+00,-2.419701377471923376e-01,2.912173864984872740e+00,2.435787426311729620e-01,-3.802031029475640977e+00,5.220406245132432899e-01,2.781353202311669826e+00,-1.159615635477661666e+00,-6.465204381939543277e-01,-1.546927790876404529e+00,-1.555469243552507486e-01,-2.949665339702669975e+00,-2.718547119682898083e-01
0.000000000000000000e+00,2.515299179824898701e+00,1.569171782593779207e+00,1.598152258641224233e+00,3.056413762543763735e+00,5.940343925634363753e-01,-6.509914329540291700e-01,-9.331703642881121752e-01,1.020698380610093547e+00,-3.232802445798375945e+00,2.716085449083333048e-01,-2.325729044731475348e+00,-2.283855184005576966e+00
0.000000000000000000e+00,-2.615498550717169746e+00,-1.361945343441229195e+00,-2.020150829555810379e+00,-3.109142444268140792e+00,6.715858286106951569e-01,-2.338372788833527949e+00,-7.727040012746997366e-01,3.154064791592938732e+00,1.303337055992437321e-02,1.991424068857508223e+00,1.319623170752361574e+00,-3.372702790531436623e-01
1.000000000000000000e+00,-1.203467168459340098e+00,4.789031282778864806e+00,4.015119795160456917e+00,-7.905549673677183531e-01,1.403396275496869183e+00,-1.157715664592345428e+00,-5.668955108953852573e-01,3.205876821579290770e+00,1.143050040377007193e-01,1.219719891120372601e+00,-1.179653014780372544e+00,-2.725433741122919251e+00
1.000000000000000000e+00,1.780911568939874901e+00,7.472768810703667164e+00,1.852624175445239052e+00,7.911782162796225926e+00,-4.648848116206802938e-01,2.227759893847335970e+00,4.295864825424167144e+00,-1.677450743487678420e+00,1.870683884154960008e-01,-3.109818987124905121e+00,-4.336041086822124413e+00,-5.960406915435091157e+00
1.000000000000000000e+00,6.195561807934708565e-01,-1.794295875014835673e+00,-6.110605801099215917e-01,2.280239111001120200e+00,-1.245486419326889305e+00,-2.155132742272518165e+00,-1.134303348855640881e-01,1.151994933722573444e+00,-3.245090866181036926e+00,2.886555041767637775e+00,-2.213365669241168510e-01,1.238042675679982718e+00
1.000000000000000000e+00,2.380210155497723523e+00,-2.876490010666799435e+00,1.347959629978011442e+00,1.446455445927770755e+00,3.733304273745281954e+00,4.130472070096526949e-01,1.986704892015646262e+00,-7.506928744159573341e-01,-3.368033155530597789e+00,4.033641431491129525e-01,-2.430172067734240215e+00,-7.792753501054794363e-03
1.000000000000000000e+00,-4.617634030161543723e-01,5.459965806009951628e+00,1.833306556987978286e+00,4.861835206794118847e+00,-3.283010041454335948e+00,-3.881456665818462604e+00,4.750835290068642358e-01,-6.925376247715175904e-02,1.322894445410283337e+00,-1.584139671167128505e+00,-2.141419198316429018e+00,-1.972620329179994414e+00
1.000000000000000000e+00,-9.903400247606151119e-01,4.055139000617490552e+00,2.537099109814946907e+00,1.336403722597783617e+00,2.548134387889935404e+00,-2.313653091348808921e+00,3.197598764526797588e+00,2.330143916284720174e+00,9.385775241758274046e-01,-1.756052234172204685e+00,-3.681619502329542382e+00,-4.098950410625288754e+00
1.000000000000000000e+00,5.900297606719373533e-01,2.817965934904083980e+00,1.750197885652246654e+00,5.146132696024280584e+00,-2.571108314517402960e+00,2.533050518899597314e+00,3.661320075896139503e-01,6.721668963020268617e-01,-1.749024206025940664e+00,2.043428377750396319e+00,1.900185357791161156e+00,-1.080392000752883108e+00
1.000000000000000000e+00,1.783854672932308816e+00,-1.787346015836192015e+00,3.225173247895608553e-01,2.383257665104711265e+00,8.035734347567935476e-02,-3.030293550416013559e+00,9.424011189489465146e-01,1.273067885948792277e+00,-7.233945771888317111e-01,2.627584373062282541e+00,-7.048894511884236103e-01,6.625901714704107714e-01
1.000000000000000000e+00,3.751548248739925651e+00,-4.930705579563713359e-01,-1.435570497365671994e+00,4.874413176389547964e+00,1.537006110044050189e-01,1.563346309901081366e+00,-4.926092146765475022e-01,-1.452703594152339850e+00,-1.814710463092963799e+00,1.390129081516042087e+00,1.247068763806709057e-01,-2.395965626967648809e+00
1.000000000000000000e+00,1.380373835214535827e+00,3.410621770532866304e+00,-1.086507626134198157e+00,-4.399816413857610797e+00,1.365465908632340852e+00,1.293294638572912270e+00,-2.639722572197292116e+00,-1.053833752720996886e+00,2.186824766409368737e-01,-2.211140363637026596e+00,-4.408986341383426932e+00,-2.381414917458963387e+00
0.000000000000000000e+00,1.867900671682420466e+00,2.725901145641473899e+00,3.240744767987218555e+00,-2.193041889433536618e+00,3.415235217795338230e+00,5.196190019725708265e-01,-5.955056443006695455e-01,6.629500282117519738e-01,3.466704109349922902e-01,4.898772722850017303e+00,-2.192549660892775254e+00,-1.361629989937427787e+00
1.000000000000000000e+00,-1.355795216818454163e+00,6.412359169318125218e+00,1.925427000828498159e+00,-5.404823242436858521e+00,9.671967238079026696e-01,-1.367862097775732089e+00,-3.142667885073140432e+00,-1.464443889082935435e+00,1.049470824433032190e+00,-9.644438057223693184e-01,-4.927352865220722578e+00,-1.551588450698111021e+00
1.000000000000000000e+00,1.867423020473681250e+00,-1.369583374358684713e+00,2.098796062107568527e-01,3.628291107736191901e+00,7.541357987426579035e-01,5.393980206699824365e-01,9.783386306035932733e-01,-3.764295895454852214e-01,-5.917380454753569108e-01,-1.066807477193655096e+00,6.502763878819546317e-01,-1.234831161640123076e+00
0.000000000000000000e+00,-4.785422373226799753e-01,5.975839969747715585e+00,5.126213118179379080e+00,2.060658119882897044e+00,-6.510886753745077637e-01,-4.912982147190255722e-01,2.507151594833237240e+00,-3.693187501274823425e+00,1.507081045751373471e+00,-1.898086722532117854e+00,-4.364129682180601932e+00,4.411551657445530461e-01
1.000000000000000000e+00,3.307969541126506652e+00,2.690366005685987272e+00,-7.054270018097481554e-01,7.581128929557348073e+00,6.491326714651175500e-01,2.345847350227439509e+00,2.646629999070681638e+00,-1.844889513219538202e+00,-1.089349126424393077e+00,-7.589589255230062559e-01,-1.945576546571038623e+00,-5.175704961560533057e+00
0.000000000000000000e+00,3.748383942390403067e-01,1.704096466226886486e-01,1.397194853318990848e+00,-1.301763269626122543e+00,-5.637883610704481629e-01,-1.480544127256349540e+00,7.188939716624305198e-01,-7.442953891023499358e-01,4.669722164067056092e+00,1.111619139600573236e+00,5.528711800387682285e-01,2.202334349126972235e+00
1.000000000000000000e+00,-1.025117446735462678e+00,-1.045652173379619354e+00,-2.926845481200220256e+00,-2.944961093580049649e+00,-1.346198019087181397e+00,1.367597111365847384e+00,-1.390688398425560024e+00,2.882051931956014723e+00,-1.762010069076833663e+00,9.105724116952711444e-01,1.008293188474466806e+00,4.421494424717504756e-01
1.000000000000000000e+00,1.353598433546407076e+00,4.696443605124505538e+00,-3.334480612839612057e+00,3.921580383289841709e+00,-1.160798885107674039e+00,3.240749970735684382e+00,3.258649537245116967e+00,-1.232371595956186949e+00,2.525669722397164918e+00,-4.122095996584087985e+00,-2.644832687623220657e+00,-5.430113899294087609e+00
0.000000000000000000e+00,4.953100583778470289e-01,1.219261107630444263e+00,6.507361374423752398e-01,1.691187708515770050e+00,1.108994753056168348e+00,2.780780729566213694e+00,-3.105508668372151115e-01,-9.450976548436620384e-01,-2.154454971510383565e+00,6.272218851416875296e-01,2.639885845667946374e-01,-1.947628147656226716e+00
0.000000000000000000e+00,-1.678609381843486847e+00,1.799705078942057002e+00,-2.362165144847745424e+00,1.867176240217462535e+00,1.195095652196407343e+00,-1.913484033792914207e+00,-1.494358076846504124e+00,-2.386129632065225437e+00,-5.774927500761741772e-01,4.399799763631194516e+00,6.756489399570411170e-01,-3.493394138806951599e+00
0.000000000000000000e+00,-2.185499011213947185e+00,6.583834955766522334e+00,7.879238983036100930e-01,3.752907561222058874e-02,-3.282245558511808881e+00,-7.301987637533764453e-01,2.482299546589913364e-01,1.294840112786199704e-01,1.614315558584034083e+00,9.931960128180227221e-01,-1.994642589359109319e+00,-8.068289637820242888e-01
0.000000000000000000e+00,6.796284694874834553e-01,-4.359122109479431906e+00,2.165353618462380503e+00,2.878203331530216236e+00,8.943209529741960040e-01,-1.505065593308809735e+00,3.059896331070797615e+00,2.752353507789504494e-01,3.041251997574216492e+00,4.302190742608872354e-01,3.613093381120627612e+00,2.351647618730547951e+00
0.000000000000000000e+00,-1.012819950975907046e+00,-8.117885994261685667e+00,-1.036472499189238228e+00,-2.991793636927625233e+00,3.394265656110983631e+00,-4.138308949618060950e+00,3.188627078345102062e-01,1.410404872595449444e+00,1.112501706038305560e+00,1.152598720885851469e+00,3.078885281373529459e+00,2.931779105110577266e+00
1.000000000000000000e+00,3.789575534420509539e-01,2.886900201562610402e+00,1.223406043759810657e+00,9.627263629205465856e-01,2.553566914402769505e-01,-2.275782585946043213e+00,-3.742031442033381339e+00,2.327126743901677841e+00,3.654390584751072701e-01,5.737035056119734744e-01,1.081751856947411383e+00,-3.768019102294493550e+00
0.000000000000000000e+00,-6.820952230209385014e-01,3.803443089163109470e+00,3.248228187365872710e+00,-1.499240213400187205e+00,1.139313419545660899e+00,-7.023096892470560570e-01,1.102515397701786304e+00,4.231781084486663236e-01,2.169307043416845548e+00,2.512799490266726110e-01,-2.239328593933488598e+00,-6.922622168295236023e-01
1.000000000000000000e+00,-2.235405372877417030e+00,5.697982846314420868e+00,-1.285628710874925806e+00,-3.487421279470188651e+00,-6.895729607228500146e-01,-5.513970026082735121e-01,-3.192092312893612061e+00,-3.310812064579606417e+00,2.107678305623074344e+00,-2.511019919543379775e+00,-2.661803645877746760e+00,-2.365584713769407266e+00
1.000000000000000000e+00,2.520632613047901760e-01,2.588223118626514996e+00,-2.915924148351024314e+00,-3.812540021718773264e+00,-1.168841508702682663e+00,-3.170341671088079849e+00,-2.717306999802340250e+00,1.271686722112396861e+00,2.996847204749094828e+00,-2.909981881514124069e+00,-3.040641545082369834e+00,-1.976061323483792709e+00
0.000000000000000000e+00,1.077152030018253548e+00,-4.601908838000419721e-01,2.235122095476099080e+00,3.702673028744285055e+00,-1.624563843645612682e+00,-7.746676335570295002e-01,3.501845198104732937e+00,-3.246921743147231698e+00,1.825873907643750016e+00,-1.111507460753105470e+00,-9.655162550332907490e-01,3.162818594404371630e+00
0.000000000000000000e+00,-4.059948198002527597e+00,2.638434806416301015e+00,8.630879460907386891e-01,1.547902926144544722e+00,1.353252585070040315e+00,-4.567277451688420697e-01,2.209163735774077875e-01,-3.671669438969157984e+00,-3.493920667771061250e+00,-5.307844908386691873e-01,-1.314629401855222479e+00,-1.767467404262763608e+00
0.000000000000000000e+00,-2.316312102160213104e+00,2.274978873932395285e+00,1.170995825903748733e+00,-4.904871963030344340e+00,2.086894832929683918e+00,-2.191541246467450410e+00,-5.990943774035044633e-01,5.234162733433007642e-01,1.767248650195427651e+00,1.661896655823427604e+00,-1.904252860956662463e+00,-2.690305789048315077e-01
0.000000000000000000e+00,3.860623300186737605e+00,1.799109183097957754e-01,9.753667326259345405e-01,1.594795481134094972e+00,1.726386970703396084e+00,2.228627191744141811e+00,-9.124187564695315222e-01,-1.630470715960362416e+00,8.280666999127173078e-01,6.742096578678800078e-01,7.302011712718270431e-02,-1.603110243688660397e+00
0.000000000000000000e+00,8.531557810583602075e-01,1.278523630847567594e+00,5.066804172590042121e+00,-4.202222595007842010e+00,3.955055285209286620e+00,1.532184646876945333e+00,-7.689817485467212999e-01,-1.222413447450946045e+00,6.868270843801149717e-02,1.020998771343749167e+00,-2.103492232700941766e+00,1.117376860830289864e+00
1.000000000000000000e+00,2.114197651367923925e-01,1.133466766985139262e+00,2.014197900254501405e+00,6.223335743347550242e+00,1.107569293586714743e+00,-1.774420021641737844e+00,2.356308313970352675e+00,1.036864194347711043e+00,-4.193812633035959081e+00,2.912467259156925614e-02,-1.894160210274181022e+00,-2.881518672682293669e+00
0.000000000000000000e+00,5.952792278214122934e-01,1.324707588947481529e+00,5.105208934284711120e+00,1.744233280965339361e+00,-2.058280088928530205e-01,-2.259102010075277001e+00,3.503310476453564526e+00,-2.847823333925760814e-01,5.272430623298343555e+00,5.329151670604355129e-01,-4.342485788520256129e-02,2.309533605540860179e+00
0.000000000000000000e+00,2.559008562234275086e+00,4.583608520187786861e-01,-4.124772058974868205e-01,-2.639176777365230264e-01,5.978271410290947330e-01,1.592813803147386631e+00,-2.225271135129413214e+00,-5.400903883523529014e-01,5.670806424883476637e-01,2.793418844803725598e+00,7.488094260369231314e-01,-1.077620582908943803e+00
0.000000000000000000e+00,-1.874141743087827550e+00,5.125494248510062079e+00,5.885018316234558178e-01,2.953140222682961724e+00,-2.023879926941791751e+00,1.645909942414187199e+00,1.694912877315306599e+00,-2.761278417114398920e+00,-9.276709752344580728e-01,1.372679314752922153e+00,-1.542277724556712304e+00,-1.033098864367596459e+00
0.000000000000000000e+00,-9.670530266640042782e-01,-3.055073762285362426e-01,6.234176607304475759e-01,-4.194301380944558844e+00,1.500652245822090336e+00,-2.051765180637078245e+00,2.323686710864283356e-01,5.217029486027819907e-01,2.233755012682684615e+00,6.857219627722925814e-01,-1.274179880935085940e+00,1.348344954577666677e+00
0.000000000000000000e+00,-8.097900603806147402e-01,1.733125600219226792e+00,9.088220493778078612e-01,2.426685511898795181e-02,-5.817313301332391884e-01,2.409771493637280493e-01,1.255436212144999786e+00,6.898347275167742154e-01,1.693243547970456842e+00,1.364067555823667455e+00,3.706145038320591834e-01,4.278889859058854217e-02
0.000000000000000000e+00,-1.728266760785486689e+00,3.378812174712986227e+00,4.764530007782430410e-01,-6.974711956042349836e-01,8.665594960738207675e-01,-1.117858976632114754e+00,-1.262234164066049935e+00,-1.793247129397538719e+00,-7.617576347473630216e-01,3.302329817472514861e+00,-1.414147380181989044e+00,-1.467045262647173498e+00
1.000000000000000000e+00,1.969217316272948493e+00,1.936619294550216974e+00,7.122543512691181800e-01,6.199310812127172277e+00,-2.826299065247515063e-01,-4.761725896080632126e+00,-4.124917267974637092e-01,8.891517901065394414e-01,-2.151385866851436290e+00,1.015908380587127402e+00,-2.299905102796222955e+00,-3.449552140075663687e+00
0.000000000000000000e+00,-3.011289155329178513e+00,-1.489273875430621175e+00,-1.830229978946907199e+00,-2.421369205484043441e+00,1.247005321847989734e+00,-2.050406648427458567e+00,-5.104367750923797242e-01,-8.743433418343448116e-01,-2.273894096498266126e+00,2.238152795085368130e+00,-4.820028940493589209e-01,7.838784927092483645e-01
0.000000000000000000e+00,-1.393198320391337841e-01,8.342178890708042971e-01,4.317455677856846918e+00,1.902193655083096901e+00,3.934141255858382147e-01,-4.656915079420960168e-01,1.903486142645922641e+00,2.133104267351073613e-01,-2.600651273152128518e+00,2.559052157877620637e+00,-1.350072951145580014e+00,1.847885325868090511e+00
0.000000000000000000e+00,-1.488916579230226134e+00,5.721609940646934511e+00,1.530798727548152716e+00,-5.675873794813155016e+00,1.954974168521601996e+00,-1.992198162911705817e-01,8.226405700911443297e-02,1.337295631446108413e+00,1.124579038448722423e+00,2.233160907854077060e+00,-4.852446373034238647e+00,-1.635234974576316169e+00
1.000000000000000000e+00,-3.389684374001463718e-01,1.094424092081367483e-01,-3.418029038838924283e+00,-2.483160199129069434e-01,-8.225306660772364609e-01,1.289721635379945663e+00,6.783267505412029497e-01,-4.664935899621943660e-01,7.790296935927913946e-01,-1.943794323759532983e+00,-3.326663357521009168e-01,-1.243614837163873554e+00
1.000000000000000000e+00,-6.964461794058542932e-01,5.676116332318581481e-01,1.261544507860635100e+00,2.262662472034273897e-01,1.255977696252944975e+00,-2.129322148502489576e+00,-1.862485335986384882e+00,2.601170043536749077e+00,-1.474420670004587208e+00,8.531837492771139342e-01,7.076814121412882130e-01,-2.077408723812892433e+00
0.000000000000000000e+00,2.072149640823464978e+00,1.794889493658728963e+00,2.178575317148196522e+00,3.485284043386732922e+00,1.422459593579405990e-01,1.417291404261675325e+00,2.022106011913722412e-01,-1.813923880907799546e+00,-2.760599910282041769e+00,-2.515296825019067040e+00,-2.496531900429752593e+00,-1.178659400830114112e+00
0.000000000000000000e+00,-1.240856968101416768e+00,5.217009767230669226e+00,3.133976064208571000e+00,-1.309368791732068438e+00,-4.272077199841430861e-01,-8.250387920642172634e-01,9.266135904976305904e-01,-1.306019016790407328e+00,4.027289764662659977e+00,2.537449180722783915e+00,-1.460906150460236752e+00,3.207257180763165572e-01
1.000000000000000000e+00,1.181269042730678898e+00,4.865311278980004595e+00,1.454606361470458964e+00,2.075854633882165956e+00,-2.968578442828674113e+00,5.381146289135667615e-01,-1.515609522258857700e+00,-3.172087585796157239e-01,1.355515090211462104e+00,-4.846855057901529040e-01,-5.983269644389046515e-01,-1.257446080763574559e+00
1.000000000000000000e+00,-1.472421860047987696e+00,1.807734296280373298e+00,-9.284748812377872085e-01,-4.674991808574420205e+00,5.219462047398413240e-01,1.989473621499564970e+00,-2.473646155223724552e+00,-3.097337237192479886e+00,2.959145439622775875e+00,3.662627530265871734e-02,8.238439646546806827e-01,8.321865184076071564e-02
1.000000000000000000e+00,9.193290987346203202e-01,-8.280203511232524516e-01,8.115588177532879754e-01,2.704939718767018220e-01,1.440650215461299899e+00,-3.977025328885597233e-01,5.042906583128052844e-01,2.093591836160783259e+00,4.983857784989231821e-01,2.373915746836997798e+00,9.287889060807879016e-01,-6.728632259501402535e-01
1.000000000000000000e+00,-1.817039663880930744e+00,5.281214446230308113e+00,-5.013259970365397944e-01,-3.262973189710873800e+00,-1.311170691713629433e+00,-3.150489017414215276e-01,-2.122610159395561080e+00,-1.800825341441652627e+00,4.760652641492333359e+00,-1.038514753178518379e+00,-6.407740886153252546e-01,-1.506246721484661544e+00
0.000000000000000000e+00,3.105135748260308581e+00,3.201318527664056113e+00,-1.241199139525965833e-01,-3.265251639444783027e+00,2.094213769036898931e+00,7.301530527882904575e-01,-3.005969453828931659e+00,6.636224495658336053e-01,1.704987824787409068e+00,4.986904306191957126e+00,-1.924034133448011108e+00,-2.687625142487207519e+00
1.000000000000000000e+00,-1.011197357330489766e+00,-4.684190774542789981e+00,2.011116184829448539e+00,-6.029722844586837827e-01,1.878423359262718861e+00,1.300762051201809211e+00,1.108024886292461320e+00,2.421503011197021493e+00,-3.627876780365080212e+00,2.688532177054434591e+00,2.937740741652540510e+00,2.811476958758701183e+00
0.000000000000000000e+00,1.640713738370109365e+00,-4.463423360220390435e-01,1.428176297982526322e+00,-6.105131737385267598e+00,3.130525133744954225e+00,2.328099248425901102e+00,-2.830523328405575523e+00,-1.090680882834521137e+00,7.038469820504722474e-01,-4.242722887661194431e-01,-1.152448802008618767e+00,8.560881552711872011e-01
0.000000000000000000e+00,-1.689412499227942455e+00,2.194206220061131862e+00,5.478747288749167277e-01,-7.973948004853969040e-01,1.812537414483801346e-01,4.781221306427256845e-01,5.012086843761549559e-01,-7.233826625569534929e-01,2.063734484786831080e-01,1.567691819980400414e+00,-4.596661989653906266e-01,-3.073664668330093885e-01
0.000000000000000000e+00,-1.444064626289270237e+00,2.395285461746905487e+00,3.957094377620743231e+00,2.720699034136883632e-01,1.920077287878408701e+00,1.184244199834844302e+00,1.597956538034391194e+00,6.246100106121941220e-01,-3.892591882132559800e+00,2.342042241825245785e+00,-2.049647011330820945e+00,-1.879369298078478190e-01
0.000000000000000000e+00,8.671651088267327001e-01,-5.882233747154907100e+00,-4.726166608828299420e-01,1.514361571692667274e+00,1.969708237144560448e+00,8.286818470192152120e-01,2.427583314610869181e+00,-3.367262993091083345e+00,4.014306043971090920e-01,2.343635985522901422e+00,2.625546406201679783e+00,3.123025459316715491e+00
1.000000000000000000e+00,9.084115064098443604e-01,-3.660816597542325135e-01,-3.669780498849230188e+00,-9.882481037346934727e+00,1.422946123356523263e+00,2.897843645605832297e+00,-5.558107261729126058e+00,-8.108781978799602941e-01,1.381063610333322922e-01,-1.453601987964336484e+00,-1.945123168887031406e+00,3.136486993873792706e-01
0.000000000000000000e+00,-8.367219242002239543e-01,-5.927354055167836089e-01,-1.428113974354807691e+00,5.176558726073354766e-01,-1.047591780942144890e+00,-3.625894540285217182e-01,7.646498699892489981e-01,2.085869392800641098e-01,-5.194201879545186085e-01,9.120313412645824069e-01,3.092607005937553222e-01,5.675140412936590106e-01
0.000000000000000000e+00,-1.229338749965389610e+00,1.507230037764326847e+00,6.303102208463721157e-01,1.632693771949677597e+01,-3.209635010424188195e+00,-2.239123083089305410e+00,4.196887079383582630e+00,-2.098850795895215615e+00,-5.258122921329756672e+00,2.717024380004329664e+00,2.563406083939957725e+00,-3.410637764725136911e+00
1.000000000000000000e+00,1.001012051167320394e+00,4.329798974182913263e+00,9.480173207315492068e-01,-8.591081987511737239e+00,8.630879282749650550e-01,-6.339999014890354001e-01,-6.148174165820455173e+00,1.869302682833831053e-01,5.181462606058621079e-01,-7.010791849796393915e-01,-4.640353521101800105e+00,-3.596176159904104219e-01
1.000000000000000000e+00,1.008588097503636094e+00,-5.127190920509747674e-01,2.249008090126192183e-02,6.634571429403338882e+00,1.064980023505468276e+00,-8.679402886501134118e-01,2.839274807821405844e+00,8.706480307943643693e-01,-2.748620639187353554e+00,3.640773833268062809e-01,-3.557404930010520383e-01,-3.101815471150957571e+00
0.000000000000000000e+00,1.251504116064312555e-01,1.615563778229850644e+00,3.054773483413297797e-02,-6.310293674682107223e+00,1.973563097498182373e+00,6.399736666321254042e-01,-3.416875928132525608e+00,1.073196298142924832e+00,-4.096598240255153733e-01,3.034414776472943664e+00,-1.644495842391230367e+00,-3.807834431361444283e-01
0.000000000000000000e+00,-1.164894140999834793e+00,-3.526609522992114165e+00,-1.707694543528284203e-01,-3.952592493501565496e+00,5.098774337688229963e+00,-1.272674579483632495e+00,7.333126225063727466e-01,-1.436002400559409642e-01,-2.369985968291588474e+00,-4.030870022090127236e-03,-2.105962373929950004e+00,3.017762355083787318e-01
1.000000000000000000e+00,-3.151839238982926172e+00,2.730888069360456250e+00,-1.270664366116606825e+00,9.582928126840187799e-01,-1.289454672771471522e+00,8.623367485655716314e-01,1.745652003961791099e+00,-5.858018936263164056e-01,1.124784459482430332e+00,6.616837408298015255e-02,8.004354770814994247e-01,-1.439491217603008355e+00
0.000000000000000000e+00,-3.119673981431994481e+00,-1.001794419644007395e+00,-1.929089572814751019e+00,-8.721554810269445568e+00,3.680094742636050853e+00,-2.035273799399223371e+00,-1.977489219983584512e+00,-2.476843228017467924e-01,-1.537855231781461995e-01,4.255178269766288324e+00,-1.750840952315378729e+00,1.025922311016678856e+00
0.000000000000000000e+00,-2.635988253223000122e+00,5.155447109016811247e+00,-2.267557786008311815e-02,-8.474460665425793238e+00,2.579963284670492740e+00,-4.517355798865438921e-01,-1.673611458026929455e+00,-1.230937299173130661e+00,-2.454467498208297016e-01,2.140505247355251051e+00,-6.069783068439901008e+00,-7.601146899846384919e-01
0.000000000000000000e+00,3.286877823650115271e+00,5.505811061481438173e-01,2.728672498314096195e+00,-3.228141647923737700e+00,1.310040327522759229e+00,4.892946296163080966e-01,-2.409744087933726853e+00,-1.799879260334394937e-01,5.613947970411088395e-01,1.226228971484397690e-01,-2.229916725834888425e+00,1.247776391808721463e+00
1.000000000000000000e+00,-2.492225827672630345e+00,3.357836933804128510e+00,1.504836115731277069e+00,-1.652498506301767200e+00,4.735235607409591374e-01,-1.806546815855821997e+00,1.055291561461469296e+00,-1.149392569547439402e-01,2.933726523163642685e+00,8.253069640866674828e-01,-1.005235002200718819e+00,-6.122298268630905760e-01
0.000000000000000000e+00,-1.620390341704756487e+00,-3.030917153184088164e+00,-1.932183764963931516e+00,-3.308336359723738074e+00,2.719324539996974099e+00,-1.204245186315216598e+00,1.549696021493304210e-01,2.339738826503499514e+00,-1.420201138829906728e+00,2.619459962621173865e+00,4.447701343159542464e-01,-1.113834721611677292e-01
0.000000000000000000e+00,-2.036545998166618965e-01,-3.820717708091826981e-01,6.316896131327671693e-01,-5.477870447100506190e+00,1.347608316043894749e+00,-9.684934152674935515e-01,-3.373750351439966710e+00,-2.220603672084288771e+00,1.454443742398505712e+00,8.421338185423634659e-01,-5.372900560392755986e-01,2.078926877952612440e+00
1.000000000000000000e+00,1.844259674719983533e-01,1.347139503079501699e+00,-2.501536983272694137e+00,8.395872099235837993e+00,-3.224630879137086570e+00,3.138048138874398596e+00,2.773199318518048795e+00,-4.210083746745773015e-01,-5.655955862881429930e+00,-2.155508386963241207e+00,-5.658945070163532431e-01,-2.773954867743389840e+00
1.000000000000000000e+00,5.415500763868759115e-01,7.227340171227481846e+00,4.308497248491526932e+00,4.770332752223588102e+00,5.085858603552122492e-01,-1.946448557390436207e+00,1.665317977271783878e+00,8.925876048985690314e-01,3.158494920643053483e-01,-2.035021965353467799e+00,-4.118307559562497389e+00,-5.002056008018719524e+00
0.000000000000000000e+00,-1.914729812873834813e+00,1.123992741411913077e+00,4.972888893535896138e-01,-1.560494777386725263e+00,2.086276142960295843e+00,6.082149496538400424e-01,8.476353344957754388e-01,-3.385132074801307400e+00,-7.210925457041161835e-01,2.177858826185302910e+00,-1.526775391983060448e+00,3.049378345398021661e-01
1.000000000000000000e+00,7.007785279062537231e-01,1.264584023936639268e+00,-2.719306750773579084e-01,-4.636556441343634205e+00,-9.216031268480808780e-01,1.248770514773479334e+00,-4.739427308412035522e+00,5.226385871632552860e-01,-9.042203172873963801e-01,6.451221021505475495e-01,-3.726343485447551895e-01,7.881526372260285740e-01
0.000000000000000000e+00,1.127267386312842623e+00,-6.118412573533357213e-01,3.026365381773247876e+00,-3.638168285792535261e+00,2.070569417975375970e+00,2.285676396434220159e+00,-6.853924476651737097e-01,-2.800646566725621955e-01,-6.340091104666412125e-01,1.779504084543773734e-01,-9.067267363141604530e-01,2.120871337916422128e+00
0.000000000000000000e+00,3.475123471999989277e+00,1.605380427003847865e+00,4.376118288275677060e+00,-1.273454974785280802e+00,1.363365734930348738e+00,1.756762538283958008e+00,4.639428166931156561e-01,3.632826825737975440e+00,-2.284877451862563635e+00,2.916206586347929175e+00,-3.171118546386121118e+00,6.779593506031424965e-01
1.000000000000000000e+00,7.828198473511804867e-01,-1.835015091949239396e+00,6.639343203623906398e-01,9.437069652645513340e-01,1.058355062484045650e+00,-2.915498577269254987e+00,-5.194737395234678701e-01,2.260813576181992524e+00,-9.022760547584326440e-01,2.138614862008240358e+00,5.610635927210800844e-01,-2.294976045429181211e-01
1.000000000000000000e+00,-1.277226858082210814e+00,4.223186915188423818e+00,-1.874594703563110532e-01,1.839258997385334382e+00,-1.622422555956444690e+00,3.452710710501200042e-01,2.313315315776496295e+00,6.228998474909550609e-01,1.454408283648550348e+00,-8.220035340336970808e-01,-1.382752164552927487e+00,-2.133865790670319118e+00
1.000000000000000000e+00,3.815429202658451313e+00,1.930870814668939062e+00,4.423144526082878336e-01,9.944727591273448297e+00,-6.005268221193804656e-01,5.679935804286038170e-01,3.942845091092545218e+00,-3.198630679113305675e+00,-4.602664103113784044e+00,-4.591857452255734273e-01,-4.765609382507357772e+00,-2.586362380239488168e+00
0.000000000000000000e+00,2.717372071221470620e+00,4.668461372681239396e+00,2.666575456929913379e+00,-1.823617398248430721e+00,5.982654260535300583e-01,2.885589528092498135e-01,-1.067866602627319583e+00,1.812897025764030001e+00,-2.856495398280014530e-01,4.056154554940277990e+00,-4.084754109575852610e+00,-1.072631128368182196e+00
1.000000000000000000e+00,-7.943952216951302159e-01,2.286327695383756797e+00,-6.107461286268843992e+00,-6.967238328903936129e+00,-1.769338676804827593e+00,4.893393877157263816e+00,-4.111430930464440081e+00,-3.157765543642047756e+00,8.147862772824419064e-01,-4.448841848943278166e+00,-1.726114718766628364e+00,-9.370299607049590307e-01
1.000000000000000000e+00,1.832679391651077516e+00,-2.519655764873445669e+00,-5.304354892447586955e-01,1.577180492336714979e+00,1.497136858854987151e+00,1.138590828950962752e-01,1.704560426572491405e+00,1.651482133470324465e-01,-3.024550641006390705e+00,2.611974207369131662e+00,-1.460896471074422331e+00,4.828056298157894499e-01
0.000000000000000000e+00,7.078975256044439668e-02,-8.876581581059869164e-01,1.157241260406328909e+00,2.319003042386694524e+00,9.819470899951034948e-01,1.014822887802078633e+00,2.895357333985088211e+00,-5.147865615281406626e+00,-1.836185371200071970e+00,-5.434410829215192695e-01,-2.248323921103886569e+00,2.005279274912847409e+00
0.000000000000000000e+00,-2.857147697488176874e+00,1.807982744428580979e+00,2.493013107021191388e+00,-3.421397334665980949e+00,2.303414572517287429e+00,-3.158022254619155422e+00,-4.041332297723490008e-01,-2.680959836426914045e+00,1.127146427837333320e-01,-1.859010542535481925e-01,-3.081836901207192891e+00,9.673559471505903673e-01
0.000000000000000000e+00,-2.600347246320532157e+00,1.055881802746491571e+00,-1.807667380195810303e+00,-4.607961383832175351e+00,1.615992712733021586e+00,-7.684708107882050054e-01,-9.253898081511753304e-01,3.052331022816681561e+00,-1.207630951766009986e+00,2.051984178431324413e+00,-1.101752722771181636e+00,-1.717062882992970607e+00
1.000000000000000000e+00,1.281248342765243020e+00,1.183787278163641821e+00,1.325005284408895756e+00,-1.420415083463998807e+00,8.052930579920272169e-01,-2.997314228548056292e+00,2.909491257897289795e-01,1.111727135757593299e+00,9.649923117829661834e-01,1.351793079690577271e+00,-3.373700177398216482e+00,2.567596533440057449e-01
1.000000000000000000e+00,6.613635407511377906e-01,-1.136426848263153211e+00,-5.000315206588916705e-01,3.325464414909624633e+00,-2.492817937346396562e-01,2.221307628109512322e+00,4.360341682880722658e+00,-3.338810730608401389e-01,-3.214435364896497394e+00,1.742134898138756771e+00,-1.564918735952425255e+00,9.721152576279799007e-01
1.000000000000000000e+00,9.159059187921502199e-01,6.045181019905413455e-01,7.105750878377621316e-01,1.838629572441413451e+00,1.662705415628380035e+00,9.617606446867785763e-01,5.364026063682595380e-01,1.290905907897800908e+00,-1.035836428747805682e+00,1.606798289451276673e+00,3.061394197108424642e-01,-2.433513406490347641e+00
1.000000000000000000e+00,-2.349386997408331901e+00,4.615073225153005776e-01,3.687720198107671266e-01,-1.596843752000503436e+00,-1.011095645540658561e+00,1.844697923334705614e+00,-7.960841188376256428e-01,-6.942845811859387206e-01,5.919700388353068554e-01,2.425425516715063790e+00,3.034200287869035506e+00,1.607267865432944198e+00
1.000000000000000000e+00,-3.233534556447041908e+00,9.271449459939249405e-01,-3.830758667477991430e+00,-6.847930327731165612e+00,4.848202420148948200e-01,4.504055830115227366e+00,-3.400124709489615871e+00,-2.888526335743246687e+00,1.312024304243917694e+00,4.622858427871985310e-01,2.290924692625472492e+00,-2.940779865517547664e-01
0.000000000000000000e+00,-2.633935558689055600e+00,1.979175098977415503e+00,5.099334380358045982e-01,8.506070210860483538e-01,-1.296499462662026314e+00,-2.212420038154062851e+00,3.527754251875202529e-01,-4.199146186936792979e-01,7.368760820530461109e-01,2.350643295962895341e-01,2.304197842555897324e-01,-4.935127389164439826e-02
1.000000000000000000e+00,-1.987547293093684608e+00,4.045267612490244247e+00,-1.121839768833365891e+00,-1.027556865205766279e+00,-6.794850815771311670e-01,1.610409495637615374e+00,1.657170440785919130e+00,-1.232127518511910713e+00,2.977619959801568239e+00,-1.300030627545119888e+00,-1.114917373053275984e+00,-1.794452111345372414e+00
1.000000000000000000e+00,-3.984467320034723592e-01,9.467728515723192739e-01,-2.001997031616011391e+00,-9.562179698577347731e-01,-5.386675259239586122e-01,3.782315404339751552e+00,-1.802054794684442740e+00,-2.431687340614391069e+00,1.708850945894866413e+00,5.097506206040953725e-01,2.814918952472421410e+00,-9.694040336753079190e-01
0.000000000000000000e+00,-1.166531105165387050e+00,9.736387203809637736e-01,-1.210417145384135917e+00,1.058387055417874123e+01,-1.081454454500626827e+00,1.750025366929142123e-03,1.108209088305414980e+00,-4.592651520018968370e+00,-4.584367845778841932e+00,-2.915510931710112885e+00,1.107941957866942939e+00,-4.125730617908907050e+00
1.000000000000000000e+00,9.675038473281445395e-01,-8.865044083963646848e-02,-2.341215247315762138e+00,1.613316711645542245e+00,-2.584127323193996517e-01,8.208462067558774944e-01,2.098602203992230741e+00,-2.545409691837234867e-01,1.389199138110467135e+00,-1.198864115200260816e+00,-6.617409460377641217e-01,-1.445901810034516677e+00
0.000000000000000000e+00,3.204384629239437565e+00,6.388128921681007766e-01,4.597391414407129062e+00,-3.504898107741055036e+00,1.992269746595121571e+00,1.828072010452645113e+00,-2.029436231094692289e-01,5.249813111868488757e-01,1.551643893286330567e+00,3.204287719949846736e+00,-1.528209217654253438e+00,2.513574877754936487e+00
0.000000000000000000e+00,-3.234424317140443428e+00,3.259894647287643998e+00,7.650984121573740637e-01,7.127027448540245835e+00,3.357109653977781161e-01,-1.961635184926284303e+00,1.159782115166255512e+00,-4.366370599203435177e+00,-3.385542354619675898e+00,7.415148446713355490e-01,-3.498280697928869420e-01,-3.442327275762391281e+00
1.000000000000000000e+00,-2.692887514875024202e-01,-4.395464307821087546e-01,2.318308475158807891e+00,-4.364833335393157876e-01,8.119894250543002734e-02,-2.921323133425370422e+00,-1.432632054218189843e+00,3.012166498606888787e+00,1.152120571146260541e+00,9.569412829992888225e-01,1.880907713758284139e+00,3.767321684435576135e-01
0.000000000000000000e+00,-1.330641215120119458e+00,3.258284628020123641e+00,3.378392896071507057e+00,-7.720344343976067947e+00,3.584908964979965251e+00,-3.953872349086754667e+00,-6.266718528671710864e-02,2.513636797178576465e+00,2.738630355633822955e+00,-8.777188952846981529e-02,-5.448802019825209619e+00,-6.766915124436190254e-02
0.000000000000000000e+00,-1.136978402322218473e+00,1.909734174510163252e+00,-2.891669961808718270e-02,1.066994995370808663e+00,-2.031061731333672959e+00,-7.425374906443329426e-01,1.584539414799625234e+00,-3.637361840208349406e+00,7.919510715883524288e-01,1.818772356129503720e+00,-1.606733743026478978e+00,2.086424668061403143e+00
1.000000000000000000e+00,-1.628763981441503361e+00,3.270763580425068540e+00,-1.446877650218289846e+00,3.347296151164684375e+00,-2.535803810351011212e+00,3.514367434713036698e+00,1.276490188961574734e+00,-1.217518862444263883e+00,-1.788084395988062791e+00,-7.507038300843345002e-01,4.034486611507277498e-01,-1.874192898134491525e+00
1.000000000000000000e+00,4.887844181121336007e+00,-1.178216035889769975e+00,-2.837292711677009471e+00,4.488897391500356271e+00,7.604327534810781941e-01,3.835578874953693429e-01,1.173269795645674574e+00,-3.010229428051998113e+00,-1.306259856181752887e+00,2.846279543375607179e-02,-3.248247858019859269e+00,-1.985473818151795689e+00
1.000000000000000000e+00,2.527146873137693817e+00,1.338710425635573964e+00,-9.389932748501399473e-01,8.097053161250531872e+00,-1.486764004715415144e+00,-1.418821050943404050e+00,1.016711502621283847e+00,-4.130186979981709250e-02,-3.265500313966734680e+00,2.726269241440640201e+00,-1.159361801630396149e+00,-3.004577831891355189e+00
1.000000000000000000e+00,-1.042418172183503078e+00,1.357986518291631750e+00,2.230009520973095682e+00,3.307255992191038718e+00,1.154553795719048592e+00,-7.458832161052908472e-01,6.394768480034700442e-01,3.298481841402012282e+00,-2.925763986749183143e+00,2.359161121166929220e+00,1.055127807993351041e+00,-2.774714162313552279e+00
0.000000000000000000e+00,3.142677336445712566e+00,3.198443805372416904e+00,1.021648654335411521e+00,2.527706684688091787e+00,1.229480977095817051e-01,4.082385904814337607e+00,4.929847203856592142e-01,2.305534013593053100e+00,-4.273216846684111836e+00,-2.764362887882934050e-01,-3.104077761677591418e+00,-3.184466385013788869e+00
1.000000000000000000e+00,1.662126227829249014e+00,-4.852108765519170142e+00,-7.517719749478879443e-01,2.759616066630245168e+00,-5.479584460099442556e-01,-1.706610867716640056e+00,9.974994627027652383e-01,-9.590281891926581981e-01,-5.696396672344058665e+00,1.601515744891753856e+00,-1.718543288931130064e+00,3.493256373999077624e+00
1.000000000000000000e+00,-1.541538776001025735e+00,2.718809507922694380e+00,-1.480137411174269335e+00,-1.293393594889599152e+00,-1.652494433391522133e+00,2.284422318829091303e+00,-9.590708997223738042e-01,1.038512166988569962e+00,-2.189353484211814305e+00,6.353881864882082731e-02,-7.007680177297833657e-01,-1.078423012157001537e+00
0.000000000000000000e+00,1.817280192157930685e+00,2.632434698949369878e+00,2.151402437452035521e+00,-1.406764938494470707e+00,2.036490711121092367e+00,3.147356921842786370e+00,-2.106845798937917458e-01,-2.497744019231800117e+00,1.070818665334214437e-01,-4.840077806123870285e-01,-2.671214528472214411e+00,-8.219851743845703052e-01
0.000000000000000000e+00,3.238770962162780265e+00,-6.511278679634115163e-02,-5.283400013114736282e-01,-1.692390102936754737e+00,-2.134239846716681210e-01,2.313591418893218510e+00,-2.326877279673500887e+00,-1.077384585164885555e+00,1.489880606858435819e+00,5.909142426701063933e-01,1.300810079398129204e-01,4.347295116965050887e-01
0.000000000000000000e+00,1.447683292296278790e+00,-3.133685426862843626e-02,2.388365039771914944e+00,-1.469459161502630229e+00,2.534022148095314897e+00,1.379039185794000089e+00,-1.604870217439186675e+00,-2.470714362844788070e-01,-2.537687757216611217e+00,-1.741480947141432090e+00,-1.731439481913227940e+00,-5.065141604901726158e-01
1.000000000000000000e+00,-8.745394156277042086e-01,6.503163145577076643e-01,-1.810679411028254915e+00,-4.726739202161112097e+00,7.627936916256574662e-01,3.438742513623688435e+00,-1.697780173935513837e+00,-4.051081479274257546e+00,2.797454124328630165e+00,-9.863772552731057131e-01,6.210488301527863353e-01,5.256885349556421616e-01
0.000000000000000000e+00,-4.841697683083091563e-01,4.624896016592321857e+00,6.820046015991130250e-01,3.203339701760454794e+00,-3.876784449495857210e+00,-2.404496254713721637e-01,2.135812667902726503e+00,-5.418688278075132203e-01,1.417310527636763018e+00,-1.153168216029083037e+00,-1.908968435418644471e+00,-1.604746764523645730e-01
1.000000000000000000e+00,3.114077042807575690e+00,-1.233222588822207033e+00,3.252233055610133095e-01,-7.743325649890064888e-02,9.246910518728967965e-01,-1.454940425926401604e+00,-8.991823730948380611e-01,-6.612137362427050746e-03,1.158037976562491522e-01,2.183725702251175793e+00,-1.363650117384041183e+00,5.601327410238736704e-01
1.000000000000000000e+00,4.105272421002325700e+00,3.691481850118485952e-01,9.058873671376143077e-01,5.029643763533764300e+00,2.887603141417293129e-01,-2.763277027313558065e+00,1.978456409526830884e+00,-1.882498752210608473e+00,-1.956748664543186189e+00,7.506966192684607631e-01,-5.116468666626391659e+00,-4.111003682413140181e-01
1.000000000000000000e+00,3.707685952184855971e+00,-4.168395944956183818e+00,-4.186542217352409168e+00,3.162760095380959591e+00,5.931148365479039786e-01,8.377368559037432494e-01,-1.904567825010194060e+00,-2.223312412830182883e-01,3.251226895433201314e-02,2.073673949156696672e+00,3.533481536107762722e+00,-2.155807451481473791e+00
0.000000000000000000e+00,-1.427063937043418163e+00,-2.682873017478327515e+00,-1.880205110517353173e+00,-1.985284518004435839e+00,6.812369966744985517e-01,-1.242741163654251357e+00,2.772139461160814111e-01,-1.120111270811565252e+00,-1.034477019151144983e+00,1.772402625993114489e+00,-1.588065325612257883e-01,1.975151931307827180e+00
1.000000000000000000e+00,-2.561999761495490358e+00,3.036507177203721763e+00,2.181574391452210104e-01,-4.093914149341422615e+00,-2.115293142325007203e+00,-1.152400031341638265e+00,-3.717865046511479754e+00,1.370015553533730390e+00,3.988807558705890211e-01,1.595136358074342287e+00,5.822746517882073647e-01,6.991909116906043220e-01
0.000000000000000000e+00,-2.090587768073636887e+00,3.510901610815623020e+00,1.505901923844474855e+00,-1.183193768549150038e+00,-1.014849055744632800e+00,-1.576754809154233827e+00,5.654021574276943962e-01,-2.281833855265245070e+00,1.594337371404588310e+00,2.119971636492569145e-01,-2.248721217899610991e+00,1.101230619467546301e+00
0.000000000000000000e+00,4.195849714755621740e+00,1.372658172505937024e+00,4.453164427050394281e+00,-8.312213242867990459e+00,5.047198041328789131e+00,4.069183033078933143e+00,-2.748736090539708243e+00,2.742965727481495364e+00,2.104560823272194625e-02,1.039835037142786245e+00,-3.473344676894306815e+00,-5.334763897598937543e-02
1.000000000000000000e+00,1.987716607489840248e+00,4.666138858259483158e+00,1.221489990338117559e+00,1.828431756153939602e+00,1.190029980802136622e+00,1.049996709153071528e+00,3.444560988988190076e-01,-2.605350135505049014e-01,3.611313927066457374e+00,-2.683248882318697515e+00,-1.492214220535473368e+00,-4.844360185107088768e+00
0.000000000000000000e+00,4.272834946977903670e-01,5.174163286977870868e-01,2.704290073534494354e+00,1.667381102419052130e+00,1.270406057241015185e+00,7.660277490077498364e-01,2.501822480225571521e+00,-1.184409269487669558e+00,2.123722626022395588e+00,3.612542664350441024e-01,4.121019062452220272e-01,2.036393726466023679e-01
1.000000000000000000e+00,-3.295087667909533558e+00,5.194048358843822655e+00,3.242656258256946256e-01,-3.716561922738267132e+00,5.175127524826050873e-01,2.257631061987274812e+00,-7.744958844170682921e-01,-2.594654314236708004e+00,2.681767512808916010e+00,6.144304625154453081e-01,-3.005594828947560915e-01,-1.480541727646782935e+00
1.000000000000000000e+00,6.494584724246617036e-01,7.706518416491294765e-01,1.224053556929913800e-01,-1.619932077425433992e+00,2.487005622202824728e-01,4.105034308302981216e+00,-3.819809828374197469e+00,-4.043120736056946996e+00,-3.580761560949670130e-01,9.861368999998758600e-01,2.037526517259141912e+00,2.789252155578054726e-01
1.000000000000000000e+00,-3.784261143381704162e-01,3.059761667978306399e+00,2.028345254987041990e+00,1.467881202478719116e+00,-1.023378350127255310e-01,-1.280829369921143712e+00,-5.624988249075069113e-02,2.446077668460217680e+00,1.073744612354623484e+00,5.892087401233732091e-01,2.877328801744634124e-01,-2.356999581587013282e+00
1.000000000000000000e+00,-8.790437426401354060e-01,3.545449661474223912e+00,-1.692868085172502646e+00,1.909197086006724442e+00,-1.820591357006921207e+00,1.961782035477367625e+00,6.775761503097716965e-01,-3.449460111613470215e+00,2.124654078860450657e+00,-2.586901931359163687e+00,-3.758349335555850601e-01,-1.970597657432342498e+00
0.000000000000000000e+00,-1.533702351734173019e+00,3.110831407756550426e+00,-8.821119730288369265e-01,-1.632929815356655823e+00,-2.030197353612926303e+00,-1.059988364637240998e+00,4.799741603394830358e-01,2.622321796749502720e+00,-1.801824729583212381e-02,2.163050406465483189e-02,-2.329171197668174376e+00,-4.901088178166799203e-01
0.000000000000000000e+00,-1.299038167866273241e-01,6.911370712003912509e-01,-1.387579799089681654e+00,3.291380991280930868e+00,7.868439309942842907e-01,5.989677870338587784e-01,-1.146845417590235616e+00,-4.525145219783532013e+00,-2.905312058753088955e-01,-3.229032845729986612e-01,1.100953994741811659e+00,-2.598461029973029746e+00
1.000000000000000000e+00,4.244232491008760322e-01,1.349613786439692431e+00,2.699419601562114135e-01,3.464836756812103236e+00,-3.312145729515436621e-02,-2.259252220167395464e+00,-2.618773886745063617e+00,2.749721175915937010e+00,1.801152204183926742e-01,1.175484545742737863e+00,2.852218035929120710e+00,-4.147920522151253842e+00
0.000000000000000000e+00,1.627410960087301461e+00,2.102430843134141636e+00,3.802790945678482526e+00,-8.287408297290557613e+00,3.245207268873604889e+00,1.596916174617021955e+00,-3.369027258183573625e+00,-1.097482632813323589e-01,1.751579690822871793e+00,2.168928319608713018e+00,-2.463662564008158640e+00,1.517670573088803820e+00
0.000000000000000000e+00,-2.695949705650689809e-01,-3.105306743996825158e+00,3.436890642210692182e+00,-3.631779952853601667e+00,3.402645369748554582e+00,-3.459472172493792907e+00,1.817144534847445536e+00,-2.511078909674087534e+00,3.404887747820286581e+00,6.044447212676218317e-01,-1.291531790120257206e+00,4.344977139547856027e+00
1.000000000000000000e+00,-2.728649051575724460e+00,-9.220609611492607272e-01,-4.346227009832363208e+00,-1.197319469696199867e+01,2.666891630609068198e+00,-3.996534314035020685e-01,-4.926354963614192783e+00,-2.088937689525517172e+00,6.861227243605638737e-01,-1.952285929076281068e+00,-2.633761742700263309e+00,8.439787753243090940e-01
1.000000000000000000e+00,-2.334414806228273243e-01,3.737680009238715684e+00,3.582813937018452410e+00,3.822008072531633882e+00,1.093414888700882548e+00,-1.230757249486833738e+00,3.423077332180664456e+00,1.059113555908616222e+00,-7.841236377419047443e-01,-1.639260755390474333e+00,-3.273982956114570797e+00,-2.633016850591422653e+00
0.000000000000000000e+00,1.093829300467787480e+00,2.719104855577309188e+00,2.850445417632974987e+00,6.412960210422495866e-01,9.581259402280966064e-01,2.120359207568514037e+00,3.098458483503079286e-01,1.015036383575731449e+00,-3.854093685507641975e+00,-1.319190739292916970e-01,-3.105808637602898159e+00,-1.176141165309655845e+00
1.000000000000000000e+00,-1.437253752410570184e+00,7.425118741630651442e+00,3.393170081222433687e+00,7.809187331089736395e-01,-1.065009186136455677e+00,-4.428455120837556436e+00,-1.291834407817160635e+00,-8.530437663756534894e-01,5.143740401600003231e+00,3.848034662006252216e-01,-1.457718313675535837e+00,-2.593179920442576503e+00
1.000000000000000000e+00,4.535882677743702018e+00,6.393026576960998408e-01,-7.091796139988020276e-01,5.227169849196958040e+00,-8.486031482809199833e-01,3.284186686890466333e+00,-6.610094298248541111e-01,-2.657442066656843238e+00,2.318654227582910288e-01,-2.487163149899536130e-01,8.313949204074693178e-01,-2.176886421954105089e+00
1.000000000000000000e+00,2.494203353302567594e-01,2.393823948132604240e+00,2.078355174871049371e+00,2.789332265271385336e-01,-8.962288980095409752e-01,-4.635846567269021890e+00,-5.251667544582436786e-01,1.242832762205479336e+00,7.184426345315588769e-01,-7.301486548984610359e-01,-3.002501601020302058e+00,-3.203427980873241321e-02
1.000000000000000000e+00,8.370637987113073164e-01,4.772533270604632505e-01,5.716580836443684310e-01,7.480394284777802660e-01,6.985932532087952840e-01,-1.636391767422879617e+00,7.514764650912730826e-02,1.572842530056558941e+00,1.830725007537081783e+00,1.724914497820467796e-01,2.051582310217949789e-01,-1.557384817787075715e+00
1.000000000000000000e+00,3.422892032552094399e+00,1.252245108874407098e+00,1.790035367700447466e+00,3.405338003982463668e+00,-1.113535433882163250e+00,-4.962570016634044734e+00,-4.173859321750202689e+00,2.270747866713375140e-01,1.158547268202450020e-01,7.400607275579227373e-01,-6.090364700670753972e-01,-1.364611276829550635e+00
1.000000000000000000e+00,-3.849533147549422107e-01,-3.324742601116035257e-01,1.480442832996108127e+00,1.728755737487950972e+00,2.181332463339776595e+00,-1.096723432275485965e-01,2.266958186535831921e+00,2.609562102350846402e+00,-1.838468519252954625e+00,2.297298787626731453e+00,1.389703758811040579e-01,-1.513114824725639851e+00
1.000000000000000000e+00,-3.050861775350935723e+00,5.937228490245309409e+00,6.370311035089717411e-01,2.794632486815413319e+00,-2.348078035443421197e+00,3.983635408483376938e-01,-9.430693281941662232e-01,-1.428417744060902494e+00,-1.347947654063568645e+00,4.651133839809529213e-01,2.112812591973511900e-02,-2.627890739885731186e+00
1.000000000000000000e+00,-7.450263120973121822e-02,-1.974671807840909121e+00,8.420827193516869924e-01,-1.314795986841478470e+00,2.420055391614057250e+00,-2.596193478292372347e+00,2.318709093180133962e+00,2.526995102819828531e+00,8.657851401374050404e-02,1.653980307413725370e+00,-1.470157831213089183e+00,6.008930582779714591e-01
1.000000000000000000e+00,-6.773716400638343238e-01,7.317781004176476145e+00,1.592632855459327867e+00,1.506734324207268161e+00,-2.877834538642065176e+00,-7.597300094751766597e-01,-1.957504885430136232e+00,-1.997766519170940391e+00,1.981216309115217067e+00,-1.446423801248952978e+00,-1.879076978264811348e+00,-2.263648833154746853e+00
0.000000000000000000e+00,1.426056893523186986e+00,1.668786190988988061e+00,1.019025342306971504e+00,-3.348623495172050823e+00,1.304393946253268766e+00,3.469347302096780439e+00,-1.126730533109674193e+00,-8.399913044464069056e-01,-7.373552543091084210e-01,-5.408459823271203337e-01,-2.255806154830531263e+00,-1.765149864558646087e-02
0.000000000000000000e+00,2.348725739735594509e+00,2.191615074153375975e+00,2.903539950314836027e+00,-1.558008473207684430e+00,1.345263932201782531e+00,2.873950320115324253e+00,-4.910756121189050472e-01,-9.852918136369342994e-01,-4.339100819179181334e-01,-4.844303754376173554e-01,-2.585092761256785998e+00,7.463826783473015425e-02
1.000000000000000000e+00,1.681956148537921525e+00,1.526116364547983828e+00,8.455100537512323378e-01,1.613293812918095149e+00,9.919440997397765969e-01,8.394813560320721901e-01,4.145736837146200671e+00,-1.362989124025544285e+00,1.289762329108221639e-01,-1.698711288175478895e+00,-4.680787048658332061e+00,-4.775155040590721711e-01
0.000000000000000000e+00,-3.464724921640524258e+00,-1.026996535473688965e+00,-4.184118957267062289e-01,-6.733636341754469790e+00,4.736868733973038204e+00,-3.222641043257985949e+00,-1.639898626986079133e+00,-2.509866432951427528e-01,-1.936483195250042755e+00,1.567522216714606120e+00,-2.574049255383014767e+00,-1.478181181573865466e-01
1.000000000000000000e+00,-1.295115844391286908e+00,5.027288767406874470e+00,1.742857520537734572e+00,4.844829536986329899e+00,-3.488965532296314009e+00,-1.926846214812953040e+00,1.245288062178694588e+00,4.501754167762095360e-01,1.070825586356203729e+00,-1.393326969582830976e-01,-3.184576782166135267e-01,-1.490530020982757442e+00
0.000000000000000000e+00,1.795504628175488282e+00,1.178347308333831167e+00,9.142116201572697554e-01,-1.896021192609532280e+00,-5.420525048834456960e-02,-5.030424427291408929e-01,-1.363408296515841611e+00,3.030187229481031697e-01,-1.757139467534207800e-01,2.264559865266871697e+00,-2.188270559670722815e+00,8.790777090120374115e-01
0.000000000000000000e+00,3.031367103056502810e+00,3.276080789532486714e-01,5.556564594503641263e-01,4.807834269234693814e+00,5.924156133629119303e-01,1.917019879524515691e+00,-1.359871876206348862e-01,-1.211011105331448512e+00,-1.541317892662614097e+00,-3.746195876858595675e-01,2.709072694466625464e-01,-2.488899065629476937e+00
0.000000000000000000e+00,1.545862344972363633e+00,1.593266629396280942e+00,2.296752869878125214e+00,-5.623720774130203104e+00,2.175996748867778052e+00,2.812961256320241077e+00,-2.303455437208981493e+00,-6.967398978860999126e-01,1.883408551690124444e-01,-6.134652693969131487e-01,-2.409934613468748932e+00,7.138429494220743798e-01
0.000000000000000000e+00,4.977612510777777999e-01,2.179983440013477658e+00,3.627095640662538756e-01,1.944006243003672418e+00,4.157786670718132127e-01,3.661348207196490900e-02,-1.172002230135665624e+00,-1.699371296986656343e+00,-1.380151406810874892e+00,3.573348039976973478e-01,-1.048406677056560987e+00,-2.129536838590566639e+00
1.000000000000000000e+00,3.090691142300626026e+00,2.960034846600944070e-01,1.985682869541396389e-01,7.010851269991990264e+00,1.460580215089493983e+00,1.481191761894757430e+00,1.301605806256675990e+00,-1.069630039129721766e+00,-2.464428270256648013e+00,1.239842951357026379e-01,-2.389529343076489676e-01,-4.001871898914870940e+00
0.000000000000000000e+00,-3.826200063606576274e-01,-4.525120526400299603e+00,4.040907623907479262e+00,-2.289642724917837047e+00,4.591001533312249805e+00,-4.042472393627503990e+00,1.516635155730557294e+00,-3.001863557277077543e+00,3.626929381317416823e+00,-1.196069637665919672e-02,5.175378003662052251e-01,3.727344749402640378e+00
0.000000000000000000e+00,-2.467843667349774339e+00,3.951428412481200247e+00,-2.194071707776062752e+00,-2.918894884468540507e+00,1.201723104311534396e+00,1.302213692790380906e+00,-2.359378244139496150e+00,-3.373263457652181163e+00,2.300964511349015140e-01,1.700552755735774246e+00,-9.859866118549248659e-01,-2.853431911800719423e+00
1.000000000000000000e+00,-7.834543823929800421e-01,1.224044627715672906e+00,-2.344474507948813624e+00,-2.051448407423472897e+00,-7.880498586790569693e-01,2.836895105028376385e+00,-6.113663657925877404e-01,-1.872179720813765380e+00,-2.037459566334212102e-01,-1.752049782159675884e+00,-8.311820744398783489e-01,-3.104689911211063746e-01
0.000000000000000000e+00,-9.830644216390239665e-01,-5.883145015101650527e-02,1.545341906858889391e+00,-4.355204242431655715e+00,3.207396197472143218e+00,-8.810125703553088883e-01,6.723417217600954343e-01,-1.230639598658568090e+00,2.772655380826326565e-01,9.922770673889436122e-01,-2.782336977159620695e+00,1.249115383153235559e+00
1.000000000000000000e+00,5.409487111681972049e-01,7.163094311263740188e-02,3.242005939307297080e+00,4.193320612395408986e+00,2.620953500104448164e+00,2.089403767131787326e+00,4.158444389872975044e+00,1.492475142174556124e+00,-1.332165441590728916e+00,9.886886489737417572e-01,5.533663434866984421e-01,-1.838343334053981204e+00
1.000000000000000000e+00,-1.745117435472206546e+00,6.768998632891332079e+00,3.804914500862830451e-01,-7.289474104761397566e-01,-2.688768216510263542e+00,4.635595816819062520e-01,-3.896787643166343962e-01,-1.702091001918899504e+00,2.737531438304875220e+00,-2.093759276677813475e+00,-2.307427685057090283e+00,-1.480135521926685183e+00
1.000000000000000000e+00,-1.969325231612468752e-01,5.889787473551017172e+00,1.288346354007543493e+00,3.437872374574955980e+00,-2.949043057014139269e+00,2.398227713167467856e-01,-6.781384960534682094e-01,3.005839942940000675e-01,-2.121183495979494626e+00,-7.321489824504019417e-01,-2.270668606300699555e+00,-2.388625645138678699e+00
0.000000000000000000e+00,5.274021571671483777e+00,5.382074020782644415e-03,-1.032195348270645852e-01,1.522358089044884011e+00,1.192160739502642786e+00,4.125565390000374144e+00,-7.711588346108617653e-01,2.402698417116988505e+00,-2.000562427068826921e+00,7.296926975102842050e-01,-7.603458689742707000e-01,-2.694934346233414324e+00
1.000000000000000000e+00,1.222855770258697294e+00,3.167343874804005477e+00,-1.536366933296946513e-01,9.646032988893484816e-01,-1.469846023668457846e+00,3.992500318840066953e+00,-2.647582892919140729e+00,-3.357437972888828615e+00,-7.435258468793115583e-04,-6.181397518868045893e-01,6.562955208449448019e-01,-1.303721479493594737e+00
0.000000000000000000e+00,-1.405524451846728695e+00,3.207005651573959337e+00,4.630129984657798126e-01,-2.606226286827283634e+00,-5.118288024269952441e-01,-4.062834704010855891e-01,-4.318972756455525808e-01,-1.655724276668879114e+00,2.287048435950485903e+00,2.249865734302695763e+00,-1.191666791973393424e+00,6.211759655165793870e-01
0.000000000000000000e+00,1.476450128398091310e+00,-1.995425088633350663e+00,2.206456895623537529e-01,-1.407028791648788468e+00,2.796017496933244306e+00,3.216127513044627850e+00,-2.709613876079785211e+00,-5.267570812455037554e+00,1.244281102456977983e+00,-4.039804634203867373e+00,1.694776853946934558e+00,-3.309632177589907354e-01
0.000000000000000000e+00,-1.682100256550360218e+00,1.663929004763978758e+00,1.604498451962220074e+00,4.510088267449281929e+00,8.207056684477125330e-01,-2.602424235151698628e+00,4.039984083183933983e-02,-1.462691935067601534e+00,-3.818610275530322173e+00,6.383319201486303829e-01,-9.771397197682367697e-01,-2.176736814841326861e+00
1.000000000000000000e+00,1.789006705154072119e+00,-1.206309817687599262e+00,1.427804204040449054e+00,1.818801831969272254e+00,9.108452364177781480e-01,1.459378006581824039e-02,-5.555821244192808983e-01,1.191803061196063052e+00,3.217546086313964881e-01,1.566496304859311683e+00,2.114351819007219468e+00,-5.806651674130295371e-01
0.000000000000000000e+00,-2.222032904619923421e+00,7.423103158988513250e-01,-8.482076590144105310e-01,-2.791754696791165280e+00,1.239555824242071003e+00,-4.115096407908800380e-01,-2.268788179247271941e-02,-5.491683774669631202e-01,-6.294073194107336899e-01,2.657366464125571426e+00,-9.354801213370357305e-01,7.234996466085052980e-03
0.000000000000000000e+00,4.318383705520356663e-01,1.471665608904181077e+00,2.235487004003614775e+00,-5.337612886504535581e+00,1.830165920170635951e+00,-1.004782456078341379e+00,-3.235665533181453224e+00,-2.050874544772290253e+00,1.769866046202066556e+00,1.468474720187967986e+00,-1.756880584508555332e+00,1.429992462152630761e+00
1.000000000000000000e+00,3.406378482042438982e+00,-6.723482282001608246e-01,-1.167744925175836279e+00,-4.160734373662677288e-01,1.582031307278343180e+00,9.662270527089107386e-01,7.539518718121652752e-01,-7.157876549153650014e-01,1.067417269425103399e+00,2.041180606802315722e+00,-1.962798753891724868e+00,-5.277012653080930260e-01
0.000000000000000000e+00,9.752973094069228299e-01,-8.070334988832533751e-02,2.563013181603233548e+00,3.099394398947849627e+00,1.837175427826178709e-01,9.853502037473913511e-01,3.251136098483971448e+00,-4.180914818300164315e-01,2.151475068020549664e+00,3.076911828303505736e-01,1.090586924602479080e+00,6.758701526115595826e-01
1.000000000000000000e+00,-3.593311058762556076e-01,-3.658983896581660122e-01,1.686747331898052593e+00,-1.912200193590311015e+00,1.474131059954998380e-01,-4.965993680044691772e+00,-9.666246621896938951e-01,2.252789627399054417e+00,-6.561131280324118409e-01,1.093728253961985253e+00,-2.115224644252617026e+00,1.622146501107911920e+00
1.000000000000000000e+00,4.259351715069173983e-01,3.091586887354838442e+00,2.346088552835042584e+00,4.846035810621319051e+00,4.047436900617654709e-01,1.023795595038308193e-01,9.539603092077860724e-01,1.886487727678803017e+00,-7.553325131961537986e-01,1.202017249116003939e+00,6.433202051723998505e-01,-3.721352689811196601e+00
1.000000000000000000e+00,-1.696114867856758357e-01,2.467300958023633584e+00,1.538221735297153892e-01,1.704366943184925168e-02,-2.209984482335524358e+00,4.568447720554074110e+00,-1.312920857424858534e+00,-2.294869422807624737e+00,-1.290357266105440548e+00,-1.464703833406058031e-01,6.484731488183057557e-01,6.439315945340347014e-01
1.000000000000000000e+00,3.677586405030013772e+00,9.510170553721583042e-01,1.462855241669564599e+00,-1.244799985809869058e+00,3.206656654792499062e+00,1.324259903001078875e+00,1.667405046991821127e+00,-7.105617354002267128e-01,4.467861093367972991e+00,-7.564737298188430881e-01,-2.290101583002445373e+00,-1.574715980839596963e+00
0.000000000000000000e+00,2.972292579836846027e+00,-6.526192744752175312e-02,1.238591234140349329e+00,-5.106344590300168740e+00,1.521632070658891056e+00,7.986913908153641106e-01,-2.321404870564471423e+00,8.712624651291929201e-01,2.439038919601149491e+00,4.674897048313744641e+00,-4.554261753585494565e-01,1.664435913430555303e+00
0.000000000000000000e+00,-2.083595839166344721e+00,9.744567347787197464e-01,-1.882462429737463694e-01,2.437908800485581815e-03,1.543658325068010040e+00,2.938975709615421206e+00,-1.145512987330565835e+00,-4.491653207913145707e+00,-1.366319418826954291e+00,-1.163446132868198202e+00,1.131520568979415220e+00,-1.323944220437482500e+00
1.000000000000000000e+00,-8.305111362723798241e-01,1.485423780234058633e+00,-1.725872575651251406e+00,-7.268111463076032841e+00,1.101953833490741719e+00,1.934104971975110665e+00,-2.334718944456890988e+00,-1.050220077559040455e+00,1.299014197199048315e+00,-1.033781084598373257e+00,-2.103029663994937959e+00,1.758330516417216938e-01
0.000000000000000000e+00,1.226498750197022591e-01,1.755661870394135349e+00,1.782633464252311395e+00,1.970173129568610237e+00,-5.287185610188862572e-01,4.166863539234315628e-01,2.158979546023985563e+00,-1.132628281387355385e+00,2.685079715927441990e-01,-2.041143161323220045e+00,-1.756377233701590379e+00,1.253739712695675079e-01
1.000000000000000000e+00,-1.438098275327042153e+00,6.056549670877146241e+00,-9.328310548530246438e-01,-2.282167206138301374e+00,-1.672792422740958518e+00,3.280270539903573646e-01,-7.747338262649664742e+00,-3.753823314929805921e+00,7.728486507685744522e-01,-9.613498310037671413e-02,8.277132483256401940e-01,-3.115630708129168536e+00
0.000000000000000000e+00,1.820515552360967515e+00,-5.614790198926353781e-01,4.617591354428213890e+00,-5.236946869923696235e-02,2.245202703634760155e+00,-6.540364075177733660e-01,3.340143829349070614e+00,-3.213148366786663157e+00,3.258618456264558816e+00,-1.548441064995332184e+00,-2.526040014799360911e+00,2.918517391854895671e+00
1.000000000000000000e+00,-1.304303757646333661e+00,3.606547043969513755e+00,-4.562211112052979578e-01,1.177994079254466975e+00,-2.145072202803717687e+00,1.800619055703161830e+00,4.849192820269598858e-01,-6.166652887108647896e-01,5.451967299539924872e-01,-4.149348916718624825e-01,1.411978675464875543e-02,-1.216237942609631473e+00
0.000000000000000000e+00,-1.254152985890908401e-01,6.243573497579454346e-01,2.771769891212286563e+00,5.333971871876372006e+00,1.040319650337983015e+00,-8.259475442823838165e-02,1.203870447993071746e+00,-5.823183732525514245e+00,-1.821192934509403116e+00,-4.264267410002080538e+00,-1.208681664977484305e+00,-5.816341221823461138e-01
1.000000000000000000e+00,2.255743477463746594e+00,1.112357034025855507e+00,1.722695346292201002e+00,5.221688117349774672e+00,1.496941092645717841e+00,1.196482931373926473e+00,1.564861194137053158e+00,-3.778756687773376921e-01,-1.368039350508137852e+00,-2.046293085467574269e-01,-5.364491318356433558e-01,-3.066547379826555897e+00
0.000000000000000000e+00,4.736267750479215000e-01,1.529732187952807854e+00,-8.742730320552929424e-01,-2.594500090898652633e+00,8.519473307281868468e-01,-8.967571408575401026e-01,-3.219789210804891333e+00,3.520017180302883464e-01,-3.992012471658615835e-01,3.050163630694752825e+00,-8.944049848518887957e-01,-1.402834156337971150e+00
0.000000000000000000e+00,-2.112585456007396889e+00,-2.039596012658459745e-01,2.017687124215645778e+00,-3.471029499792355644e+00,1.021804602256656480e+00,-4.639676399936133677e+00,-1.951290287806040080e-01,-1.866959258359004892e+00,2.114210740231652785e+00,-8.384183060935757048e-02,-1.852615351028131796e+00,2.868897285649167017e+00
1.000000000000000000e+00,-1.365489365113036868e+00,2.050436642474911864e+00,-1.358712098332361728e+00,-5.730430551991521071e-01,-2.627826942276739075e+00,4.914609204214207550e-01,-1.358347426868242724e+00,-2.574828209109009336e+00,3.444117331009961092e+00,-1.203651713508790744e+00,1.650504078939313946e+00,3.484759151537921706e-01
1.000000000000000000e+00,-1.519094038277623682e+00,8.003797473819586061e-01,3.097094933745381251e+00,2.312149011728779069e+00,2.163282341117918506e+00,1.533813630626311930e+00,2.289402724644147291e+00,3.276417816855191845e+00,-2.315808668863756914e+00,1.874186777514734725e+00,1.708139699196956407e+00,-2.102484996903641434e+00
0.000000000000000000e+00,-1.226312305874498465e-01,1.282892544549450786e+00,1.727879395536993323e+00,3.785463774598556874e+00,-2.907698363890623305e+00,-8.500486253155432603e-01,2.639998391028619107e+00,-3.398127841997022003e+00,3.656275175597794913e+00,1.037474997253633680e+00,9.617560535559488422e-01,2.646027574649351344e+00
1.000000000000000000e+00,4.651924794663017115e-01,-2.775361111241625878e+00,-2.205140379929677596e-01,-4.843647311605063344e+00,1.142322548878785149e+00,-4.858688583516368453e+00,-2.466169947378208605e+00,1.880059792553340436e+00,-5.490990947936733590e-01,1.920568048916630133e+00,-1.984890645306249146e+00,2.549145709131631410e+00
1.000000000000000000e+00,1.260160237646920978e+00,4.783039336095883165e+00,2.693526046038239308e+00,2.587389244691628232e+00,-5.377072337167465577e-02,-2.864942354668201574e+00,-6.773207852813523111e-01,9.969532554105395850e-01,1.376932671781292417e+00,-6.612369118591445716e-01,-2.404158019565454829e+00,-3.328254799767967675e+00
0.000000000000000000e+00,1.799223113014289055e+00,9.075653547279608491e-01,-4.353102632110859016e-01,7.343120711788317045e+00,-1.213308738860864544e+00,5.953471502747978983e-01,6.755202621189146939e-01,-1.701807534112757647e+00,-2.911074891553320221e+00,-9.764335834758228749e-01,-2.058850616726689564e-01,-2.631282000228067908e+00
1.000000000000000000e+00,3.972749733339001832e+00,-2.799394304762368724e-01,-1.004197888796161564e+00,1.538921128883555589e+00,-6.663151196943495336e-03,-2.759679829325140332e+00,-1.360195444322470859e+00,-1.110202670703249961e+00,2.142560315497383794e-01,1.163881263902819985e+00,-2.820955729281090285e+00,-5.665682947512746814e-01
0.000000000000000000e+00,5.362588322559886933e-01,2.948155462425248174e+00,2.542285204715244884e+00,4.102351039701332414e-01,-8.740620572870692051e-01,1.416642972126704869e-01,2.232070429864227101e+00,9.482148719798033643e-01,3.649170265289114479e+00,-5.778221294693590693e-01,-9.218819780223461713e-01,1.190691586655293621e-01
0.000000000000000000e+00,1.599105156916910797e+00,1.608278182188392247e+00,6.487599057553171678e-01,-2.370838589638861738e-01,2.073331228486402500e-01,3.777041381099904616e+00,4.292610765604076839e-01,-9.453570311791537062e-02,-1.685351065526104142e+00,2.590794833554127541e-01,-1.643873145823746329e+00,-4.395561983962620323e-01
1.000000000000000000e+00,-2.676691600548426919e+00,6.807756056968662151e+00,-2.473290535227104847e+00,-5.766891451068532959e+00,-7.655593664949886801e-01,-1.138594751975644304e+00,-1.566501630937091605e+00,-8.522677479695550673e-01,3.816350564339982654e+00,-3.613734267849472825e+00,-4.743403907126946706e+00,-3.065396150922491625e+00
0.000000000000000000e+00,-2.456172553394553315e-01,3.267991237053140541e+00,1.252124632933413917e+00,-2.728461420616622668e+00,2.471217268115782240e+00,-2.107295194371634484e-01,-1.978048550365424818e+00,-9.128592525340617492e-02,7.099884062558703413e-02,4.259921397898476236e+00,-1.413464277756876886e+00,-2.067278264777105967e+00
0.000000000000000000e+00,-3.009863463190955102e+00,2.560425895980768196e+00,-3.525041799307113699e+00,-2.722784134314547355e+00,-1.457041223242614869e+00,8.660249755465803112e-01,-1.568637232737485121e+00,-2.278838590455689150e+00,-1.036541604880145684e+00,3.872021248386031456e+00,-5.444115753392622103e-01,-9.781518053866755658e-02
0.000000000000000000e+00,7.893469311134624355e-01,7.468059690063058031e-01,6.076817064321966555e-01,-3.084250581057334184e+00,6.657448693912197957e-01,2.131766082859557265e+00,-1.883067100311260234e+00,-3.834091442373609659e+00,1.559868693149358609e+00,-1.121872001789993689e+00,-7.269453535616401396e-01,1.268693825392530616e+00
1.000000000000000000e+00,-1.028951444693102291e+00,1.650772841567700044e-01,-7.154688536819611144e-01,-8.269824716593072722e+00,6.372805080860084459e-01,8.756165717705525209e-01,-4.735195390901971280e+00,5.466997978606655817e-01,-2.952686912211440529e+00,4.450777608410125818e-01,-2.196186369476299305e+00,1.944335676877704255e+00
0.000000000000000000e+00,-2.355750593749773802e+00,2.594676122266302287e-01,2.328321174997428411e+00,-3.925761410628286985e+00,3.535086980885991270e+00,3.722593489784724596e+00,-1.200922054231728930e+00,-6.372614069764764189e+00,-8.985642281387644648e-01,-5.747699932854831495e+00,-9.370273237577981806e-01,7.889241686101680084e-01
1.000000000000000000e+00,-2.790121362033972652e-01,8.945049877908370917e-01,-1.542421220597574472e+00,-3.075781000879600491e+00,-3.844338182249237290e-01,-4.904351407165474797e-02,-8.676072948968777121e-01,-4.644904463795497263e-01,1.775304423349814531e+00,-1.445332780252728933e+00,-1.295440862041550734e+00,5.423796725811436126e-02
1.000000000000000000e+00,-5.810922094581760788e-01,-5.239783579669280433e-01,2.429653474127189128e+00,-6.527283988683739935e+00,2.619092335242439784e+00,-8.396934720315177847e-01,-2.952282823144947166e-02,1.859243064899729792e+00,9.471035238661373867e-01,6.612777491639995064e-01,-2.143701530521552101e+00,2.303214436847910385e+00
1.000000000000000000e+00,1.341725210394046908e-01,2.750642900411573333e+00,-2.394972687586683247e+00,-7.534420464886216529e+00,1.461065237571244513e+00,3.242571192506091826e+00,-2.715976797801604725e+00,-1.691976703688276462e+00,1.758172667503000497e+00,-2.047143978338095138e+00,-3.115342726702741594e+00,-1.299581797201079914e+00
1.000000000000000000e+00,-1.643552714078599930e+00,5.683450884117578816e+00,-1.739572046817110973e+00,-4.698841512389898334e+00,-1.046059297409887012e+00,-9.762991291760669821e-01,-3.909098820321076584e+00,-2.167781484451421825e+00,2.148674601500951020e+00,-2.918772217676447234e+00,-3.399776301390869726e+00,-2.257445963131156752e+00
1.000000000000000000e+00,-1.722790494196673183e+00,2.708311427452146702e+00,3.714060481887806464e+00,4.696881755012541682e+00,1.480285388141437952e-01,-2.148458818280794880e+00,2.921752840492539693e-01,2.468532157648606784e+00,-5.001372309797689653e+00,3.734908893726314183e-01,-7.221838504566548966e-01,-2.411881991327382568e+00
0.000000000000000000e+00,-1.966390392561575107e+00,-2.566067420036605817e+00,-2.902493046809682120e-01,3.709597287292588086e-01,1.116451911917548445e+00,-1.606008659055003562e+00,9.769240929832279097e-01,-1.754591265525808463e+00,-1.225859608594900951e+00,1.745660065811697192e+00,9.159288592727747869e-01,1.572187586598399633e+00
0.000000000000000000e+00,-1.625191636006993345e+00,2.670940557869485588e+00,-1.061172947211418638e+00,4.850288909191448283e+00,1.414644939214958486e-01,-4.333789303285824346e-01,4.315753168017708585e-01,-4.310411554975827286e+00,-1.255886750832704735e+00,9.544367659371805201e-01,-1.375234862965554195e-01,-3.172148209804648733e+00
1.000000000000000000e+00,2.877530600502469227e+00,-4.298547887426199310e+00,-1.223747549015476110e+00,3.423351856884519151e+00,9.208026311848177548e-01,-1.542503710686935481e+00,1.202469141891747695e+00,-1.721283461670375381e-01,-2.980799937789699428e+00,2.589436061649154297e+00,-6.620504778769855658e-01,8.563573910555253299e-01
1.000000000000000000e+00,3.693374438621125133e+00,-4.838883039713311796e+00,-2.944225329095079946e+00,-1.707156803354284436e-01,6.357282001056110410e-01,-5.218774763149319540e+00,-3.505637129789464623e+00,5.953127700386429133e-01,4.990475259872839686e-02,2.902316403412474433e+00,1.409760709990652838e-01,6.077440380870655634e-01
1.000000000000000000e+00,-1.191534712574502164e+00,-4.085384607933918444e-01,-7.531354685427278373e-01,-8.715155248698886581e+00,9.066286558231839710e-01,1.316950767746290385e+00,-3.785916245931215673e+00,9.860429033114508357e-01,-1.888366714167489580e+00,9.559296817000257906e-01,-1.504536099313323216e+00,2.342841705800884800e+00
0.000000000000000000e+00,9.906546763214452156e-02,1.707305181576801001e+00,7.936030752277942746e-01,-2.760897789550326387e+00,1.360228958910858488e+00,8.940973922775996563e-02,-2.552170532691853566e+00,-2.778673959544184946e+00,1.912568347791270273e-01,-6.123072701452321187e-01,-1.766694792515870027e+00,-2.823203907710666316e-01
1.000000000000000000e+00,1.244528664888279179e-01,8.722727367395027853e-01,2.602332306914191484e+00,3.400543144027635023e+00,-1.673411196600829154e-01,-1.728448744119863489e+00,3.864356569542562791e+00,1.571829460357255792e-01,-3.165249784326341853e+00,6.283869838946742892e-02,-4.076323485087796961e+00,1.082574546712088193e+00
1.000000000000000000e+00,2.035212729617922989e+00,3.488426706427678603e+00,6.576353413865458908e-01,4.853309079987756292e+00,-2.083295870350885259e-01,3.205977437621452264e-01,1.780585010954997882e+00,-2.616839579710317221e-01,6.352270792926963949e-01,-2.657713149854099566e-01,-1.810330040176756583e+00,-3.550572392360369367e+00
0.000000000000000000e+00,-4.634171718353261582e-01,7.928345574968963250e-02,5.891920995178230314e-01,-2.074271072849922959e+00,2.869331938682358363e+00,1.011546502963627248e+00,2.078791419718164946e+00,-3.672055489355863234e+00,-2.491404498540077395e+00,1.405854748607795912e+00,-4.410517040782160336e+00,1.333303014237948059e+00
0.000000000000000000e+00,-1.505976374843106314e+00,5.591655162452727756e-01,1.086628502744802161e+00,-6.324245867922980935e+00,2.053016448563741658e+00,1.260545095476483413e+00,-1.940878290846815846e+00,-1.690574495051559989e+00,7.317546206716742940e-01,2.458888609511170387e+00,-3.708280488999671221e-01,1.912432887672914195e+00
0.000000000000000000e+00,1.151951063391696284e-01,-2.673549192264883079e+00,2.124072853347938938e+00,-4.859025902588199330e-01,3.373977048898246789e+00,1.808141966051006744e-01,2.164269483242074799e+00,-6.273429699340889343e+00,-1.088028496509103604e+00,1.810799087539149976e-01,-2.343639317516537091e+00,3.309654878738917283e+00
0.000000000000000000e+00,7.160301972062088627e-01,-9.103717020890377043e+00,1.145991091994206013e+00,7.355693138813982346e-01,2.835863949726980415e+00,-2.382365209350449042e+00,2.723417932685725962e+00,-1.787347245880125612e+00,9.452968620502586461e-01,-4.697083236355252822e-01,2.926338336843236299e+00,5.002355812895883602e+00
1.000000000000000000e+00,-8.938960815995533604e-01,-1.197829061775081971e+00,3.057870408929901807e+00,-4.918973223999277278e-01,2.650041606953709383e+00,-9.115204569016417402e-01,2.698036099452908676e+00,2.605709524279734346e+00,-1.654874498925318349e+00,1.485112464409956923e+00,-8.488297514117194575e-01,7.793386049572412766e-01
1.000000000000000000e+00,2.918014325681213883e+00,-1.324636043275513320e+00,9.979001831879514839e-01,3.197798290737098537e+00,8.888849029616613384e-01,-1.771003003331862447e+00,1.352024753018703063e+00,-7.383672262289191490e-01,-1.206353938047002972e+00,4.713415953709005901e-01,-2.257661855232393933e+00,1.877796616561462351e-01
0.000000000000000000e+00,-1.181490253768932241e+00,1.890873175444919285e-01,5.681455585472047209e-01,-1.457735429150939899e+00,2.057149767403595675e+00,-4.424012363259839375e-01,7.364102703605267530e-01,-1.135097967511993211e+00,4.878700513691510698e-01,1.763520233479963117e+00,-5.470958861617184477e-01,-2.966423950246799279e-02
0.000000000000000000e+00,-1.362423120179934166e+00,5.712847491277525336e+00,1.302832600841830057e+00,2.204523282515616689e+00,-1.027975640807481383e-01,-7.521197511209016806e-01,-1.655132206473913792e-01,-1.422609519830500435e+00,-2.486234540444073993e+00,1.976258940564641575e+00,-3.232342131553254561e+00,-2.911514693873089588e+00
0.000000000000000000e+00,-7.414704246216223815e-01,3.135872203635652777e+00,3.916085156708526860e+00,2.489294996305918328e+00,7.107882727998362515e-01,7.153436089983113977e-01,1.822489820249930670e+00,9.588273093663848279e-01,-4.333705515686470555e+00,2.177200435239295295e+00,-2.380389804853310309e+00,-7.210421684628842698e-01
0.000000000000000000e+00,-2.856386471387537540e+00,1.896688659722332027e+00,5.884590014188660900e-01,5.254806796399085211e-01,2.809885014050959029e+00,-3.016380512189913432e+00,-9.564087207465561402e-01,-5.640708708047862174e+00,1.216234675849183766e+00,2.749117777559262343e+00,-3.231752295931478169e-02,-1.675999508378009484e+00
1.000000000000000000e+00,3.305379647752868966e+00,-2.917423042096856656e-01,-1.523221440366040014e+00,2.921602571917197189e+00,2.347327353479618850e+00,4.551946033154346871e+00,-5.449928531221965855e-01,-4.266294837421109598e-01,-5.938686858794197665e-01,2.180721272196133320e+00,2.122360920000964324e+00,-4.216243863912188417e+00
0.000000000000000000e+00,-6.477235562008889502e-01,-1.159033030235941286e+00,1.240001306187819230e+00,3.875433398573294941e+00,-1.747203036692503986e-01,-1.838166215340758747e+00,-4.078286659182014384e-01,-1.643212146092548398e+00,-3.926340222139317326e+00,-2.366445852761001944e+00,-2.098060283232470180e-01,1.192635249216276172e-01
1.000000000000000000e+00,1.072953859392652642e+00,3.753793010506117689e+00,-2.351691451744509997e+00,-1.992830519346269424e+00,-4.309188303311285440e-01,-4.814190688112363503e+00,-2.951830736335906202e+00,1.447162027693171815e-02,3.796114497773789065e+00,-3.781046130323744592e+00,-4.120898219235421323e+00,-3.690654827832577034e+00
0.000000000000000000e+00,-1.279858548344502633e+00,-6.455280108214281221e+00,-1.246965134384152574e+00,1.972691177420912434e-01,2.574080565039049695e+00,-1.018039895185873789e+00,1.587993109287756388e+00,-4.662583348403373407e+00,-3.941176210083153109e+00,2.514019104279712202e-01,-2.602932615703282826e-01,3.627360911791554621e+00
0.000000000000000000e+00,2.014393860879232889e+00,2.731973297905526676e-01,6.331844939272215367e-01,-6.701649647861827930e+00,2.506161844804748018e+00,5.219208169810730880e+00,-2.168392923570212183e+00,5.361716336273250061e-01,-6.901461440526172053e-01,-6.760813299809038668e-01,-1.728394098668883050e+00,4.072648330242143455e-01
1.000000000000000000e+00,3.777187591148927215e+00,6.787493046095687266e-01,-1.259706301141848339e+00,5.873684596511055567e+00,-6.862846268449092069e-01,1.516694915548495004e+00,-8.130020586684287842e-01,-2.913096069854224535e+00,-2.029712446904529344e+00,-1.705246464270187889e+00,-1.018461500608924819e+00,-2.816601495610985495e+00
0.000000000000000000e+00,2.675708666317777151e+00,6.772710263368139083e-01,-6.204922802280015137e-01,9.520036432080056343e+00,-1.246245821344972526e+00,1.613915011064551930e+00,1.604478030701264935e+00,-9.599096707997429867e-01,-3.435349281207336070e+00,-4.249043999565891294e-01,4.923693095686838550e-01,-3.597329125924625171e+00
0.000000000000000000e+00,-1.569894490133455722e+00,3.268996585723972004e+00,7.074985991790561091e-02,-2.899534871503137712e+00,2.326951832881621662e+00,7.290694484511488493e-01,-1.793485777153360994e+00,-1.699891902309484948e-01,-2.465512736767054847e+00,1.827270490827163307e+00,-2.367912196794178747e+00,-2.660123831288192520e+00
1.000000000000000000e+00,-3.157710966071496372e-01,3.021407352296658466e+00,-1.788887848919928691e+00,-4.545523444130245672e+00,1.693995661596679803e+00,2.237370472873660976e-01,-2.494727081929295487e+00,-3.908496809351261536e+00,4.500054371364312189e+00,-2.267763918195254913e+00,-1.826583569535945140e+00,-2.264119090447708871e+00
1.000000000000000000e+00,-1.665745840536209776e+00,7.657728821523376084e+00,-7.140293162129838223e-01,-6.932495295740807251e+00,-2.630624827024062862e-01,-1.934242127353678953e+00,-2.580178623669004523e+00,-6.104729106281954198e-01,6.286603081174884977e+00,-2.597704386587848191e+00,-4.446312865044652618e+00,-2.840544527052018431e+00
1.000000000000000000e+00,-3.414200566563081463e-01,1.102437583820035982e+00,1.397270117008734047e+00,2.892623868449530344e-01,-4.399336422847229811e-01,1.823853658827508495e+00,-2.972227932194758893e+00,-1.698703501467840660e+00,-2.036310750389925150e+00,2.298080915897051657e+00,1.962439994580309932e+00,3.139652792508316193e-01
1.000000000000000000e+00,-1.089568187198811877e+00,3.981254460223822011e+00,4.102382073159605014e+00,3.663943314087864334e+00,4.902038248681173105e-02,-1.503325238618855142e+00,1.266847411636736975e+00,3.050996642995901009e+00,-1.409658893741602803e+00,1.368494812006979977e+00,-4.196353164197137442e-01,-2.485624917066250106e+00
0.000000000000000000e+00,-2.884755753155088698e+00,4.597901859393050961e-01,-7.816689160833394379e-01,-7.190161289812129208e-01,-1.216821739960930682e+00,-3.145608804451748508e+00,-5.080856163102480672e-01,1.614459918730535293e+00,2.549627910980642564e+00,2.380221506240377316e+00,2.600856538635400561e+00,5.647224689707053269e-02
0.000000000000000000e+00,4.277918340137998321e-02,3.978055248297748481e+00,3.959186697237244701e+00,-1.201476678045647756e-01,1.291530313678588726e+00,9.686064563046630216e-01,2.034304357824354703e+00,-2.012472708064255045e+00,1.227008169653955649e+00,-1.395592135253332255e+00,-3.353140656036893930e+00,-2.909182499462559246e-01
0.000000000000000000e+00,-1.161671458418561453e+00,2.732561113634921490e+00,2.289148431960421615e-01,-3.298402658101043716e+00,-1.330552290715075081e+00,-2.853002254210963429e+00,1.944087196302792808e-01,2.869676166068181988e+00,4.367888043965522549e+00,1.985958737691447817e+00,-8.080378453065879540e-01,4.129337477334442674e-01
0.000000000000000000e+00,1.328685750535885335e+00,-6.284768420534597722e-01,-4.237210083409703731e-01,-1.705356294754239332e+00,1.513273231395155571e+00,-9.997573100738093022e-01,-3.088748822339245859e+00,-8.224618182214007422e-01,1.407729828863446553e+00,3.432769967388043852e+00,1.293563731637666248e+00,-5.234631523549710952e-01
1.000000000000000000e+00,2.344570782311227397e+00,-1.145086986297527032e+00,-3.514937197753362774e-01,4.412998836680198878e+00,4.491456081743735451e-01,-2.068409596879931645e+00,7.623229619619452668e-01,-3.832501261157461592e-01,-3.581235926095230226e+00,1.613272316578139520e+00,-2.275017725265973567e+00,-8.684096300399485324e-01
1.000000000000000000e+00,-6.765311468745534018e-01,-1.267889882225937959e-01,1.729639393050136142e+00,4.645389466887547059e+00,3.690415761423371244e-03,-1.327181155671892210e+00,1.734958014065007825e+00,2.592229574741926612e+00,-3.306793623299615348e+00,2.296811144053835019e+00,9.279089480326334627e-01,-1.073716314658966553e+00
1.000000000000000000e+00,2.214533951160366332e+00,2.296850013333607610e+00,1.557831506729636217e+00,5.432803069966278819e-01,9.457910420519106687e-01,1.460245885480086603e+00,-5.051865650257729712e-01,-8.762492547362685791e-01,-1.822298398114561291e-01,-2.477963571942143339e-02,-1.968836858744651197e+00,-1.464798278494311878e+00
0.000000000000000000e+00,-7.545748686183595400e-01,-2.495619989894717894e-01,-1.769516113914604283e-01,-1.754088382770423449e+00,5.004197728527791655e-01,-1.214252484882050176e-03,1.009877384167157777e+00,-7.550913099721112687e-01,-2.012590859519025610e-01,1.181769260387005804e+00,-1.280870017240431924e+00,1.355638317298690776e+00
0.000000000000000000e+00,-6.435736240550682385e-02,-6.423884657662545239e-01,-1.602645243390100838e+00,-5.774398651193165533e-01,4.500622098491604550e-01,1.166559284773756477e+00,1.927404145096852650e+00,7.755981256313788652e-01,-9.857337150052885022e-01,1.914043207120619261e+00,-9.716296892497114923e-01,9.861455865302926060e-02
0.000000000000000000e+00,2.229145120613637232e+00,1.808278548794536755e+00,4.658242245076690269e-01,1.421612764379395488e-01,-5.646861017645710135e-02,1.145859245612063315e+00,-1.210468504378983789e+00,-1.384286844943227734e-01,-6.111402580716591704e-01,1.286390578718685562e+00,-1.501075797786372457e+00,-8.929771844636199551e-01
1.000000000000000000e+00,2.087860122561018272e-01,5.109757859458438745e+00,-8.677494689801132921e-01,-3.447772318802677094e-01,-1.227895685164891226e+00,-1.435489756266544514e+00,-7.929203433356495356e-01,8.336463605484762951e-01,1.385021619712655916e+00,-2.273960281152385132e+00,-3.695031169824793960e+00,-3.283868147868246101e+00
0.000000000000000000e+00,-2.078581098883244493e+00,9.773097083244116634e-01,-7.115179162660294487e-01,-4.871221925640836226e+00,9.683333417161608114e-01,-1.814871663978567584e+00,-6.477389539209477132e-01,9.839769425639564027e-01,7.837884408734777653e-01,1.268002365427146172e+00,-1.784520258126008230e+00,3.262857949314788009e-01
1.000000000000000000e+00,7.122059018100643790e-01,-5.239335695035847174e+00,-7.035861339849120988e-01,-4.033082618612201742e+00,3.654692295697595572e+00,-2.371595083556953254e-01,2.636121446636711774e+00,1.314727784250083742e+00,1.169957005534282057e+00,1.085903512743256361e+00,-4.758446465858319208e-01,2.337743102577205079e+00
0.000000000000000000e+00,-1.919544392926143539e+00,-3.002827806765462793e+00,3.054543596214024603e+00,-1.450954286418401740e+00,1.795161784310306485e+00,-5.903936101586807261e+00,3.884097127347538869e-01,-1.189850173901964014e+00,3.341372465403006586e+00,-7.478897327144080620e-01,1.104043206461879922e+00,3.182787687431285928e+00
1.000000000000000000e+00,2.363343281944467744e+00,-3.550663792627370530e+00,2.932170839126728712e-01,9.485235049410587482e-01,2.361341172269910693e+00,-1.018257197295190597e+00,-6.117665038529092048e-01,1.249434400610456519e+00,4.284385388120903748e-02,1.864160486009447615e+00,1.840635754838040317e+00,-4.187792899635783828e-01
0.000000000000000000e+00,-1.200453814319939472e+00,1.966627418806276006e+00,9.171696213204771908e-01,5.733003557890772317e-01,-1.159915504738107117e-01,6.091315390829428189e-01,1.751160738964417263e+00,-1.898310471204070815e+00,-2.693024045116358955e-01,7.431986543913544629e-01,-1.468761705625963199e+00,3.920077593412911732e-01
1.000000000000000000e+00,1.126826629454310114e+00,1.342622542377049033e+00,1.884794112519414533e+00,2.223882720841765082e+00,7.048927447850781292e-01,-1.373208656504026237e+00,5.654433403784129286e-01,1.305226021208574227e+00,-7.090446634009859306e-01,1.238414449921516391e+00,-1.193917366064456864e+00,-1.424778972199391314e+00
1.000000000000000000e+00,1.106405315943953083e+00,-1.166323335663101979e-01,2.648468625083273409e-01,1.692803455074314067e+00,9.939093084855633586e-01,-1.013753904045273213e+00,4.272814757491769200e+00,-9.069151321883570649e-01,-3.290703061113475325e+00,3.184896093386667681e-01,-5.963626861984718808e+00,8.892328468675367859e-01
1.000000000000000000e+00,-2.122336893369950239e+00,2.133220735490253261e+00,-3.203918373870080050e+00,-2.154932428169709091e+00,-2.350027392122290504e+00,2.517591005509820512e+00,2.823190698339113069e-01,-3.079321351621283398e+00,3.820132785509306572e+00,-2.742188118384765172e+00,5.825722614937085542e-01,1.273741601600693052e-01
1.000000000000000000e+00,1.356823856911290704e+00,1.477144035229138508e+00,-1.481695796913229835e+00,-1.959835324639669585e+00,-6.615475151783059005e-01,1.197990444770091090e+00,-1.894850382684818424e+00,-3.417143922493347530e-01,1.071877078082781320e+00,-1.360874537141062435e+00,-1.180207635036787828e+00,-9.213137300532499019e-01
0.000000000000000000e+00,1.211733351945170511e+00,1.491166144592105114e-01,4.524714635759519155e+00,-3.917188752702000509e-01,1.487972078406886611e+00,-1.368357991879802116e+00,2.622205510173083454e+00,-6.081940603194252448e-01,4.445273711697624641e+00,-1.308295535950961597e+00,-1.011875296977970518e+00,1.983295998955621808e+00
0.000000000000000000e+00,1.225460272114786475e+00,6.601975896895864171e-01,5.814647825575345319e-01,-4.663462284305858851e+00,1.900882427054491286e+00,2.619403845273167164e+00,-1.886515033363543647e+00,-1.370213570929385227e+00,1.105588378866802834e+00,1.267012195158689680e+00,-8.400749505764331104e-01,5.705136844063478652e-01
1.000000000000000000e+00,4.372710162556070479e-01,-2.309900752904388288e-01,-2.446765134037223177e-01,-2.692674126934578638e+00,7.779699135468758353e-01,2.992454298708431715e+00,-2.438360115318265908e+00,6.253255831808608445e-01,-4.067872333029296072e+00,1.559313321064205837e+00,-4.362552869331167704e-01,2.247942197954748700e-01
1.000000000000000000e+00,-9.245359114989418758e-01,-1.426195647529663324e+00,-2.810828199984172215e+00,-8.423185211830437780e+00,2.144210202648774821e+00,4.701435518956778914e+00,-3.177084455922603912e+00,-2.176311628027161493e+00,1.665478472568062474e+00,9.007002364011096329e-01,1.667955761285532912e+00,1.147115878049322468e+00
0.000000000000000000e+00,-2.292993681779282422e+00,6.543699661751985808e+00,4.486317825830504757e-01,-7.679198910650918419e-01,-3.005611116897871860e+00,-9.805683427820770515e-01,1.102964940449282505e-01,2.175150303506219629e+00,1.175042026779082205e+00,8.216460830941535454e-01,-2.198177724659805321e+00,-1.531718600121590335e+00
1.000000000000000000e+00,1.563490932222878271e+00,-1.036363865061062306e+01,-3.324199939763325951e-01,-4.985573494304537334e+00,1.791649439031020918e+00,-5.792085101334443209e+00,-5.619423599315770623e+00,4.351263570272991821e+00,-1.481714779166136697e+00,7.610752174456900221e+00,5.540116804446803656e+00,5.763912206274478756e+00
1.000000000000000000e+00,3.452574045472606379e+00,9.442729268478011750e-01,-3.441562528562425172e-02,3.862074754700337564e+00,1.231291319554752128e+00,-1.165684407310504822e+00,1.969777031534443168e+00,-1.101037712456327533e+00,-3.961312519278641364e-01,4.280119927854544315e-01,-3.778696986404883607e+00,-2.243906064744445761e+00
0.000000000000000000e+00,-3.122011860037541275e-01,1.206576958662586962e+00,4.066458832170435578e+00,9.454480024035181174e+00,-4.889193985582844793e-01,-3.584047847878966131e+00,1.541653345421882371e+00,-2.793112684216059627e+00,-3.462171031595331794e+00,2.285068327282300249e-01,-1.444697564749440888e-01,-9.546552797388044853e-01
0.000000000000000000e+00,5.070526097110329644e+00,4.681540054239965443e+00,4.104088517500271038e+00,2.235644977758136365e-01,9.958054351121931047e-01,4.760181613061700290e-01,-7.014934276130077029e-01,4.486426859913230203e+00,-1.019051924508914686e+00,5.933684964080947033e+00,-3.921645548857131125e+00,-2.063119785896807556e+00
1.000000000000000000e+00,7.437646438156664264e-01,-1.368943656341749859e+00,-1.002247856231705203e+00,5.870784753073363810e-02,1.600943684843865178e+00,6.842520649528578414e-01,1.788107557796659197e+00,6.621054199204547963e-01,8.383324797165343512e-01,-2.969923043811009133e-01,-1.034803081155871718e-01,-9.627446513877545575e-01
0.000000000000000000e+00,-3.385342336689670439e+00,-2.335499157629528977e+00,-1.252728417758002255e+00,-2.926856164722044795e+00,2.902195736094725032e+00,-1.549104953058275225e+00,-1.255045252008904377e+00,-1.970536903669628082e+00,-1.423701867650323027e+00,2.375969914549115547e+00,1.294507292140306021e+00,3.849687446627904075e-01
1.000000000000000000e+00,4.249474776904229145e+00,-2.847033475655614154e+00,-2.017449899462985918e+00,3.371382138074363155e+00,2.106321466709368817e+00,-5.960688320905527249e-02,4.394216952964329792e+00,-2.780842660490639329e+00,-2.436025927636574995e+00,7.665306708806922664e-01,-5.413507874879673665e+00,2.156837685014785233e-01
1.000000000000000000e+00,2.497839865991648090e+00,4.689634400209526932e-01,-1.355895804190323517e+00,6.938675899736496122e-01,1.507214620540437533e+00,9.283096481564649949e-01,2.381695728518531396e+00,-7.001640543920386595e-01,1.643594349579574398e+00,-8.476218719778727539e-02,-2.671013243953104688e+00,-1.787216348050381987e+00
0.000000000000000000e+00,2.592354873349103084e-01,1.842964733610074290e+00,2.225495043811312357e+00,-2.503647535277747860e+00,1.170709217163383942e+00,-1.115234884333613508e+00,-2.083611632999639696e+00,-1.245546164117034005e+00,6.126024113429748841e-01,2.426514512565172588e+00,-1.309522699784414490e+00,5.961939046797521957e-01
1.000000000000000000e+00,-7.082988906178575572e-01,1.173446090721425916e+00,1.633420612332913802e+00,5.067363937552271658e-01,2.394054561470919662e+00,5.027625137721090098e-01,3.163829334150818795e+00,2.599136269758560047e+00,1.165392622843127057e+00,2.901185144869112831e-01,-2.218544563009678949e-01,-2.302281605456458546e+00
0.000000000000000000e+00,-1.855082065894636312e+00,-4.179245048063215506e+00,3.987427022561620404e-01,-3.516091830108374339e+00,3.950671446156408972e+00,-3.497374740228552881e+00,-8.987975278019308956e-01,2.906482791846265457e-01,1.469189048634501171e+00,-3.309988022092991145e-01,1.809846975262323632e+00,6.854273896687788081e-01
1.000000000000000000e+00,-1.635503123565043015e-01,1.467862103165731957e+00,-1.546833719576319321e+00,-3.485956147297796459e+00,-4.658438528713543247e-01,1.977266168286611725e+00,-9.228069898674887694e-01,-2.433263618529052597e+00,5.061732047955710634e+00,-1.171559428710018613e+00,7.666249081700209356e-01,1.526286394996381190e-01
0.000000000000000000e+00,-3.975473969830733090e+00,3.568943200050995301e+00,-2.391681050767826555e-01,-2.668552479611499439e+00,5.938919556214188322e-01,-1.009509709911945219e+00,-1.010705867511199063e+00,-1.710279673781320398e+00,-8.144991954859699401e-01,2.257512680762273405e+00,-1.437743248939084673e+00,-9.389161835921566723e-01
1.000000000000000000e+00,1.431595971178315718e+00,-2.180605161475281939e+00,7.637568444032711845e-01,1.618457116171191590e+00,1.670800801830490290e+00,-3.226827732990263264e+00,-3.270068948664797137e-01,1.826963785362649251e+00,-2.568206383686689520e+00,3.260903751302151488e+00,-6.042452234741666484e-01,-1.998587102864993748e-01
0.000000000000000000e+00,1.064998414949644534e+00,5.191662659112631140e+00,2.753093303345805598e+00,5.949415656194751101e+00,1.870123204581789489e-01,-2.142492899049698529e+00,6.983377082859740792e-01,6.345482371034649738e-02,-3.103778304716777292e+00,2.848289304477069628e+00,-3.467853833521160833e+00,-3.817653889911557297e+00
0.000000000000000000e+00,2.566595893283431185e+00,4.803357977731340656e-01,1.036584973125469711e+00,-4.348804641101390089e+00,2.220603403386810726e+00,6.571222873128114150e-01,-3.939401340142133723e+00,-2.424546995419921913e+00,1.837876581594316328e+00,-1.118770287279189368e+00,-1.443488513632250392e+00,-1.061262097180226682e-02
1.000000000000000000e+00,2.212396244785319155e+00,2.902709081826942428e-01,7.178985805648134821e-01,6.036733868437155204e-01,1.399503332300954694e+00,-1.299383246715407836e+00,6.793726452350101752e-03,1.981548776309366433e-01,1.543261964806269315e+00,-4.391889276850524659e-01,-1.347750901233665477e+00,-1.389340659784613186e+00
1.000000000000000000e+00,-1.513748285767142487e+00,4.871983866302806998e-01,-2.412319211845011857e+00,-1.276706155724467218e+00,-9.231002354133999166e-01,1.900564686154009308e+00,-2.842644918203101945e+00,-2.973731722099675956e+00,-1.090362934566675435e-01,-2.713320607900068238e-01,1.977022037247897490e+00,-3.722429583984578905e-01
1.000000000000000000e+00,-3.341447631256098116e+00,6.649571872082494117e+00,1.558172487284117391e+00,-2.016174078822051019e+00,-2.160567028618433305e+00,-2.066048159043669674e+00,4.027210714126403523e-01,-1.162515095396149167e+00,4.990194803411275970e+00,-1.044088047961761800e+00,-1.834136136819009444e+00,-4.549705374519739109e-01
1.000000000000000000e+00,-1.383387769511299936e+00,4.697905877769153804e+00,8.507808964235308302e-01,-2.030721038293786140e+00,-1.000060669869176966e+00,-3.073780214434922442e+00,-4.722071139807815676e+00,8.049813507130028079e-01,-3.926394457312101238e-01,9.481987582528199621e-01,-1.320189860140606797e+00,-1.996564682168592064e+00
0.000000000000000000e+00,3.291057316037724334e+00,1.655510567356402563e+00,-1.857759617419336706e+00,2.863314864225299239e+00,1.069681871119261052e+00,3.305966688701375222e+00,-1.328145600407162341e+00,-4.622666091347499284e-01,-4.674688212625427441e-01,2.083529397101564928e+00,5.938708211640646439e-01,-4.596611344165355106e+00
0.000000000000000000e+00,-2.433841049293126613e+00,3.383862570156670024e+00,7.638448026772460819e-01,1.052731146986425337e+00,1.945949402734901135e+00,2.257789214764302166e+00,7.817777333939557316e-01,-3.543058204139714729e+00,-3.128492497489609558e+00,-1.689862925387157766e+00,-2.301914685808564176e+00,-2.709229903370502957e+00
1.000000000000000000e+00,-6.252720610339497220e-01,5.549056581722670245e+00,1.597315844839320764e+00,1.179070163051723519e+00,-2.629994451783188580e+00,-1.919262203975549141e+00,-8.812832896297280172e-01,2.261591125889891529e+00,-1.398487068238984943e+00,-2.973384868842134932e-01,-3.064348182644604179e+00,-1.684469412016890377e+00
0.000000000000000000e+00,-1.300129536684604181e+00,-2.691203950866019046e+00,1.488911071570588440e+00,-2.007731173099863486e+00,3.272073721501169263e+00,-2.121441276396174302e+00,9.784083890326286115e-01,-4.209087501586131097e+00,-5.436446938152015296e-01,-3.931535644573744825e-01,-1.844254456569275336e+00,2.653821478403348255e+00
1.000000000000000000e+00,1.577551898305747269e+00,-1.073301624898756357e+00,-1.199780205951996859e+00,-2.030895553685232002e+00,-1.089042418938745094e+00,5.953375206138549203e-01,-4.222112480346552843e+00,-1.067116833439074375e+00,1.677558121869667129e+00,4.533584020682452920e-01,2.433185258437767118e+00,9.425448270773111314e-01
1.000000000000000000e+00,1.560278148061896353e+00,3.506763219901735340e+00,-1.909715285982259925e+00,-3.737182985409155833e+00,-1.109839648123798428e+00,2.400383028304065469e+00,-3.556035360346122776e+00,-2.011401125484488794e+00,2.961944558906526748e+00,-2.427057886951885290e+00,-1.496771784219638413e+00,-1.476380469395560002e+00
0.000000000000000000e+00,-1.159485177497546537e+00,2.865457271108898807e-01,5.104159268319745646e-01,-1.264182840265780206e+00,-9.880003418831795337e-02,-1.362252079555081430e+00,7.922686144948412057e-01,-3.961657501031204287e+00,6.012069362243186443e-01,1.425576189730840326e+00,-1.934042289503107970e+00,2.810364654527541806e+00
1.000000000000000000e+00,-9.638860994486360134e-01,5.222124250960508363e+00,1.535806536891202168e+00,4.862450443104849640e+00,-1.977610392056849076e+00,4.444960198223538939e+00,1.165470518997810068e+00,-6.162502104259246494e+00,3.038026973834451638e+00,-4.307613442463653630e-01,2.281259153009510765e+00,-1.554445360589202796e+00
0.000000000000000000e+00,1.372130643261496807e+00,3.637695904048930284e+00,-9.587721462122609228e-01,1.038918082120921405e+00,5.346109256408582144e-02,1.379466890029644954e+00,-1.232393387450774203e+00,-1.200004020340578403e+00,-5.166585200383968512e-01,2.327334213660539053e+00,-1.662576120309682270e+00,-3.009259660210598319e+00
1.000000000000000000e+00,6.147419673077445523e-01,7.477346897544069115e+00,-3.677892712505077544e-01,-1.038874997789761334e+00,-2.604500479715190053e+00,8.706921862125782674e-01,-4.356571686786916864e+00,-2.059142423716014747e+00,1.389151298800667345e+00,-2.581237191795171526e+00,-2.844005459921278511e+00,-3.246571848587797682e+00
1.000000000000000000e+00,5.300118846416038920e+00,-9.577962365504435027e+00,-2.491736485668974321e+00,-1.655133048483517388e+00,2.510086569001140688e+00,-2.302918488773864070e+00,5.966282009266492548e-01,-1.560968310242786039e+00,-1.915390000627289702e+00,4.404805351380705503e+00,-1.804669878489285839e+00,5.528964305939075174e+00
0.000000000000000000e+00,-1.106415078439442867e+00,2.387407867667565853e+00,-1.960704411883368525e+00,-4.597020254066308098e+00,-7.768001379030644582e-01,-7.775403686847603968e-02,-7.293561665709182851e-01,2.881651990476238989e+00,2.914497480907640714e+00,3.471734381787130896e+00,-1.072106836895174720e-01,-5.699868900689841755e-01
0.000000000000000000e+00,8.932469551926714990e-01,1.922753704214909265e-02,-2.239502059117500554e+00,-1.833052385958665598e+00,-4.578017173960489128e-01,1.754837696566405869e+00,-3.183604145050075385e+00,-1.700957986997532867e+00,-8.899125432040962957e-01,-1.445540823369342753e+00,-1.854490432771757069e-01,-5.236539754532627544e-01
0.000000000000000000e+00,3.435687656052317074e+00,4.207964843780794162e+00,3.746949731621928237e+00,2.024457927763263054e+00,1.056508692179847220e-02,9.868231903014871298e-01,9.725569465820718129e-01,2.687599699241865814e+00,-2.438823912695097906e+00,3.333555907251813277e+00,-4.101166974723003733e+00,-1.232974121252838007e+00
0.000000000000000000e+00,-1.598591282098075883e+00,3.788843285462351496e+00,1.619391115867679254e+00,-8.635610363628156705e+00,2.632464224046239476e+00,1.564072796147548905e+00,-2.982729724515936098e+00,-4.171120824858242315e+00,2.127020279012043602e+00,-4.151349896988083543e-01,-3.429151974401052794e+00,9.032887739707051722e-01
0.000000000000000000e+00,1.789622136292579047e-01,-1.470763537733834836e+00,-1.348415615864420491e+00,1.263730764369305204e+00,1.645329223413309450e+00,1.551906430646054158e+00,-1.986155998926457666e+00,-2.958299529189777566e+00,-2.208339002781547045e+00,-2.777876342774867613e+00,1.031605233589381942e+00,-1.935395829706176851e+00
0.000000000000000000e+00,4.838675343186493727e-02,8.193512702039210671e-01,1.473606971875067062e+00,-9.873065964032749164e+00,4.439505452950315068e+00,3.986407845819781137e+00,-2.834778016446194204e+00,-1.837233229753765906e+00,2.197808175873204650e+00,1.815855902795012078e+00,-1.003681567644991057e+00,1.146904773888770546e+00
0.000000000000000000e+00,1.021696908514245772e+00,7.489050932042963238e-01,-3.373212078024130367e-01,-5.684435738120367176e+00,1.805605887810658228e+00,2.273219972231458108e+00,-2.975545795406798533e+00,-3.766541820801456719e-01,6.715692182975536717e-01,1.746969088908339351e+00,-7.973940776032991673e-01,4.027342709231040985e-02
1.000000000000000000e+00,-1.822089455686739523e+00,1.263444888713869840e+00,-4.722912642439206721e+00,-4.208809514562878107e+00,-2.234928609137539546e+00,1.321709020072874718e+00,-1.334946097699508893e+00,6.788220538530882475e-01,2.913193007511346577e-01,-2.549134234828509094e+00,-1.196605465723735495e+00,-4.917270298768913195e-01
1.000000000000000000e+00,6.794036335065225529e-01,1.600801867593769856e+00,2.587311137718232956e+00,4.228061056601063683e+00,7.875230695289243688e-01,5.350777726026614278e-01,2.125007706238212446e+00,9.016229861223001851e-01,-1.441851950797981452e+00,3.284437826261964455e-01,-4.405602509530448518e-01,-1.942022064245452651e+00
1.000000000000000000e+00,-5.606277927318235044e+00,1.567351447707999723e+00,-3.040927976525339194e+00,-4.729623043908401492e+00,-6.298428533394793138e-01,-1.569904356406122581e+00,1.062091531279721224e+00,-2.881301475526630851e-01,2.213257749703390509e+00,-1.160766504354135531e+00,-7.183137261967356135e-01,2.018436033634771753e-01
1.000000000000000000e+00,-2.193326789308851943e+00,2.262738152124667224e+00,-1.506817657117634823e+00,3.998223130590838004e+00,-1.959246852545020623e+00,4.041628352585232342e+00,4.701542139357065331e+00,-1.785559634075440716e+00,-4.684475648500288081e-01,-1.408112176295141404e+00,1.876554501414358089e-01,-1.111610418256244959e+00
0.000000000000000000e+00,4.061065991599734026e+00,-7.805086875380311540e+00,9.272178924266667455e-01,1.826804250476321112e+00,1.887767626486235306e+00,3.873644514530389937e-01,5.111521374047692134e+00,1.222515280147941752e+00,7.462926515166152797e-01,-1.031283073045174525e+00,4.051561312567550921e-01,4.060069677270575106e+00
0.000000000000000000e+00,-2.628710602557940312e+00,4.810450917999769871e+00,1.086028223764497813e+00,-2.175005155075730112e+00,-2.397292936568628630e+00,-2.390954424211502172e+00,-1.055509745139705302e+00,7.950153040993039877e-01,5.174211005559976151e+00,2.167658758177999800e+00,9.931980160867530660e-01,1.894616052863928868e-02
1.000000000000000000e+00,-1.810294617222519165e+00,1.944744054228767505e+00,-2.393827244982492664e-01,-4.217244956112417675e+00,1.612765599455070920e+00,7.159042988577548616e-01,1.393944138726896043e+00,-6.304043133036498769e-01,-5.340004669083311395e-01,-1.361590874559857722e+00,-4.137640085061081052e+00,-6.091398503615308435e-02
1.000000000000000000e+00,-1.246783265390934314e+00,6.192169753926441977e+00,2.516944292088441504e+00,-3.896737498815806333e+00,-4.730151659970627254e-02,-4.320583378238652905e+00,-2.419710559924905358e+00,4.788110898767374835e-01,2.934212901159669151e+00,-4.423407620671677698e-01,-4.177335359965745454e+00,-1.346784705227492829e+00
0.000000000000000000e+00,-2.470599089804485615e+00,4.787637392369544109e+00,1.403266648033408392e+00,-4.706870418478040996e+00,2.155461976822993009e+00,-1.652669220596314492e-01,-7.181934080940450826e-01,-3.187529000917585620e+00,2.198431234515008548e+00,4.155149830405054701e+00,-2.442607886472869971e+00,-4.237148730677959829e-01
0.000000000000000000e+00,9.063628577212794468e-01,3.201640776025394874e+00,2.253960237597453453e+00,-7.714094140600323835e-01,1.187354397343393320e+00,7.003300046467413331e-01,-5.741000627410512980e-01,-2.855677967427634911e+00,1.089444672418361737e+00,1.919655340630196161e+00,-2.054880347136941232e+00,-3.274731623484120613e-01
1.000000000000000000e+00,-3.846266355585221675e-01,1.036287125204480741e+00,-4.805218341928666703e+00,-6.322696190201398947e-01,-1.821924340303234580e+00,9.376474615742437235e-01,-1.593571520053101542e+00,-5.554010336196825159e-01,-3.009989748441426194e-01,-2.907104299134570802e+00,-7.920211089184110431e-01,-2.232255129978129915e+00
1.000000000000000000e+00,8.390452051466061878e-01,-3.500574203948503271e-01,1.356723544782922675e+00,4.540921816918192633e+00,1.887170175937590511e+00,2.864528575530123078e-02,9.948313311840777384e-01,1.595661678087944013e+00,-1.615931604866994720e+00,8.753887791586116851e-01,1.560425352122963627e+00,-3.106162252259847101e+00
0.000000000000000000e+00,-5.557194823576372400e-02,6.348148680601859439e-01,2.152540628063514205e+00,-7.305747453137043657e-01,2.365869845806835237e+00,-4.704786661626643163e-01,-1.988362572813688889e+00,-3.733738140869673039e+00,3.204533546849734904e-01,-2.560330144931273200e-01,-2.531871065840045620e-01,-2.784711537403157244e-01
1.000000000000000000e+00,6.206181791289016036e-01,5.410224444015675482e-01,1.852515499524574505e+00,8.031617716980935739e+00,4.686412086755733508e-01,-2.634894275301810085e-01,2.496358065169336449e+00,7.608041906991546144e-01,-4.633642228053156842e+00,5.568318876146181040e-01,-1.328991382187727499e-01,-2.862665060851258048e+00
0.000000000000000000e+00,4.521984779963421630e+00,-5.930307753525947828e-02,-3.019780093491151174e-01,4.580760988176369786e+00,-2.378050698668514595e-01,2.126865567066606122e+00,-1.252004210249357818e-01,2.579281247425071033e+00,-2.121260015667434828e+00,2.612076041504770352e+00,5.252273538910394723e-01,-2.617224280837098238e+00
0.000000000000000000e+00,-1.772730937694684705e+00,5.163978266509813508e+00,2.242711739484863909e+00,1.066176700682100131e+00,-2.202791910187225088e+00,-1.644985554919593973e+00,1.235884562409030885e+00,-4.342781814286836850e-01,7.060591487037348735e-01,-1.323219230397020940e+00,-2.958647169524695641e+00,-2.070137907756950391e-01
0.000000000000000000e+00,-1.140561163149345525e+00,2.395325466691219152e+00,2.287548584270250096e+00,-4.121669291049806283e+00,2.469006011085955965e+00,-5.029190568299782838e-01,8.770992798335310869e-01,-1.126513055319628975e+00,7.669956839178502239e-01,6.186654760874147341e-01,-3.757431835945067355e+00,5.634392239126616575e-01
1.000000000000000000e+00,1.347250104971175588e+00,-6.837992572838089700e-01,5.422544536649793745e-01,1.342481644193922907e+00,1.481516977897576970e+00,3.494094639415785686e-01,3.712033185083787323e+00,-7.950606072980996863e-01,-1.790934647018798120e+00,-3.069421829063423424e-01,-3.819515733788620526e+00,5.216937016054552512e-01
1.000000000000000000e+00,1.116585057722585539e+00,7.216202198528758327e-01,8.860176899885607860e-01,-1.243939196003966741e+00,3.087496820986634916e-01,-1.222942641564581878e+00,-1.788896603116582273e+00,8.270179333964117196e-01,1.711887052522545360e+00,-5.041493120357589675e-01,-1.687320005546004698e-01,-5.417689333551913844e-01
1.000000000000000000e+00,1.391816416183607963e+00,-1.539558076697108202e+00,3.107575905186259480e-01,3.109887267484685580e+00,1.131225199996002573e+00,2.567922378219715807e-01,2.142951803577784808e+00,6.628203941385253373e-01,-2.582740004431383518e+00,2.662237518382452262e+00,-4.558753917396810573e-01,-3.047289530373383792e-01
1.000000000000000000e+00,3.064471571457061394e-01,6.871821311169165059e-01,-1.746576100997695224e+00,-5.224957255171061021e-01,-2.721598871318283042e+00,2.384586786518856361e+00,-2.155597815613438328e+00,5.591190846725695440e-01,-2.130480267479451406e+00,-3.976473674849618778e-01,4.695677574687209255e-01,3.947595421578049546e-01
0.000000000000000000e+00,2.248924598826278487e+00,-2.953945099029108068e+00,2.161100955349390063e+00,-2.363986506692351330e+00,1.053287478821059775e+00,5.662209391791367175e+00,-1.032601358089195731e-01,-1.635301736068037748e+00,-1.363736728168963852e+00,-4.522964364690541750e+00,2.532675804207000780e-01,3.177621528463577150e+00
1.000000000000000000e+00,1.100898648358942467e+00,4.246065704332033341e+00,-2.346122921700574793e+00,-5.022983771803698344e-02,-1.472506149676797937e+00,3.361861172940408871e+00,-2.240048168743201895e+00,-1.430592676032077071e+00,-2.108145168523299251e+00,-2.845323689811944501e+00,-2.959133946621734346e+00,-3.216218582163618223e+00
1.000000000000000000e+00,2.301041941140900882e+00,2.780367334698580439e+00,1.206507582328453676e+00,5.377463072470146876e+00,-1.882544857997247689e+00,-2.943190119424994755e+00,-1.205749908746708066e+00,-1.073857723712083878e-01,-9.677593514923543694e-02,-4.144729572329723943e-01,-1.151922897509417343e+00,-2.301573612592079598e+00
0.000000000000000000e+00,7.400599240636889231e-01,8.947782288521003435e-01,1.799451957806201596e+00,2.470453383069723508e+00,2.398841632851388406e-01,-1.329352778970440685e+00,-5.085504692758762157e-01,-8.939558648778362926e-01,-1.527718700820775544e+00,1.432590729695040421e+00,-7.068352810186074864e-01,-3.926350756712450041e-01
1.000000000000000000e+00,1.912322123921476269e+00,9.349690096695928432e-01,2.777696616690139564e-01,2.527051209727642966e+00,-7.504015154293817158e-01,-2.805395564440647860e+00,2.058836015022737165e+00,-5.523777685204434018e-01,-1.251580532072860574e+00,7.251689520732844674e-01,-4.650570097140846570e+00,4.813332974431918654e-01
1.000000000000000000e+00,-2.544193010304444336e+00,1.630284976413237441e+00,-3.293782256209384363e-01,-7.560844551438269612e+00,2.616517979186072651e-02,8.562877945413422953e-01,3.557910115262754580e-01,1.661891247152258444e-01,1.858944493417688637e+00,-8.897492912831683753e-01,-2.688036229091292917e+00,2.422811295366370743e+00
1.000000000000000000e+00,-1.891992754555806400e+00,6.788947065861780095e-01,-1.455692501543398798e+00,-2.728818072707004827e+00,-4.186373806403664855e-02,2.613440371858981592e+00,1.525160707217506406e+00,2.527734839622809204e+00,-3.528034668552419539e+00,3.760680819926529583e-01,-1.993553899348771585e+00,3.039485355824367296e-02
1.000000000000000000e+00,1.021196698935911140e+00,1.314479275431712058e+00,-1.383923219651286507e+00,-4.209742305700648224e+00,-3.271909713433766020e-01,3.928483833055287366e-01,-2.810063638765840643e+00,-2.978096324749142099e-01,3.516903265097759412e-02,-1.938653308072179726e+00,-2.769975302625391045e+00,-5.437335080406380250e-02
1.000000000000000000e+00,-9.814965444360244096e-01,-1.713721010112855270e+00,1.614275237410643271e+00,1.342335685511808763e-01,1.736069359766974962e+00,3.049651555697419081e-01,2.591698961509987242e+00,3.233069667344837139e+00,-7.683788607752565225e-01,2.897838698728098628e+00,1.606689631657695738e+00,4.601495083696296451e-01
1.000000000000000000e+00,7.622760408736246607e-01,-1.957065949048646392e+00,-3.403289845404061875e+00,-1.670263609414361472e+00,9.376062793510087090e-02,5.075188179481529893e+00,3.877230325412703849e-01,-2.425431180295854361e+00,5.237592195147087182e-01,-1.436954626173743144e+00,1.116760809431345702e+00,4.838325670822218871e-01
0.000000000000000000e+00,-8.072027626516622423e-01,-1.472071882582502544e+00,-5.488906306880769748e-02,-1.346662918110737905e+00,-1.295042939957473660e-01,-1.957658094480404731e+00,1.027497636766655065e+00,2.074660218983352067e+00,2.087188932073853032e+00,1.855724341476953088e-01,8.825678480784306945e-01,1.221269169260309262e+00
1.000000000000000000e+00,1.923750763196061087e+00,3.518966211602241323e+00,5.732734273030215544e-01,3.680413589220146164e+00,1.623144128095052041e-01,-2.205223045380266811e-01,-4.185845538327324089e-01,7.964573342289539282e-01,1.525910799567967491e+00,4.577191394754865916e-01,-9.223912469550898940e-02,-4.435299320041997007e+00
0.000000000000000000e+00,-1.779209316956884557e+00,-4.446843743177224972e+00,-1.304472336613655692e+00,-1.109714551912083014e+00,3.512329288468716282e+00,-3.432054672607902646e-01,8.586133711245920175e-01,-1.774655149394283704e+00,-1.796554123107059642e+00,3.180460961177935530e+00,1.678727891366925906e+00,9.649131190262422164e-01
1.000000000000000000e+00,-2.774936420523058889e+00,5.379992987566707185e+00,1.711659244223446397e+00,7.498439292445528981e-01,1.667788988757634705e-02,1.434472280742270955e+00,6.733135530227341015e-01,-1.975739019256876006e+00,2.265065925212366160e+00,1.694300796701252665e+00,7.952601492249489201e-01,-2.242302358795279282e+00
0.000000000000000000e+00,-2.363627324330094037e+00,5.135443812013940956e+00,2.440421586325594916e+00,-6.954896208826687243e+00,1.947621472185892877e+00,-1.507258074546501847e+00,-1.167003596811546196e+00,-1.995100587093769917e+00,3.050699356415648822e+00,2.871832884166656719e+00,-3.837297800406531234e+00,6.407856923653212355e-01
0.000000000000000000e+00,1.977532832994381318e+00,-2.242303177125613889e+00,-1.151762418178513325e+00,8.530647753751670948e+00,-3.671897330435887064e-01,1.131551622917915001e+00,-7.130402724868367681e-02,-2.469284610608463382e+00,-3.689955048060256093e+00,-3.486571876831431105e+00,2.166578825709181810e+00,-2.819497035764825910e+00
1.000000000000000000e+00,3.673081775164719343e-01,1.391724177712515276e-01,3.001814432608695959e+00,-5.682716489338636379e+00,4.292760946293721958e+00,1.911618107340527839e+00,2.084574689459940622e+00,1.938117568900417975e+00,3.578005205227659857e+00,6.860120081512796064e-01,-1.047345318815641413e+00,4.497579792425858702e-01
1.000000000000000000e+00,-3.073133025018174536e+00,3.419844361181463288e+00,-9.813186501308742704e-01,-7.419689513655947088e-01,-5.515787721303052615e-01,-2.596174834649878083e-01,-1.391292903628996491e+00,-4.482361391462616140e+00,2.973826651906267493e+00,-1.014335928082394700e+00,7.439183765912027457e-01,-1.378935377141053298e+00
1.000000000000000000e+00,-1.478709459536320825e+00,1.887711912882592991e+00,2.617636168237649663e+00,1.741577976445795928e+00,1.565846762760033650e+00,1.004803370237158155e+00,1.634038860285612627e+00,3.162898407756130403e+00,-8.060850269641650634e-01,1.128493599445921092e+00,1.444968205177457055e+00,-2.623360612937841729e+00
0.000000000000000000e+00,1.104123492912928661e+00,5.404947712972851814e-01,-9.628748080915117136e-01,-1.876482907403146605e+00,1.606562500920878378e+00,3.766068694690103413e+00,-1.423504042071691789e+00,-2.217563107243935017e-01,-1.165263797451285166e+00,1.065322526176136542e+00,4.518499982020829364e-02,-1.649058082435090444e+00
1.000000000000000000e+00,-9.261029733015324616e-02,2.692057224830655127e+00,2.742577742255172701e+00,4.143877209088052460e+00,2.177279220156391748e-02,-3.385326963992568938e+00,1.939859248294335980e+00,1.940614153236367434e+00,-1.962087212295105410e+00,7.907905122714757873e-01,-2.714230228674478163e+00,-1.806427527979855840e+00
1.000000000000000000e+00,-4.536742803152321590e-01,3.876409711954406756e+00,1.406460192185956526e-01,3.838703270426549796e+00,-2.674069727419158937e+00,1.092883082464253253e-01,-2.720332460097228955e-01,-5.996064340416393801e-01,1.363479588902289930e-01,-3.614785992779311341e-01,2.827241580457733328e-01,-2.042243107729988516e+00
0.000000000000000000e+00,1.134231998960156140e+00,-9.845591156308200476e-02,-1.282290724443381436e+00,-8.953114480409780640e+00,3.638925783660948987e+00,4.048123746635249987e+00,-5.047418316598184518e+00,6.719419663601891024e-01,-5.163148086682540772e-01,-7.345843603375090680e-03,-7.259295686039970441e-01,-1.184471072733576325e+00
1.000000000000000000e+00,5.392022669026484749e+00,-5.724268858600798815e+00,-3.046654268673441024e+00,2.458226432867812061e+00,1.105677645882911175e+00,-3.513008735851411046e+00,2.327950363132382794e-01,-1.798204408616047356e+00,-7.995416328195223965e-01,2.198155486365645839e+00,-2.263020069697462056e+00,1.408492356424688730e+00
1.000000000000000000e+00,2.044769104682113703e-01,2.144846495826743915e+00,3.430780892854685682e+00,2.915088104181811079e-01,2.902873650257551397e+00,-1.193183104825058516e+00,2.362636149079596848e+00,1.427838549462620676e+00,-7.589219414023626875e-01,-4.254676187543360300e-02,-3.548422474270645388e+00,-1.637581811658024522e+00
0.000000000000000000e+00,-2.215884897912498985e+00,6.593570233376208733e+00,2.106575439599198241e+00,3.644221047982594275e-01,-1.070538688589438348e+00,-4.884205514545487681e-01,4.691600215952567154e-01,-3.211365604789189199e-01,1.246607213866116615e+00,-2.858187634572479929e-01,-2.224808561974670251e+00,-2.177593357023717147e+00
0.000000000000000000e+00,3.208448083447636989e-01,-1.311369295977043548e+00,1.654759283855963714e+00,3.356204745843157644e-01,9.765293185669952081e-01,-7.925352003070609275e-01,2.238377578872020823e+00,-6.688891738210337445e-01,1.238407703789173864e+00,-1.792701582532463256e-02,-4.606731908360708339e-01,1.659616431894584299e+00
0.000000000000000000e+00,1.442961575007527086e+00,2.008282405226943443e-02,3.176549598666722929e+00,-2.964796510793150208e+00,2.783516218516469465e+00,1.639493254325249172e+00,-1.517684988992156425e+00,-1.759928400422456019e+00,-3.854617051995650190e-01,-1.421248936312164535e+00,-1.514513740508372397e+00,8.609075912049060086e-01
0.000000000000000000e+00,-5.149293292685861445e-01,4.360966917079492688e+00,4.192137477056200545e+00,1.222094570508793332e+00,-7.553449358935537816e-02,-4.117846725450625689e-01,2.139173613199651935e+00,-2.485646359641089376e+00,1.454271252244974111e+00,-2.689386599723880167e+00,-3.396408171050733671e+00,1.591505287936907376e-01
1.000000000000000000e+00,1.528755264035527084e+00,3.237915137056855963e-01,-3.452263170573961482e+00,-2.591306880064040197e+00,-1.382998073775218550e+00,4.372045627634021159e+00,-6.575677573913221163e-01,-1.061877228849084531e+00,7.353533025213856433e-01,-2.831974669444241144e+00,-1.045630942768752458e+00,-6.385954223678858011e-02
0.000000000000000000e+00,1.829937813065743768e+00,2.753994786667722572e+00,1.775322523718632972e+00,-8.961887027201513867e-01,1.422488736845251456e+00,2.635363986938890513e+00,-1.160502023294960994e+00,-3.121817248825088376e-01,-1.855661426192895203e+00,-6.667954349030502659e-01,-2.700327727401039546e+00,-1.712792728659436658e+00
1.000000000000000000e+00,6.917231884855006285e-01,4.807187319381739599e+00,6.883510030719166561e-01,3.355046274830260522e+00,-2.700081484036185309e+00,3.464173473315194096e-01,-1.649178021270894856e+00,-2.032545472521219310e+00,3.066278785252132710e+00,-4.663928030833178751e-01,1.107103745402661765e+00,-2.278299325019166766e+00
1.000000000000000000e+00,-8.605581079196111816e-01,1.463602613291731913e+00,2.312543773314319928e+00,2.427404847189901016e+00,-1.478058760752158474e+00,-5.767822735009951352e+00,-2.639549288967434126e+00,3.024956073556223313e+00,-3.287030782999706524e+00,1.980377174883509728e+00,-5.262476386411247820e-01,-5.045173342637724323e-01
0.000000000000000000e+00,-9.382253131222673126e-02,-3.581899758493381380e+00,-8.143434670955373988e-01,1.507477156991513079e+00,-1.107713064363577971e+00,-1.147206996230053733e+00,1.562607948492311882e+00,-1.091708430147394049e+00,3.656711569525021854e+00,3.201604755309714001e+00,4.230720834562149868e+00,2.965524846847394702e+00
1.000000000000000000e+00,-1.133554756742157110e+00,5.233985773239453465e+00,2.775975022509842294e+00,3.376077148295820063e+00,-9.465071023730946553e-01,-4.317106445032218076e+00,2.207090798815301458e+00,2.437937230997478721e+00,-9.212699438057966317e-01,3.848250640986546900e-01,-4.151759306234553470e+00,-2.334003317090865615e+00
1.000000000000000000e+00,2.025726851855095489e+00,-6.042260229157881968e-01,8.981621881891885817e-01,3.901129341255232141e+00,1.554790029988009525e+00,9.675670695811589006e-02,3.791557635398685733e+00,4.755313153872409160e-02,-2.450544393108429198e+00,2.151334612229621523e+00,-2.612541088956602309e+00,-5.817085682408388303e-01
0.000000000000000000e+00,-1.541354580313827771e+00,-1.176486445827912730e+00,2.147236207657402751e+00,1.831372598849096311e+00,1.027091240495437985e-01,-3.157799798205812802e+00,1.602973554912663801e+00,-1.150876509820262017e+00,2.456022688715857605e+00,1.580650367974376636e-01,1.801515553194270147e+00,1.676257516433112382e+00
1.000000000000000000e+00,4.380965953687770309e+00,2.733787908164605707e+00,1.737288475048414105e-01,7.722858286670020611e+00,-1.900494577223188486e-02,6.711911161276951088e-01,3.014410932840400070e-01,-1.409844907632610944e+00,2.182442357924367027e+00,-1.522768126414549616e+00,3.082496869071098544e-01,-5.450134059780802787e+00
0.000000000000000000e+00,-3.512009146743431121e-01,-1.107829254439990807e+00,1.689614431858184052e+00,-1.868627955830291398e+00,1.921643244713528098e+00,1.914101477994261780e+00,-2.051939089154240836e+00,-1.753961328733641967e+00,-1.451247043563524741e+00,-1.392226222341052644e+00,1.121096051749545630e+00,6.344212829064537207e-01
0.000000000000000000e+00,1.354374996099849682e-01,1.854175292473981385e+00,2.452212356949473815e+00,-1.676070774482035564e+00,3.740098052161311415e-01,-1.141322500956005737e-01,1.487918188109725648e+00,-3.383143513885304987e+00,3.061825118941654544e+00,8.360072754806713302e-01,-2.191253821315391814e+00,2.385822832166371921e+00
1.000000000000000000e+00,3.530251467146415578e+00,1.500212135053106133e+00,3.217475670107659003e-01,5.897091474876682282e-01,2.824779489262283505e+00,5.308360660518955942e-01,1.576909448731861119e+00,-7.867212323472645430e-01,2.985941574429120227e+00,-5.497479090290013914e-01,-2.910342146744604008e+00,-2.971161000284099352e+00
1.000000000000000000e+00,4.801394192207256495e+00,-2.523399514675167321e+00,-8.874418161498953683e-01,1.265516197343349303e+00,2.739932800981446093e-01,-2.645878487526742262e+00,-2.167866307950101490e-01,-2.209397914473866020e+00,-2.422777485891606020e+00,2.682274596027419022e+00,-4.629055221322941449e+00,2.221493674627875503e+00
0.000000000000000000e+00,-1.282236335774279645e+00,2.737429513012248794e+00,6.792012556277371438e-01,3.360906917085350276e+00,-2.524686490952758877e-01,-1.030321379245875413e+00,1.095298414478375282e+00,-1.599299312472592494e+00,-1.655607015507256197e+00,3.287033321437019318e+00,-9.526349892611473136e-01,-1.310914713486445393e+00
0.000000000000000000e+00,-8.282699857940588606e-01,-7.605376566417575646e+00,-1.976375343137947382e+00,-2.482083610849910915e+00,1.909877004598064421e+00,-3.787063562376727699e+00,9.900780095290434568e-01,-1.015443749857991573e-02,4.620682564936894332e-01,2.672987349849202943e+00,1.889587925976017324e+00,4.197605631181934527e+00
0.000000000000000000e+00,3.121875686720616994e+00,3.406484322316742031e+00,9.310306307593717579e-01,-4.544137511742463609e+00,1.820928451989332286e+00,1.511777009509740921e+00,-2.047369607425381766e+00,2.123632855494661964e+00,6.784230778179385357e-01,4.922543804492763186e+00,-3.226054828367251659e+00,-1.393376186487471191e+00
0.000000000000000000e+00,-1.976083171918840531e+00,-3.418863596853473741e+00,-1.892607538786277299e-01,-6.054876824632791532e+00,4.177121052130091883e+00,-3.041592860614822591e+00,-6.152844533651877779e-01,1.354674315527517159e+00,1.704746546985411060e+00,2.827233511495106377e+00,7.839426366020392223e-01,1.197242675179269966e+00
0.000000000000000000e+00,-6.303306687112866236e-01,1.792991216665459353e+00,1.918199671262275530e+00,-2.520838994584783332e+00,-4.692780096771602683e-01,-2.512951522472110177e+00,1.472254387259251507e+00,-2.579875778796667962e+00,1.561378417433948229e+00,-4.154735568280925051e-01,-4.535469823793635058e+00,3.218546687755621249e+00
0.000000000000000000e+00,-1.394938275684320494e+00,1.604294951306212136e-01,2.334790290105615895e+00,2.923787913853316822e-01,2.593486799987918090e+00,-6.076830521571385813e-01,1.701155055900109403e+00,-4.264966414796731442e+00,-3.077826974294259443e+00,-2.968278968995368583e+00,-3.965581376333388253e+00,7.703993881505565300e-01
0.000000000000000000e+00,-1.534376288698908741e+00,-1.343038254535921183e+00,-7.651799965734991105e-01,-1.805152532110824437e-01,-1.246278198216288491e-01,-1.363484749671619589e+00,1.205950297425443463e+00,-3.473455263028797368e-01,-1.694069790408345266e+00,-5.291376054448440058e-01,-1.087339462376596400e+00,1.290035337851283215e+00
1.000000000000000000e+00,-1.420015468081269328e-01,-4.292092722656063231e+00,-3.732219919578802170e+00,9.200291669939417716e-01,-9.505004108370288529e-01,2.101020805372989297e+00,-2.951663969942056598e-01,-2.792566427539121543e-01,-2.369564303207692291e+00,1.164954885083948621e-01,2.999075906934448366e+00,9.824770516782634910e-01
1.000000000000000000e+00,-1.028600581296555516e+00,5.515563225021102411e+00,2.422405965951322848e+00,7.496705563989513044e-01,-9.482931274000312438e-01,1.262286261800348086e+00,-4.014869907673469518e-01,-2.648759452588206997e+00,3.014768253471895143e+00,6.066036303032824595e-01,1.922029504664699573e-01,-1.261048083289070032e+00
1.000000000000000000e+00,-9.588861947341551506e-01,2.308339066945343188e+00,3.828638603708296007e+00,6.439644343219710798e+00,-4.059846632024506352e-01,-1.872444127412659531e+00,1.188883093225594489e+00,1.921799072547840659e+00,-4.170286560404282028e+00,8.028268194715360018e-03,-1.493676631235066887e-01,-2.172105692606135285e+00
0.000000000000000000e+00,6.000332088158923938e-01,-2.315195410358541483e+00,1.269223933590306164e+00,-9.098467857785873525e-01,3.221514302846970157e+00,4.006742911305507526e-01,2.971392196888999138e+00,-1.966491069984023898e+00,5.008203538096369645e-01,2.612825097556071618e+00,-1.090356821423677181e+00,1.860305194409179741e+00
0.000000000000000000e+00,1.313278525295927590e+00,-3.314722269199438909e+00,-2.986447755597742670e+00,-6.062259511989605443e+00,1.698829150015643163e+00,2.101292612808689064e+00,-4.485425530799542315e+00,-1.693540283784916056e+00,2.603261550145467673e+00,1.136443954178499638e+00,2.923243728309320222e+00,1.004924723665574504e+00
1.000000000000000000e+00,1.246327009412890208e+00,-2.240862393271196851e+00,9.167096051804300982e-01,2.283692285783731624e-01,2.264278294732040564e+00,-3.683157435620599829e-01,1.614896155880780615e+00,2.029291680137766729e+00,4.099895393681445288e-01,2.864811931115286203e+00,8.152776892328350566e-01,6.496783309834652798e-02
0.000000000000000000e+00,6.067941297595962347e-01,2.047265153755893241e+00,3.345463537309814051e+00,-5.458783814402731194e-01,1.548322996908095162e+00,-5.222798206020773382e-02,2.543402409166354516e+00,-1.340638477568297793e-01,1.996003203965738493e+00,-3.751903491118215861e-01,-2.569346984130952194e+00,2.455566018777134429e-01
1.000000000000000000e+00,9.855974948308295902e-01,-6.004306224450955964e-01,1.847071704080497367e+00,-3.004118586666570945e-01,3.466182453897693527e+00,2.371155767869622011e+00,2.406367203998156512e+00,9.876356988877615928e-01,5.676407964146947815e-01,3.581623108669569344e-01,-2.343153826443777898e-02,-1.212917078435802987e+00
0.000000000000000000e+00,-7.025365862260442018e-01,4.982806289658631704e-01,1.323133231042251001e+00,4.426111500875529181e+00,6.211887819139052525e-01,-1.398105918801607395e+00,-3.410863723945202208e-01,-1.758350620040341816e+00,-2.859404250405534587e+00,5.658746073976873570e-01,4.690958278373711376e-01,-1.571093009171637966e+00
0.000000000000000000e+00,-1.219517124461272362e+00,-1.319525300786504651e+00,3.901633059282455518e-01,-1.636602536636036609e+00,2.921913198626849173e+00,9.245850002285800340e-01,3.870643388026642207e-01,-7.605733567848405041e-01,4.946834951737827391e-01,2.311356555553802927e+00,1.707191357897776651e+00,-1.978994944295233704e-01
0.000000000000000000e+00,-1.316575359407518464e+00,1.689195211841467259e+00,4.524483300521869866e-01,-1.933742974809756487e-01,-7.353069972661459008e-01,-7.524780991754278503e-01,9.416400363371637550e-01,-3.608588694482137704e+00,-6.845244931288749779e-01,4.821700590462696390e-02,-2.856236928906762174e+00,1.700952250353616524e+00
1.000000000000000000e+00,2.345950503004225141e+00,-3.638662272512946494e+00,9.769166780805392802e-01,-1.277852749819680112e+00,3.136596251355789011e+00,-5.185563275257938365e-01,1.075904253399172728e+00,5.909825515119777606e-01,1.187390033590220995e-01,1.750019992887475562e+00,-5.974869556666699832e-01,1.343230174644868047e+00
1.000000000000000000e+00,-2.022726336501469824e+00,4.176016527502793174e+00,-3.160374912700809613e+00,-5.840272663832553945e+00,-5.416265277318276228e-01,-1.193024926431132560e+00,-1.294472266308279274e+00,-1.313505415313306779e+00,1.610308100660656550e+00,-4.746723013537856417e+00,-5.625159894625229029e+00,-1.547622601772678186e+00
1.000000000000000000e+00,-1.344470327176531921e+00,2.202047538894213452e-01,1.799544048342573532e+00,-3.379740963384192942e-01,1.582557471836881113e+00,-2.356361426269970138e+00,3.221064260125072742e-01,3.176347807419192648e+00,-5.836908092172762297e-01,4.206739199313611621e-01,4.689555895726171819e-02,-1.185833821625819295e+00
1.000000000000000000e+00,-3.497191058329150337e+00,2.274336507061618384e+00,2.222501475924788750e+00,3.794646023299278248e+00,6.733742948910863557e-01,-2.871497382964908418e+00,1.839819370723303926e+00,4.419875697844386053e+00,-2.481569925305508129e+00,-4.614806959766126759e-01,6.169233774469038423e-01,-3.668557420695298887e+00
0.000000000000000000e+00,-3.771626276922715348e+00,-2.098885257182715236e+00,-2.196853129856465969e+00,-6.131232371487040034e+00,3.871251792888839471e+00,-1.775290354336605869e+00,-2.412293584437356309e+00,8.747485938089720747e-01,-6.091315801501244742e-01,3.448389257715621881e+00,1.565612312159584185e+00,-7.950636312253049898e-01
0.000000000000000000e+00,-1.749183512175740418e-01,3.199261054327093845e+00,1.465337166505917832e+00,3.855002721612795558e+00,5.933178599778312634e-01,4.025110377425874519e-01,3.651279096770758681e-01,1.755643823697430328e-01,-3.301371910610100713e+00,2.492925456857381761e+00,-1.006643769459527160e+00,-3.047800774653114164e+00
1.000000000000000000e+00,-1.209118787993150423e+00,1.029121078004402001e+00,2.354290286750378769e+00,-3.501426002366856416e+00,2.146240011115946089e+00,-1.039098334680413460e+00,2.059494416100924763e+00,2.153261451341423438e+00,4.133487719289141715e-02,6.082725307316381169e-01,-3.024014279210956779e+00,7.342923608909062150e-01
0.000000000000000000e+00,2.358196376187460253e-01,-3.971468757361831248e+00,-1.765804588769434247e+00,7.715851607910230170e-01,-1.119457373584564763e+00,-6.062157667884972012e-01,1.723534589739392331e+00,5.515957235441133477e-01,6.985130125789918987e-01,1.647241019389800165e+00,2.071279825850542711e+00,2.670975348647943726e+00
1.000000000000000000e+00,1.291226356575198242e+00,-2.581694867149758821e+00,9.170909100010060655e-03,-2.407508219927957605e+00,1.380546773796941018e+00,-1.221314164445508110e+00,8.243342571388452278e-01,1.001900745856430186e+00,-5.509333196435002300e-01,3.051810840923679713e+00,-1.619822330422334922e+00,2.376061048143500276e+00
1.000000000000000000e+00,1.015525831826756820e-01,2.615317762460215523e+00,1.284622636319465050e+00,8.372329139459175451e+00,-9.744475911054828465e-01,-2.469674697505409355e+00,1.089269976393971717e-01,1.686499541752785047e+00,-1.577826169489310093e+00,-1.526743606258113228e+00,1.343092558587446916e+00,-5.079301750959003492e+00
0.000000000000000000e+00,-1.583961641707918755e+00,2.070770306321644050e+00,5.314485839210265183e+00,2.812323945627895228e+00,1.377408065713299212e+00,-1.390270571494538476e+00,1.911439889953065130e+00,-3.562931825110750683e+00,-1.346840405598694446e+00,4.630155121068120216e-01,-1.604964889602991329e+00,1.124815629950000950e+00
0.000000000000000000e+00,5.647016592656519673e-01,-2.366114904616976933e+00,2.114441763489105952e+00,2.054510789689762085e+00,7.075792169440309198e-01,-4.301875655702224188e-01,3.380395180231066998e+00,-1.088415766093558723e+00,7.928869810552506836e-01,-1.039689872829605566e+00,-9.276021330372197227e-03,2.304507050949670344e+00
1.000000000000000000e+00,7.111001299653691987e-01,-2.591418010766044056e+00,5.835737982949139591e-01,-2.251439385566553320e+00,-4.255277058726887329e-01,-4.451317969844817313e+00,-1.777618500766880327e+00,1.002788369753897069e+00,-1.330939683869184709e+00,1.361139374898289178e+00,-1.653168254996936426e+00,3.427240882833068270e+00
0.000000000000000000e+00,-1.903204900660976362e-01,-6.222167341701705379e-01,5.238463177163557027e-01,-1.822411995878697955e+00,6.786853737192595215e-01,-5.188947540260984148e-01,6.806585121558548224e-01,2.715004805900762097e+00,3.888145173685197964e+00,1.043661286862636928e+00,2.210894137681562732e+00,2.014872774669851374e-02
0.000000000000000000e+00,-6.798592813299133564e-01,4.360521347025986039e+00,-1.153323914289072771e+00,-9.705731636803376361e+00,2.625733724914923961e+00,1.581744863092758635e+00,-3.992612138816233891e+00,-1.918585389303101296e-01,1.850558256801973833e+00,4.264388609039781564e+00,-3.008252914451421844e+00,-1.433330901365621912e+00
0.000000000000000000e+00,3.170853159684887679e+00,2.204552563340669291e+00,-1.309135444022093253e+00,-9.821031035506912588e+00,2.659747021007666135e+00,3.329522770652625585e+00,-4.748055719585553724e+00,2.133541510492023452e+00,2.196496718044732788e+00,4.115867964353828512e+00,-2.227682081411586079e+00,-1.158659366895711029e+00
0.000000000000000000e+00,-2.229813879878828065e+00,-8.258504598161862109e-01,-2.775314504851698505e+00,-6.392445320261961328e+00,1.222197612048543380e+00,2.148318529569283708e+00,-3.892207187403419866e+00,-3.679849334416875450e+00,2.668592004686425323e-01,-1.951822761612097779e+00,7.515623596051703714e-01,6.648745220411513834e-01
1.000000000000000000e+00,-1.159903608510438611e+00,9.147890967996541445e-01,-2.384646177514861520e+00,-2.954204357235349132e+00,-5.469906354209866928e-01,-1.871706421854653968e+00,-3.732506399637701922e+00,2.031485418016778066e+00,-4.460837074606600616e+00,-6.084819889342323318e-01,-2.612330891780431319e+00,-1.291734823673504895e+00
0.000000000000000000e+00,3.191642773797271460e+00,2.793154590931358427e+00,3.448243171176027300e+00,2.441456939748942290e+00,9.828729752849294510e-01,3.248643022091691535e+00,1.055898099701876536e+00,1.722005719308468130e-01,-2.858904002951448309e+00,-1.455476226901818215e+00,-3.405817754283091414e+00,-1.574727729156316869e+00
1.000000000000000000e+00,2.586528655040289060e+00,-6.312781896357690492e+00,-2.716383276579545036e+00,-6.264056440860723107e+00,3.660205039515104453e+00,2.244424524881207361e+00,-2.077535201197124870e+00,2.116396845008507555e+00,3.710453245460834992e+00,4.796036061096253356e+00,4.707039628365851769e+00,1.296193361475468819e+00
1.000000000000000000e+00,1.680273577746436153e+00,7.691015815889704621e-01,1.465518445242770085e+00,4.255856251690546266e+00,-1.446240757130040855e+00,-3.338192024574267336e+00,1.117345467134517323e-01,2.680142407217012135e-02,-3.119870970255358866e+00,1.503564249362956851e+00,-2.686040708897402762e+00,3.892511325316720949e-01
1.000000000000000000e+00,-1.791381987402874243e+00,2.388615059215903447e+00,8.570835647866663631e-01,8.852019185548769542e-01,-1.047383466175109135e+00,-1.136430480604072812e+00,1.988472640493242238e+00,1.609777483983352298e+00,3.204871024819611058e-01,6.448448865805096464e-01,-8.701506756824177735e-01,-4.238256353965669243e-01
1.000000000000000000e+00,1.938592704492083207e+00,3.381343475785349995e+00,-1.109827886952896581e+00,-2.100073465172233700e+00,-1.025362458515124198e+00,-9.252043174386581637e-01,-2.946874755750389596e+00,-9.492206577750154084e-01,2.960964209772064315e+00,-2.779337525026036815e+00,-2.727743504970912003e+00,-1.826075871890506130e+00
1.000000000000000000e+00,3.299097199250278223e-02,2.755572888246105911e+00,-4.800191380852313339e-01,4.536283237365053567e-01,-9.010632257694304315e-01,-1.485915403041919269e+00,-7.089133800976877842e-01,2.037815317137579463e+00,-2.813005676192317228e-01,-1.681432133132682027e-01,-1.687098633113199853e+00,-2.260938193035114452e+00
0.000000000000000000e+00,-7.546575500565591010e-01,-7.573773954598803093e-02,-4.328758364023665983e-01,-1.839833298118479954e+00,2.566037528554060199e+00,1.742197014919062870e+00,1.349681776424019652e+00,1.207995196799326099e+00,2.823409918837914701e-01,2.982109986800828949e+00,5.099922777942025309e-01,-1.283804671787546869e+00
0.000000000000000000e+00,-7.686735209675201741e-01,-1.038717441560185861e+00,1.868175531557207947e+00,-6.464640059366115743e+00,6.234503398667328611e+00,3.681109230516341757e-01,5.486075234156949643e-01,-2.015703841463812651e+00,-1.048978115606016281e+00,2.318797778607231130e+00,-3.606459893280529627e+00,9.906217635935626875e-01
0.000000000000000000e+00,-2.763705050722075729e+00,6.589065650434161370e+00,1.009402351571530465e+00,-2.838849009484588848e+00,-1.073568349428070334e+00,-7.401092160751221449e-01,-5.656606086821405199e-01,-1.441853583781070203e+00,1.655174619783569057e+00,1.752258999365495562e+00,-3.049350167646684540e+00,-7.265200796400486105e-01
1.000000000000000000e+00,-2.608467414400316819e+00,5.313488682984513822e+00,1.406581567225229978e+00,-5.553117898862799606e+00,9.485786280728114583e-02,-2.880939882906878857e-01,-1.272372886736960584e+00,4.353617154662932087e-01,-1.804721426694582131e-01,-1.811595419540599217e-01,-4.154737815151333891e+00,-2.699874338243679617e-01
0.000000000000000000e+00,-1.152068827397298101e+00,2.612561702415258091e-01,9.340769329874233362e-01,-2.435970438606870125e+00,2.384361280486752221e+00,-4.615043146050226142e-01,4.973679931214399774e-01,-2.016272872281300366e+00,7.368276152097423815e-01,1.889753206723491452e+00,-1.103206854940596893e+00,6.180611870896086657e-01
0.000000000000000000e+00,5.104176956365173545e+00,2.967959097604206065e+00,2.509681688629455287e+00,-1.915831897218493340e+00,2.264630450452414401e+00,4.780110388004315425e+00,-1.661361083575028541e+00,-6.723383624993458652e-01,9.597569879659624270e-01,-2.332891705959505568e-01,-2.631653933727450045e+00,-1.856890448405148497e+00
1.000000000000000000e+00,-2.754711337733635190e+00,1.018119138905433596e+00,-3.991700061177231973e+00,-4.281604980787141912e+00,-1.847138292117086689e+00,6.194226006110350458e-01,-2.358793563844345798e+00,-1.521071798764926486e+00,6.922786337409727597e-01,-2.123774627966641404e+00,-1.292844495961881224e-01,2.000628268299602386e-01
1.000000000000000000e+00,4.923202133255064616e+00,3.348358658673705968e+00,-1.609830155092914605e+00,7.633935329043976203e+00,2.106096356518449841e-02,2.053375737167292936e+00,3.893636788858277908e-01,-1.569613851552835282e+00,1.197743484500806144e+00,1.004846380173460174e+00,-3.699224096697777409e-01,-6.316905916536808441e+00
1.000000000000000000e+00,-2.401883684132359420e+00,4.206028740958384304e+00,-1.046553708618395140e+00,-4.325044666231672608e+00,5.762598359285306948e-01,2.038548499489838850e+00,-1.959554445092160258e+00,-2.283131609860440392e+00,-1.060635845624571694e+00,-1.202993498087527424e+00,-2.867560756406510425e+00,-1.584986662670740509e+00
0.000000000000000000e+00,-6.771504756996222785e-01,-6.690956286588138902e-01,-1.475622341145319538e-01,1.181859324553978241e-01,-1.702370952935512438e-01,-6.080000567763428343e-01,1.500674580682795245e+00,1.964728004819773055e+00,2.372591877572856056e+00,2.440459525655677808e+00,2.175657670085983320e+00,2.782470017177927080e-01
0.000000000000000000e+00,6.513629447966410524e+00,1.337246615844050850e-02,-2.961925865576682249e-01,1.007407091102122898e+01,-1.782938866074837314e+00,3.186079146357398084e+00,1.131639861498160204e+00,3.494370040598655081e+00,-3.585061080864254013e+00,2.389752438172268345e+00,1.349151720042985669e+00,-3.997826190251973166e+00
0.000000000000000000e+00,-7.331547361626675752e-01,3.002033444576565735e+00,3.035292040119916379e+00,-1.110597855873400874e+00,7.863737303658022704e-01,-9.556980412748182774e-01,1.375699218045256300e+00,-7.949586511119534071e-01,1.966381394432982876e+00,-1.026539270578246121e-01,-2.346977821074245796e+00,3.216712923735737251e-01
0.000000000000000000e+00,-1.804882328542106729e-01,-5.588458888031083704e-01,1.938008533423464241e-01,2.658816561526807565e+00,-1.507441515507078389e+00,-1.864036565667852585e-01,2.508392572798116671e+00,-1.483752885742655181e+00,7.452423589165870776e-01,1.739979495437385948e+00,6.372057348784625486e-01,1.929869657186270349e+00
1.000000000000000000e+00,1.120185929409242664e+00,3.444570285220392325e+00,1.355087506464025093e+00,1.216972786893955716e+00,-2.463341172097355702e+00,4.425319597917519721e-01,-2.296954401028433068e+00,9.047145886976282192e-02,2.286480792472362467e+00,1.046723347771313595e+00,1.458691723219215142e+00,-7.321345759175650336e-01
0.000000000000000000e+00,2.052366605408581179e+00,2.652883683973002338e+00,-1.935313581170147401e+00,-8.463157240731259634e+00,1.928182990361654081e+00,1.884267308116371886e+00,-4.362462500042505908e+00,1.518305245822239247e+00,3.152332857536944033e+00,6.537354741935011759e+00,-1.093982029737533113e+00,-1.260477737378423946e+00
1.000000000000000000e+00,9.829734898022124412e-01,4.957474424336746566e+00,1.856255770805697036e+00,2.153662731720618062e+00,-1.604267393265138342e+00,-1.036072388586550819e+00,-8.721438964462787657e-01,5.711159379152677129e-01,9.355724798814705201e-01,-1.530242287243260835e-01,-1.773120404864903410e+00,-2.236058907051363676e+00
0.000000000000000000e+00,-4.216818419099166881e+00,2.596889343666540229e-01,-9.870961631686647753e-01,7.426741335424691393e-01,8.095917016224554175e-01,-1.086055834993203906e+00,-4.076356037438387814e-01,-4.624115531286724590e+00,-1.495354910075667565e+00,-1.491979681205446440e-02,8.766983270647605853e-01,-4.125635062205240677e-01
0.000000000000000000e+00,-1.905088521316950612e+00,-1.712832171175711959e+00,1.143900005236432316e+00,-1.333710851571017209e+00,1.632188573195539227e+00,4.220627175569076073e-01,-6.013210791060379368e-01,-5.169686803316782431e+00,-3.249739038518045797e-01,-2.152246812276585874e+00,6.024546504671173253e-01,2.175544141133572751e+00
1.000000000000000000e+00,-1.542061344996854544e-01,1.029298625557287350e+00,2.014812474348426807e+00,2.669233872733459467e+00,-1.000611258896557665e+00,-1.991156473277480909e+00,9.844323730769071190e-01,1.637213175267603349e+00,-4.221114358204531847e-01,2.830745160630105950e-01,-1.765131998370950139e-01,-7.198407406494156113e-02
0.000000000000000000e+00,-2.167199647002845175e+00,1.189331622399257604e+00,1.879229563143524073e+00,-3.020666062338874802e+00,1.458502508839849998e+00,-2.494279225226748498e+00,-1.227679134946058070e-02,2.346778336492298944e+00,9.751467003617177998e-01,-4.279088767647052372e-01,-9.158103846548772964e-01,-3.162030495197158952e-01
0.000000000000000000e+00,1.617255228672982881e+00,7.705023114776623494e-01,2.024091602265588596e-01,5.913166015771204265e+00,-6.790457931624256371e-01,1.137050386040874272e+00,5.520411478954212470e-02,-3.940542428717305201e-01,-5.241251931787981988e+00,-3.586324486282150836e+00,-1.599502692548003147e+00,-2.722631403303969133e+00
0.000000000000000000e+00,4.330770194974301601e-01,-1.356325177331153986e+00,1.406139600407320112e+00,1.535052976582736228e+01,-1.944416391519334208e+00,-3.423664439994494657e+00,2.094909006055551526e+00,-6.927397904742782053e+00,-1.563953509429059308e+00,-1.949201354898870253e+00,3.612045329052604004e+00,-1.669539614162844465e+00
1.000000000000000000e+00,3.990444120628623192e+00,-3.475015677247094703e-01,-1.330033095849879388e+00,5.123740637979315338e+00,1.611239993626497613e-01,-1.645436499834404875e+00,6.909775572983265501e-01,-2.366769023622563139e+00,-3.341155256935119056e+00,5.463459060133926126e-01,-4.261726337031372047e+00,-1.423407246243193924e+00
0.000000000000000000e+00,7.977756370796167396e-01,8.229123710191774688e-01,3.835833120845314248e+00,5.091740644594464626e+00,1.117384300183583479e+00,8.864707475102758805e-01,1.336810426197070800e+00,-1.169511791341224516e+00,-3.395048305593993287e+00,-3.336628441361633168e-01,-4.175776145221411495e-01,-9.268033957473037487e-01
1.000000000000000000e+00,3.540799268085605078e+00,2.056480284386472235e+00,5.845858829407155621e-01,5.230763350738514283e+00,5.898853259915045610e-01,-6.397873816223786925e-01,1.960195570312630586e+00,-5.453195557973549157e-01,-5.948764936115763513e-01,1.962718429836703082e+00,-2.967529650279692177e+00,-2.763933321671546484e+00
0.000000000000000000e+00,2.386767534215102238e+00,4.773447511814513100e-01,3.961153300614794315e+00,5.250516192734088428e+00,-1.393915939790295599e-01,-2.287426915038541786e-01,1.462459759263541770e+00,8.483329374552628366e-01,-2.164451626598681511e+00,3.046072578401168407e+00,-1.764667374621686768e-02,3.003068603288188143e-01
0.000000000000000000e+00,-4.175706527196321183e-01,1.064795518255883255e+00,-2.805103216812518951e+00,-4.814503794708123174e-01,3.848933259050240085e-01,-5.766595885906449226e-01,-3.289394805355522866e+00,-3.519805672799420915e+00,3.138122263947169532e-01,3.042802671650121082e-01,1.771587635863793864e-01,-2.182059587355979602e+00
0.000000000000000000e+00,5.130330444196256057e-01,1.279057021782477488e+00,1.197394290379727000e+00,6.352175036676794839e+00,-2.800845148326658318e-01,2.214747176726128419e-01,1.268149516781349462e+00,-1.459838728318100465e+00,-3.824413722293796170e+00,-1.158742485925900567e+00,-1.009668223237321083e+00,-2.095059205451933693e+00
0.000000000000000000e+00,-1.619036923647665605e+00,3.834644730381746580e+00,8.960711206332110379e-01,-1.398358173031377882e+00,3.782884961279676661e-01,2.824325448641267222e-01,6.025172358524136795e-01,-1.835749509595429041e+00,7.363901108179462529e-01,1.732386381573886691e+00,-2.168778902697437783e+00,-5.341006752313337547e-01
0.000000000000000000e+00,3.104934332697066868e-01,3.732756820573702505e+00,1.652790346737687877e+00,4.228042485194330347e+00,-3.902410486704192216e+00,-1.926309216714675587e-01,3.031041496173120908e+00,-1.114198554732508173e+00,1.070097276634819572e+00,-9.069862503789367647e-01,-2.114928714538454990e+00,1.066703150557368751e+00
1.000000000000000000e+00,9.704054712329388543e-01,1.477106925143306437e+00,-2.311927091610834761e+00,3.537409868955979420e+00,-1.976960825622011697e+00,3.149050557166569231e+00,1.314532121853630553e+00,-1.762815449186135863e+00,3.233352287832211402e+00,-1.224241876621045888e+00,2.224295838986884544e+00,-2.096317614742882363e+00
1.000000000000000000e+00,2.313628926263197050e-01,-3.800222220304318554e+00,1.905065991291656768e+00,-2.077850519393286799e+00,3.618018903819948839e+00,7.122611660351485519e-01,3.685320420514446749e+00,1.874787258105149235e+00,1.654246919824234663e+00,3.154369951259684557e-01,7.062824416583535214e-01,1.723483818662077116e+00
1.000000000000000000e+00,3.106247199042726059e+00,1.260771392249347977e+00,-4.888225096861604779e-01,2.947029844236143337e+00,1.409814792396632432e+00,5.837941225032563519e-01,1.482728388985284251e+00,-4.602733955372633190e-01,6.625783407817791293e-01,1.157372029417505832e+00,-1.944602955345473116e+00,-2.975770489103639616e+00
0.000000000000000000e+00,1.643641310230556929e+00,2.658405530692979357e-01,3.002120339222278389e+00,-1.688946262235540896e+00,2.039418981609160575e+00,5.868333321168961447e-01,-6.570294510703755808e-01,2.295677991574410992e+00,-3.388941157123966708e+00,8.274903387566465707e-01,-2.598699592060550678e+00,2.103754660742913618e-01
1.000000000000000000e+00,1.337837249970854847e+00,5.012247363196490113e+00,8.539845987986075526e-01,4.216717836386250973e+00,1.130381891034030417e+00,9.306923430980746925e-01,1.786832620612223588e+00,-3.367316791827641431e-01,5.844000909420214995e-01,-2.329447643039825877e+00,-2.820336278411177844e+00,-5.623866172780768835e+00
1.000000000000000000e+00,2.811299952403400582e+00,-1.029276952822641089e+00,6.615907891310084388e-01,2.513291417819960127e+00,1.764637323670624980e+00,-1.862947204312808580e+00,1.393746296158197895e+00,-9.360174586829450583e-02,-4.841384556427112962e-01,8.011756267839840184e-01,-2.252462001008274317e+00,-8.624122171046249008e-01
1.000000000000000000e+00,1.485519109401413074e+00,1.364832293586471623e+00,9.339528990670581399e-01,4.757916278374607622e+00,2.162081949693082095e-01,3.438848153577833688e-01,5.516909013218569413e+00,-1.640404763344935013e+00,-3.910828430514394771e+00,-1.415950302902757585e-03,-6.059715542171362657e+00,-8.434800493594574178e-03
0.000000000000000000e+00,1.400407052639429661e-01,1.856691731656185285e+00,5.248933523835852544e-02,1.050495984416310868e+01,-1.502616468389150750e+00,-1.596960973725342292e+00,1.622105567694440253e+00,-2.298962554399822666e-01,-3.998125775274550264e+00,4.050739878249192572e+00,1.330099259959125035e+00,-3.731488149381590791e+00
0.000000000000000000e+00,8.594172021631452107e-01,-2.642558001694768066e+00,-4.626991481595932321e-02,3.458945021140807707e+00,-1.702600326317469381e+00,-1.010741329442613745e+00,2.757698710759070693e+00,2.157778283507037820e+00,1.750157274275421226e+00,-9.717363819428819216e-01,2.264636519334604081e+00,1.195422385290391132e+00
0.000000000000000000e+00,2.691172375990260601e+00,-3.997653300539489862e-01,-1.146551088992509460e+00,-2.920442280479389474e+00,1.705723046889668915e+00,9.198014665881235619e-01,-3.125341445022774778e+00,-8.406731195117504996e-01,1.163896038073618744e+00,1.209626489110114500e+00,-3.400314336279095517e-01,-9.206899867560653927e-01
1.000000000000000000e+00,-1.681977883071247071e+00,4.909310938650786049e+00,7.251815950652924503e-01,-1.425231446538234747e+00,-1.487251442353017206e+00,-5.770584892459209581e-01,-1.972834944074361108e+00,-4.616449750866079560e-01,1.704183461804856137e+00,2.323813534982706042e-01,-6.665585700232505850e-01,-1.281531332641816068e+00
0.000000000000000000e+00,-2.921344101185602504e+00,-1.515880512770976685e+00,-3.040012268084641534e+00,-3.874261720219326577e+00,2.538696453048047807e+00,-3.949374761268383827e-01,-1.132493937411433560e+00,-1.721005999713868695e+00,-2.635119785609055576e+00,3.173656336379511167e+00,-5.428069382702277457e-01,-1.115928544233226738e-01
0.000000000000000000e+00,2.586148669463143257e+00,4.001544332283737959e-01,-1.739386164984628724e-01,-2.477890322058126760e+00,1.700666246708580687e+00,3.998153905804529895e+00,-1.857118899972352910e+00,-1.469538469820542925e+00,2.425191405539490752e-01,-9.010162772787899677e-01,-7.176612885153401677e-01,-9.108709585855669921e-01
1.000000000000000000e+00,2.749729877726415861e+00,-3.805731509829112902e+00,-1.042507601550912266e+00,4.513048470811107937e-01,1.588542943659450701e+00,-7.046528799876419225e-01,2.448197672211170239e+00,-1.167043944365359742e+00,-2.412739851915916667e+00,1.703831150064911926e+00,-3.383037952929780268e+00,2.240771630919234703e+00
1.000000000000000000e+00,8.594745290341212485e-01,2.962522399051024991e+00,7.642779829387446044e-01,5.914498463851770360e+00,2.630675743893203800e-01,2.386738579687812667e-01,4.441341663807932605e+00,-6.463623083000500369e-01,-3.231174135910317879e+00,-4.356036450475060384e-01,-4.532133847228418055e+00,-2.732078099641229940e+00
0.000000000000000000e+00,-9.411379026668551528e-01,9.044484234966985170e-01,7.412124189609056168e-01,3.048699879125217116e+00,7.294510239955285247e-01,3.781852413042611216e-01,-3.675855975031301348e-01,-2.146923668063706714e+00,-2.086184346137347934e+00,9.896487486229413877e-01,9.304471637973317222e-01,-1.563899254323905641e+00
1.000000000000000000e+00,-1.273366076603144048e+00,5.958586434995549297e+00,-5.849673912644959284e-02,-3.436618985255368575e-02,-1.756338520898539590e+00,-1.409304496550760621e+00,-9.627863645867426046e-01,-1.696903788738271857e+00,4.315479650679645118e+00,-1.676508062812042787e+00,-1.335714255413762874e+00,-2.595865256547331690e+00
0.000000000000000000e+00,4.754952951574841213e-01,2.756138442632194430e+00,-1.010789520334892888e+00,-1.064538763188852144e+01,1.328230063894061841e+00,2.746015655170539027e+00,-3.741239894711092084e+00,2.011869334207592175e+00,3.426576408803463369e-01,3.143673976244217183e+00,-3.411298145807078352e+00,6.459313612615515954e-01
1.000000000000000000e+00,-4.486288245084018023e-01,1.304928124367138897e+00,1.537321100075311087e+00,3.033325034885827609e+00,1.577006573158258318e+00,-1.249386842709229395e+00,3.107238533091430721e+00,2.569006875002544987e+00,-1.107650211347116942e+00,1.416576157564993999e+00,-1.155318050955739251e+00,-2.484675617820006899e+00
0.000000000000000000e+00,-3.881456168394312733e+00,5.927410472245019379e-01,2.800574931911212317e+00,4.048224286136109518e-01,2.514225448687859910e+00,-6.171534772502812238e+00,-1.257810130640454993e+00,-4.146463828587181766e+00,-9.849002284844110555e-02,3.169971789984308064e+00,9.577070765969386557e-02,4.888283198276932584e-01
1.000000000000000000e+00,-2.133801923360099551e+00,4.125735239263056187e+00,-1.723742766964686091e+00,-4.610216719965723797e+00,-3.891800172558369519e-01,3.733675931076112953e+00,1.485343520356633196e+00,-5.308536022608059124e-01,-5.397173946961961732e-01,-2.599372632189167032e+00,-4.390299858048454240e+00,-7.052949073216846498e-01
1.000000000000000000e+00,-2.168892555771873454e+00,2.138821487519083853e+00,-6.621370491603195685e-01,-2.807106143063500703e+00,1.055471751765837407e-01,-1.298041390526497807e+00,-1.026723598126709103e+00,-3.277096283330853677e-01,1.343336714806428578e+00,-5.519758060846591263e-02,-8.784405917171056455e-01,-7.147702909877511335e-01
1.000000000000000000e+00,-2.207477963305986446e+00,7.597264255013419287e+00,-4.305821386360303427e-01,-7.751294736698629562e-01,-1.063241515584559593e+00,-9.692680622945690772e-01,1.642752668945668404e-01,-2.056285488832468644e+00,3.079085366707569715e+00,-3.048532512831339858e+00,-4.074282964646960714e+00,-3.666020881485436256e+00
0.000000000000000000e+00,-2.078815336152965543e+00,-3.149289657321443503e+00,-2.974310305571836732e+00,-5.262385026250818498e+00,2.531338803881697075e+00,-1.802698179260445510e+00,-7.421690615364271437e-01,1.953236537088757885e+00,-7.447850326476979088e-01,3.664939745324976794e+00,3.303017771413205850e-01,5.442683506448808828e-01
1.000000000000000000e+00,-2.337477325909895765e+00,3.298186497838662579e+00,-3.203086718776008812e+00,-2.668052599474706188e-01,-1.631227655097798213e+00,5.481872856285489037e-01,1.092248258334338473e-02,-1.361912690504148316e+00,1.587677305093775582e+00,-2.183155924321220631e+00,-6.277263473376945013e-01,-2.505048296750667980e+00
1.000000000000000000e+00,-9.072595777478569268e-01,3.181191478128880146e+00,-1.174914206265814665e+00,-3.636645916160252678e+00,-2.796245498636754645e-01,3.179829660975389771e+00,-2.193274944273468918e+00,-1.120687521697635303e+00,1.230590850203078457e+00,1.759807124186210103e-01,3.188472711949486005e-02,-1.206140131802045268e+00
0.000000000000000000e+00,-1.152667850376803305e+00,2.418207182243363285e+00,2.012499624463179870e+00,-2.926491514326992061e+00,1.207187036863718532e+00,-1.285147643963930886e+00,-1.888802904809502081e+00,-2.694728280247523422e+00,2.748922665995761072e-01,1.215982993363377451e+00,-2.017712449579082801e+00,6.797046674849558379e-01
1.000000000000000000e+00,-1.060864347138345209e+00,6.618622754649712725e+00,-4.553094701818879431e-01,-2.378863304239535806e-02,-1.182361639726610347e+00,1.831742775988929095e+00,1.540982072515124646e-01,-2.030692732367926467e+00,1.545438697735855849e+00,-2.323435034060731486e+00,-3.002140555474580363e+00,-3.255939168034432285e+00
0.000000000000000000e+00,1.603555883444975461e+00,5.686604976322189031e-02,1.835287763879088097e+00,-4.188221775113004419e+00,2.634754927734056729e+00,3.116747839972215051e+00,-8.074916011214721134e-01,2.430010673288116596e-01,-1.082017806574666174e+00,-1.125872019504465804e-01,-1.944271706788192944e+00,5.751772747717949219e-01
0.000000000000000000e+00,-2.364409802978115760e+00,-5.426357483982052088e+00,-3.608426713762917792e-01,-3.940065161274260763e+00,4.954980916060458540e+00,-2.052449110941431343e+00,-4.304681839824311407e-01,-8.428368275001532073e-01,-3.626284525109191303e-01,3.392327544321694255e+00,2.404149918127202579e+00,1.537224846411335388e+00
0.000000000000000000e+00,2.612965572457584873e+00,8.244252362872044326e-01,1.003535807586523942e+00,6.013154165763614500e+00,-5.079608878101924407e-01,3.204194489885013208e+00,1.028324662460995853e+00,-2.501722948192922402e+00,-1.974303907894369381e+00,-2.189441466598909258e+00,-3.230545261442319127e-02,-1.699782898429182509e+00
0.000000000000000000e+00,-3.256550985235118212e-02,3.258415969937410672e+00,-5.309904388498229988e-01,3.420189753793878573e+00,-3.343953590549781474e+00,2.260192322720903757e+00,1.949104012372727013e+00,2.417229157144944462e-01,2.754664972239984522e+00,2.345486787815512120e+00,2.041926563528786875e+00,-8.128680065768785212e-01
0.000000000000000000e+00,2.290287224373568797e+00,1.333465107046813314e+00,6.881669068692717328e-01,-6.951332453248689980e+00,1.716021915114932961e+00,2.526895991672212460e+00,-3.475241341654492278e+00,-3.261881509371244992e-02,8.842215922632963299e-01,3.067620648324305144e-01,-2.399486847851869165e+00,6.050241859161129554e-01
1.000000000000000000e+00,4.237273237210560595e+00,2.693115190009674809e+00,-9.870535455814088976e-02,6.874178875998668836e+00,2.704150464110696150e-01,3.634155611598206548e-01,2.412634491352709798e+00,-3.477627853785341117e+00,-2.031776022947382465e+00,-2.060008583773623503e+00,-5.424663938592805934e+00,-3.374812569905494275e+00
1.000000000000000000e+00,2.420250119825195778e-01,4.609045540255038986e+00,-3.841561130275688019e-01,-1.409791213570052548e+00,-9.382864671964890046e-01,-1.829572130223824367e-01,4.386476035077402358e-01,1.874008684051611251e-01,3.099414304549936272e+00,-2.192831102399739329e+00,-3.257082683747663410e+00,-2.006713831269482107e+00
1.000000000000000000e+00,-2.272563537551306467e-01,4.925445474067983831e+00,2.207030402199259278e+00,3.974318981928238514e+00,-2.450546274630676979e+00,-5.613979515071456650e-01,2.089197062255470083e-01,-4.998203886709362553e-02,-9.543440817062054382e-01,-1.091127419892092831e-01,-1.457915448364655475e+00,-1.567155359173265206e+00
1.000000000000000000e+00,8.287413773950109697e-01,4.557818511307164755e+00,-2.184219005513232670e+00,-2.502434462603415621e+00,-3.753164228062615404e-01,4.180287954269234163e+00,-9.857645236196647121e-01,-2.641542470574659962e+00,1.637367227792184465e+00,-3.257065567885278234e+00,-3.045983862590911251e+00,-2.678197334114278405e+00
0.000000000000000000e+00,-2.458184053098738886e+00,-6.181368878430960612e-01,-3.259134642173027174e+00,8.746332511521380804e-01,-3.508867426511177889e+00,-2.212862634012919827e+00,1.388243481681492586e-01,-2.155443153902976583e+00,-7.549003424908142801e-01,2.101730314201311067e+00,3.568979156738123493e-01,2.452981899628702500e+00
1.000000000000000000e+00,-2.056235010973573196e+00,4.269976144306781407e+00,-6.064939262671742437e-01,-3.126885855115199675e+00,-4.521624191914337398e-01,-6.509339502076425532e-01,-4.736659874291829553e+00,-2.339499694886242320e-01,-9.764495760776421562e-01,8.362376771502209039e-01,-6.942530730297193919e-01,-2.290763627019707815e+00
1.000000000000000000e+00,-1.572827012988209372e+00,5.668004356757553985e+00,-8.754384745391793343e-01,-7.168564955870978750e+00,-7.987129154953781507e-01,2.521882161818905566e+00,-4.675726572769267619e+00,-2.575444258404071540e+00,2.186391164850739477e-01,-1.999622866393987897e+00,-3.396925220959478242e+00,-6.511975271139660570e-01
1.000000000000000000e+00,8.100921968290606401e-01,-1.203952669744380088e+00,8.675277023056504611e-02,-1.077212810360839601e+00,2.432470507903680357e+00,4.465571213432844022e-01,9.724467841852771910e-01,2.123610023703658811e+00,2.064703926949306378e+00,1.509405307936819263e+00,1.259720356636656824e+00,-1.253872601351209592e+00
0.000000000000000000e+00,1.086347396241426067e+00,3.051125217032085946e+00,1.634291458333183344e+00,-7.499162745542389708e+00,2.976233167090546861e+00,1.072988515723877656e+00,-2.778748673615488052e+00,-9.999510499352256554e-01,2.573095366394660299e+00,3.248650662059561434e+00,-2.855171264292621025e+00,9.461671037042140853e-02
1.000000000000000000e+00,-1.469917461790197777e-01,1.710965654426673144e+00,1.691930448888370186e+00,-1.027292765112181705e+00,1.775913061434645446e+00,-2.732864826634684441e-01,2.692490717272599809e+00,1.180506314244253341e+00,1.687997543047304205e+00,-1.104749308293759391e+00,-2.506844576826931181e+00,-9.697119274105084896e-01
1.000000000000000000e+00,-1.106359888866948360e+00,4.573119883781534334e+00,2.673200836544868064e+00,5.110681462069569747e+00,-1.230466419600830807e-01,-8.060565636297216674e-01,2.334497532740161141e+00,2.892457439487269966e+00,5.011883466782454111e-01,1.296300551428747339e-01,3.847073087103536349e-01,-4.373111883186279414e+00
0.000000000000000000e+00,-1.455206452023905639e+00,-3.845446280897663049e-01,1.716439942242156791e+00,-4.380756781555801282e+00,1.336164105647447364e+00,-3.910123776409418994e+00,-9.321380500330955776e-02,1.118065606972216575e+00,3.532790238671367877e+00,6.303663847672476006e-01,-5.876375280310396354e-01,1.888753159966080952e+00
1.000000000000000000e+00,-7.970310248219275584e-01,6.736414970239489541e+00,1.042952004004561672e+00,4.782832769778900150e+00,-1.205590537642615701e+00,3.804708077013069900e+00,3.395606931930152950e-01,-5.500716654966874231e+00,3.984124051778631159e+00,-9.260172067189476053e-02,2.059418454797384168e+00,-3.958233651305161249e+00
0.000000000000000000e+00,-2.206305961069576327e+00,4.916397002994306042e+00,2.736582123570023395e+00,-2.695469325565642560e+00,-1.096640407704487785e+00,-2.683957333875799378e+00,-6.167410306257543606e-01,-1.423915166758805917e+00,5.778060247887748524e+00,2.673963309346824246e+00,-1.964241823893847494e-01,1.041108807489104837e+00
0.000000000000000000e+00,2.079635444593293858e+00,2.917494005065404128e+00,2.084377923453361703e+00,6.566611950134627840e+00,-2.179650635432840211e+00,-3.800936964982228883e-01,1.279353301712778723e+00,2.493237478343501845e-01,-1.800134527225857317e+00,4.043428193065970788e+00,-6.387145449924520602e-01,-9.162570742047733141e-01
0.000000000000000000e+00,-4.686284601453979404e-01,-3.487504811230558222e+00,5.215377093289130794e-01,-2.841210230400657455e+00,4.015142289591861591e+00,3.235370923835165780e-01,1.350870410376567854e+00,-2.115458271186254180e+00,3.177749062123013113e-01,3.138709886624551082e+00,3.831738534516808681e-01,2.011929795633570439e+00
1.000000000000000000e+00,2.133181555818755015e+00,-6.182479846789004085e+00,4.501205990635013254e-01,-1.391874742418737432e+00,2.206876155290289798e+00,-1.630334274942125017e+00,-1.530319183840315400e+00,2.165867417235880499e+00,-3.553303512453744872e-01,4.138648969346629514e+00,3.237959779893940571e+00,2.506193798956575236e+00
1.000000000000000000e+00,-3.926804822285220986e+00,1.809221266593834088e+00,3.490381601806301415e+00,1.090326086743215628e+00,2.491835488379745556e-02,-2.257161905415975944e+00,3.211357495726399947e+00,4.723310299256816336e+00,-1.544724442670430964e+00,8.437590980852875955e-01,4.888719082684311878e-02,-1.983815936218763509e-01
1.000000000000000000e+00,-6.806812717519742373e-01,9.893447843417313425e-01,-4.366368488103478107e+00,3.605464017859267289e-01,-2.380535947195004276e+00,5.242273075292924744e-01,-1.444462781444274535e+00,4.006068694461453195e-01,-3.015456081465244242e-01,-1.828846596815276726e+00,3.565041511633559868e-01,-2.135410847324640038e+00
0.000000000000000000e+00,-2.309142931114576580e+00,-3.486143278619641794e+00,1.251434055552989033e+00,-7.164060323746053172e+00,6.325125536386550174e+00,-3.977565366949101122e+00,-1.097349182763614817e+00,9.968983667295852058e-01,1.565517701680963381e+00,1.552479818124611111e+00,-2.722517473358243567e-02,5.770692418537414214e-01
0.000000000000000000e+00,1.665015797172217038e+00,-2.085594220238058849e+00,1.102747046687206689e+00,2.486179111501264138e+00,8.848043733693189417e-02,7.625479763200899708e-01,4.230921594339102754e+00,-7.163511682539103198e-01,-8.496741129379903334e-02,-2.342397222464533968e-01,-1.246152556521875399e+00,2.264273544493102364e+00
0.000000000000000000e+00,2.912774761386532241e+00,4.798685660923221796e+00,2.892580261403259190e+00,-3.082795406683945139e+00,2.984056610321120795e-01,-5.741064702350271443e-01,-6.800649081351933800e-01,4.189470279452797818e+00,-3.748480228522278468e-01,7.015789216422069430e+00,-4.664173471044788855e+00,-2.361403942369617592e-01
1.000000000000000000e+00,-3.030883617137007935e-01,2.894971755493703558e+00,-5.054020710737159305e+00,-7.388508327128326947e-01,-1.587684575669126463e+00,2.993380370619883823e+00,8.754458203172827968e-01,-1.096385175355754971e+00,1.262407939839312654e+00,-4.330043344321481413e+00,-2.421346765912324450e+00,-3.184231534125035790e+00
0.000000000000000000e+00,6.159974912116112922e-01,-6.713927771174852843e+00,-1.672970293389823837e+00,1.108035194697620351e+00,2.169646928574051614e+00,1.038316552463023346e+00,2.612822251546525365e+00,-7.125788074792647198e-01,-1.660228710561537202e+00,1.805841001845371885e+00,2.297202299509295553e+00,2.230485006406175419e+00
0.000000000000000000e+00,2.825555870592391550e+00,2.017009134708820817e+00,7.872934486852229963e-01,1.485307012722896502e-01,3.729359002419794233e-01,4.275019664586540813e+00,-8.542949941859871998e-01,-1.078388149251958916e+00,-1.705318064425678237e+00,-2.276617175259156411e+00,-2.200057259802066678e+00,-1.379628827338961194e+00
1.000000000000000000e+00,3.558535719458008284e+00,6.182016526978892923e-01,-8.592154205828919089e-01,4.793901850720534874e+00,2.291957688104256263e+00,3.534411149157428156e+00,3.768989146506347865e+00,-2.853179326396978244e+00,-2.543312491738279668e+00,-4.062298478119206191e-01,-3.873864704010088644e+00,-2.985041580183776411e+00
0.000000000000000000e+00,3.480582079759459546e+00,3.285153505712217203e+00,1.319531981734705539e+00,2.083701933559418684e+00,5.797658226075973475e-01,3.507952354599704670e+00,-6.988073447296017093e-04,1.269367814778413095e+00,-2.511374189837360049e+00,7.851427433691862134e-01,-2.611862903601258612e+00,-3.011659600197583053e+00
0.000000000000000000e+00,-1.000121584035075228e+00,9.549807427845822261e+00,5.354234418888537128e+00,3.493519618168756224e+00,-2.222582206107321490e+00,9.105190141292569539e-01,2.461269764330521692e+00,-6.087865927614099171e+00,2.227124815434209815e+00,3.560286969585561012e-01,-4.418587240688870210e+00,-8.415995213062399394e-02
0.000000000000000000e+00,1.686561969188462129e+00,4.143465699900126253e+00,3.215323886737028403e+00,2.459129506946637456e+00,-1.750848427374633864e+00,1.142930609841043221e+00,4.073282628825632301e+00,-2.896951157851408887e+00,2.801537916571937625e+00,4.782200768218780595e-03,-3.696463596747766367e+00,1.688563486509145894e+00
0.000000000000000000e+00,4.721642500647538210e-01,1.323382926396605042e+00,-1.418853400533258036e+00,-9.782592376345039753e+00,2.762514607238575337e+00,4.125832277485917743e+00,-4.289817577130328630e+00,-1.239899909145842472e+00,1.089543247980906404e+00,-3.224659564791687583e-01,-1.883622815863796873e+00,-2.208534382201332580e-01
1.000000000000000000e+00,2.971816809523645464e+00,2.210580193575629071e+00,5.546360221139707836e-01,4.446417545720537490e+00,2.637016309946615067e+00,4.171464788942737201e+00,3.513353935678512396e+00,-1.251977728295580405e+00,1.446372790480714876e+00,-1.238270903050984195e+00,-1.022413456943535026e+00,-4.708993655545095081e+00
1.000000000000000000e+00,-4.432270528081734273e-01,-1.923383515722246306e+00,2.836594630091434865e+00,-4.095508219441949649e+00,1.305962225914221619e+00,-5.039710102367076949e+00,-2.215376957272614078e+00,3.754482555444941028e+00,8.117655627672371033e-02,2.946565351027744306e+00,6.114305798998431740e-02,2.591044846495645704e+00
1.000000000000000000e+00,-9.288800715574609956e-01,2.385669433018216434e+00,2.788903413703393674e+00,1.931712947193889862e+00,-2.092300382162401995e-01,9.219667786921981190e-02,6.959994868319874239e-02,2.720460884358464781e+00,5.460457211966340818e-01,3.748666162283978975e-01,2.076406189375111122e+00,-1.872565332680422134e+00
1.000000000000000000e+00,1.695142958221496077e+00,-2.624770955094106184e-01,2.013743582584192282e+00,1.976546997819067730e+00,2.780280857059835853e+00,-5.810257604077496696e-01,-1.869787773542718412e+00,2.257780883177017195e+00,-1.663359500013441128e+00,3.436789607388479162e+00,1.780707680587957586e+00,-2.901396842325611125e+00
0.000000000000000000e+00,1.860003677642438014e+00,2.428783790491491068e+00,8.756616456446313368e-01,4.642655789941843913e+00,-3.268399815432083688e-01,1.254536671882483523e-01,3.590807082999016853e-01,8.582449864082641877e-01,-3.482657998649109743e+00,1.347703628774459483e+00,-2.018539414029568491e+00,-2.701866367878732689e+00
0.000000000000000000e+00,2.644013924849502040e+00,1.351731464407323502e+00,-2.654240197527273359e-01,1.878388884486887012e+00,5.357813828190032268e-01,1.745976602957551416e+00,-1.268962156450474943e+00,5.374855147110451092e-01,-1.511928037931564717e+00,1.435346603576531876e+00,-4.794438561949825317e-01,-2.691632659639719982e+00
0.000000000000000000e+00,1.731336978836220730e+00,7.144481610108771585e-02,-1.596594169847622702e+00,-1.482405484477150814e+00,-5.639681625781987062e-01,1.261510151132521962e+00,-2.101135143076149792e+00,-1.163869047025523740e+00,1.552890825959076349e+00,2.260011436801511842e+00,7.737746947706509726e-01,2.533333235795420801e-01
1.000000000000000000e+00,-1.713245786574227880e+00,3.879336844256735084e+00,4.109324221625820783e-01,-5.569771838371758044e+00,5.249119196120433095e-01,-9.878391309854297475e-01,-2.300810635274729066e+00,-9.596548655682025641e-01,2.438447861178935305e+00,-4.945962448291113533e-01,-2.487452868152588259e+00,-4.173727271323428578e-01
0.000000000000000000e+00,-9.180403897906881383e-01,2.226721768195887297e+00,1.132584940864717726e+00,1.203487340755871049e+00,-2.807272505473600965e+00,-2.287109367727107934e+00,1.502732475776191734e+00,-4.514564699229314249e-01,2.068356771905687896e+00,-2.533093428970030203e-01,-1.183422995369139308e+00,1.668737023779923279e+00
0.000000000000000000e+00,1.345159860175352495e+00,5.384512590748012251e+00,2.583242395699790972e+00,3.331656177132695240e-01,1.641603200435834520e+00,9.511571610860186654e-01,4.701252562840991800e-01,2.865548578199943908e+00,-1.736544177780675602e+00,7.071792179348551421e+00,-2.910454012381975097e+00,-3.119805508630738355e+00
1.000000000000000000e+00,-1.202799387970237444e+00,4.661251945693946075e-01,2.767738941071005598e+00,-2.631427608092184123e+00,-1.331778265950525064e-01,-6.306742334694678931e+00,-3.826070494318240200e+00,5.271484876162456423e+00,-4.325039713892875337e-02,4.562279965551789829e+00,1.149356220055048006e+00,7.285786500230386764e-01
1.000000000000000000e+00,-2.082175434618585008e-01,1.426971782759017371e+00,3.058280843186422793e+00,2.816161875527254832e+00,-4.619518038348366940e-01,-3.470136451825145407e+00,-1.088944864307876959e+00,2.482728209309818190e+00,-3.243912764972511464e+00,2.458207504117792652e+00,-5.459583642912325674e-01,-5.347382619105007784e-01
0.000000000000000000e+00,1.327552089399037349e+00,1.088013090393675997e+00,-4.133519687915598873e-02,9.360362645226324219e+00,3.177650234688589315e-02,7.761931315874450732e-01,9.680128981328528504e-01,-1.178186167109332327e+00,-4.180491854820258979e+00,1.031546960846617678e-01,8.443141517276522290e-01,-4.612027883592436872e+00
0.000000000000000000e+00,-2.679217998092169761e+00,3.314896314581013831e-02,5.282038996395004293e-01,-3.888291641598596193e+00,2.430539071587972000e+00,-2.618610110906203214e+00,-7.604827010661374675e-01,-3.625160118357629191e+00,-2.136578385154848103e-01,1.710228312594893829e+00,-2.143004028048910214e+00,1.602647832650431425e+00
1.000000000000000000e+00,1.533750494738713499e+00,-3.981246537974522104e-01,-5.331206318629003960e+00,-5.638638910131240856e+00,-6.856612848219152401e-01,2.130548985265595441e+00,-2.387505112296949061e+00,-8.254555407942343326e-02,2.212992198697829593e+00,-3.592023843058080868e+00,-1.742659894684940092e+00,-6.732211812226596148e-01
0.000000000000000000e+00,2.991037883714180445e+00,1.286203740699805476e+00,2.277740611652839142e+00,8.546985337064496591e+00,-3.051320457626258698e-01,9.983486294026281405e-01,1.456113370036153931e+00,5.315566895529146851e-01,-4.017704620472658306e+00,5.543483315329182926e-01,-3.084169632740185740e-01,-2.932624364267149453e+00
1.000000000000000000e+00,1.453491477704304202e+00,-2.970096387697883866e+00,-1.190376857902686325e-03,2.015899492939857485e+00,2.073584338195008314e+00,9.934336620505357374e-02,-6.457051831744606840e-01,1.607566716565099529e+00,-2.891375204451676062e+00,3.256976790174963998e+00,2.008131782591070280e+00,-1.035038290445145615e+00
0.000000000000000000e+00,-8.092522775144179725e-01,1.560278694296340918e+00,3.582303204204397851e+00,5.067029674207032208e+00,1.883917862272717070e-01,1.598787870297386116e+00,1.978328760313956547e+00,-2.516460097064219692e+00,-4.072884191907000684e+00,-2.100938907915938181e+00,-9.343698864937260984e-01,-3.309585482309869153e-01
1.000000000000000000e+00,9.817924192104574566e-01,1.409660620999953373e+00,-8.155690026821720284e-01,-4.547900705862116810e-01,-3.637478374435385575e-01,2.548272082917619308e+00,-2.022837559500242577e+00,-1.491076204621820223e+00,5.660353451744470910e-02,-9.161671471265875333e-02,4.141450228586813775e-01,-1.084005568892060234e+00
0.000000000000000000e+00,-3.645236842016512657e+00,3.600384140746699657e+00,5.254980655203752571e-01,-5.127495459856559634e+00,3.138960241633410586e+00,-1.092225084493915643e+00,-1.464280341131484420e+00,-2.891702532535392889e-01,-1.824334447023456374e+00,1.405344455125677516e+00,-3.310837459201379840e+00,-2.094478938010476909e+00
0.000000000000000000e+00,-6.759049406270722926e-01,-3.890496043288740768e+00,-1.676665299345649451e+00,2.277578613833475263e+00,-2.223944184234248223e+00,-1.526418549363602439e+00,1.331435743469523647e+00,1.836419623135530532e+00,-2.058901778558008822e-02,-7.266911687763912830e-01,2.979810016628533287e+00,1.955914543331795263e+00
1.000000000000000000e+00,-3.628446229653832233e-01,1.487345771667969663e+00,1.634656475505994022e+00,3.213651939725045370e+00,-2.215978970194998343e-01,-2.517038901344542889e+00,1.981136452531946590e+00,1.281366292018461195e+00,-3.541110711521001875e+00,9.786942336808194254e-01,-3.126746863405719612e+00,-5.662957582654093436e-01
0.000000000000000000e+00,2.218426838109364141e+00,-3.689394710183703019e+00,-2.385480419259156104e-01,1.787886467176620364e+00,2.709066992123178030e-01,-2.135446743179969520e-01,-2.277651451628045720e+00,-5.517621228288800417e-01,-2.779288275232849159e+00,-3.370297795911292305e+00,8.963143269083031495e-01,3.604297469868131820e-01
1.000000000000000000e+00,4.145792567203205881e-01,2.522272396818685092e+00,1.026849637040506913e+00,-2.280391835945832835e+00,-1.667755707962403910e-02,8.581317524106994998e-01,-3.085743333660011078e+00,-3.311523266218542316e-01,-1.447969727225696168e+00,6.299752615287437241e-01,-1.422156544459656224e+00,-4.158211489927240434e-01
1.000000000000000000e+00,-1.616081915109472078e+00,8.350071884160172431e+00,1.326138111772158901e+00,-4.770327601243961269e+00,-1.161891044367381776e+00,-1.216543474103529032e+00,-2.398156264399206261e+00,1.118168416311007274e-01,2.150325439952862183e+00,-1.695826972198579252e+00,-5.190238110475874578e+00,-2.113193359873812405e+00
1.000000000000000000e+00,1.103133246684668167e+00,1.306215205334127827e+00,2.926036385360264891e+00,4.263535536757433242e+00,1.009681209731658535e+00,3.513657839589203746e-01,9.195818438384415483e-01,8.008702650286498859e-01,-2.708289025879155432e+00,1.228596830148213304e+00,-3.447929585270558261e-01,-1.832087702001334417e+00
0.000000000000000000e+00,-8.667069824112816345e-01,-1.092274996661740882e+00,3.830605581540715399e+00,1.638168237562338447e+01,-1.143411977922505596e+00,-2.380902912209065914e+00,4.326212464219186593e+00,-5.659647236214031985e+00,-4.754337020363831101e+00,-3.213631898220973504e+00,2.543381348789105267e+00,-1.431038495946987510e+00
0.000000000000000000e+00,-2.059659552604387045e-02,4.875444192090888640e-01,9.839289960179730121e-01,-3.643946556413936388e+00,2.129755853982632452e+00,2.373684331109394474e+00,-1.736680827829250262e+00,-3.356820919851633001e+00,1.079588537907273160e+00,1.314088878995357534e-01,-7.668279626050078512e-02,6.535839184017295800e-01
1.000000000000000000e+00,-2.158743407392703650e-01,3.374343487289005239e+00,7.364235604493618581e-03,3.527849795744182337e+00,-3.056101191992809607e+00,-1.746391427154088571e+00,-2.185223717623665962e+00,2.492419600479782726e-01,5.928634789581802567e-01,3.551053222166449252e-01,1.297855419382416997e+00,-2.040750978566299612e+00
1.000000000000000000e+00,-7.881284202904661473e-01,2.644409518288631133e+00,3.501481548897643403e+00,5.119882214602482939e+00,1.782279403476055624e+00,1.331037248412658691e+00,3.871595069985047655e+00,1.787111492189022321e+00,-4.470458345703171688e+00,1.418058548275735742e+00,-1.595668114860164355e+00,-2.836632642311464281e+00
0.000000000000000000e+00,-1.269049162404080722e+00,5.801931142273015318e+00,5.348885699555797402e+00,1.698271721920565414e+00,-7.496883801664058211e-01,-1.739425016869483365e+00,1.910277304999420389e+00,-6.077174837215384429e+00,2.153686310139610427e+00,-7.096853810469705426e-01,-4.135912971526861881e+00,1.769794574283791277e+00
0.000000000000000000e+00,-1.706947815471322460e+00,2.642459348947358233e+00,2.417410597300151398e-02,-1.195013262030827139e+00,1.107737730855722802e+00,3.398515777629851353e-01,-9.392464539647226163e-01,3.484705901650180238e-01,-2.364733462401513719e+00,3.806356769148548036e+00,-9.767110015368808407e-01,-1.737347020900640082e+00
1.000000000000000000e+00,-2.620180098145161729e-01,3.555158927288450066e+00,-5.786884663017523023e-01,1.234878173430416837e+00,-7.026660579096408732e-01,1.537588253677353967e+00,1.683191222102721429e+00,-1.014733938027351012e+00,3.979507907215187323e+00,-6.724109671462858984e-01,1.404104131497356800e-01,-2.376878601683494630e+00
0.000000000000000000e+00,-1.376110796702001426e+00,1.525019599841931139e+00,-1.586134983332966097e+00,-9.924655949727839044e+00,2.164887589793710099e+00,-2.111168394013294147e-01,-4.608166302854027840e+00,-5.245642698484777044e-01,2.229920516423202326e+00,4.525748276004470938e+00,-1.032720150108280999e+00,6.058074001582647305e-01
0.000000000000000000e+00,-3.624150245175107088e+00,1.678679080431784709e-01,2.569224603934994189e-02,-3.772359986710220436e+00,4.048383828885334879e+00,-1.587115202105466416e+00,-9.146482105522846240e-01,-1.591947676354174224e+00,-4.372459362229430546e+00,5.990881133247816237e-02,-3.157056376943429221e+00,-9.986960751520836954e-01
1.000000000000000000e+00,2.061407730870466359e+00,2.403948815982543508e+00,1.429023494619751089e-01,6.030121318999545288e+00,8.114263023845869061e-02,-1.082722510990275389e+00,3.347202881201086111e+00,-1.007237753589333096e+00,-2.720045248111146563e+00,1.275054780977900037e-01,-4.767076126257780544e+00,-2.646352436501852257e+00
1.000000000000000000e+00,-9.186277396532931405e-01,7.022401916369134689e+00,3.973792973780385651e-01,4.007227457637753787e+00,-3.606687109854106232e+00,-2.831403789736910426e+00,1.195447421834572754e+00,-1.578409288133991062e+00,5.076835412207859832e+00,-3.103085110995880136e+00,-1.944065956894809322e+00,-3.005236617277378119e+00
0.000000000000000000e+00,2.387035930352903623e+00,1.843471598071028561e+00,1.908022246570380887e+00,-5.665331194958010741e+00,1.955982356233466835e+00,-3.573912055730743553e-02,-3.993919467927349753e+00,-2.909519885642498416e+00,3.058054867083796147e+00,-2.135705714328601790e-01,-2.503577883528777193e+00,8.093495357142932445e-01
1.000000000000000000e+00,1.447707637061425245e+00,-1.259858449535151248e+00,-1.532520899000554326e+00,5.043399776964120562e+00,-8.037731019855562931e-01,-1.311467110461099761e+00,-1.042945471440053673e+00,1.258800715101643375e-01,-5.631951241175583434e+00,2.596912660124368166e+00,-3.551423991485175291e-01,-1.263262856507424647e+00
0.000000000000000000e+00,-1.303375858883253802e+00,2.842645755301116406e-01,1.952802939445760000e+00,5.685886909954694701e+00,4.817570451147419330e-01,-2.115717040531477355e+00,9.452907029192820776e-01,-2.009326447838572172e+00,-3.253794120190186767e+00,1.144707811537262643e+00,4.007564940383963048e-01,-9.661304143529727551e-01
1.000000000000000000e+00,4.353461726083863725e-01,3.231652373897701658e+00,2.490624941455371832e+00,2.382102768495544254e+00,-3.002524389073608635e-01,-2.123617963168650924e+00,1.130731123798095039e+00,7.647921786796112453e-01,-1.789217315630902583e+00,7.114099267131512860e-01,-3.590482768432106120e+00,-9.553926092749600585e-01
1.000000000000000000e+00,-1.317974058405000815e+00,5.368583207902346999e+00,-2.939506909932549039e+00,-3.440589272408418164e+00,-3.213915214639610163e+00,-1.301336260158008074e-01,-3.844626158734799404e+00,2.327879150187002200e-01,-5.432337276428400585e-01,-3.193866437226644095e+00,-3.416293983624755004e+00,-2.092442179333699137e+00
1.000000000000000000e+00,2.518778004254470293e+00,-2.792084751364651396e+00,-1.093926770178168084e+00,-2.493264796861476729e+00,1.363209590104551339e+00,-1.787512605179691239e+00,-2.875731728014552235e-01,-4.271194612541018287e-01,-1.464620421684126317e+00,2.722639855883478788e+00,-3.299100333225818193e+00,2.308050450648776231e+00
0.000000000000000000e+00,3.180531885902336153e+00,6.473009407110253965e-01,1.651054420858752092e+00,-2.018703317624089166e+00,1.489052005370725240e+00,1.687401169226415920e+00,-8.642968542445004232e-01,7.944656651121575486e-01,5.977271486193682648e-01,2.586510165508957293e+00,-1.294681963942726055e+00,1.631015146787326842e-01
1.000000000000000000e+00,-1.183343437442307522e+00,6.307132855851153019e-01,6.089107618572586755e-01,-7.290332911936090454e-01,-8.781578034961399215e-01,-1.798995606081683629e-01,-1.184681296770582648e+00,-2.532106239674496440e-01,-8.184777956307742741e-02,1.324137318709607047e+00,1.126179478322959504e+00,9.479414441838982519e-01
0.000000000000000000e+00,-2.449637019503176472e+00,3.441252311087157345e-01,1.647822044573224787e+00,-2.516943646298407167e+00,1.344368232975292621e+00,-3.285817716670078159e+00,-4.625798621494217056e-01,-5.645211092071518166e-01,-8.898895524839822713e-02,-2.616098110713554803e+00,-1.932383504356318227e+00,6.672029915691914947e-01
1.000000000000000000e+00,3.942573859858322649e-01,-4.361958097274724722e+00,5.888367832298717630e-01,-8.368743498271387082e+00,4.436713736156889354e+00,-2.238925898736384035e+00,-4.884076462849271660e-01,3.714606549297528204e+00,4.676365538454435367e+00,2.558783182975714610e+00,1.100955246155491007e+00,2.186973237411147242e+00
0.000000000000000000e+00,-3.223522343806304313e-01,4.048482070391704823e+00,3.648361960136321525e+00,-1.399190362432228552e-01,1.968446382751219970e-01,-4.253815198672049602e-01,2.237307517927590084e+00,-3.483819407761598264e+00,3.200210397448804311e+00,1.619916203613883887e+00,-2.714551697908371253e+00,1.396980579307342651e+00
0.000000000000000000e+00,-2.939106105619242904e+00,-2.878051304634302032e-01,1.123972377859818295e+00,-2.323001167148167401e+00,2.051448140004405118e+00,-2.491087627999843068e+00,1.764380629914018561e-01,-2.891571737046081392e+00,6.735825427962718326e-01,2.515422904536921855e+00,-2.736685703690254767e-01,1.634883189202516629e+00
1.000000000000000000e+00,-2.046089247268280786e+00,-3.499398563648301597e+00,-1.392514024003276951e+00,-3.359210826071007627e+00,-1.964996368036121543e+00,3.667508566721931818e+00,-1.627243910791773107e+00,9.467687360133658636e-01,-3.597515617234804175e+00,2.600295849292866723e+00,3.719996412259200191e+00,4.425327437915794526e+00
0.000000000000000000e+00,1.780502269107570257e+00,1.474195867589330744e+00,7.691325098626100143e+00,3.719468845576277882e+00,2.217716633928152881e+00,-7.594451254058591783e-01,4.624621072819939727e+00,-3.707700512573644414e+00,1.541720008391585406e+00,-5.303827823733734625e+00,-4.025790608853682784e+00,1.622023759641892715e+00
1.000000000000000000e+00,-3.874069579983374645e-01,6.679906307069713556e+00,4.652349434840878928e-01,3.340509307886397661e+00,-2.352553292849902000e+00,1.502430137002918276e+00,-1.986463826314539549e+00,-2.708225336400314820e+00,1.014037453936054600e+00,-6.537767308612640882e-01,4.282883756645539108e-05,-3.710015275131408607e+00
0.000000000000000000e+00,2.940836986870258407e+00,1.910744395670044726e+00,3.872284608002036776e-01,-7.255313862944649195e+00,2.847412260205599566e+00,6.552425025577217621e-01,-3.472592682363913941e+00,2.009965224678944562e+00,1.197477213354828596e+00,4.033254301880857540e+00,-3.161912889376315761e+00,-7.865739605575959859e-01
0.000000000000000000e+00,2.285292238406597676e+00,4.775625520942185176e+00,2.374015252910018248e+00,-6.467057748863421551e+00,2.550745962048944993e+00,2.066179150626299421e+00,-2.586812014424073602e+00,3.689006543943378347e+00,-1.510524765394553715e+00,3.962976640586325594e+00,-4.881780977156322976e+00,-1.758802156584803544e+00
1.000000000000000000e+00,2.901470456784015717e+00,3.395009834692644279e+00,6.432090721208696404e-01,5.327340817912485704e+00,-1.434500968917046926e+00,-5.876380614630157817e-01,1.578998900285740969e+00,-1.834066011204105173e+00,1.312457672637936668e-01,-1.220971891287733424e+00,-3.516879344415151376e+00,-2.059619506267782452e+00
0.000000000000000000e+00,4.421296746272307843e+00,2.701309836781257800e+00,7.621317854187380503e-01,-4.948973735038566524e+00,1.425212742675421085e+00,4.371655025660727389e+00,-1.515417178117210550e+00,7.072870762407299505e-01,2.425324574860403981e+00,2.943172657051029262e+00,-2.488900500640490954e+00,-4.158446423457966556e-01
1.000000000000000000e+00,-1.239673268785790317e+00,2.341283268409125373e+00,-2.698896061801158153e-01,2.839227049244131162e+00,-6.841584701151167680e-01,1.476535543457312860e+00,2.338572720890357282e+00,-1.457065631302524533e+00,1.768074026466165183e+00,2.231695864134652929e-02,9.278505375414245471e-01,-1.675908201738508296e+00
0.000000000000000000e+00,1.481504831732904925e+00,6.193702373048418641e-01,2.343506940652581250e+00,1.458142581792861137e+01,-1.301198639762849663e+00,-1.366925284028518206e+00,3.018951300996454812e+00,-2.544604044489004568e+00,-4.251775738655902970e+00,-3.567473831587861799e-01,1.436453404248639654e+00,-3.309072214950844248e+00
1.000000000000000000e+00,3.209812884492694085e+00,-3.464508485953845973e+00,1.752352909221924770e-01,4.532839159938832907e-01,1.843546458305654001e+00,-3.017095439411877855e+00,-1.826824117235803069e+00,2.047598783135903266e-01,-2.692143964974207826e+00,3.019942111899625470e+00,-1.353811310219207531e+00,9.447262883230544972e-01
1.000000000000000000e+00,-2.381885508455501288e+00,3.072585384878673942e+00,-7.248544347487578809e-01,-9.800601596825102568e-01,-1.505071594115059641e+00,-1.601277947693839909e+00,6.375364055505694516e-02,9.440691031804337996e-03,1.207523736520476509e+00,-1.019501470187804459e+00,-1.375106139541980133e+00,-7.443006553808502179e-01
0.000000000000000000e+00,1.298713595512543506e+00,-3.056395139343121237e+00,-1.137520669808850471e+00,-1.560925050120723079e-01,1.596501026602973106e+00,2.287693180644596591e+00,3.061455834343038696e+00,1.679304711163277730e+00,-8.431451148074460278e-01,2.135093469578817960e+00,1.507544022497253611e-01,6.804905169871591220e-01
1.000000000000000000e+00,-1.575261094653290783e-02,1.326326770305410241e+00,2.457605978112054057e+00,2.496533417304664937e+00,1.782060377241789340e+00,-2.782299766655993878e+00,2.012165253036913626e+00,2.753223791222755068e+00,3.026988486511348331e-01,5.495311507617635094e-01,-9.865017966359785895e-01,-2.444004975161806925e+00
1.000000000000000000e+00,4.368218990467087615e-01,-1.779956390319162862e+00,-3.356763035557022157e-01,4.838605294233492060e+00,1.000817574357083739e+00,9.245639249584849395e-01,3.053320706182147681e+00,4.436051660003184072e-01,-4.443107485909955301e+00,1.191259592093062203e+00,-3.633129958320691077e-01,-1.101647730552536730e+00
0.000000000000000000e+00,-1.307111942053960529e+00,1.799075614325482242e+00,-4.846085472126944182e-01,-3.385816703755791135e+00,-1.448102185613477921e-01,-1.779728949953228501e+00,7.586970224699043364e-01,2.134593777817588300e-01,-9.963376491517181854e-01,1.079991850604997916e+00,-4.478324376698026299e+00,1.175914306052267877e+00
1.000000000000000000e+00,-1.684254605526654958e-01,-6.296125934650325107e-01,-2.846079336721528907e+00,-3.176649250072573483e-01,-1.908952427584832634e+00,2.094044207023189941e+00,-1.166840717315513309e+00,1.254729308685493816e-01,-7.821481483774583854e-01,-3.835768285127623134e-01,1.519576830222288066e+00,5.551248410688747192e-02
1.000000000000000000e+00,-6.588736858556547560e-01,3.196396064808157966e-01,1.447968380054663440e+00,3.310566347936771514e+00,2.152180244844855928e+00,3.196303575827179611e-01,2.675228606745259974e+00,2.982178611885159647e+00,-1.687724121166565894e+00,1.835175476204234712e+00,9.768443625109943795e-01,-2.941596221756821006e+00
0.000000000000000000e+00,-2.403535453268933253e+00,1.262144946705685777e+00,-1.878340881978405985e+00,-1.352046702644028375e+00,-1.732255509844654373e+00,-1.799906093135785312e+00,-5.405041055136707850e-01,-1.671634223876862224e-01,1.276569912640374227e+00,2.749441995115015303e+00,5.786873912073622339e-01,5.455743394913401545e-01
1.000000000000000000e+00,-1.200074240394110925e+00,-8.765348709054551213e-01,-1.629066094188559966e+00,-1.311732484847065727e+00,-1.205359931785069172e+00,-1.419407918778375688e+00,-5.076075141132463386e-01,3.698392356637073775e+00,-3.625928066422257956e+00,4.917749687736956421e-01,-1.072365682537549825e+00,4.599075521805018330e-01
0.000000000000000000e+00,-1.394277741666555936e+00,3.274920864078493477e+00,8.345056405900153074e-01,-2.133437143874930886e+00,-8.477077856373189668e-01,-1.639415513359509191e+00,6.828797767358716353e-01,1.700345231351145792e-01,1.019933910097680974e+00,2.477673044675099412e-01,-3.134986258657014080e+00,5.353488906203329734e-01
1.000000000000000000e+00,3.255325674602258523e+00,8.233560479549395517e-01,8.644042262017139766e-01,1.330532363132568729e+00,3.023257838759293659e+00,-1.467732058922509575e-01,2.000699247044900098e+00,-6.498628047454411139e-01,7.685646129984833319e-01,4.706554893798589045e-01,-3.552283981967713888e+00,-2.271276081645078548e+00
0.000000000000000000e+00,-1.704176064617368702e-03,-3.068799478612192821e+00,-9.823811572304892437e-01,2.183407266931574053e-01,1.901187561064353604e+00,9.015188008350476512e-01,1.677443746569519334e+00,-9.668786982462804769e-01,2.645366000666560247e-01,2.875441558815903242e+00,1.799178964233263844e+00,7.473219841100905425e-01
1.000000000000000000e+00,3.928696741691728445e+00,-5.905250232070730299e+00,-2.113030803567560678e+00,1.056419823382412027e+00,1.172388881849433684e+00,-3.332631850312125277e+00,-3.215137350648773484e-01,-4.873832650638305619e-01,-7.667349636244181754e-01,2.072568595436937500e+00,-7.356764834305332679e-01,1.922787764456234338e+00
0.000000000000000000e+00,-1.510273666962347328e-02,2.001291010674227877e+00,1.105189825066338782e+00,9.809049847403463751e-01,1.099606975242407580e+00,2.794320886468134368e+00,2.004425582007319129e+00,-6.263124954529943889e-01,3.885519937024456416e-01,2.432805171441709824e+00,6.357729825256264178e-02,-1.162293124776750730e+00
0.000000000000000000e+00,1.948843280738032036e+00,4.440227121359362705e+00,-2.646856505963990802e+00,7.482319902601304307e-01,-4.429724586615801929e-01,-4.347626005083731204e-01,-2.845147915693792662e+00,2.671067054659725937e-01,1.679532622509201545e+00,7.541944458788137240e+00,-1.093567767270180457e-01,-4.254265697278469816e+00
1.000000000000000000e+00,3.524523886117616467e-01,-1.541465839498570523e+00,-1.440650188875851612e+00,2.543566564278544551e+00,3.612218366953907633e-01,8.238160485894030494e-01,1.842779176450816347e+00,2.059134150167037713e+00,6.854118347545679057e-04,2.332572521099430141e+00,2.338860041372558651e+00,-1.428697948487985814e+00
1.000000000000000000e+00,-1.803032043492999836e+00,3.750492267154260095e-01,-4.011302659260213233e+00,7.741951253529114618e-01,-1.308243285549484547e+00,2.055266764862722972e+00,1.111188447253131262e+00,-1.353366746646663676e+00,2.008518704878603067e+00,-1.137923588114088780e+00,2.054749126813292026e+00,-1.641509427907710261e+00
0.000000000000000000e+00,2.014394163175317942e+00,4.558917912639603998e+00,2.922860778692345285e+00,-2.523833932830819915e+00,2.498427623213846704e+00,2.848656146740686346e+00,-4.575613801476452469e-02,8.834056504622778139e-01,-5.200074403682274360e-01,2.992916081268403694e+00,-3.776410328759580715e+00,-1.911786813400334628e+00
1.000000000000000000e+00,1.066714041912934618e+00,-3.384885244637751089e+00,3.019436271320824483e-01,-3.818644398360373060e+00,3.106921274931535137e+00,-3.275986768372049607e+00,-1.959818642163182467e+00,2.867150846409342702e+00,2.444648625552301002e+00,1.520447785665723917e+00,1.378652455725857262e+00,1.455393676771732370e-01
1.000000000000000000e+00,-2.620327151118750919e-02,4.679646238116747625e+00,-9.773790051970101533e-01,-1.646066785533933707e+00,-2.040721423371550269e+00,1.652416913531223885e-01,-1.271203134898833742e+00,1.023321581961793125e+00,-1.311642910527166972e+00,-2.609324232236027719e+00,-4.466496233205305089e+00,-1.726631635853687730e+00
0.000000000000000000e+00,2.482515878765825690e+00,1.012095569207201562e+00,1.876897931638172867e+00,4.870209727602572869e+00,-9.958646052963349149e-02,4.809611191436184985e-01,3.225755078180392310e-01,-1.285849475308196599e+00,-1.924134660209222636e+00,-7.654415385873756250e-01,-1.037786537317285873e+00,-1.303240897367931028e+00
0.000000000000000000e+00,-3.589313370161091310e+00,7.316454156274493359e-01,-4.484592888864720628e+00,-4.432416792552063889e+00,-1.186334335261391981e-01,-8.802479519077642811e-01,-1.809070129722208709e+00,1.144890715393434011e+00,-2.654597146891061854e+00,4.434822362343359359e+00,-8.088134059640506024e-01,-7.173610888078201242e-01
0.000000000000000000e+00,-9.603773076658932428e-01,-1.469128260669632313e+00,-3.781074210167598704e-01,5.945668149972403727e-02,1.159984897719335439e+00,-5.888194930682444372e-01,1.769129193022770163e+00,-8.111089317347153216e-01,-1.496837167281523495e+00,7.552974558202762978e-01,-1.000763198771683848e+00,8.036452298036294017e-01
1.000000000000000000e+00,2.462162714839419841e+00,3.808566862938729702e+00,8.206050467359192746e-01,7.671068954904910697e+00,-9.721683263711959899e-01,-3.689007700696386172e-01,2.602778562047283639e+00,-2.007770712312850314e+00,-3.709093282684854831e+00,-7.050054236409573072e-01,-5.003068596411723412e+00,-3.017662764349741789e+00
0.000000000000000000e+00,-1.901636037699115267e+00,-7.858479621974966411e-01,1.109684614919018264e+00,-1.088990346939734177e+00,2.331468933622703688e+00,1.143146685319984757e+00,-4.646548064148163792e-01,-3.855675975740705752e+00,-9.795090978332781084e-01,-1.003782234614767788e+00,6.157326865651506775e-01,5.628720278768288843e-01
0.000000000000000000e+00,8.694578389047615818e-01,5.000304822754972456e+00,3.301201104831889221e+00,1.131896137042299966e+00,-5.195519456936332769e-01,-1.015412852547425526e+00,4.088661165170430767e-01,2.671986284653253829e-01,-1.123516856139250120e+00,3.642360473894459272e+00,-3.777115973403674332e+00,-4.728523689660306673e-01
0.000000000000000000e+00,-5.569302045193009754e-01,8.653544092860544490e-01,7.354211615110651801e-01,1.414195616006671541e-01,-1.015376541779563269e+00,-1.125518375532670978e+00,1.611834331978052148e+00,5.533904759997996248e-01,5.771371067214940975e-01,2.872610699531052969e-02,-1.292121375876349676e+00,1.080162313665245399e+00
1.000000000000000000e+00,1.718516682281294949e+00,3.025556469970020146e+00,1.682024887313709360e+00,3.559100391427466370e+00,-7.071729574643836891e-02,-2.326692331666254887e+00,2.271524528211653404e+00,-6.246962906210604682e-01,-1.602520754609120690e+00,-2.097252573290937505e-01,-5.382784207716327707e+00,-1.261076673391099190e+00
0.000000000000000000e+00,2.036184736264263773e+00,-2.182502601115950291e+00,6.264371572953587375e+00,3.852041074027135359e+00,3.009850807540307205e+00,4.354270611894262011e-02,4.568165823290264882e+00,-5.045934110389467264e+00,2.351885625149715331e+00,-2.606030489578937903e+00,-6.486565238099804009e-01,2.989719277411748699e+00
0.000000000000000000e+00,2.962358873077742150e+00,1.639749682003184050e+00,-2.713277029519238770e-01,3.357459345257749916e+00,-1.118416058503648891e+00,-8.819469194906983667e-01,-6.890879807303160742e-01,-6.684433018744513344e-01,3.726462302242565805e-01,3.267599584604902851e+00,-7.698931041708712009e-01,-1.249729762763735152e+00
1.000000000000000000e+00,-1.843566313947184732e+00,3.347543060307358598e+00,-2.416580771412808026e+00,-7.617665614520400474e+00,-3.554776987001980748e-01,4.881890490394429349e+00,-2.713870529060446124e+00,-5.284215241419831344e+00,4.208804531321491460e+00,-2.517236096361542330e+00,-5.667158709474211520e-01,6.242132611092507943e-01
0.000000000000000000e+00,2.903933198303663143e+00,3.773408566965470001e+00,-6.008538555546940607e-01,-8.641777134240047342e-01,6.885534159117918662e-01,2.782672449696367067e+00,-2.009870348612258439e+00,4.676634451650785174e-01,3.647905912104478787e-01,3.201700318013017466e+00,-1.504729779403217282e+00,-3.259918931231391870e+00
1.000000000000000000e+00,-3.125869809608466721e+00,4.662132785340041607e+00,-6.905667077139534538e-01,-1.582641754052952932e+00,-1.198413811983287003e+00,-7.648054051929551456e-01,4.837679503404368475e-01,-1.398323600302729286e+00,2.622601827152724496e+00,-1.548177646444630851e+00,-1.723308844219020086e+00,-1.379825215566357732e+00
0.000000000000000000e+00,1.156753135530844689e+00,-5.332838652666480744e-02,1.125879506383375972e+00,-5.700338414244618401e-02,1.060933657366938343e+00,2.765276683703297600e+00,-4.539790147230793327e-01,-7.954664886826412484e-01,-1.632270283532360811e+00,-6.299541606431180440e-02,-7.723493766104894132e-02,-7.830912077726381870e-02
1.000000000000000000e+00,9.702422954145777378e-01,4.240576508086673968e+00,-1.321968046216657866e+00,-5.171200004305978482e+00,-3.887836570544467296e-02,8.915508689694379152e-01,-2.466841848708258400e+00,-6.840071330414256856e-01,1.346334360037628297e+00,-3.161413214743663769e+00,-4.899098537160908151e+00,-1.677383868031931957e+00
1.000000000000000000e+00,4.163925809944597489e+00,-4.098576544819064083e+00,-2.843027701299575494e+00,3.056942690415982433e+00,-2.821147430358716957e-01,-2.165064690204491882e+00,3.749634507173790210e-01,-8.738967634298728804e-01,-1.495422400578910738e+00,3.529318600110217030e+00,-1.164877084801775098e+00,1.201004059953368674e+00
1.000000000000000000e+00,-3.434783799437997054e+00,6.369402080081687512e-01,-3.022962049325226719e+00,-2.552006483213252519e+00,-2.430496316583709238e+00,2.670079710437282650e+00,1.611826381940794750e+00,9.349278607442526035e-01,-1.173355245418877590e+00,-8.737316829388966921e-01,-6.511491473372432726e-02,1.220949251456407314e+00
0.000000000000000000e+00,-1.752461156084202942e-01,-5.375381408820144313e-02,-9.895644156618101928e-01,-3.826378183806225408e+00,2.417666957289934526e-01,-5.960018120697594401e-01,3.339888273822820830e-01,1.690176212743010886e+00,2.920811049743506693e+00,3.538302501331976657e+00,2.635282858175558296e-02,1.089425667242402085e+00
1.000000000000000000e+00,-3.621616438727039977e-01,5.625035314527763397e+00,1.369633806094333384e+00,4.361609657306219745e+00,-1.254247718895053598e+00,-3.064611685207669911e-01,-5.019930571092556804e-02,-2.123973289408560561e+00,1.410909119775008769e+00,-3.846345904379895320e-01,-5.661497930048102756e-01,-3.483639607854281728e+00
1.000000000000000000e+00,9.898683832355399392e-01,-1.604604521335604828e+00,5.446348123425579502e-01,1.721653978272587038e+00,-1.245083569123850431e-01,-2.951996039742042388e+00,-2.151462406301090535e+00,8.729096861725482714e-01,-1.167058550081095047e+00,-5.723902622927630190e-01,8.361074229156435500e-01,-2.173071874895716737e-01
0.000000000000000000e+00,9.440647813665331567e-01,1.344084362848924297e+00,1.429661716038562957e+00,-3.487580561955548664e+00,1.635312347521726606e+00,2.616151491999634260e+00,-2.043727114132256162e+00,-2.807480302044687903e+00,-3.822754364414907569e-01,-2.841085005957635357e+00,-2.278278438447279175e+00,2.420775638507310923e-01
0.000000000000000000e+00,1.906053662545737382e+00,1.935551090039083766e+00,-9.526687926489711966e-01,-7.695567519996893147e+00,1.675373115528027590e+00,3.245985460528247213e+00,-3.596317296136815500e+00,1.897809367866272190e+00,4.185418763887727156e-01,2.603271867511470106e+00,-2.008696353879882324e+00,-7.005524902595231529e-01
0.000000000000000000e+00,-2.591977525237879831e+00,1.802157701579157889e+00,4.176118338340889302e+00,-1.359296272040630971e-01,2.720881481234568522e+00,-3.033002034107258549e+00,1.414523632011811305e+00,-4.479522597728566424e+00,-1.112074573964081825e+00,-1.580430404980561310e+00,-3.839161665447545779e+00,9.735733417942787904e-01
1.000000000000000000e+00,3.637295069216914811e+00,-6.128808578705227106e+00,-4.623371401131763925e-01,-7.532654653488151109e-01,3.883615113236071448e+00,-9.821302455410509946e-01,3.010153289379064123e+00,-1.392522598513287857e+00,-3.148322493929200494e+00,2.345741256363508498e+00,-4.197937239301811729e+00,3.176959728336322009e+00
1.000000000000000000e+00,-1.033378145126711001e-01,2.547097131403889048e+00,2.478094701711986758e+00,3.600380467375946747e+00,2.044513813021407778e+00,-3.709360434723019129e-02,4.778070938730451189e+00,6.678133444925195006e-01,-1.212202013886080509e+00,-1.491278427017364017e+00,-3.596142668514116902e+00,-2.658920841894895748e+00
1.000000000000000000e+00,-3.022096538828973333e-01,2.319316351325638070e+00,2.964658773751677856e+00,-4.572117811459129599e-02,9.874859481586212295e-01,7.480234097920668290e-02,3.954832266682841713e-01,1.665779104748759343e+00,1.703144950193074880e+00,-1.587316743051826240e+00,1.124667165641644040e-01,-1.577483919011198665e+00
1.000000000000000000e+00,-9.528050594602107681e-01,4.373776462112026309e+00,4.850659001933415038e-01,4.033596418966107322e+00,-2.525110163220981363e+00,-1.228244635103511229e+00,-2.563848486449434860e-01,-8.683097253251392811e-02,-1.664502506078269217e-01,-2.146975723925655943e-01,-2.937758616813265222e-01,-2.443446312792805664e+00
0.000000000000000000e+00,-1.439649738289629166e+00,-1.544750408708307043e+00,1.740515351404360311e+00,-3.701268819115050679e+00,3.069446779833956196e+00,1.476597704787615761e+00,-1.141635751979033442e+00,-4.871614420581073190e+00,4.469976450738872842e-01,-1.954036601276655905e+00,3.311856992980988235e-01,2.011736968076980325e+00
0.000000000000000000e+00,2.576999485645256271e+00,3.120916693328894986e+00,1.538851723789538495e+00,-4.180056297805345267e+00,2.382577832961249253e+00,-1.644553227166505316e-01,-2.014202344273548384e+00,5.720274888741820885e-01,1.677500372465375200e+00,4.286994957597436873e+00,-3.222106945528714572e+00,-1.119133931679087812e+00
0.000000000000000000e+00,-3.943731256041554722e+00,2.284039152581425203e+00,-2.361359466939819907e+00,-7.918046305795686912e+00,1.086032047166476167e+00,-2.899821082507116010e+00,-3.082787471363033660e+00,2.502946569499342910e+00,9.367920014618070779e-01,3.313507894314484226e+00,-1.219057465014458330e+00,-1.025442818674976220e+00
1.000000000000000000e+00,-5.959327221158601251e-01,1.630971539484948662e+00,9.906642924148231222e-01,3.663247348712602491e+00,-1.629478141488360787e+00,-4.792000975351179193e+00,1.522532398451466484e+00,3.095901649569102743e-01,-6.494388628618172454e+00,7.568776912447451322e-01,-6.085986598467904685e+00,7.331186092185706382e-01
0.000000000000000000e+00,-7.107220688752293736e-01,1.260209460020820682e+00,1.734536009772732701e+00,4.228601684263823546e-01,1.048185414552166073e+00,5.411813308062063399e-01,1.849432186854227389e+00,-2.503076196954945765e+00,1.533679502491592128e+00,1.350106072731895424e+00,-3.597772215887757863e-01,4.881659952923416146e-01
0.000000000000000000e+00,-8.830385996784015923e-01,2.751579051012169597e+00,5.904966307537875547e-01,-2.619770648665011858e+00,-8.266937185432354784e-01,-1.448838794116469098e+00,6.864931454042433323e-03,2.095853825410573190e+00,2.275651365972345186e+00,2.116221142452426873e-01,-1.514518770167424755e+00,-1.133132842111050920e-01
1.000000000000000000e+00,2.798241588733851870e-01,5.134080998136448137e+00,9.814171064889287699e-02,-1.994920945622255859e+00,-3.065390911478780289e-01,4.663495666869994949e+00,-1.037056388316534905e+00,-4.290970487118778820e+00,8.901160201271640648e-01,-2.410030249860020568e+00,-2.760111825414318432e+00,-1.371712871789901200e+00
1.000000000000000000e+00,1.876552321603999207e-01,2.750127990657503574e+00,-1.649829961566325665e+00,1.364743418080587078e+00,-1.696128918691102827e+00,2.311619899474755435e+00,-2.157068767721129099e+00,-2.158478794871968809e+00,6.031450828455995339e-01,-6.827193493471939156e-01,1.162180565507190622e+00,-2.208647295475671513e+00
0.000000000000000000e+00,-1.263286147129215831e+00,1.259658043948162609e+00,9.855708720990383753e-01,1.423476437261653960e+00,-3.086577076160978983e-02,-6.201860785260133735e-01,-2.251962031987537749e-01,-2.343819031263641328e+00,-1.291126029763078886e+00,1.648664510319448384e+00,-1.711087339031487353e-01,1.423995805746332000e-01
1.000000000000000000e+00,-1.218569420942593906e+00,3.434291499499615874e+00,5.206426980732725696e-01,-1.511215563814229501e+00,-1.530256426752004684e+00,-2.867274316146009916e+00,-2.935960317923901108e+00,2.359484113339849642e+00,-2.519595879324720844e-01,1.072744233811536052e+00,-9.488873133606685606e-01,-1.155804596349599089e+00
1.000000000000000000e+00,9.737280124102243306e-03,5.136608691930263149e+00,1.318393842676607974e+00,4.221488349316559474e-01,-2.486346614350173567e+00,4.995301270783769620e-02,-1.282014597818855961e+00,-5.415778102654635884e-01,1.377533908617366576e+00,-8.157745518789166761e-01,-1.516302451069952761e+00,-9.571766924992057834e-01
0.000000000000000000e+00,-5.255563641030038813e-01,1.643102620122002699e+00,9.027393071704072902e-01,2.764011170414657048e+00,-1.336373660068028268e+00,7.229444075368922640e-01,2.397879497783816483e+00,-2.708958237729156338e+00,-9.676321821518933941e-01,-1.717622415350239962e+00,-1.988638500835671508e+00,7.655021907401099446e-01
1.000000000000000000e+00,-1.301361217082949828e+00,1.907575142925423961e+00,-2.111424179924052957e+00,-5.428163479661888502e+00,-7.704129249119784362e-01,1.197256926320982906e+00,-3.402694198544704562e+00,-2.722695297832298689e+00,1.075777311839718475e+00,-2.084471710996259830e+00,-1.339314749799089377e+00,4.947666079058865574e-01
0.000000000000000000e+00,2.265847129488211209e+00,3.383290101320614029e-01,-1.066291962249042324e+00,1.806837778033466346e+00,6.549443438669801942e-01,4.195945870231778230e+00,-2.825877388089508280e-01,-1.718521340442988876e+00,-1.918666857340020293e+00,-2.228460208206510362e+00,-6.244849949126742850e-01,-2.155754065429626998e+00
1.000000000000000000e+00,-1.387918431289656418e-01,9.783695919153275744e-01,-2.022062630086025159e+00,2.387977763768228900e+00,-3.446941914995211853e+00,7.692318081516581474e-01,-9.476201273809099490e-01,1.292256621398814698e+00,3.564822117300181503e-02,2.008739200284066495e-01,2.311928731001775983e+00,-8.399567426924000602e-01
1.000000000000000000e+00,-1.092473282011832136e+00,1.943682559620107719e+00,-5.136850585982354112e+00,-7.907109502538445689e+00,1.607997278827048238e+00,7.665057496488092426e-01,-1.142593790017229605e+00,-2.076371014793840342e+00,3.002376820668413604e+00,-4.887037304021587758e+00,-4.838525001110161483e+00,-2.039452648444361582e+00
1.000000000000000000e+00,-2.659777960467304414e-01,2.803131144681573428e+00,-3.191750401533214987e+00,-4.393074852094598803e+00,-7.807490378374539741e-01,1.852304122172276468e+00,1.790341826929318092e+00,-1.263774597109837305e+00,9.789003351406101450e-01,-5.857944134800909808e+00,-6.360017382950309717e+00,-4.382393262976926884e-01
1.000000000000000000e+00,-1.617564780966215254e+00,7.168494643513089848e+00,1.048876288523350908e+00,1.629393562859451805e+00,-3.483618895106078917e+00,-7.278837635417676477e-01,-2.217469213061253441e+00,2.487464716813716503e-01,-1.970550382843441195e+00,-7.849763148859814077e-01,-2.518071470798832756e+00,-2.408020588432780329e+00
0.000000000000000000e+00,-6.360770030479172554e-01,3.456651946903070094e+00,1.687062444525537330e+00,-5.822960166378215341e+00,1.871554291951648130e+00,-1.261667940499465956e+00,-2.822444082177280045e+00,-1.431867401413307039e-01,4.797078294126795317e-01,4.607930160181462398e+00,-2.790965666217692043e+00,1.275973995094592528e-01
1.000000000000000000e+00,-1.161999752595869184e-01,2.417677404025103449e+00,-1.284235848428630922e+00,-5.547335700437185935e+00,-2.012182829607871426e-01,-2.036864794624031028e+00,-3.368619426821427787e+00,-1.075264677042698569e+00,3.545139372315754045e+00,-2.198230738947964724e+00,-2.501015979914860132e+00,-3.179562404417334287e-01
1.000000000000000000e+00,-7.689846745144477413e-01,-1.342730441107217620e+00,1.619598643002859273e+00,-1.833834545279523498e+00,1.975734150741377926e+00,-1.448657522835889111e+00,9.128207365572241772e-01,3.567392615840992764e+00,1.322092235484394696e+00,1.857797839924999472e+00,1.395257123376561825e+00,1.645020060725992384e-01
1.000000000000000000e+00,1.649830110646235415e+00,-4.713817986045697239e+00,-2.917290672798795725e-01,1.369740928117682888e+00,2.816643531851120485e+00,4.382929423380050871e-01,1.165869759878467971e+00,1.067310219044662833e+00,-2.199447070018272221e+00,2.418947095311697382e+00,1.512215131656904354e+00,1.845606558169614608e-01
1.000000000000000000e+00,-2.721655293549304355e-01,3.161268502737720532e+00,-7.196460557609694053e-01,-8.950310993336682008e-01,-1.396221235928835958e+00,2.376118408694956941e+00,1.110175674458241613e+00,5.344029532201439725e-01,-7.966212205554232817e-01,-1.618451163691401629e+00,-2.815438643346336978e+00,-7.697128496201699477e-01
0.000000000000000000e+00,3.268445763222857625e+00,2.105300483262872557e+00,3.028086627002306574e+00,4.062845194937185767e+00,1.215426387745562886e+00,2.562377749260428939e+00,1.079715732071906853e+00,-7.999747853184397961e-01,-1.384224794210870524e+00,8.322640615249066176e-01,-1.328826854584476802e+00,-1.926073922449912823e+00
1.000000000000000000e+00,1.318707920688152901e+00,-5.865737353383526642e-01,-4.484878592497636429e-01,2.494312123957334038e+00,1.055297903833787299e+00,-2.459888515911015094e-01,1.084722142877447393e+00,4.319693124364326620e-01,-1.997966834899718380e+00,1.344391104732618247e+00,-1.035630992237072112e+00,-1.429038926006104937e+00
1.000000000000000000e+00,1.270919326168618468e+00,5.334742732953412059e+00,1.212447523467222510e+00,1.600826745045770272e+00,-1.689960339468432604e-01,-2.558527480237505536e+00,2.672163120681730675e+00,-5.751875529714052249e-01,1.970413840144255246e+00,-2.137176462961003942e+00,-6.507551252712778123e+00,-2.395222174281124605e+00
0.000000000000000000e+00,1.971163451403234124e+00,-4.418860725069101214e+00,-8.794767096890581115e-01,1.904838636944673480e+00,-1.262151499610694394e+00,1.009283576636028634e-01,3.577150313798021841e+00,-1.942973718015781337e-01,7.480420807468056710e-01,4.827586892437584210e-01,4.027006870229279389e-01,3.794040287404527145e+00
1.000000000000000000e+00,2.069285599153470878e-01,9.685245663682885420e-01,1.523075084517836242e+00,3.306985831376058727e+00,4.151025882483472262e-01,-3.111916279830413412e+00,3.920114301704353377e+00,8.814822492002920562e-01,-2.908575377728124245e+00,8.763489164538100784e-01,-4.792386785770520241e+00,-8.916879048941106500e-02
0.000000000000000000e+00,-1.321029766373820413e+00,-3.426602297437896016e+00,1.908997315103572845e+00,-7.419656836673317324e-01,2.365404335243986189e+00,-3.265611304643861512e+00,1.179181622366312743e+00,1.927299723023652156e-01,6.424688676636014506e-02,-2.326606538251398071e+00,1.090512699603432001e-01,1.646008664150070633e+00
0.000000000000000000e+00,-7.166057077254472940e-01,1.997958908188117499e+00,2.349009420190652175e+00,9.268961458385696517e+00,-2.075502090357810303e-01,-1.442976235946209496e-01,1.585666607487481894e+00,-3.727846009355573198e+00,-4.241236647360696388e+00,-2.428470945719912510e+00,-9.849874456959928359e-02,-2.856113453541079927e+00
1.000000000000000000e+00,1.711201327504642711e+00,3.606534777022999183e+00,3.031585543527183013e+00,3.932629639086223428e+00,1.365178081808354760e-01,-2.397707880827379512e+00,-4.874293108158651577e-01,-3.492334835484405264e-01,-2.018675554562026520e+00,-1.114363158249847441e+00,-3.578913141302385803e+00,-2.411765813401169023e+00
1.000000000000000000e+00,-2.388882367865242884e+00,5.777307758164784701e+00,2.866374800003275602e+00,2.423013128408831651e+00,-1.036200408919274452e-01,-1.959848794655846937e+00,8.199130107655966393e-01,3.774480298922747945e+00,8.026694610042268696e-01,-5.314120630129919309e-01,-2.933589479142874046e-01,-4.523460234142726577e+00
1.000000000000000000e+00,-4.518245166304165616e-01,3.030877189859898735e+00,-5.901535246351029551e-01,-7.110816650550509266e+00,1.203262984427506677e+00,1.912017686250881088e+00,-2.844518938170502054e+00,-3.307966996656544367e+00,1.974192362317823468e+00,-2.122066460789725717e+00,-3.297092433453011395e+00,1.280572420798267164e-01
1.000000000000000000e+00,3.760445431724712684e-02,-1.766643551898166686e+00,2.314024433977307282e+00,-8.367356323900467796e-01,2.136273126810367629e+00,-1.255359970752824239e+00,-2.550006939028492958e-01,2.434142414205231475e+00,-8.765507544451333066e-01,1.747801877110104041e+00,1.028966308198264290e+00,4.352948626219996786e-01
1.000000000000000000e+00,2.771883436293792968e+00,7.463691911164167803e-02,7.546338680685086286e-01,4.135604297292498899e-01,5.983491506499603041e-01,-3.222736334835061722e+00,-1.922115399931196844e+00,-4.082714511385923117e-01,-4.220954063116370003e-01,4.094662707656142597e-01,-2.694985857483332303e+00,-2.598434328738568055e-01
1.000000000000000000e+00,2.988135880440411007e+00,3.410481422523473416e+00,5.962834959497547160e-01,5.383134270196270776e+00,-8.398689226314459688e-02,7.864444283140856751e-01,3.244002002310204524e+00,-1.339999544388333241e+00,-2.348154169614525832e-01,1.894586194655025757e-01,-3.868865119238403594e+00,-2.805877963638280459e+00
1.000000000000000000e+00,-3.857844029703110245e-01,-8.724475123771543439e-01,-5.382745699158917319e-01,2.624906345452987733e+00,-1.215573307627517696e+00,-7.235646610135597623e-01,6.836077428666693656e-01,1.708782272542312963e-01,-7.769502893012083522e-01,3.720117404584633025e-01,1.217346903653596879e+00,2.246311119310537840e-01
0.000000000000000000e+00,-1.175053819911644926e+00,5.394740040573383633e-01,1.099353418355718537e+00,-7.673369483366906385e-01,1.307609322675662655e+00,-5.328986334264563807e-01,1.475245887624344610e+00,-3.434067563674543244e+00,-1.560526047221463042e+00,-9.468583570770472413e-02,-3.270869040327840871e+00,1.455316698581856638e+00
1.000000000000000000e+00,3.712781753094786641e+00,-1.871334474129981773e+00,-2.060898368409377568e+00,9.959001932504102372e-01,-2.879567686362316525e-01,-1.056966868872395438e+00,1.667772095922715803e+00,-3.130915686635418638e+00,-6.723152694138815333e-01,-1.162248218308825187e+00,-4.998404483878632121e+00,1.789393394285677896e+00
1.000000000000000000e+00,-2.514472823557306613e-01,3.222120861029030614e+00,-6.610443645067395346e-01,8.895751301393755792e-03,-2.143833480510056511e+00,1.171785893014424040e+00,-1.961948463020627642e+00,2.017673928675475015e+00,-1.971413702078899988e+00,6.071931538680821472e-01,-4.663093235400810332e-01,-1.655294938066047328e+00
0.000000000000000000e+00,1.385348662498748107e+00,1.740224060272873796e+00,9.032316620057212475e-03,-5.941012876447897106e+00,2.020412572839579202e+00,1.401401297925555234e+00,-2.853690454234609764e+00,3.969817586396779951e-01,5.727373932474713047e-01,2.790587233844288306e+00,-2.141707552776503487e+00,-3.857819160062104791e-01
0.000000000000000000e+00,1.875736886729995945e+00,-1.953695628371867610e+00,-9.137436467222193048e-01,-6.556445328609339818e+00,1.689510926572485694e+00,1.591812072307126069e+00,-3.866653818728513770e+00,-1.607840143072692740e+00,2.833200176443285034e+00,1.067755844081660577e+00,9.187771383236067457e-01,1.877324705118755155e+00
1.000000000000000000e+00,7.449799109331686209e-01,9.950060398143595330e-01,-2.296280557854713855e+00,4.388622740089174634e+00,-1.303317508773042199e+00,2.137395201057703531e-01,1.383456736771719209e+00,-8.398118912804419800e-02,-8.576785796935886275e-01,-6.087686822821682942e-01,-5.175805213530935145e-01,-2.610453703667231729e+00
1.000000000000000000e+00,3.095039155099876815e+00,-4.339259838267156000e-01,-2.045693800886677405e+00,-1.468003287485966535e+00,-1.562759852508919245e-01,-3.765186949443598330e+00,-5.012854307447580204e+00,1.152101642817294325e+00,4.093785267662684468e+00,1.265973638613415275e+00,1.338152997154261392e+00,-1.839610891333940845e+00
0.000000000000000000e+00,2.872073390926182856e+00,2.470007139908732441e+00,3.072059104806362573e+00,3.038752706847913099e-01,8.298748214498476994e-01,2.777500039230607065e+00,-5.404442305320300566e-01,-1.861079389693113262e-01,-1.293263488914764059e+00,2.204692528618964475e-01,-2.163653947476431139e+00,-6.229914370257914058e-01
0.000000000000000000e+00,2.072409963945578859e+00,4.287001860305169387e+00,3.128240673104923708e+00,-5.922432384722650101e-01,1.080781418387935400e+00,7.884365740472678574e-01,-2.836416729021778993e-01,2.471117465788014833e+00,-1.590513857491528960e+00,4.851729402198884600e+00,-3.206805543171300510e+00,-1.491369250716843453e+00
0.000000000000000000e+00,3.008329596891369917e+00,2.076763704323836279e+00,1.607005937909773863e+00,-7.562481255454315487e+00,1.667490896032718162e+00,2.775347727338698611e+00,-2.951524250317969944e+00,-3.974781861152658635e-01,3.789313538639880186e+00,3.878429015944380609e+00,-1.530923272727467310e+00,1.576190356890099675e+00
1.000000000000000000e+00,-2.014190141533579670e+00,5.871791090390702017e+00,-5.550503614846412637e-01,-5.326107254068325192e-01,-3.076552242858906716e+00,2.552019912037224447e-01,1.884069016896493753e+00,-4.508474606804929730e-01,4.076515785870056696e+00,-2.605159512082404483e+00,-2.227452242409468042e+00,-1.118656791275272511e+00
1.000000000000000000e+00,4.125749261545761826e+00,-1.536489484221353230e+00,3.528644193079787383e-01,-3.871334151875643892e-01,1.044308675599683767e+00,-1.990216794292698932e+00,-2.423450787663075090e+00,2.610842934863260023e-01,1.286005033237855866e+00,3.619050982203791733e+00,-1.931867654787000621e-01,3.911886891733724614e-01
0.000000000000000000e+00,9.811637889810080893e-01,5.070969052297757962e-01,2.925863152534400768e+00,-2.633447334936986350e-01,5.119153884018261547e-01,-1.161549658402842633e+00,2.829811505244553160e+00,7.518223820093450360e-01,1.450154964934546875e+00,-3.619933206016312965e+00,-3.276985603516566758e+00,1.242801654690058211e+00
1.000000000000000000e+00,4.868313281142027105e-01,7.128306992879582360e+00,1.010806976123950651e+00,-1.010384928482157108e+00,-2.073924586073685017e+00,-3.288437038966612214e+00,-2.705725249463403870e+00,1.385709862426805827e+00,2.136859897210388048e+00,-1.813405135509917443e+00,-4.314864234314004676e+00,-3.036385549918675597e+00
0.000000000000000000e+00,-1.955300064945220129e-02,8.533794590853517326e-01,-3.364581191387816528e-01,-7.112605761722992526e+00,2.306680072039565488e+00,2.967509723080421491e-01,-3.565672169459229490e+00,-1.912051197564538452e+00,1.954668380142511985e+00,1.662492693428688995e+00,-1.320614260759938929e+00,5.921039239268566234e-01
0.000000000000000000e+00,1.979405727799889991e-01,3.971004983037976555e+00,3.177827462814093451e+00,2.307809352469439190e+00,-8.828899220222359290e-01,8.216288663078754606e-01,2.342015723158343388e+00,-1.107640355906357010e+00,3.453251033174607798e+00,-5.084056141879678137e-04,-3.476165641661159711e-01,-3.977257583646069961e-01
1.000000000000000000e+00,8.517460323629779673e-01,2.995535758438313767e+00,2.190905006479854755e+00,-1.089692356924831795e+00,-1.289653402912144031e+00,-2.241623164216878017e+00,-4.360692779714199219e+00,-2.694506941597909488e+00,3.452961654178148265e+00,-9.859428406551962176e-03,3.306632606091128856e-01,4.623468448301046863e-01
0.000000000000000000e+00,1.910154737243665135e+00,3.945798969591235661e+00,9.186624544369362821e-01,-8.976586482774994380e+00,3.447393282734713793e+00,3.681901417219266115e+00,-3.001983352951165696e+00,2.858915548624387792e+00,1.139261687202138607e+00,5.757099330477931431e+00,-2.773639471476601948e+00,-1.574721379194149451e+00
0.000000000000000000e+00,-1.186358477325875738e+00,-1.397563216008051723e-01,1.746056164712191716e+00,-1.387004857372902134e+00,4.788332968666020317e-01,-2.813637298464509051e+00,1.194844624030554581e+00,-1.531003423826912790e+00,2.013081555203479311e+00,4.024432428365157799e-01,-1.210756653490880463e+00,2.367554294901847989e+00
0.000000000000000000e+00,-9.373119427735244757e-01,-1.414887928495484726e+00,9.807315936604562578e-01,-2.352584448553241003e+00,2.039368153459464317e+00,-1.675430152474848722e+00,1.063108995091903708e+00,-5.082780200660483860e-01,6.979011664151995031e-01,1.438069674143330090e+00,-8.446514405540077597e-01,1.660517187340723844e+00
0.000000000000000000e+00,3.147661272181395464e+00,2.080648207557204366e+00,-4.933407800794455955e-01,1.607324517848231382e+00,-9.995561000230350768e-01,-9.988965237283646825e-01,-1.948584299178904189e+00,2.208272038889783850e+00,-7.788036943867029382e-01,4.668875579729002467e+00,-1.084552405142218845e+00,-1.898817917075307449e+00
0.000000000000000000e+00,-1.878764632240119692e+00,-4.036749360702469147e+00,-2.403636133695161714e+00,-7.182098367973179798e+00,4.540785208308134813e+00,-1.697802657405731885e+00,-1.439667737503118161e+00,-2.382129712502059071e-01,-2.432619500978995930e+00,1.992310695041859203e+00,-1.863902347619672994e+00,1.209003407523099316e+00
0.000000000000000000e+00,-4.180918070331947511e+00,7.260859924082899042e+00,-1.140080955661825879e+00,-4.078875271872491659e+00,-1.360915933104628550e+00,-1.300617434379897519e+00,-1.566185456359990624e+00,9.294369965588493709e-01,-1.470522024265753291e+00,2.067237179218792242e+00,-4.321209685653299992e+00,-2.265971884004545966e+00
1.000000000000000000e+00,-2.324098442032244805e+00,5.597967581505806756e+00,3.415529279877489000e+00,4.640784867973028582e+00,-1.705612394217981276e+00,-3.094098458863792533e+00,1.778527397671396670e-01,3.475951405054511056e+00,-3.395770772489408174e+00,1.613621012781697228e+00,-1.217244534620611773e+00,-3.051089592553355434e+00
1.000000000000000000e+00,3.264573191864830193e+00,-3.319885126909059014e+00,9.117439191039045099e-02,-1.841704781415937298e+00,2.002178202375235472e+00,-7.389107393251956868e-01,-2.706605646679343558e+00,5.360514948801040624e-01,5.192629922713183355e-01,2.629187157935671593e+00,1.137770784665359969e+00,8.456153909965200555e-01
1.000000000000000000e+00,1.523981074083705423e+00,4.746921410643330508e-01,2.080323190546417234e+00,1.301273277345750712e+00,2.449940447476237182e+00,-2.157270510961226684e+00,1.380053337458974294e+00,8.448789699427188271e-01,-8.050596354167048885e-01,4.837218513217695914e-01,-2.948273946589543559e+00,-1.372480588471005847e+00
1.000000000000000000e+00,4.508971244180870475e-01,1.438065282062062522e+00,-1.573976614197847290e+00,4.406777923186174561e+00,-1.816850503559224173e+00,3.577144716753870579e+00,2.450200968039372373e+00,-1.559874268741447967e+00,-7.489545953010969814e-01,-1.605376046016471658e+00,1.588710698915021258e-01,-1.593106501027838462e+00
0.000000000000000000e+00,-1.754260891309592951e+00,4.850231187900050145e+00,2.675513310195558159e+00,-5.033867152785948207e+00,1.751849927063346968e+00,-1.702017897186316908e+00,9.897005848450435295e-04,9.439737810648196614e-01,2.234349908771420701e+00,6.802083182273417350e-01,-3.944270012157968797e+00,-7.652081979376643694e-01
0.000000000000000000e+00,-4.042511566520703425e-01,1.327834982532837937e+00,-1.658470843672048112e+00,-3.616480184111393825e+00,8.554238048402524885e-01,1.087372079753693210e+00,-2.515489852724343223e+00,-4.125167783102112296e+00,1.679438673445390329e+00,3.728000224320781042e-01,-7.460152078357553673e-01,-1.742983033953277028e-01
1.000000000000000000e+00,-3.976391728232737677e+00,3.189990933134867923e+00,1.258080547520604497e+00,-6.339829554684454749e+00,2.623634324545249807e-01,-2.274759574921166205e+00,-5.530408591487333325e+00,-7.525741301743879008e-01,-4.915004553954638311e-01,2.430445724438552890e+00,1.814417499514520138e-02,6.476010863771375359e-01
1.000000000000000000e+00,-7.416043760622879066e-01,2.639092198462914762e+00,-7.481196615516956250e-01,-3.284624647786231311e+00,-2.958517166021283895e-01,-2.129733567441508324e+00,-3.235500305333802284e+00,6.500480477757177855e-01,2.742051052396381472e-01,-4.534635015216272880e-01,-1.980811021699468766e+00,-1.300733127749909457e+00
0.000000000000000000e+00,-8.089471388054231271e-01,3.942014577812665177e+00,3.131375618420810802e+00,-1.203937922812114536e+00,9.730680413279778618e-01,-8.891824970929046446e-01,1.094065208064662897e+00,-2.436769674213021375e+00,2.364649745451449014e+00,5.524629453754259512e-01,-2.850919932678117164e+00,2.173183721371875210e-01
0.000000000000000000e+00,1.950170005492626757e+00,2.031823604804338768e+00,3.661653538478733871e+00,-1.294074462736699349e+00,4.200255282045666227e-01,6.993078292658687634e-01,-3.116101549443405228e-01,3.461329711864837844e-01,2.372885825719417419e-02,2.353044184354687651e+00,-1.993641553746375195e+00,1.392286193063360322e+00
1.000000000000000000e+00,3.204579738253842347e+00,-5.584658426625952604e-02,5.349042728828584670e-01,5.020563994957602638e+00,8.594428797982497370e-01,-1.515310656933409827e+00,2.147517146166785906e+00,-4.139402183009754932e-01,-1.542855179302013102e+00,1.731666718292808049e+00,-2.628572959772907502e+00,-1.460683012806306413e+00
1.000000000000000000e+00,-1.568464079629481756e+00,2.769715112073779295e+00,-1.596411970414828740e+00,-2.340940713674014351e+00,1.266897766407271142e-02,1.906877787597904828e-02,6.650090363520870795e-01,5.192073159569070562e-01,1.091257638725387391e+00,-1.238046574866042748e+00,-2.350453960919347551e+00,-1.729715060395553561e+00
0.000000000000000000e+00,-9.501609229210220553e-01,8.854011145352105316e-01,9.428925399588229395e-01,-9.285066994875308399e-01,-1.949283223004191878e+00,-3.109608202352075246e+00,8.559089533308914532e-01,4.684422596139079520e-01,3.075874848761200209e+00,7.302069619765687580e-01,-4.918487183105274552e-01,2.329007910418303240e+00
1.000000000000000000e+00,2.911216674087726997e+00,-1.486357623681659357e+00,1.327134509649474658e-02,1.407788599905647420e+00,1.994179992520078493e+00,-7.961063786207523973e-01,-6.123242921200586775e-01,8.347455009002259230e-01,2.456081397662163823e+00,7.210113916271827517e-01,1.515423895900139151e+00,-2.069544034237587482e+00
1.000000000000000000e+00,-2.616920752349476409e-01,3.448063990620243935e+00,2.329540812312854925e+00,2.161732913166424463e+00,5.805144576733273221e-01,8.113887686509106967e-01,1.955133781119606784e+00,1.630837535134324057e+00,2.150088145939577089e-01,1.155625359376144523e-01,-8.029764836835894259e-01,-2.561081469464835614e+00
1.000000000000000000e+00,-1.320420851376979066e+00,3.709563331773107375e+00,-2.380756765503063477e+00,-8.983092384373382089e+00,1.168477811068806993e+00,8.776079581512117311e-01,-3.124535122236351103e+00,-3.207995105456114437e+00,5.638163369971922023e+00,-2.783722793808562024e+00,-2.722158274290960911e+00,-9.073391785344572247e-01
0.000000000000000000e+00,-1.617377121305210608e+00,-2.399158116525723083e-01,-5.144737917672976835e-01,-3.928672873795454823e+00,1.079975594916917858e+00,-2.113733081425927196e+00,1.590634510675791313e-01,-1.141496494617687540e-01,2.142309246926046296e+00,4.211718438413956989e+00,-3.358618562284053644e-01,1.580057992445655923e+00
0.000000000000000000e+00,-4.536236728236819893e-01,1.122963000094580943e+00,-1.971212414449969419e+00,1.295316589956986064e+00,-4.176610256764938800e-01,5.009309615687402850e-01,-1.384443381032480325e+00,-2.434733840153469941e+00,-1.232173821055985385e+00,3.070118679942905882e-01,-2.931517765968993938e-02,-1.642498760075699282e+00
0.000000000000000000e+00,-9.036284445302544821e-02,1.953335974649085927e+00,1.981889149094707925e+00,-4.145951882865520632e-01,-1.356879859024835877e+00,-1.847788296466855940e+00,2.162487556400670474e+00,-2.140604717645362420e+00,1.215573504898785462e+00,-9.516217958080268602e-01,-4.044560741690387928e+00,2.813352709657828576e+00
0.000000000000000000e+00,-2.651200152309635349e+00,-1.849960457548057935e+00,-3.042485628329666625e+00,-1.599024648082501221e+00,-5.771087960073741918e-01,-2.342899561017930843e+00,6.762338925588395888e-02,-2.572144545786753111e-01,-2.864848526151585695e+00,2.019266875370247405e+00,-1.038013520131351397e+00,1.593132540600373570e+00
1.000000000000000000e+00,3.605238964022303261e+00,1.950070523122751753e+00,3.101552926614615791e-01,6.260385970245847531e+00,1.959357873855010812e+00,1.257720710677626474e+00,3.197944559669228415e+00,-9.853838534855920983e-01,-7.847171143252396064e-01,8.760044535129668519e-01,-2.652423442949856103e+00,-4.378608245702333868e+00
1.000000000000000000e+00,3.959351075095387529e-01,1.408073870311791875e+00,-8.693427688166400769e-01,1.561529149825461316e+00,-3.312146688963789609e-01,3.690426261180227652e+00,2.218291823804270368e+00,-3.108311201210547381e+00,-3.276431485713655611e-01,-2.378736036298352730e+00,-1.617312955709077515e+00,-6.167928299056053554e-01
0.000000000000000000e+00,6.274199021291297029e+00,-1.235490468711417877e+00,-4.284961666829574245e-01,1.250273017375880036e+00,6.388161992137986189e-02,2.592793425407646346e+00,-2.441176998625298467e+00,1.699723630451630996e+00,-7.129303975683111139e-01,-3.652354063405107709e-01,-1.422464655245112564e-01,-1.365389898947229952e+00
1.000000000000000000e+00,4.194577767246038036e+00,-2.024336849880140399e+00,-2.260764370372060128e+00,2.368310647603887098e+00,1.120913960677732524e+00,5.561722557153110369e-01,-1.504849663938665927e+00,-8.314834499380527877e-01,-1.950466270125117418e-01,2.395078587583669094e+00,6.852917382033549831e-01,-1.902031854377497222e+00
1.000000000000000000e+00,-1.791984682465441292e+00,3.888094223767533553e+00,-2.702588431770566846e+00,-3.418350635146104377e+00,-2.011854766647689363e+00,2.294727266868058724e+00,-1.207964751724564412e+00,-1.381118030519978834e-01,1.972891479966456529e+00,-1.406554166205236545e+00,-6.706698919464462172e-01,-1.397988305287552135e+00
0.000000000000000000e+00,-9.738025155209607542e-01,-2.024297552605028638e+00,9.375270369113346547e-01,-1.398108178952727432e+00,2.565559995813524452e+00,-1.244825093873393129e+00,1.984560290232255664e+00,-4.419798619126797945e+00,-2.220375881378295446e+00,9.543668270456673319e-01,-3.413483867915614312e+00,3.026031019730222482e+00
0.000000000000000000e+00,1.012997740828948778e+00,2.372890910404780840e+00,4.782846290825436775e+00,1.927368688225865823e+00,1.747809232925030765e+00,2.254075822254604233e+00,3.160889662715077542e+00,-4.420307256733369883e+00,1.351396346773449331e+00,-1.011475861885192007e+00,-2.240754049564597672e+00,9.001649756994090090e-01
1.000000000000000000e+00,1.457174444291151838e+00,6.129689693541658713e+00,1.520154383710255797e+00,8.836333188704442065e+00,-1.877438585329711085e+00,-2.506570330811831226e+00,1.098559601641338146e+00,-2.518631129661201840e-01,-1.487259622350705301e+00,-1.664087823174076330e+00,-3.258820403033466206e+00,-5.389446706717816227e+00
0.000000000000000000e+00,2.612650269417639226e+00,2.148857825382948672e+00,2.121918936114723486e+00,-2.253288289046337933e+00,9.212102734312680452e-01,-1.146977375171273295e+00,-1.643197918984876882e+00,3.232492239808602008e-01,1.016187115439257660e+00,3.246729370028437422e+00,-2.778032313170348377e+00,3.023283469932152023e-01
1.000000000000000000e+00,-1.875046544179241881e-01,3.356054003831537180e+00,-1.819639047178497115e+00,1.144058439807582372e+00,-3.165415366701959332e+00,1.342532609369947449e+00,7.207515266703712342e-03,-4.289582187478364617e-01,6.328055499210532009e-01,-2.424410610755222795e+00,-1.166101050519328775e+00,-1.291894525404971628e+00
0.000000000000000000e+00,2.175070275832902134e+00,1.213638234000308680e+00,1.693700411405101303e-01,-6.977599870776745483e+00,3.169144400853352472e+00,1.211713771582340060e+00,-4.681655246694365502e+00,7.870885373703111476e-01,2.213810342340354342e-01,1.579485671169665206e+00,-2.123299429126441318e+00,-1.268372799967952824e+00
1.000000000000000000e+00,2.533061983062106393e+00,-8.765863519471251974e-01,1.784658996608980974e+00,4.637742050412724915e+00,3.096255615675774120e+00,-1.637396376133715581e+00,4.635833437227894205e-01,1.612542548273678378e+00,-2.890650696526708252e+00,3.577557967949209772e+00,-2.047559239506394624e-01,-3.014358171252480290e+00
1.000000000000000000e+00,-2.112884087378989584e+00,3.878812331533149305e+00,4.197420785459311077e+00,5.929104384777335035e+00,-3.379912222729235527e-01,-2.905033074047203456e+00,3.033879646469088254e+00,2.967721539472900183e+00,-4.168038819441112430e+00,7.241598030473623826e-01,-2.160163624932752935e+00,-2.338270335534064603e+00
0.000000000000000000e+00,-3.281738831495027764e+00,7.757959313527506673e+00,8.362119315238136785e-02,-6.319665180455269482e-01,-3.567578250857981637e+00,-1.001058010982009527e+00,-5.081246204230749353e-01,2.799639434681786554e-01,1.566598873386229940e+00,1.838918531438958004e+00,-1.864844976868801796e+00,-1.564997905448265669e+00
1.000000000000000000e+00,-1.438402839895937646e+00,-6.301911095460034362e-01,3.499447546281730936e+00,-4.348713749336240997e-01,1.710644053934072151e+00,9.417247203528988919e-01,5.717059435129480116e-01,3.123238326475115123e+00,-1.991830026672722465e+00,2.148253855776449228e+00,2.156386743913777160e+00,4.697461808001726080e-01
0.000000000000000000e+00,3.559807411079055628e-01,4.072349005288549151e+00,2.734107684971361252e+00,-3.097722985118662287e+00,2.228412326999088755e+00,6.712262817064558185e-01,-1.202564716398478728e+00,-1.719626847358508126e+00,-3.246916719777590554e-01,9.921275122298397475e-01,-3.932302090429589558e+00,-8.745226733307989164e-01
1.000000000000000000e+00,-1.701336403790552065e+00,1.745063000257508490e+00,3.540308512069485491e+00,3.203307156605293748e+00,1.493438185108213023e+00,-7.274960175145502861e-01,5.436242814283560598e+00,1.616479892147067332e+00,-2.485922913177192939e+00,-1.057976135806166340e+00,-3.139519277369994033e+00,-8.100185232367518307e-01
0.000000000000000000e+00,1.046090602612242959e+00,1.341590469696896104e+00,-1.117299020538864429e-01,6.050431667762198096e+00,-8.216714345237867700e-01,-9.424303335186652308e-01,1.106181839116404664e-01,-1.808372032595974233e+00,-2.737572592957459694e+00,-5.550710170278467803e-01,-9.913690547433262612e-01,-2.392154497181700812e+00
1.000000000000000000e+00,1.262716906566962782e+00,-3.379750222555255146e+00,7.575748677001574727e-01,4.030933965993079293e-01,1.426108957969963953e+00,-2.581330004133826073e+00,3.088091343782680909e+00,-9.528040771566903544e-02,-2.816961470553737801e+00,9.245263139574453337e-01,-3.875574468453508725e+00,2.980850969409812201e+00
1.000000000000000000e+00,4.738588733578215084e+00,-9.644416046555297217e-02,-1.225392681426844987e+00,6.680312191291168489e+00,-1.498387286085038905e-01,-5.900026327820202532e-01,-2.587929496741562918e+00,-1.083768116214569144e+00,4.249421925080878459e-01,1.158850239285771355e-01,1.881963578773768297e+00,-4.328680249358567877e+00
1.000000000000000000e+00,3.139222998563604428e-01,5.781723488065074079e+00,-1.019376957867603961e+00,6.895059220790020205e-02,-1.183485380873058546e+00,1.389930124257343635e+00,1.232460951896583889e+00,-4.107634250387679486e+00,5.212021822072906652e+00,-4.656957041415904719e+00,-3.415941839415898684e+00,-2.605218516049925270e+00
1.000000000000000000e+00,9.323075561546686485e-01,-6.233765839490110316e+00,1.945337519043674579e+00,-3.827624028431173109e+00,3.042860289129266427e+00,-2.425055531263862196e+00,-1.585103833713220389e+00,3.283519137392150178e+00,5.647997292936923763e-01,3.448734411255780063e+00,3.308139578799258018e+00,3.310556028412167784e+00
1.000000000000000000e+00,-2.736726603320374540e+00,2.523778323380584165e+00,-1.085205503677988403e-02,-3.074747175405331934e+00,-2.632632860374314987e+00,4.857691967360411311e-01,-9.198145588942018280e-01,1.896800505496976985e+00,-4.208683341112233744e-01,9.932839793345822343e-01,3.274139628779204614e-02,1.432926564521638024e+00
0.000000000000000000e+00,2.191514956123664870e+00,-6.608733731833050795e-01,1.646149191624610708e-01,1.117170450548075777e+01,-1.790792070063711439e+00,3.508521778166444616e-01,2.300669774185348793e+00,-3.035903062292903964e-01,-4.963734587627701700e+00,-6.007891538506315854e-01,9.372788906827433930e-01,-2.514258400752078515e+00
0.000000000000000000e+00,1.346766625656241168e+00,-3.943467872794895746e-01,-2.123744944358197717e+00,-8.635333971026298627e+00,2.339956832609366266e+00,1.450085381395306072e+00,-5.038886625000072783e+00,-1.690667839567918218e+00,3.127900989871496229e+00,1.557177139952846900e+00,-2.273398664723403906e-01,4.205204961231667760e-01
1.000000000000000000e+00,-6.642908082605774034e-01,5.911881947361919964e-01,-1.606462929883435420e+00,-5.151296731708586485e+00,4.467301779265777650e-01,2.813801156903042999e-01,-1.705263112088460264e+00,1.097730931982069169e+00,-3.270334091934581355e-01,-4.156811303330228968e-01,-1.954861441907701725e+00,9.798493247512118920e-02
1.000000000000000000e+00,-5.507734541827220554e-01,7.062182822334752252e+00,2.352953376891514736e+00,5.218732797965271786e+00,-5.752901017395235517e-01,-3.934860769993212548e-01,1.546744154324818155e+00,1.516692003169589631e+00,-1.415542321110867530e+00,1.617847322704080160e-02,-2.637875621090159495e+00,-5.272316020134226733e+00
0.000000000000000000e+00,-8.560504975908467262e-01,-3.820978332570280078e-01,-2.544960253689336760e-01,-2.524936374121962146e+00,8.254980089163113099e-01,-4.636513918000174650e-01,4.611168019989702049e-01,1.353375483635787191e+00,2.751080160381578210e+00,4.031988340615050959e+00,1.647738239322817488e+00,6.356211998542499186e-01
1.000000000000000000e+00,-1.226381219123540145e+00,3.286612774905026235e+00,1.999487385280493523e+00,1.808183369893153314e+00,-1.437674669459019228e+00,-3.261320931121162836e+00,8.703004916212193631e-01,2.573714985668983601e+00,-2.961495872974541088e-01,8.648167911062853985e-01,-1.629179907503473412e+00,-8.883882527467487078e-01
1.000000000000000000e+00,-1.426477513854547352e+00,4.493755735973959275e+00,1.478876232550352388e-01,-1.222223499347908193e+00,-3.296704512037694990e+00,2.415993757072897985e+00,-2.070871160026802826e+00,-7.467903598786265196e-01,1.236830991489304976e+00,2.652700404345049723e-01,9.548299542026530418e-01,5.555053055527081618e-02
0.000000000000000000e+00,9.488980016799124506e-01,5.919531848459641532e-01,1.820176254039175268e+00,1.597643650704043683e+00,1.800182442594976617e+00,4.078534781815146282e-01,-3.353200867231297400e-01,-3.220190770430119809e+00,-1.015222342679507062e-01,-1.758186021578920233e-01,-4.564711694003009690e-01,-7.605012127917984976e-01
1.000000000000000000e+00,-1.129031053331994494e+00,4.201172040959622045e+00,-4.682132786644888078e-01,6.446567049633395996e+00,-4.137603105733901998e+00,3.110428904795579985e+00,1.382645255514751703e-01,-4.560082002237718868e+00,-1.967305258819511682e-01,-1.517011829738629913e+00,2.028078434776957817e+00,-1.589261287863184435e+00
1.000000000000000000e+00,-2.142874685890054920e-01,3.747682994307178994e+00,3.381183501147291270e-01,5.495537917442783638e+00,-1.770756399567758876e+00,1.664072926550491660e-01,1.593014496534000735e+00,-2.280841998952694460e+00,1.781353970860708902e+00,-1.048817650478757413e+00,2.653929466158293504e-01,-2.612538229362395548e+00
0.000000000000000000e+00,-1.605475799089021827e+00,2.963533574994554193e-02,-1.763256152663682741e+00,6.552362821933606973e+00,-1.454359163425122947e-01,2.230706919964982493e+00,4.813341178392134267e-01,-1.450081551523146217e+00,-5.576929377099544283e+00,-1.074872258320679119e+00,1.925463880984968235e+00,-3.669433603263901222e+00
1.000000000000000000e+00,2.685932521586358313e+00,-2.544540524816523153e+00,-1.857102450758953527e+00,2.501194846833699525e+00,1.089520960499213098e+00,-1.722151688123457758e-01,-1.350307263101562683e+00,1.008193727426375252e-01,-4.116536320029517970e-01,1.027921864876209845e+00,1.772333368660290898e+00,-1.932680132458695521e+00
0.000000000000000000e+00,6.001214785813356878e-01,-1.452084763717905957e+00,1.825100623945387079e+00,-7.689158723939363504e+00,4.614791924775508036e+00,3.241444349328219676e+00,-3.251702762469774743e+00,6.128579855917337671e-01,-2.046563252487265672e-01,1.687653945472914030e+00,6.688933055869688005e-01,7.141098307523885413e-01
0.000000000000000000e+00,2.713498151149743576e-01,1.508104101200607117e+00,-4.613735630441166968e-01,5.796847402033625585e+00,-8.339314961588053521e-01,1.597841195574515316e-01,-5.996775538278049655e-01,1.042845936514393834e-01,-4.944252623113470690e+00,-4.452104338798759109e-01,-3.058037602344793049e-01,-3.373663939334370365e+00
0.000000000000000000e+00,5.564125152060087842e+00,4.639262759263714564e+00,1.812925039874176747e+00,1.644880110723734745e+00,-4.298899942103038274e-01,1.098031069951900252e+00,-3.295034619936846321e-01,5.352497208603367973e+00,-7.861903764353158630e-01,7.319427562299175349e+00,-2.989541087295623178e+00,-2.867512209078043384e+00
0.000000000000000000e+00,1.682117982206437601e+00,-8.787815137879516625e-01,-1.639832724320417157e+00,5.683911387783675551e+00,-1.168026265652985174e+00,9.354114764308387731e-01,-1.561422249763728676e-01,4.697852005055616065e-01,-2.291701213919372648e+00,2.947953222305308429e+00,2.565441119921022750e+00,-1.961125755331269760e+00
1.000000000000000000e+00,-2.795249257611584603e+00,4.950935713086217937e+00,-1.779730502374299972e+00,5.167218841016482322e+00,-5.750486509441101290e+00,1.442745478683736149e+00,-5.036680110332421023e-01,-2.271018821609852800e+00,2.291861277327993385e+00,-7.070926084901787423e-01,3.808127840638024786e+00,-1.882288084592937949e+00
0.000000000000000000e+00,-2.411809716726633024e+00,-1.476867206581177427e+00,-2.588250442328516421e+00,-7.499531682236356467e+00,3.642323708281308470e+00,-1.386653922638823921e+00,-1.528747656715196968e+00,2.234182628818890404e+00,-1.957145566300973805e+00,3.119638670496629906e+00,-1.920196870344418771e+00,-3.958013196818210844e-01
1.000000000000000000e+00,-2.150893281536140567e+00,3.560376717647167233e+00,1.930484969362927572e+00,-2.141156248777074556e+00,-1.458497654958444079e+00,-1.216987005378349362e+00,-1.064558779058216276e+00,2.106506357739234669e+00,-1.164759830740957902e-01,1.857247185397219447e+00,-7.287665488131993552e-01,4.759436886355543628e-01
0.000000000000000000e+00,-1.965622283411321503e+00,-5.263491788860207521e+00,-5.494171946053172384e-01,-3.088643113980474642e+00,3.893022733558978210e+00,-2.365266512093147533e+00,1.866227475514476986e-01,-2.924434182728493425e+00,-1.178624014177100499e+00,2.645539935191387748e+00,5.169276770046333791e-01,2.861961400661173549e+00
1.000000000000000000e+00,3.288721261710112476e-01,4.389733626270926337e-01,1.376991524699922032e+00,-8.759177664811315100e-01,2.569736520737817109e+00,-3.216055278791853933e+00,-2.772828934708106985e-01,2.534498273089558218e+00,4.588687363745092007e-02,1.477269580128268922e+00,-1.551688362262912291e+00,-1.821285167606939481e+00
1.000000000000000000e+00,-2.148466001755330979e+00,6.926824215661881112e+00,2.337192671469024763e+00,4.269696625328034401e+00,-3.973635724852047968e+00,-4.376649892577525236e+00,-8.570635710747431801e-02,4.138279511827999357e+00,-2.837486760859276647e+00,5.988777206193194313e-01,-2.898703073597114432e+00,-2.638968843945046494e+00
1.000000000000000000e+00,-3.103472865359295785e-01,3.314109202552161459e+00,-7.394541642908889489e-01,-2.679897121636898305e+00,-8.525919941996866758e-01,2.019466222714227044e+00,-2.698356227640961169e+00,-3.886005235433878990e+00,1.371684756221027035e+00,-2.107236458587206762e+00,-1.359564471866642421e+00,-4.118906892201097403e-01
0.000000000000000000e+00,7.038599310364230810e-01,2.226997775541275537e+00,2.562687491181348420e+00,-7.599708507282886494e+00,1.827490881076749840e+00,-1.548689667718411656e+00,-2.149245945598620366e+00,2.879464914592893443e+00,2.256738531581137686e+00,9.111401700262549141e+00,-1.742814781829017390e+00,2.135130689682645855e+00
1.000000000000000000e+00,2.480592304086771005e+00,-5.713218899883083957e+00,-2.805042941030073678e-01,-3.120692283093918995e+00,3.602177837785009551e+00,2.747045966800094607e-01,-1.538630624308527484e+00,1.304493707238245870e+00,3.171733949107171657e-01,3.068509352540235824e+00,2.453277252414121534e+00,1.435464024511091452e+00
0.000000000000000000e+00,-3.248945936335042362e+00,-4.037945934147179727e+00,-8.995703717473240157e-01,-5.731992752610427289e+00,7.077194666733118034e+00,-1.358346481045506593e+00,-6.656549125665984779e-01,-2.347121101503158780e+00,-5.923629231826618380e+00,5.585987918604122804e-01,-3.151950696545596120e+00,7.554509107081419650e-02
0.000000000000000000e+00,3.044051703276861698e+00,1.302622390068193248e+00,1.695864993391563713e+00,-4.998457035186015140e+00,1.832599699097428259e+00,5.260803358521056516e+00,-5.118660868523627894e-01,2.153806717614726640e+00,4.776375991455639181e-02,3.062645647512387548e+00,-1.553834324428185809e+00,5.706841407351286311e-01
1.000000000000000000e+00,-1.139013589136146809e+00,1.178312076921278706e+00,3.169956682042492702e+00,7.016373034120008123e-01,8.775371324030681874e-01,-3.904335275599442934e+00,2.809299859869843985e+00,2.633977467273556083e+00,-2.747838819188877402e+00,2.056151750402947620e+00,-3.966713055490533435e+00,8.229850716756348383e-01
1.000000000000000000e+00,7.459069812802343602e-01,-3.977978943487507024e+00,-3.042488598617678175e+00,-1.006903190648742674e+00,-4.764019915928787707e-01,2.996442419872749952e+00,-3.399424424557219160e-01,-1.391483598988096926e-02,-2.497768034610491128e+00,-2.702672863389826707e-01,1.404630706362718584e+00,1.678841385974978007e+00
0.000000000000000000e+00,-1.997506359328617531e+00,-4.703460919734090973e-01,-1.506821514979701071e+00,-2.352060591037385073e+00,1.277739800024702221e+00,-1.037797513060190635e+00,-4.469959357398778366e-02,-4.600949686911790515e-01,-2.193872427132607328e+00,3.074249860393963862e-01,-1.903222574231531627e+00,-9.536860431819560446e-03
1.000000000000000000e+00,-3.974528919247630743e-01,2.654174537147081292e+00,1.945467634159808501e+00,8.851865233948499334e-01,4.920552312460514388e-01,-4.213578725867940022e+00,2.198944058922371880e-01,2.943731938928296543e+00,2.271479502719887744e+00,-3.590878595231952186e-01,-1.038389040664095653e+00,-2.472913050819096625e+00
1.000000000000000000e+00,-1.525699287243349911e+00,1.307033415697765433e+00,-2.747774112549701275e+00,-9.151414619328987143e+00,1.123710311040784227e+00,8.046255119130452105e-01,-1.062409173712135724e+00,8.333315899494084800e-01,1.672775620448406775e+00,-1.964207035839415916e+00,-3.831352282765775108e+00,3.612741991840291433e-01
1.000000000000000000e+00,-3.449039573645162893e-02,-8.818370976563277841e-01,-2.480975923571002717e+00,-7.491198499437757619e+00,-2.099881502026382796e-01,1.018615113378369186e+00,-2.549574568882450265e+00,4.162339222358666824e+00,-1.377487930683184647e+00,4.552638946132721021e-01,-1.560049522452162218e+00,1.243806537283704827e+00
0.000000000000000000e+00,-7.783794196618678551e-01,1.103932140521605820e+00,3.203637915884712140e+00,-3.894813694250470082e+00,3.046171914367672429e+00,-1.841832843012693788e+00,3.926508219309253755e-01,1.464363993494093297e-01,4.792155794885902154e+00,1.505714589475805720e+00,-1.022518323677633623e-01,3.600009991343786631e-01
0.000000000000000000e+00,5.809128447737496037e-01,2.802359854789459800e-02,3.323535871809204512e+00,6.343888120332561442e+00,1.137904652475030032e+00,-1.822145853257621795e+00,1.148357431848540333e+00,-8.942981955660981308e-01,-3.445249709761211587e+00,1.056139386219220544e+00,-9.920859041122964683e-02,-1.176992984254048302e+00
0.000000000000000000e+00,-6.915708268321907326e-02,2.574036096481533420e+00,-8.396687489117704573e-02,-3.181822128043111597e+00,1.199691334652565056e+00,2.357153202077709508e+00,-1.935484576508416099e+00,-1.235277576694670199e+00,-1.299546953152815210e+00,-2.458244329429111197e-01,-2.209656998773538383e+00,-1.262574087350584406e+00
1.000000000000000000e+00,-3.877515172884050676e-01,6.827778147146242205e+00,2.998088793027151588e+00,-8.313906613134296464e-01,-1.589570032849603187e-01,-3.505499082327008242e-01,-2.264552642642202684e+00,-9.559973218801737227e-01,8.060585584555228778e-01,5.403639661551395967e-01,-2.636662151323722281e+00,-2.377536335072139018e+00
0.000000000000000000e+00,1.580290136416195867e+00,4.143844574527024704e+00,3.502394034606827411e+00,3.475369076778775490e+00,-1.606091006591602532e+00,1.298104053340882746e+00,3.780019202796800926e+00,-1.054500430499085706e+00,2.526027545386845041e+00,-6.418919464773165107e-01,-2.329726033418646924e+00,2.795580754364106468e-01
0.000000000000000000e+00,6.879306754866598705e-01,1.891975524249042140e+00,4.017496411663978861e+00,-6.906865079158561738e-01,1.772131386698860611e+00,7.491509830395428615e-01,4.329420662481882065e-01,9.347984879831459093e-01,-1.239680674375844838e+00,3.872937445535992840e+00,-1.303028666885221343e+00,4.266365881903846358e-01
0.000000000000000000e+00,1.869644988822668275e+00,3.318082652433625324e+00,2.643947580661265562e+00,3.240184682819544082e-01,1.854076630210987897e+00,1.207533766122409702e+00,4.028132014867655819e-01,2.172153706352120128e-01,-6.813598879981522805e-01,3.077283433124158751e+00,-2.596689878231425830e+00,-1.745619873768512686e+00
0.000000000000000000e+00,-2.552055071636297523e+00,1.170622466118696137e+00,3.042076201612217146e-01,-4.204707753477855414e-01,1.205861739608644845e+00,-4.060221398843077978e-01,-6.824694294126130156e-01,-2.410848301302064289e+00,-1.258551443178790752e+00,2.394965317639152325e+00,2.571568601553868572e-01,-4.451069710974852045e-01
0.000000000000000000e+00,5.405389481013855857e-02,1.228840323517302435e+00,-1.909429883051538823e-02,6.994157205039349456e+00,1.185175998813654541e+00,8.805325685299303373e-01,6.472708301688310240e-01,-2.398382498417786834e+00,-4.047515140811358769e+00,-1.328851503457864069e+00,-7.757591024779575406e-03,-4.420854252101393378e+00
0.000000000000000000e+00,-1.904847631721768408e+00,-5.398144306048164448e-02,7.216387228329601555e-01,-6.084958771993067117e+00,2.343159917914245050e+00,-2.762918445906290543e+00,-7.716121091794543307e-01,3.110769199145217101e+00,1.624192762899420384e+00,7.891426203661744410e-01,-1.123988382647571838e+00,3.083139904853231528e-01
1.000000000000000000e+00,5.314629687973302374e-01,-2.706557000298663862e+00,5.414665791862915967e-01,2.263809251781933707e+00,9.782675771918334373e-01,-3.307634146899230743e+00,-3.753009025250222397e-01,2.546221147146804586e+00,-4.942529537869936540e+00,5.213474642871108955e+00,-3.514319435130652813e-02,4.965899217638254370e-01
1.000000000000000000e+00,3.838863204146472086e-01,3.132074061316470481e-01,-4.473183234582827517e+00,3.972597209663631723e+00,-3.040530141253612761e+00,2.208634515493445249e+00,1.112508754467972594e+00,-1.569061004665487147e+00,8.040455663071154335e-01,-3.098883657233789002e+00,1.161054954457863886e+00,-1.961322949633475865e+00
1.000000000000000000e+00,-5.878239742316325733e-01,5.595899909467147104e+00,2.326472089632919626e+00,-6.476595497448545125e-01,-1.033121463650111149e+00,2.254709485832170346e-01,-1.965036561312455188e+00,-4.496766461970741480e-01,-5.063872464485055236e-01,3.829623339627434842e-01,-2.198152703747597414e+00,-1.316641498336733385e+00
0.000000000000000000e+00,-4.860410082785084906e-01,2.830567153487838716e+00,2.216278482588192933e+00,-1.577289850695261730e+00,-5.099024615054557064e-01,-1.014566806322864556e+00,1.148804273988092817e+00,-9.224125312836356505e-01,3.159034783915747546e+00,6.452811408803879045e-01,-1.833524457755757453e+00,1.353966273482458016e+00
1.000000000000000000e+00,8.048337713513977754e-01,-1.365175130269780990e+00,-1.750452539237021821e+00,6.372026583065546923e+00,1.240849262386810148e+00,5.405759853424938477e-01,4.289572233655649214e+00,4.610938867704786892e-01,-3.626972421035712824e+00,1.129543641130767995e+00,-8.928176165218730809e-01,-2.850225450481717715e+00
0.000000000000000000e+00,3.480858191156486203e-01,3.922438626400191364e+00,-1.464902599909792880e+00,3.647678174474521917e+00,-2.351252804308734401e-01,4.430755150626131122e-02,-9.264819653157396750e-01,-1.085078624775098088e+00,-2.225124348970670241e+00,1.355263471076792126e+00,-1.716319363953238586e+00,-4.507308764607369511e+00
1.000000000000000000e+00,-8.101320492384765926e-01,2.997204877567612780e+00,-2.404215292430955664e+00,-1.423422394099737476e+00,-2.666365683641567230e+00,9.359948501928250231e-01,-1.262951055569050407e+00,7.336856289982263135e-02,-8.860539649327807687e-01,-2.577887487538849776e+00,-2.281587950419129207e+00,-8.968762087937981464e-01
0.000000000000000000e+00,-4.333790969543597882e+00,-1.851510973856534958e+00,-3.646893172145368567e+00,-3.950904260729601436e+00,1.744104224671066738e+00,-2.150084141793215942e+00,-2.423177955651952153e+00,-2.235728415553893900e+00,-4.226525142810276137e+00,1.424390776300373362e+00,-8.634358599132755385e-01,2.225427070197630863e-01
0.000000000000000000e+00,-2.119632306117315679e+00,6.635443151009342344e+00,3.574046938663483886e+00,-2.747344602407193470e+00,1.312279732695412315e+00,-3.886386036910622899e-01,1.900871301155081516e-01,-5.179333489678261238e+00,1.499821778229543545e+00,2.708916679066107891e-01,-5.051610227051799740e+00,-4.060542900895991458e-02
0.000000000000000000e+00,1.727671319802065231e+00,1.613187756178941834e+00,1.831608016394617344e+00,-3.116367333803516715e+00,1.360540086886120825e+00,3.341362476136021442e+00,-9.834487286157875818e-01,-5.623784703673482266e-01,-1.111844116314670838e-01,5.851183204644769820e-01,-1.646700233398622926e+00,3.704565782640136806e-01
0.000000000000000000e+00,-2.495765510878585225e+00,-5.996113416108868499e+00,-4.129743479563853903e+00,-7.091242766420435828e+00,3.146075899197865677e+00,-3.074214996476767769e+00,-1.379098889778967774e+00,1.015304859618581634e+00,-1.952885139081559807e+00,3.692707426564483697e+00,-2.824591599004155906e-02,2.471606757418406186e+00
0.000000000000000000e+00,-6.797679821213242768e-01,-4.499956820464822371e+00,-7.018205633015994760e-01,-2.998382073181988350e+00,4.422035945890003816e+00,-2.336694601263403781e-01,9.733949798882168825e-01,-1.818369863770316730e+00,-9.371089166852064611e-01,2.584500552318600874e+00,8.110107061805282846e-02,1.527709567009817526e+00
1.000000000000000000e+00,-2.235682602303485922e+00,3.694919204326279960e+00,-2.600070682280345657e+00,-5.879204569002856040e+00,2.934176765559510791e-01,1.794137097952972937e+00,-4.420655156809350395e+00,-4.877153385136599795e+00,1.437630663048087509e+00,-2.403569738186367211e+00,-1.569641817451169707e+00,-1.399369452912422762e+00
1.000000000000000000e+00,-1.121117976807282979e+00,7.030734887703027347e-01,-9.476648686236145425e-01,2.448783275789167546e-01,-1.486151895582085825e+00,2.418468673888482634e+00,8.428253107382710496e-02,-1.495563382305195255e+00,4.788695033697826231e-01,1.516076625891404905e-01,1.702085745771137582e+00,4.547410951640913357e-01
1.000000000000000000e+00,-7.705102793014975138e-01,3.350320354678884005e+00,1.515769841550322905e+00,7.849580156293744615e+00,-1.091711446047478162e+00,6.419995058745788796e-01,2.829913668150031647e+00,9.768130694008995141e-01,-3.465201102520173215e+00,-6.244841379933048220e-01,-2.621513926653649129e-01,-3.763381192742534243e+00
0.000000000000000000e+00,1.930414244795393364e+00,2.245851340164700449e+00,-2.333486102574100496e-01,1.935688579621115402e+00,2.937356945859330715e-01,-4.917730237092972079e-01,-1.643619188566169509e+00,3.036542141142235529e-01,-2.823637892152455198e-01,3.962075801396280017e+00,-2.955281361390232897e-01,-2.727424519874955600e+00
0.000000000000000000e+00,9.408928018045915609e-01,-1.281179073767166221e+00,1.751874734363430219e+00,4.151341559390973046e+00,-4.527401429657862408e-02,3.558732205227014278e-01,2.890634951158956856e-01,-3.819729997589408566e+00,-1.165206178805493931e+00,-2.008778487621800224e+00,7.913912644230747251e-01,9.064708742968716759e-01
1.000000000000000000e+00,-5.362972855517200710e-01,8.438345727788273409e-01,-2.164302176511323506e-02,-3.802586877384986686e+00,1.641774540137900917e+00,2.106842649977132886e+00,-1.443795002748183842e+00,-1.505833772033036144e+00,-9.346619182518667301e-02,6.619594454770465486e-01,-6.492684061911051518e-01,2.266435196151905807e-02
1.000000000000000000e+00,3.721405738352259185e+00,-2.049145992316219633e+00,-1.447919308643155212e-01,2.774635763091716889e+00,2.975397467998229128e+00,2.842248071506069174e+00,1.065071898828762409e+00,-2.052073245430290793e+00,-3.516929754426456167e+00,1.099834242600099765e+00,-1.705345080653175138e+00,-1.253401198002561667e+00
1.000000000000000000e+00,2.438533519374810332e+00,3.397511454941794184e+00,4.499305293924429350e-01,4.388005637138785886e+00,1.134057186685902607e+00,3.669192732050043926e-01,-1.133479346268390753e+00,2.534944269649248572e-01,3.229086973033441499e-01,2.467729458855960623e-02,-1.341675134421136395e-01,-5.682548912524453932e+00
1.000000000000000000e+00,-1.495943053127986477e+00,1.766261209328280124e+00,-4.181807922549735324e+00,-2.962470126835306417e+00,-9.545212922758840035e-01,2.020623456522862682e+00,-3.263069254180700263e+00,-3.903662571070410703e+00,1.897466405095978859e-01,-2.981459639373309045e+00,-5.774705765421479509e-01,-1.441670490366810498e+00
1.000000000000000000e+00,1.410871517224709493e+00,-2.920652302723812710e+00,-1.226915811549295743e+00,-1.403987311385378023e+00,2.535122325946804533e+00,1.698384858302535605e+00,9.799388004807916275e-01,3.906236659588885329e-01,7.270950133677689387e-01,2.456698602881650650e-01,6.329827328182806578e-01,-2.847115804692526009e-01
0.000000000000000000e+00,2.340170883297713722e+00,1.009241562031999662e+00,-7.149348571203748559e-01,-2.920091828372061382e+00,2.194943020872506700e+00,3.287552379374977907e+00,-2.935187426717410286e+00,-6.589400123526090169e-02,-1.710283558850259400e+00,-2.046612990739890225e+00,-1.983557943804548085e+00,-2.571373997657046662e+00
0.000000000000000000e+00,1.945705184507122709e-01,3.345454453355019897e+00,1.937226119946810599e+00,4.231993245397860370e+00,-2.398259807239875308e+00,1.223031506083367859e+00,2.853731008833681582e+00,-3.697652500525077102e+00,-2.948957618181191620e-02,-1.879927546720743692e+00,-2.425136871214429668e+00,8.439564144653716182e-01
0.000000000000000000e+00,-1.617206131012302039e-01,1.308277147294977905e+00,3.170802393323322477e+00,3.705065312530786970e-01,1.542702757448514816e+00,-4.287192946450313347e-01,2.389026495023480301e+00,-2.509250136046081714e+00,-1.286216350856348001e+00,-3.173448235255067473e+00,-4.357550935447186191e+00,8.828277781208478947e-01
0.000000000000000000e+00,-6.018989244575450037e-01,-4.404464891577335867e-02,2.984988129580519622e+00,3.190321297348444940e+00,1.096201837289470848e+00,-1.538567002698330910e+00,3.204416685086646233e-01,-4.312974424481318181e+00,-7.330526748517776081e-01,-3.284125327470641675e-01,7.603321576293309292e-02,7.675256660562350675e-01
0.000000000000000000e+00,3.159555146147223326e+00,1.339687613405632360e+00,4.183428809894522704e-01,-7.011645552944959725e+00,2.840339750098200611e+00,2.766274488988020863e+00,-4.102616391093840242e+00,2.958162128189119944e+00,-3.593885982819035041e-01,2.648129854567524255e+00,-2.018618215318561226e+00,-1.302985267222227073e+00
0.000000000000000000e+00,-3.790806549047296414e-01,1.983437926825462938e+00,4.953392978003098301e-01,2.313182706942440880e+00,-3.529317509272645204e+00,-5.571460572305686476e-01,2.422408982329218752e+00,-2.022731738594916173e+00,1.001315602978289254e+00,1.515246173532242002e-01,-1.608610947647455935e+00,2.480442186710398289e+00
0.000000000000000000e+00,-4.848519261210262332e-01,-4.363547372576355721e-01,3.126174020015234145e+00,-2.936855920857872615e+00,2.802190962106649863e+00,-2.290410708466350531e+00,1.421270249991201773e+00,-1.350772776101988981e+00,3.315333849540400557e+00,1.465051671533836641e+00,-1.128526965162290008e+00,2.118104045717553952e+00
0.000000000000000000e+00,2.012876279209685482e-02,1.242619041826670934e+00,1.243561584068981984e+00,-4.453675313197381080e-01,1.146672862401193482e+00,2.018925435150780601e+00,1.451874242641770785e-01,-2.062453568280340654e+00,-1.507879300097200392e+00,-6.619177702612322189e-01,-1.624946995478432576e+00,-1.285155806020092939e-01
1.000000000000000000e+00,-1.023694098295464761e+00,2.273721806090763131e+00,2.450908599755490247e-01,-2.258676472063448681e+00,-1.443545893266239055e+00,2.268916798402771384e+00,-1.329554093077778276e-02,-4.177023175702156976e-01,1.329845092020759845e+00,1.028518069766384269e-01,-4.250508215863069150e-02,1.008414124225861297e+00
0.000000000000000000e+00,-2.366944919133959324e+00,1.876542292341074392e+00,-5.673150007867810984e-01,-9.746508189786005083e-01,5.574964275586269391e-01,4.664920263740635065e-02,7.582658517775328066e-01,-3.145102028486194357e+00,-4.806526061662173888e+00,-1.214663254023433669e-01,-4.761124587248583673e+00,3.674107797132395437e-01
1.000000000000000000e+00,1.664537341628576472e+00,-1.255908338269886571e+00,7.941881678368603037e-01,2.455101983021000134e+00,4.820427840629880611e-01,-2.847165038944959203e+00,-4.715660223565931730e-02,4.805486760576191951e-01,-2.903386533500102118e+00,1.745759851496875736e+00,-1.807188132550414661e+00,2.573125263938640384e-01
1.000000000000000000e+00,1.212477138434178148e-01,-3.909166549588734885e+00,5.774375824978505989e-01,-1.720502288510865174e+00,4.950986254249322149e-01,-4.572474246499650619e+00,2.580155999131064970e+00,2.650364475539926712e+00,6.893359893719122056e-01,3.006885741389587530e+00,-1.225224650871057364e+00,3.990139686665207464e+00
1.000000000000000000e+00,2.631615071676539408e+00,2.435756832892187543e-02,-7.245187160867767595e-01,3.736272616156703030e+00,1.651369811411174116e-01,-2.252792705738330348e+00,9.699832736992211046e-01,-5.001644283951056646e-01,-1.707093847556794497e+00,8.767400190419885053e-01,-3.082509600340622491e+00,-1.349521218868636296e+00
1.000000000000000000e+00,7.030648838458732897e-01,9.020872504579960927e-01,1.222066438948314016e+00,8.864941959793448678e-01,2.702339770086456205e+00,-8.419575583022620435e-01,1.953559417203471593e+00,1.984607948939312916e+00,1.023164932842962838e+00,6.440001789295279888e-01,-1.097705526511465246e+00,-2.741799253645016421e+00
0.000000000000000000e+00,-4.339263547813391853e+00,1.311518440981924050e+00,-2.957340274161069260e+00,-4.111063216332125236e+00,2.913747748431366746e-01,-2.190235333955222963e+00,-1.696650638057330962e+00,-2.238768387139410621e+00,-1.024183831176638915e+00,4.904084036882114361e+00,-8.851057104354504990e-01,4.398897204664233840e-01
0.000000000000000000e+00,2.357530523596109262e+00,2.343449402626200051e+00,-1.323270398783416901e+00,-6.621175177304441384e+00,1.675353510388774891e+00,3.166652732381391111e+00,-3.345582215427432171e+00,2.375031406910601550e+00,5.662428722823431571e-01,4.536288617159351944e+00,-1.656875399606049237e+00,-1.538425464704765044e+00
1.000000000000000000e+00,-1.192827322036804638e-01,7.595615935952886311e-01,9.776264143167745502e-02,1.849665533603382928e+00,-1.989046818054667209e-01,-8.017488498164752064e-01,-5.900074088313402854e-01,2.207528609402351627e+00,-5.888325441049264697e-01,1.547706417611617979e+00,1.356238894132966166e+00,-1.931041759451883166e+00
1.000000000000000000e+00,-1.496132663084092318e+00,-2.149579830013055304e+00,1.843044552017970350e+00,-1.777902947682491908e+00,2.549165451156275353e+00,-1.755531946769137264e+00,2.466086519617729067e+00,4.479372073322412717e+00,-4.823320778787957286e-01,4.024409457635915288e+00,7.905059798944293892e-01,9.658008913952897956e-01
1.000000000000000000e+00,-1.061862457405841509e+00,7.479023814466786213e+00,1.382639267902032287e+00,-1.062796418200413706e+00,-7.102229180803597552e-01,-2.151132039791711303e+00,-3.521196289417344527e+00,-1.245261494113337974e+00,3.181298151818146902e+00,-9.578471789857190277e-02,-1.749151071632440768e+00,-3.698936283646192091e+00
0.000000000000000000e+00,2.406866375237941558e-01,-2.246139730349103747e+00,-9.352530597107640009e-01,-1.644065172604513569e-01,-8.202438692493370098e-01,-4.578937519767396491e-01,1.695221448814478560e+00,1.404051017841599691e+00,1.641544067970916565e+00,2.074367236506082346e+00,1.447193327688837350e+00,1.938684219551723764e+00
0.000000000000000000e+00,-1.610629381553541073e-01,2.545367248868665833e+00,1.641294338134622333e+00,6.820833551443089560e-01,7.650454543477295255e-01,1.256149094912117237e+00,8.623168700735794889e-01,-1.604573709042161900e-01,-1.469634906370839822e+00,4.140955359913442990e+00,-1.042329426288145733e+00,-6.825500220463185386e-01
0.000000000000000000e+00,-2.503377214593203171e+00,4.250466451612524565e-01,1.048193739807100844e+00,-2.117731691420609685e+00,1.844973595110374509e+00,-1.789928457210474111e+00,8.629457644973859143e-02,-2.090780953941413500e+00,-1.638026591751779559e+00,-1.841314247678417892e+00,-2.645020988833326481e+00,5.249782107911058482e-01
0.000000000000000000e+00,-1.162025827441042658e+00,3.843811688514717329e+00,2.190992091102493156e+00,-1.918213674335472074e+00,3.416859855743219487e-01,-7.026036906507515667e-01,1.195452247711068283e+00,-1.148982012587906665e+00,-2.082886067953668707e-01,-1.154356879494395471e+00,-4.683487028647324024e+00,3.076979357930801351e-01
1.000000000000000000e+00,-1.132358003360911969e+00,3.989441758967152474e+00,-6.112589354589428314e-01,4.800091264780475875e+00,-3.555684347852189120e+00,1.482323981891321196e+00,1.800013669048666110e+00,-9.300555375064406549e-01,1.259926271662698216e+00,-9.604015210515521872e-01,9.804921342441921261e-01,-1.840354965496536543e+00
0.000000000000000000e+00,-1.410121645778570354e-01,1.307957508588815654e-01,6.500284372927311871e-02,2.730815475175664808e+00,-6.867487471252935460e-01,5.807228699086295354e-01,1.919931484376137032e+00,-1.911701474541858126e-01,1.101878074051009238e+00,8.787838695377381271e-01,1.493810283114596515e+00,-2.802035861412750517e-01
0.000000000000000000e+00,3.058836299802834002e-01,3.311236934324842118e-01,2.291731377013079829e+00,3.086260042352932387e-01,-7.393104243462862435e-01,-1.108966325311080636e+00,2.421667843184314606e+00,-2.286739148378178932e+00,1.533194190679072921e+00,-5.103758289021802508e-01,-2.222197069120144253e+00,3.160518939311200093e+00
1.000000000000000000e+00,3.533891841186907801e+00,-3.867414007410430732e-01,-1.346697002017383848e+00,2.472974080785796058e+00,6.993879537811276137e-03,-2.563226291668597945e+00,-6.620841368158163487e-01,-9.681390348560086068e-01,4.203121239667613196e-01,1.322506725595373744e-02,-2.318997381400921043e+00,-1.291161109615691860e+00
0.000000000000000000e+00,1.648187105204492742e-01,-1.449639484966449565e+00,-4.299015409546684818e-01,4.095705856109114862e+00,-3.533346170644435791e-01,-1.155151489649076435e+00,-8.172137516285590264e-01,-7.846826423919146531e-01,-2.775456790751077207e+00,9.447021103802664133e-01,1.567314745255350417e+00,-7.208973251673237437e-01
1.000000000000000000e+00,3.861589904047552757e+00,-4.793308653414962706e+00,-2.321641193740354492e+00,1.543967567155534848e+00,1.364986454220572298e+00,-1.764580167738392991e+00,8.909886536966300508e-01,-1.086690405858930397e+00,-2.435904529539929975e+00,3.056149886963006601e+00,-2.261863372914611592e+00,1.529755271426289198e+00
1.000000000000000000e+00,-1.637066610080325280e+00,1.900472264195236072e+00,-4.070628398593553188e-01,-6.540657224894274258e+00,3.806428303663180746e-01,-1.654769720492454965e+00,-2.769075613403964908e+00,8.801340481008121941e-01,8.234387510943141919e-02,-3.377030981979194380e-01,-2.880575197486822780e+00,5.632326914379861549e-01
1.000000000000000000e+00,-5.215761847056710199e-01,5.090324857962988503e+00,3.444912993779371213e+00,1.961970367357812162e+00,1.722181955622328342e+00,-1.799627851892148911e+00,2.196144280414857874e+00,2.816687125546826209e+00,8.014381479299912403e-01,4.461131163659036725e-01,-2.641032734115277059e+00,-4.023475260997174452e+00
1.000000000000000000e+00,4.715041953521655671e+00,-2.904730366730726487e+00,9.730329503543356795e-01,8.732594653576837285e-01,2.018488251362134722e+00,-2.080457602145810547e+00,-1.748297572965481272e+00,-8.479206042007518818e-01,-1.171139489101957754e-02,1.687361507445108932e+00,-9.415640362883656023e-01,5.865412495753659083e-01
0.000000000000000000e+00,1.154327900473671731e-01,-1.140407446909489364e+00,-9.983617028251614567e-01,-3.834254548400204410e+00,6.249435430701171246e-01,2.642260015158804709e+00,-1.802429356682226480e+00,-1.998153813445318283e+00,-1.188087617059860879e-01,-1.288033320086004796e+00,8.382057683313215435e-02,1.412126556683608758e+00
1.000000000000000000e+00,-1.824569345108728591e-02,-1.373312116298751329e-01,-2.180835812374869676e+00,-4.752624372530013019e+00,4.283502380107311325e-01,5.604387130806218309e+00,1.008119969527379034e+00,1.363584030296145944e+00,-1.880589396100754485e+00,-2.960921843514694451e-01,-1.642285338577192055e+00,6.651525676553911026e-01
0.000000000000000000e+00,-1.704363164991386181e+00,-4.341042153936428782e+00,1.521490390852322960e+00,-5.302318069592558025e+00,4.482930690416644381e+00,-3.958244380063610013e+00,-5.901943115511041338e-01,1.336582352178589783e+00,3.075559366782974369e+00,7.468580099075131651e-01,1.893217584956316202e+00,1.679325176282265408e+00
1.000000000000000000e+00,1.054412254482143929e+00,7.654555698904687233e+00,1.689968550185032115e+00,2.512969819781639025e+00,-1.976435821262719106e+00,1.763868355024504009e+00,-8.834324098337840159e-01,-2.809295537244962393e+00,2.031005069722438883e+00,-1.969599541292379019e+00,-2.540590577119350435e+00,-3.275902242916521434e+00
1.000000000000000000e+00,-1.116731279609875171e+00,1.512122798095832721e+00,-3.463179418947847754e+00,-5.753891655321795584e-01,-1.496058719581174090e+00,3.205816507937869986e+00,2.945518890781384957e+00,-4.365874387934770562e-01,6.447099977827888129e-01,-3.029793903429144120e+00,-1.803627635166865861e+00,-9.333290529904856303e-01
1.000000000000000000e+00,-3.094353953686574954e+00,1.426495761218129488e+00,-2.713000378645282762e+00,-6.397666459148412699e+00,2.804584964736287489e-01,-3.998261738271933208e-01,-1.155332292386975990e+00,1.236340729837330787e-01,1.192383640630147346e+00,-1.099228141340434783e+00,-1.825557931650350074e+00,-9.278846861982070759e-02
1.000000000000000000e+00,1.806936652990322578e+00,-1.507167386194675718e+00,-9.816347391064095262e-02,4.465181278590417135e-01,-1.047664482252761431e-01,-2.002335173773455601e+00,1.721688786591390796e+00,-9.124986293569747886e-01,-6.482454263673848027e-01,-2.722009426919755892e-01,-3.432117182097483177e+00,2.062816726742465523e+00
0.000000000000000000e+00,-2.246457565360986841e+00,2.194278666462981420e+00,-1.112826220546361267e+00,-8.474873963107157904e-01,-1.962437111749929741e+00,-1.307393350829018974e+00,7.730487831203936011e-02,-1.420470357964052965e+00,2.448496069619694460e-01,2.093620972361375010e+00,-1.111210084990761571e+00,1.016618287707463431e+00
1.000000000000000000e+00,-1.801823168082278492e+00,-9.381983685764699876e-01,-3.693588688718657309e+00,-3.151840724259012294e+00,-4.041467400588745207e-01,5.669492406758989134e-01,-2.575776590531562160e-01,2.939579781547263515e-01,-3.267976574498883124e-01,-1.199612144071855457e+00,-3.520272839707176971e-01,6.917182915236752550e-02
0.000000000000000000e+00,8.631011700099946449e-01,-4.406836309606464441e-01,1.529668233654709386e+00,-8.805019295385466682e-01,2.493453126299556288e+00,1.162020332936434031e+00,2.156275034367712173e+00,-8.634829386170932430e-01,1.081297356042953295e+00,-5.484353649825781662e-01,-1.392102949844750581e+00,2.127570467409209964e-01
0.000000000000000000e+00,4.444141214900570347e+00,1.130489242197251665e+00,3.145361753447795117e+00,-1.528044720471395479e+01,4.570839751929129946e+00,5.524972357612479179e+00,-5.652040086766791482e+00,4.263701468942155515e+00,9.204811780250830022e-01,1.079102718181323972e+00,-4.054358175313586443e+00,1.890498512295791134e+00
1.000000000000000000e+00,3.677145162444842352e+00,-3.939195693164994516e+00,-2.369224239779381680e+00,4.312655487467949911e+00,-4.378592591830732239e-01,-1.491280132106240996e+00,-3.782442042080880196e-01,-9.317370140047689375e-01,-2.307399110137835496e+00,2.289485616561813597e+00,2.176541628363484193e-01,3.723827486555519872e-01
1.000000000000000000e+00,-1.774760420224507307e+00,3.764968817328519179e+00,1.771194889536731321e+00,3.145053823830800344e+00,-6.037825162630414688e-01,-6.891495753011124270e-01,4.348860382247226042e-01,3.613159221784808306e+00,9.729289925460420374e-01,3.745366741415552259e-01,2.204900862565516206e+00,-3.884113012743831916e+00
0.000000000000000000e+00,2.173586731813829331e+00,-2.289826881527055880e-01,1.640380830957024472e+00,-2.828670032265231171e+00,2.125487494732491989e+00,2.447032012909073906e+00,-1.259501885524109577e+00,1.582997436256398327e+00,-1.077584439019330320e+00,2.045317610258380547e+00,-5.672684217690224795e-01,1.146563196882026681e-01
0.000000000000000000e+00,-1.709626802693631653e+00,5.728300258591781935e-01,2.674506101096559618e+00,-3.206634345552350496e+00,1.385619881985258095e+00,-7.364565654168873099e-01,-1.082088542817299270e+00,-1.377633475803024865e+00,-2.091304944987441239e+00,-5.206397579751869120e-01,-2.089209861206807961e+00,1.934704463715960276e+00
1.000000000000000000e+00,-1.192099250247355968e-01,2.948545924767068005e+00,3.375725855918470408e+00,5.464993278167123769e+00,-6.061299176975840641e-01,-5.084844189957715699e+00,2.281652245075575181e+00,1.144075997151137170e+00,-4.044868084523145946e+00,3.832365213453003960e-02,-4.916424833378906456e+00,-1.053123704532131999e+00
0.000000000000000000e+00,-5.535644025131902790e-01,-3.695580956722952504e+00,2.569812312060462567e+00,8.969923109469841727e-01,1.489127697111575666e+00,-2.983952757739366746e+00,2.232699595180982932e+00,-2.495477577868924879e+00,2.607705589913528410e+00,1.433718747543014871e+00,1.778438964278947321e+00,3.700729706645417227e+00
1.000000000000000000e+00,1.130386964080993373e+00,-5.914425243291428907e-02,1.749999796261619167e+00,5.003326971721483218e+00,2.910725347959151055e-01,2.263500006558050170e-01,9.613888442771172382e-01,7.978739578702976898e-01,-1.754209537162386479e+00,3.765975793875094846e-01,1.218883044338195276e+00,-1.639220555863356132e+00
0.000000000000000000e+00,-2.082287365986496219e+00,1.212368450688651844e+00,-8.576719529883973792e-01,-4.999833286900146057e+00,1.972938983443795813e+00,-6.571715683595358293e-01,-3.382642952006889026e-01,-1.595101932373752751e+00,-6.718139542122365526e-01,2.454914561726731836e+00,-3.110659164534516741e+00,5.736558148292854042e-01
0.000000000000000000e+00,-5.721341216964344056e-01,3.926209355747026120e+00,2.579018524500553688e+00,3.470912146957449096e+00,-2.232046078460319105e-01,-2.021318053903828460e+00,1.099072816504660821e+00,-6.315223152028013320e-01,-3.160126143885523931e+00,1.629262744568416466e+00,-3.575923282844452267e+00,-1.304582328741098252e+00
0.000000000000000000e+00,1.601636738114132763e+00,5.147263851355656783e+00,3.438682435852187247e+00,1.605130024453760296e+00,1.599661325076866536e+00,3.252170284107874121e+00,1.918267933298939631e+00,1.116333146737238380e-01,-2.353330379183623755e+00,1.417370653922254808e+00,-4.098711988208190604e+00,-2.578508995974457374e+00
1.000000000000000000e+00,-9.365013479196886426e-01,1.175017406785839214e+00,2.715563612738376875e+00,1.228803101366278572e+00,8.148423189111873022e-01,-1.789136473202515454e+00,1.486350540704143963e+00,2.713972346024761784e+00,-2.886304557725447584e-01,6.182175551430864058e-01,-2.568354239542307571e-01,-8.775686292172281133e-01
0.000000000000000000e+00,-2.009025945887112918e-01,-7.911286922307190217e-01,-1.542062110999378177e+00,-3.578407893062385714e+00,-1.065933002314105593e+00,-1.434504051098787203e+00,8.487314687831141180e-01,2.248503715196294550e+00,1.140433175440227931e+00,1.837986731892483849e+00,-1.565352599978914183e+00,2.307562236907294562e+00
0.000000000000000000e+00,-3.808418078703318166e+00,3.323064546588866630e+00,-1.149703780630236150e+00,-1.412607723604995646e+00,-3.731166940252683695e-02,-2.443819365381216802e-02,-8.181853879613094627e-01,-3.065668263307091745e+00,-1.122357978860255567e-01,5.020922138998616724e+00,2.889509808645476241e-01,-6.278907588109734483e-01
0.000000000000000000e+00,2.548899246367694271e+00,2.163607815511385812e+00,5.857037565657688738e+00,3.359980682820019382e+00,7.418025879139407142e-01,1.742755814252913371e+00,4.424129684195646561e+00,-4.798500332144234548e+00,3.249780597758245460e+00,-1.971543184635953239e+00,-2.596265833597213302e+00,2.140504102356600491e+00
1.000000000000000000e+00,2.768786629101462893e-01,1.402938900758072149e+00,-1.992203302270663556e+00,-1.535290853180690585e+00,-2.067346129834418456e+00,2.309879403827576283e+00,-2.081037694543329764e+00,-1.650178637324922315e+00,2.592657423992533516e+00,-1.018561541594502629e+00,1.428112974037467620e+00,-5.882003576713923376e-02
0.000000000000000000e+00,2.802820422689943136e+00,1.482518511322947985e+00,8.589297208544421913e-02,-1.368326054248502111e+01,3.302341729052038488e+00,2.626337755546219732e+00,-4.862275058228964220e+00,2.185503399451471651e+00,2.972218315408733602e+00,3.349991618500752999e+00,-3.637339635187823106e+00,1.428026085834099845e+00
1.000000000000000000e+00,3.014550185242447000e+00,-2.539979358894537409e-01,-1.710310308382325672e-01,3.074165035448151784e+00,5.328404920605115391e-01,-8.131121744763436521e-02,-3.536875842657338787e-02,-1.563838011653477800e+00,-1.507579225088204744e+00,-5.038658253295349443e-01,-1.931907898781471733e+00,-1.186420493068796489e+00
1.000000000000000000e+00,3.003540570775723673e+00,2.578749089879576406e+00,-3.946695508389921336e-01,6.307787818085712317e+00,1.337181087405140412e+00,-8.175403001169767592e-02,4.237197987368196195e+00,-1.766560869687292978e+00,-1.931210429826116126e+00,-7.219402655834374904e-01,-5.588513940805186486e+00,-3.989754138062783895e+00
0.000000000000000000e+00,-2.403927211509186090e+00,-1.582417330751879847e+00,4.256354850668463419e-01,-4.770617429634803841e+00,4.319979600389018515e+00,-2.453339393155085091e+00,-4.196693116969825166e-01,1.740774320626559568e+00,2.543787983062972824e-02,8.635489759853556269e-01,-3.877026312164885136e-01,-6.800441954130314048e-01
1.000000000000000000e+00,5.170901186574594632e-01,6.084856654449714020e-01,2.581415022292792294e+00,-1.143584464130614320e+00,8.858590081730711718e-01,-1.772683887826046245e+00,1.201421573906569895e+00,1.355712528605772738e+00,-1.156713388002598819e+00,2.222745534090084796e+00,-3.033766677509947662e+00,1.545462248891903645e+00
0.000000000000000000e+00,-1.307511560950205043e+00,-4.221885378396316391e+00,-3.803250275101965894e-01,-4.760738406163474323e+00,2.064228970233674687e+00,-4.286237116430296368e+00,-6.018831564357904895e-01,3.003928264980377350e+00,2.864818556931400639e+00,-5.652433950770228144e-01,1.457228534313353308e+00,1.698487415694557967e+00
1.000000000000000000e+00,-6.497549522584673554e-01,5.851931318469012488e-01,1.472720870291351680e+00,-6.015021306721981542e-01,3.295502607524798400e+00,1.161271072820268202e+00,4.688323843310246986e+00,1.530871746272734368e+00,1.251310425477343280e+00,-1.247327805464064632e+00,-1.978716006598178145e+00,-1.580749729293724037e+00
1.000000000000000000e+00,4.527225842649670318e-01,-3.300287067595242707e+00,-3.732361953358946938e-01,1.264765893964832744e+00,1.555109402622981030e+00,-4.923142332607794991e-01,1.732790530714102717e+00,1.589852888425536737e+00,-1.534524552889404259e+00,1.667846678957397355e+00,8.792140870478577508e-01,2.606994182454984710e-01
0.000000000000000000e+00,3.716165078354130902e+00,-1.417108707739309192e+00,-4.563308761856093021e-01,-5.188939837985121706e+00,1.777368466167011718e+00,2.231116530215772720e+00,-4.627647238547974773e+00,3.682522560218493002e-01,1.272186636505492352e+00,8.686604910467288221e-01,5.101608640481676282e-01,2.369938858295395079e-01
1.000000000000000000e+00,7.610227957470563354e-01,5.359517230785908914e+00,-2.854272992348178217e+00,-4.856594563864727654e+00,1.288877840202040659e+00,2.127329300832903058e+00,-2.289555298894155211e+00,-2.928028651272343907e+00,2.757075570918178453e+00,-4.186330744190653874e+00,-4.985555949390320762e+00,-4.193115650759688506e+00
0.000000000000000000e+00,2.640389592819349929e-01,-3.548559647108132875e+00,1.779800607897387366e+00,3.835499654080536946e-01,8.103521944122885623e-01,-2.146638323154456351e+00,2.050334167219194370e+00,2.782082775923206963e-01,3.141878550730164310e+00,4.466748845953628644e-01,2.174343327752329191e+00,2.763011697057910165e+00
0.000000000000000000e+00,-5.067480576560529082e-01,-1.149697070969990298e+00,1.028355475292114019e+00,-1.385528620120189514e+00,9.906833288622676204e-01,-1.027550260884652067e+00,1.236093443442107143e+00,-3.015578714191015308e+00,2.111652657200118632e+00,2.065602262556850199e+00,-2.126892252176522113e-01,2.809273778648603503e+00
0.000000000000000000e+00,-1.554260573645874555e+00,-5.068008491673823279e+00,-3.357282562950554272e-01,-5.169642693944235923e+00,3.579762219317760508e+00,-3.377708605336757763e+00,-5.987684896414731117e-01,3.018935001324521750e+00,2.025758956483149298e+00,1.482127575121595875e+00,2.391727159911710476e+00,1.397671907003986025e+00
0.000000000000000000e+00,3.705629997640225159e-01,-6.009704739035686138e-01,2.559472283918816871e+00,5.414819396722972966e-01,-4.056118817033345092e-01,-2.920510314420166509e+00,1.947028785697479503e+00,1.952696887015115568e+00,5.346897320433305012e+00,3.839749839295207856e-01,1.796919775990525991e+00,1.539412160996859846e+00
0.000000000000000000e+00,-8.986943769387578662e-03,1.402378437466972549e+00,3.364804646509034658e+00,-3.355954738682248806e+00,2.720454933438872125e+00,-9.732756774383616305e-01,1.441003729828741031e+00,-3.168708158926941465e+00,2.139180925061367589e+00,1.634433748476344039e+00,-3.559404167514176542e+00,2.204301636319221380e+00
0.000000000000000000e+00,1.209387739055024502e+00,-1.338147629792737769e-01,1.229164869894107559e+00,1.113320596672119356e+00,1.068384729691696400e+00,-5.271227085634704324e-01,-1.542711878687721194e+00,-3.041443105170351213e+00,2.002808233044091057e-01,-4.029079668557944416e-02,9.267630479417010569e-02,-1.161328577442078958e-01
0.000000000000000000e+00,1.154647827452365938e+00,3.281728035612212935e+00,1.545085425442375149e+00,-5.439182249176973016e+00,2.381743846499057238e+00,-1.016560357257607627e-01,-2.903455864040755063e+00,-1.118470472061481313e+00,2.771670354917530776e+00,4.286105759734090803e+00,-2.056435785129275828e+00,-4.760106862037716269e-01
0.000000000000000000e+00,3.249265942808167829e+00,-3.558207208768258273e-02,-1.193792999156311652e+00,3.427344052759863313e+00,-2.370551466800299156e-01,2.990179298214079573e+00,-1.577842466394103749e+00,-3.409776425336933370e-01,-2.399762256062565324e+00,-1.524331125322164748e+00,4.025647366296074559e-01,-2.702357107915466905e+00
1.000000000000000000e+00,-1.518603094532826603e+00,6.273426228880489397e+00,4.088097467266857521e+00,-8.159330644998178395e-01,-1.295616158231037263e+00,-4.531303007679289507e+00,-3.879811127062668508e+00,8.760040431810103279e-01,4.102801950310660528e-01,1.916161179981680451e+00,-1.754819605465039345e+00,-1.109298461835058314e+00
0.000000000000000000e+00,2.605007363241863771e+00,9.758061840755374305e-01,7.301733557950473852e-01,-3.930584959170079884e+00,6.332325565147256530e-01,3.524267197803005569e+00,-2.476639547327267543e+00,-7.464548604266991738e-01,-1.254435844541463840e-01,-1.582186476818002063e+00,-1.857551548401211949e+00,5.382524084461126623e-01
1.000000000000000000e+00,-2.301330072017191419e-01,-3.255389800674393652e-01,-6.611619243550075353e-01,-5.796240496214624116e+00,-2.092977698024880429e-01,-1.480550210195942018e+00,-3.718456214337021670e+00,3.650959478287911786e+00,-3.117052952635496865e+00,9.304218351672377540e-01,-2.145631074140577965e+00,1.256460761479016863e+00
1.000000000000000000e+00,1.627387230747384894e+00,-1.523683168296860346e+00,1.403605658103107334e+00,-4.197980753154459399e-01,2.255287136054669794e+00,-1.276536344489692443e+00,-8.661021802163533234e-01,1.530734338574925024e+00,-6.994474347662489322e-01,2.311839728578148900e+00,6.546599112548201482e-02,-2.494939258091645184e-01
1.000000000000000000e+00,1.852026753736928377e-01,2.533709969024954045e+00,-2.499248557278458183e+00,-3.035391073200707890e+00,5.827117835016160097e-01,4.057848536426631458e-01,-3.137085973363367142e+00,-2.567206937131873534e+00,1.377033924735244996e+00,-2.365439720624344933e+00,-2.046545854082622906e+00,-2.517943797588973798e+00
1.000000000000000000e+00,1.131413107158949494e+00,2.994390121778821356e+00,-3.266243158759234877e+00,2.666295169843682977e+00,-3.003547440337841934e+00,1.216163029841523802e-01,-2.365204006068936105e-01,2.401106119189369448e+00,1.556836087556658921e-01,-2.118680574216353030e+00,-1.196318166886386258e+00,-3.683015548390675242e+00
0.000000000000000000e+00,1.412693312196396267e+00,1.539575684524490118e+00,4.716871377801454823e-01,2.789947736770828968e+00,8.448012266753037736e-01,2.782276581936810711e+00,-2.285449685262296304e-01,-2.146348201951997048e+00,-2.540256776257765026e+00,-2.329654008849354696e+00,-1.306076675491972372e+00,-2.455277308642069389e+00
0.000000000000000000e+00,-1.291625302723122370e+00,-1.670905501235453006e+00,-2.056271680978317473e+00,-2.124242351280447139e+00,2.031718588898685063e+00,2.251001613871329798e+00,-1.564176618086762671e+00,-2.828814539291793828e+00,-6.433240916321625313e-01,1.544991428556107271e-01,1.793067898767043200e+00,-5.227695357121628916e-01
0.000000000000000000e+00,1.469881857230543654e+00,-2.461131136858098756e-01,2.167875676129455087e+00,6.410490218591081479e+00,-2.542409186277843069e-01,1.255019825343431927e+00,1.318023649671504760e+00,-4.135573791765932983e-01,-4.244294531848365359e+00,-1.488397579639934243e+00,5.012091869753554363e-02,-1.031081229436610958e+00
1.000000000000000000e+00,-1.931205839551257464e+00,5.712469569976809103e-01,-7.765857837477584402e-01,-3.020337332741066527e-01,1.011682114684464562e-01,2.389575259118773332e+00,5.231320215615520297e-01,-1.903774822977161829e+00,2.506268343206176086e-01,8.381336686960167981e-01,1.623297878479631695e+00,-1.342332294938130000e-01
1.000000000000000000e+00,6.201148710724080360e-03,7.743756494870347451e-01,-1.911050740875778864e+00,-4.819024241895187188e+00,-1.406300360468752064e+00,-9.185517302697541187e-01,-4.605755020865251126e+00,2.890628508913952732e-01,2.773466729351479199e-01,-1.003023375384378024e+00,-8.867115843827917399e-01,5.798206874462914495e-01
1.000000000000000000e+00,7.214406053663259266e-01,-6.023425998284985816e+00,1.647225370318938342e+00,-1.187841616897777008e+00,3.571118143062434580e+00,-9.206350539315519832e-01,-1.327120782767323703e-01,3.669890053623831694e+00,-2.087141909774169690e+00,5.724240864333602907e+00,3.607449991709903436e+00,1.937300690344181842e+00
0.000000000000000000e+00,-3.137278767893838527e-01,2.204279965316265244e+00,-2.075561013559090728e-01,2.201784076883447128e+00,9.578138889705467562e-01,2.178796122396388757e+00,1.171127774506373065e-01,-2.432835977401284211e+00,-1.147874490684581694e+00,1.308930955837942278e+00,5.524122187969426889e-02,-2.537729198250814555e+00
0.000000000000000000e+00,2.395915224822204870e-01,3.113093766707177856e+00,8.104738309702106402e-01,3.672839440314799475e+00,-3.900467678233761504e+00,7.399802106819932668e-01,2.151707318148156745e+00,1.480116020119789155e+00,2.323824493235747024e+00,-1.771337330319735059e+00,5.419081707996979969e-01,-3.693674987738193582e-01
1.000000000000000000e+00,2.496258282924698868e+00,-3.262361732413932902e+00,-2.233082652505546495e+00,3.335367496848047619e-02,1.342882336351062023e+00,1.203374632163843660e+00,-6.964425362023205501e-01,2.856366323254858619e-01,9.450391191834679461e-01,1.686374836553166112e+00,2.150760799872303952e+00,-6.006733405720036112e-01
1.000000000000000000e+00,-5.193671249794986622e-01,-2.780385634397138261e+00,1.171582295245500394e+00,1.252775756793304662e+00,3.440181126462181105e+00,1.368205743505836569e+00,2.135926356728872211e+00,2.658199493234813637e+00,-1.981275118018651415e+00,1.697281906632014614e+00,2.388596123758513823e+00,-1.338213510493933001e+00
1.000000000000000000e+00,-1.375898811060791704e+00,4.409556849166699877e+00,4.503457532867295221e+00,1.600822289586320002e+00,1.359604248936659765e+00,-1.315376960901116776e+00,3.193730554607123739e+00,2.354228082453412974e+00,1.516546145337960283e-02,-9.783520655700448376e-01,-2.913043154177620941e+00,-2.177774936590649801e+00
0.000000000000000000e+00,5.885671323467216443e-01,-1.220791765577022403e+00,-8.763060396835897770e-02,-6.964992176121742595e+00,3.117969175271631421e+00,3.139661902555277884e+00,-3.496700035724809918e+00,-1.917632009387593595e+00,1.516797837998124177e+00,1.394232986854951895e-01,8.279532396027775576e-01,8.430380277447777626e-01
0.000000000000000000e+00,-1.006304705694314183e-01,-1.269485047878168502e-02,-1.474103141762364011e-01,5.315746219217022173e+00,5.344119705570760104e-01,4.416654323527114956e-01,-3.926250289256095760e-01,-2.976899116237604836e+00,-2.049030755416500149e+00,-3.081519727429167244e-01,1.765708462645022792e+00,-2.428996655988125752e+00
0.000000000000000000e+00,2.197974184541160447e+00,-1.706461424354689171e+00,-3.192142295054747336e+00,-6.710891164157581024e+00,1.822082503387155050e+00,4.029349853140239190e+00,-5.231853711628141390e+00,-2.448567791003597893e+00,2.140910932482700257e+00,-1.737071680281770725e+00,1.224944970310448245e+00,-2.996575958518880034e-01
0.000000000000000000e+00,-1.595133029658876378e+00,-1.979459156340762360e-01,5.401813543694498065e-01,-4.542773120137850729e-01,3.748530407900590999e-01,-1.736204255626739190e+00,1.108123718957015669e+00,2.943716379140794981e-01,1.392202999599361002e+00,2.589483048080278849e+00,8.613495643322397477e-01,8.486215931669750523e-01
1.000000000000000000e+00,-2.198364281537523723e-02,3.802013273147584638e+00,3.824476226575236559e+00,1.766099749910304828e+00,3.262059488094987136e-01,-2.002389036351147844e+00,-2.759071057048687603e+00,1.786704575985691879e+00,5.120984039205767058e-01,-2.140860594151758889e+00,5.288600238327501035e-01,-3.304054878311818211e+00
0.000000000000000000e+00,-2.339885910801835056e+00,6.194635293521260522e+00,6.254573497305371710e+00,2.376351884757394561e+00,2.906193474909232854e+00,-2.233357453604142062e+00,1.379838469096974052e+00,-3.549818647967956764e+00,-1.605603855927288048e+00,2.164764165685972408e+00,-3.955784846533206611e+00,-1.928064350554301809e+00
1.000000000000000000e+00,1.976314800988471454e+00,-4.751130028788263182e+00,-4.843422673091692943e-01,2.681174382638167319e-01,3.395681205302223837e+00,1.917993364460864658e+00,5.947068218684861129e+00,-3.689361842287417481e-01,-2.529494690939698920e+00,2.851103639337183360e+00,-2.876754427288927829e+00,2.426569317707430784e+00
1.000000000000000000e+00,2.374114928970421090e+00,-4.036618564251614139e+00,-1.350055452212071128e+00,-1.154949989703569861e-04,1.557337468265139746e+00,9.775445374061941806e-03,1.101059433009684563e+00,-4.028608131075503973e-01,-1.072547354572734868e+00,1.421476500241192431e+00,-7.415226288790492948e-01,1.414997280344965525e+00
0.000000000000000000e+00,2.453236664146237089e+00,1.863002551316063737e+00,1.753474187421374175e+00,2.376060835836913743e+00,3.845773413948146979e-01,-9.789283198487233051e-01,-3.540622527974690570e-01,-4.939072009825150600e-01,-5.924228665228763457e-01,1.708627364957429284e+00,-2.006870482287283153e+00,-1.139462985028289355e+00
1.000000000000000000e+00,-6.616463467515356633e-01,-1.928406899201472902e+00,-4.102710523643393614e+00,-1.484633359814256093e-01,-9.614003799057215804e-01,1.910334458473216923e+00,-6.914993378217382247e-01,-2.670487052517355409e+00,7.129236983863715960e-01,-1.621623215282594677e+00,2.105759511438436427e+00,-1.334018815868787122e-02
1.000000000000000000e+00,1.755273488664326198e+00,7.475638707054650389e-01,1.131813503233056517e+00,2.027865315605572594e+00,1.390986053564250646e+00,-7.328529051971068853e-01,-1.082971500587690539e-01,1.302963048311915895e+00,-5.656629955740932747e-01,2.190390187158462787e+00,-3.739883744542630284e-01,-2.116427340243399513e+00
0.000000000000000000e+00,-1.665659290384573943e+00,7.639542935104857158e+00,1.636546738396440048e+00,8.597397119296268375e-01,-3.580373605650187585e+00,-4.041739592829002303e-01,1.134929462424142166e+00,3.597538520357383973e-01,2.057400881615775390e+00,7.211787627870118733e-01,-2.677615511024068251e+00,-1.015933580650743018e+00
1.000000000000000000e+00,-5.069392693724106280e-01,4.158331076776700108e+00,-5.544199461188421552e-01,-8.702252947532018723e+00,5.066941235448847447e-01,1.425748734722129152e+00,-3.766260426706598441e+00,-7.273651384892043659e-01,2.791418897041034519e+00,-1.103289670249285148e+00,-3.117506098038104856e+00,-2.133703947039374826e-01
1.000000000000000000e+00,-1.976429991728684499e+00,6.418147096493522774e+00,-2.033723558652031915e-01,-4.318690915433144539e+00,7.454139392175413992e-01,1.830414886719104350e+00,-2.444180550130351737e+00,-2.710954612963499155e+00,1.484999684772950079e+00,-1.003467582717443740e+00,-2.830712224560118173e+00,-2.879588782733836005e+00
1.000000000000000000e+00,6.758153024212000259e-01,3.364631094149435064e+00,2.345678710918035037e+00,2.027748476524715127e+00,2.405484117078223738e-01,-9.889488830996834290e-01,-1.013008008269249860e+00,2.288120117962979982e+00,1.331484196200735770e+00,1.196985449028284521e+00,7.705423167630103265e-01,-3.147375166173998373e+00
0.000000000000000000e+00,5.497740460527221762e-01,3.020827724194453667e-01,-1.228353421290020009e+00,-1.257838494424624587e+00,6.204313408288568699e-01,2.122901707256833692e+00,-1.733232147248408683e+00,-2.178161082796096215e-01,-1.770015268778956319e+00,3.251522933072356070e-01,-2.378920035694833679e-01,-1.148490564153383575e+00
1.000000000000000000e+00,-4.503734911507850658e-01,2.324378346487658398e+00,1.870584858582194032e+00,5.875799544783457229e+00,1.280884432373343707e-01,-6.917255879378019223e-01,1.433539732794006039e+00,1.292654930528693846e+00,-3.626908408127208272e+00,-2.755161875337386324e-01,-6.809189266120513340e-01,-3.314906260141476935e+00
1.000000000000000000e+00,1.025653978071200179e+00,3.427880461219599439e+00,-2.508141307463512604e+00,-7.373552506271714435e+00,-1.169110121431305771e+00,1.215635690246162470e+00,-2.606547506728811303e+00,-9.966878063674007304e-01,3.533370117789041309e+00,-4.467659397096370277e+00,-4.625157296334478474e+00,-1.553102418387186656e-02
1.000000000000000000e+00,1.836810261269401945e+00,-3.160481117187017741e+00,-1.422875040041740036e-01,2.411862060128261431e-01,2.606585706362252175e+00,-4.628468174289057657e-02,3.796506758233253453e-01,1.579024420786825811e+00,-3.934466523779301950e-01,3.231022115250960614e+00,1.363718402163249799e+00,-3.802830949751794254e-01
0.000000000000000000e+00,2.112194163581331274e+00,3.462167248245725748e+00,-1.613404809727372324e-01,-6.004650703409873280e+00,8.993989673844823285e-01,2.465943219294759459e+00,-2.933853403485389144e+00,-1.983732694768236993e+00,2.834735152402229286e+00,1.261705020285879275e+00,-2.888001293156536420e+00,-1.875177159102088265e-01
0.000000000000000000e+00,3.625608393353109360e+00,4.184334443222911482e+00,4.433200515569554412e+00,1.041832915043880314e+00,1.395387892778734429e+00,3.052370909994834847e+00,1.523058874296468357e+00,3.234463536701551511e+00,-1.887677892023085668e+00,4.533949823290965853e+00,-3.208472448069896732e+00,-1.605530779409714892e+00
0.000000000000000000e+00,4.461098263573206602e+00,1.538759344847787647e+00,-9.546730421874429773e-01,-5.574372169942765964e+00,1.824021727605246612e+00,3.969076755953851787e+00,-3.428115575462696629e+00,2.993354016128409789e+00,9.116290196619174502e-01,3.747273506882814242e+00,-1.286587609063917004e+00,-1.855604600150395633e+00
1.000000000000000000e+00,-2.090578445016753939e+00,6.297353657261244742e+00,4.650813931358381836e+00,5.703727036559278041e+00,1.967572630225165042e-01,5.383282061040162159e-01,2.894843777694953602e+00,2.620727010962335068e+00,-8.034383751549412089e-01,-1.917449240762509888e+00,-2.643479636219914219e-01,-4.988476928284336864e+00
1.000000000000000000e+00,-1.428886456420246809e+00,4.714340761900455590e+00,-1.222513141853212915e+00,4.286323641308846355e+00,-3.295338630877516106e+00,3.234355703003078286e+00,-9.561355960551052302e-01,-1.876128548725570777e+00,-1.395427956048108431e+00,-1.973986404212527690e-01,1.602408502547651548e+00,-2.953724976907420086e+00
1.000000000000000000e+00,2.715262440284706980e+00,2.625251413134405798e+00,2.236627512281099683e-01,-3.830621596031472009e+00,1.280351016960039168e+00,-1.159564956370060518e+00,-4.939704421924711042e+00,-1.599882513730939149e+00,7.190199055656799620e-01,-1.789693128316601101e+00,-3.792043170845278865e+00,-1.667170470986717667e+00
1.000000000000000000e+00,-4.224391441519491641e-01,6.995409518087514655e+00,5.331708518398534657e-01,3.433838152319313775e+00,-1.637105515541119161e+00,1.276186303030476310e+00,1.637522137616707063e+00,-1.987537358957617517e+00,1.715134930532569157e-01,-2.755519689179716014e+00,-3.824585517159307280e+00,-3.725295262845406352e+00
1.000000000000000000e+00,1.788309393473946241e+00,-5.219210613691885881e-01,4.078596358119102039e-02,3.472004893568464645e+00,-1.840928075295593658e-01,-2.237296579865081902e+00,1.538187175026237474e+00,5.843550488713946667e-01,-2.411026411370691847e+00,2.905276680933472022e+00,-2.180493356268613070e+00,-3.605847804604156437e-04
1.000000000000000000e+00,-2.735798575549042155e-02,1.079152629856690693e+00,1.742119786752460486e+00,1.212981927110682090e+00,1.203840384339458502e-01,-4.544662748534209484e+00,2.010742986605372984e+00,1.722049380487362669e+00,-6.650133835550151584e-01,4.287015039439331376e-01,-3.744314263636930651e+00,1.807113799734412218e-01
1.000000000000000000e+00,1.147564988195951763e+00,2.881987708551963845e+00,-1.145044096809463285e-01,4.676439205025689216e-01,-8.511103910878418111e-01,-1.041289880993952810e+00,-2.081699668096368416e+00,-2.078677884482129645e-01,9.641360589573437778e-01,-8.294836951281007176e-01,-1.305353073941515341e+00,-2.041299404974864729e+00
1.000000000000000000e+00,-3.443494338720486381e-01,2.323547752464769189e+00,-1.706435836922210125e+00,-1.265030189264839455e+00,-7.611293513362035190e-01,1.714822376901305789e+00,-2.316921208740031268e+00,-2.590345841341013866e+00,9.803634585268040658e-01,-1.245143943401396225e+00,-5.180071289503240806e-02,-1.368767904889215181e+00
0.000000000000000000e+00,1.352051934514970855e+00,2.362656846875090255e-01,1.913197003627290727e+00,5.993548948042083602e+00,5.725285237991974974e-01,-1.382752017379129672e-01,8.453558539611494282e-01,-7.371260328809075002e-01,-2.316821068267723494e+00,1.639114883371654230e+00,7.838569667985739731e-01,-1.704635321868799736e+00
0.000000000000000000e+00,1.642478962141078025e+00,-9.170406689029767522e-01,-2.535343294282499826e+00,-4.724549124311427484e+00,1.527707678267333335e+00,9.811991371091222103e-01,-3.526685923395419309e+00,-1.176420983394268482e-01,2.612381317545697357e+00,5.059752564550653808e+00,1.756651815800503780e+00,-3.424851862382396472e-01
0.000000000000000000e+00,-1.778109979574342692e+00,1.547647919436891284e+00,-9.579759071989488728e-01,-1.077821446255190052e+00,1.172391411567305752e+00,-1.047933243375373191e+00,-2.112476299516151457e+00,-3.569889913888122823e+00,3.687452883302504425e-01,1.715266727133774705e+00,-6.813816537673655915e-03,-1.253152476043996488e+00
1.000000000000000000e+00,-7.887561377541913998e-01,2.376843409447618960e+00,-2.063382307525090997e+00,-8.071969478658918007e+00,2.768183975586187451e+00,2.209154456376571041e+00,-3.737368767215291765e+00,-3.127790775336948936e+00,2.341018895508443443e+00,-1.123912088822653921e+00,-2.099712547766551030e+00,-1.527164662555396957e+00
1.000000000000000000e+00,-2.844739086801935102e-01,-5.758677899071354966e-01,3.833241838002819257e+00,-3.226194035839187735e-01,3.143909862319627990e+00,-1.861461642367775893e+00,-5.707430517110141377e-01,2.459447121642768685e+00,-2.882974695843305124e+00,1.211644161328771174e+00,-4.757749935489791193e-01,-5.587940732147543832e-01
0.000000000000000000e+00,-1.053430808526611973e+00,2.203004398646141393e+00,1.481099012137994331e+00,1.418845574246393015e+00,3.536348574893573016e-01,-2.131238968399393308e+00,-3.455736097702045706e-01,6.848374346447760885e-02,-1.932017512041309004e+00,4.293089038957766945e+00,-8.924075352008541406e-01,-8.055717521694766292e-01
0.000000000000000000e+00,-5.404690450694351611e-01,6.495015094190179639e-01,2.053859881184026737e+00,-2.934922105839446793e+00,1.567402376919051932e+00,-7.515398504284022119e-01,9.763948629680534452e-01,-1.512230386824747086e+00,3.480424336703619392e+00,4.010542176505678569e+00,-1.911324288045297415e-01,2.066882929797936086e+00
1.000000000000000000e+00,-1.594140886048486028e+00,1.328445046504486804e+00,-8.926937544899171684e-01,9.438331377517625853e-01,-1.001499592296303032e+00,3.201175557430157248e+00,7.183057130871404183e-01,-1.903603773549888967e-01,-2.193951748824340076e+00,8.746851045167989280e-01,8.947864844371034021e-01,-6.562269482049780667e-01
1.000000000000000000e+00,1.319038522425721727e+00,4.270832873719936917e-01,1.696955294172953099e+00,4.736548004642492593e+00,7.780641746362281230e-01,-5.081690520096193708e+00,1.011137476159555293e+00,1.917734029860402423e+00,-1.652380567331062311e+00,1.507225248012570962e+00,-2.043601237511124324e+00,-1.992606846455824421e+00
1.000000000000000000e+00,-5.082723575544150219e-01,-9.024348983191671225e-02,2.415024359756564820e+00,-3.635458284665673556e+00,3.060222993706146255e+00,-1.369704299751713261e+00,2.580949460522798944e-01,3.354593111228518332e+00,7.483210818481751403e-01,2.346627053090987403e+00,-5.290178984044209276e-01,-1.194904935122381717e-01
1.000000000000000000e+00,-1.105650423185559728e+00,1.480829932740914678e+00,-2.897142755238234280e+00,-6.690074341763925680e+00,-1.262287631297700496e+00,-6.380196721619491029e-03,-4.036151081170210375e+00,1.441920148105527044e+00,1.656197014916673815e-01,-9.634384126148728411e-01,-1.464573093679456317e+00,1.182136526672252774e-01
1.000000000000000000e+00,3.303847621215441510e+00,-7.882304603166123691e-01,1.871349475886148195e-01,-1.107647690498886117e+00,3.386603762814495155e+00,2.374945571871890149e+00,1.061894212269329785e+00,-1.027476684924267136e+00,7.349052637921651421e-01,7.169127823024976642e-01,-2.004280557150410758e+00,-1.004029832577527426e+00
1.000000000000000000e+00,6.768685358646613359e-01,5.267723324263717366e+00,2.559996063453048087e+00,4.255409791042850109e+00,-1.724721747143853179e+00,-6.327047683665760758e-01,7.703022865118414053e-02,4.102319829500308268e-01,-6.977538867631782882e-02,-6.502529597677635387e-01,-1.550690951131164175e+00,-2.714267241207700465e+00
1.000000000000000000e+00,2.554203985980079139e+00,3.314356845353361170e+00,1.245543144541598979e+00,7.826775469296768151e+00,-5.380974451517555046e-01,-2.343772083103554671e+00,4.511128301233259918e+00,-2.144806322192959858e+00,-4.000637390417248085e+00,-7.474878277903116430e-01,-7.458133113914910517e+00,-1.999553577534132209e+00
1.000000000000000000e+00,1.636892930419843850e+00,-3.123595047842395722e+00,1.399124921917717090e+00,-5.362185161624022367e-01,2.536685983743895978e+00,-2.235360711341376483e-01,2.174279113863117896e+00,1.014646431595269238e+00,-9.348306552852568840e-01,2.660233671235290753e+00,-8.602555744587657705e-01,1.803827542105321147e+00
1.000000000000000000e+00,-9.225114115387795799e-01,6.536021163324000405e+00,2.926219049417938756e+00,-4.145005748733376016e+00,-1.451671784214430438e+00,-4.218470113589535053e+00,-2.298561899814503207e+00,2.576001923729051235e+00,1.625506086318214916e+00,-4.150192067424065545e-01,-4.987263956157505618e+00,-4.508239105624849419e-01
0.000000000000000000e+00,1.570631982012953731e+00,-3.118949055784547841e+00,1.247445870024877834e+00,-1.431731215269960389e+00,1.113440149782939148e+00,-1.247677081663638887e+00,1.895741061512151937e+00,1.114268731328647455e+00,4.323552584044162650e+00,-5.721399234395361244e-01,9.925188878407567028e-01,2.315322429107500302e+00
0.000000000000000000e+00,1.639367336514771401e+00,1.492610095086167821e+00,1.591946538104764830e-01,4.340619735440738758e+00,1.181726641112635923e+00,9.374031799496871376e-01,-4.836873671145360820e-01,-9.809637988486668014e-01,-1.119276068347925257e+00,3.021023091658270321e+00,9.188147230554917222e-01,-3.503583337380224982e+00
0.000000000000000000e+00,1.427443954681494098e+00,-3.287061986619771670e+00,2.088075667262807578e+00,3.942870416808566536e-01,2.201362097731860423e+00,8.327026060441460320e-01,2.932056891578785240e+00,-2.706221931571692885e+00,2.165413680935071028e+00,3.884841200868389688e-01,6.110146755299574739e-01,2.870346288649472832e+00
0.000000000000000000e+00,2.027630878656220936e+00,4.426791883299618369e-01,-9.789477926407208486e-01,-1.523179864290786512e+01,3.329498070279916622e+00,2.509668259012233893e+00,-6.045429567757575562e+00,2.581072956185430645e+00,2.498483017582138199e+00,3.160191374639262030e+00,-2.823979534109681833e+00,1.715724131528554519e+00
1.000000000000000000e+00,-2.737918566249653018e+00,6.606715672955378871e+00,2.565386609929166450e+00,3.767283216634149667e+00,-3.191350242012778615e+00,4.278138687016067587e-01,2.941193022829646786e-01,-1.416924572410362293e+00,1.149670135086341638e+00,1.221364029560926934e+00,1.094265603352230887e+00,-1.472879652272204964e+00
0.000000000000000000e+00,-5.058071770868322048e-02,1.055887829175405690e+00,1.426789933666782417e+00,-1.897859966657947872e+00,2.207222667266079519e+00,7.658008094972381663e-01,-9.429456310345664116e-01,-1.117522297236828166e-02,-1.417370455053710732e+00,2.609691292844937394e+00,-9.226326343465873769e-01,-6.184941310213223353e-01
0.000000000000000000e+00,-1.043573485322393024e+00,-2.788797900213480840e+00,-4.238276878405817794e-01,-2.345174003127272755e+00,1.698649215214964370e+00,-2.076464900892017518e+00,9.771133954950698142e-01,1.091814619778038065e+00,7.597747446064626597e-01,2.346338907469549540e+00,5.150024837838440561e-01,1.548257603143214478e+00
0.000000000000000000e+00,1.037245383111905062e+00,1.465936324946718328e+00,1.263093020872756433e+00,-6.801507575615658441e-01,2.364170798396152406e+00,1.546090076822963066e+00,-2.896727721259031441e-01,-1.688610966204769470e+00,7.551472768899831767e-01,2.828805256082943309e+00,-4.622416438334085997e-01,-1.157601022495910126e+00
0.000000000000000000e+00,-3.397767513110930171e+00,-2.173646142900461861e-04,1.770490884138869125e+00,-2.341747912328086212e+00,2.380303741178333876e+00,-3.727405971658567019e+00,-4.806254287812710135e-01,-7.422689635814800901e-01,-2.390233106588951717e+00,-2.642995736735798129e+00,-2.582455889835146401e+00,2.129043282609813792e-01
0.000000000000000000e+00,7.641670563866924670e-01,2.542155004519890849e+00,3.003613890943995113e+00,7.832031129573733264e-01,1.655642938013563992e+00,1.699038139503943334e+00,-6.774618545184607488e-02,1.941502588561088150e-01,-3.430674622561047826e+00,-2.784499919361669296e-01,-2.565553409781572647e+00,-1.592011132176216259e+00
0.000000000000000000e+00,-2.107404684500621128e-01,-9.689047573664876234e-01,3.219105628923194740e+00,-6.470220412798917131e+00,3.537807475137534130e+00,-3.340829891708344768e+00,6.797230591860796700e-01,-1.424753123830447832e-01,4.776741380321164243e+00,1.418544703676241969e+00,-2.002516168722595857e+00,3.039394850085467503e+00
0.000000000000000000e+00,-1.102001510928081185e-01,1.186437784800018047e+00,2.790244744489835504e+00,-1.180241522960639111e+00,1.010460518244701955e+00,5.528057136850095254e-01,3.903507873402296546e-01,-1.833740076631221516e+00,-4.118449942627299132e-01,1.004442266084805135e+00,-1.632304047466073049e+00,1.553702730328666792e+00
0.000000000000000000e+00,-3.875984736230236649e+00,-9.712538443421564471e-02,-2.096029011614961579e-01,1.123729950773249442e+01,-9.623262910988283902e-01,-4.297299460528940962e+00,1.558766831930703312e+00,-4.406322601080072232e+00,-5.570532059014186466e+00,-1.113603980443043984e+00,1.562467350451373527e+00,-2.741155810814861926e+00
0.000000000000000000e+00,-2.044427921864905962e+00,2.790696820780215859e+00,7.933111715550511533e-01,-5.331519012310912409e-01,-7.912730516633013078e-01,-1.365578117948089254e+00,8.296422536871228548e-01,-2.168769066043893634e+00,-4.295077837470140381e-01,2.228389894502816881e-01,-2.834961296687773746e+00,8.694099548923563958e-01
0.000000000000000000e+00,-2.580264206658959836e-01,1.663319525075475092e+00,1.456283749363153301e+00,-1.741123614913202999e+00,2.804888823909567286e+00,2.627851601064704834e+00,-1.298170517689327452e+00,-4.467611067508509670e+00,7.583009293929983130e-01,-3.918784243407389400e-01,-2.517021660032326968e-01,-1.002442352899924893e+00
1.000000000000000000e+00,-2.238741424319367290e+00,7.195861837119703175e+00,4.328625387070474950e+00,4.163930307791035013e+00,-7.600982907430886559e-01,-2.416109652071922298e+00,4.573312939749808237e+00,1.501429426488197549e+00,-1.935388026656317706e+00,-2.164157429318941173e+00,-6.001118124579535973e+00,-2.610164707820214591e+00
1.000000000000000000e+00,-3.508480494269375249e+00,5.048731151092570535e+00,8.370601032540501141e-01,2.598487539156837389e+00,-2.891708402039839587e+00,3.902308728673707927e-01,1.503021854380515165e+00,-1.485418464624824741e+00,1.780340298527522069e+00,2.473071472029799711e-01,1.000272311246187762e+00,-9.424316873327299726e-01
1.000000000000000000e+00,-1.535406173629467741e+00,-3.112573919605583050e+00,-3.915976470955289113e+00,-1.084342664778379905e+01,6.397766377131746118e-01,2.077320706729517852e+00,-4.344500793036026209e+00,-3.192722084345723577e+00,4.672587845990703315e+00,-8.016960258420041674e-01,2.263571357024769526e+00,3.797582056486461966e+00
0.000000000000000000e+00,-1.140281088755388250e+00,-1.967656652018769714e+00,-1.964156947279779963e+00,-1.179783935262393335e+00,1.222483100800323630e+00,1.018044556458454153e+00,4.835554752405295531e-01,-1.088402515990051889e+00,-1.254021498418891323e-01,2.632756125708510808e+00,1.552001893282398459e+00,4.314371490943438303e-01
0.000000000000000000e+00,-1.470312591580646533e+00,-3.593382290729559836e-01,3.579544129933158736e+00,-4.595698419662549439e-01,3.618528817381803098e+00,-1.313209610055542820e+00,1.506582768160948049e+00,-4.025947326966186068e+00,2.601738759459000239e-01,3.081420729143210524e-01,-1.205582914652292947e+00,1.247723452574793557e+00
0.000000000000000000e+00,-6.513651525950283627e-01,5.832318589460184555e+00,3.140201440131149990e+00,7.172916674791157021e+00,4.999517371730891613e-01,-2.828095798419774543e+00,1.397120529460660787e+00,-3.438035069354394846e+00,-2.435746711516695306e+00,1.286297784159872615e+00,-3.552525182392399117e+00,-3.835419350179291698e+00
0.000000000000000000e+00,1.975765312265188367e+00,1.893684669962906852e+00,2.752779199372248353e+00,1.620196851943238370e+00,1.622039784658730888e+00,-2.682173367048313661e+00,-5.538160117998709442e-01,2.658612364696782748e+00,-8.516529833149438788e-01,7.369132946610728041e+00,-9.031459289233831900e-01,-1.541181751521744303e+00
1.000000000000000000e+00,-2.786846497069463524e+00,2.588764800140200162e+00,2.074700787518182210e-01,-1.398038684809314258e+00,-1.851733809618061777e+00,-9.253108028721590550e-01,1.578500781130849351e+00,1.004261389674998561e+00,1.258441952011793319e+00,-2.359874136829969160e-01,-1.077789450217966127e+00,8.152467731284767094e-01
1.000000000000000000e+00,5.392279325748638996e-02,3.435266091013192025e+00,-1.561244950310449076e+00,1.601574263219895045e+00,-2.451787971048380754e+00,9.119783176457398888e-01,-1.461803470907638625e+00,-2.339530604106612621e+00,-1.270030068459950812e-01,-2.715192965268356851e+00,-1.339527096147974827e+00,-1.802365821414403824e+00
1.000000000000000000e+00,-2.922553765694155370e+00,6.878930734316140994e-01,-1.741527051043328722e+00,-3.571794470210402306e+00,5.281465747214590944e-01,3.928020761887334178e+00,1.567013586598302144e+00,-1.481983944559013278e+00,-1.697912461630510794e+00,-6.250781710677069114e-01,-1.242689018359133257e+00,7.150051212354466834e-01
0.000000000000000000e+00,7.104555123134663752e-01,3.686186335061631958e+00,5.193035264037117571e+00,-2.771676975305600976e+00,2.793222016382163275e+00,1.467975037719091436e-01,1.598151779148739404e+00,3.655683064685952832e-01,5.868348044919317275e+00,4.394003617034515363e-01,-1.279416806075606594e+00,-4.982294893375629474e-01
0.000000000000000000e+00,9.491718313192271106e-01,-5.926690880106781911e-01,-8.137187304238180374e-02,-3.197483556708612618e+00,1.634215077783212511e+00,7.271762042607399223e-01,-2.710850010050172898e+00,-9.132792794026785010e-01,-1.462851403138993867e-01,3.626861866535482370e-01,-2.299948832006959432e-01,9.776004533336601909e-02
0.000000000000000000e+00,1.519206156671565777e+00,1.646668682725389354e+00,-6.412665778466730693e-02,1.258202275840398343e+01,-1.661396170270138306e+00,6.447706132430954806e-01,2.460989984029696043e+00,-1.996274847326819923e+00,-3.726760908621046919e+00,9.684810459751049816e-01,1.372060479516585385e+00,-4.312324691221807171e+00
1.000000000000000000e+00,2.015091239651430222e+00,3.010075489746003363e+00,8.408232492714320383e-01,8.275903404047632250e+00,8.101103260219901792e-01,1.295847781015564415e-01,3.375425704442878150e+00,-1.312245853422189246e+00,-3.698220481776175017e+00,-1.293626002377211481e+00,-3.903327314397735837e+00,-4.628292745454036350e+00
0.000000000000000000e+00,-2.221321911332174270e+00,1.854464638931892617e+00,4.320086862851114651e-01,-2.287730359399411828e+00,-5.787190117308496085e-01,-3.115206846888272985e+00,-2.420676694544043883e-01,2.657925363161120380e+00,1.610404063686811105e-01,-1.593164252202579068e+00,-1.947986305265983820e+00,-3.230036173163901569e-01
0.000000000000000000e+00,2.635134952775306960e+00,-7.906577109877456211e-01,3.343071529583477641e+00,3.734169197602472234e+00,-4.784134444554717369e-01,6.770484172741650930e-01,4.670780449531684475e+00,-2.310454191794762302e+00,2.529291133608073228e+00,-1.184530140884286542e+00,-1.134426659557448813e+00,2.917393072984143743e+00
1.000000000000000000e+00,-2.373740436791528019e+00,2.728324427336857649e+00,2.936824952475314277e-02,-3.736319192722142635e+00,-7.734551301381042965e-02,6.706299107302531315e-01,3.200270029241241154e-01,-6.022373037108041949e-02,6.181120714149130890e-01,-1.675026948543084648e-01,-1.881268997177778957e+00,2.594595381841082737e-01
0.000000000000000000e+00,1.628200334076336464e+00,1.368781885212989602e+00,2.285985657259489656e+00,9.757237342851605710e-01,9.387113858250262233e-01,3.335614317450212862e-01,-4.409615758117056972e-01,5.462081318210278980e-01,-9.603409740690429519e-01,3.659470671120317764e+00,-4.752412537958807803e-01,-5.251823788736924570e-01
1.000000000000000000e+00,-3.336063329307024539e+00,4.055864320936355405e+00,1.101478757825771648e+00,5.011672729583229735e-01,-1.762170449512479475e+00,-1.091176542888125933e+00,-3.031557876534319185e+00,-1.686773313679883035e+00,3.163946559225169430e+00,3.040654065754027968e+00,4.260640051702613285e+00,-1.179834154977698502e+00
1.000000000000000000e+00,2.170404388368143422e+00,-1.367878637764960548e+00,1.021003382024941120e+00,-1.921934094273914262e+00,2.468732298729607422e+00,-2.063556392876428447e+00,-3.653238531836493497e-01,1.528830185224782756e+00,-8.210367491525230044e-01,4.402182773801849969e+00,-2.053216718174368349e+00,7.151776457760046224e-01
0.000000000000000000e+00,-2.298635163404441961e+00,5.792379569848148391e-01,-1.816934292939440532e-01,-2.446400244205110486e+00,1.060924400950437718e+00,-1.747009940259595329e+00,1.390622552314803029e-01,5.088799175576341760e-02,-1.168461415714838747e-01,1.365517222265984820e+00,-1.080129848833410566e+00,1.510517134521213167e-01
1.000000000000000000e+00,-3.467100442668583860e+00,2.721352235743240033e+00,1.318086841645777607e+00,-2.841594374392903077e+00,-4.240667401519226942e-02,-1.461116088470240548e+00,1.239353637730158830e+00,1.015407774519836437e-01,3.002265607607288889e+00,1.157814339639412715e+00,-3.029205793088414200e-01,7.157922372972977954e-01
0.000000000000000000e+00,4.491506261952891155e-01,-9.152426534762608812e-01,2.272390267656520635e+00,5.208989286395827589e-01,1.658174505960373635e+00,5.079191539829879254e-01,2.005446782298604624e+00,-2.056689881628639860e+00,2.569655217656483082e+00,9.663740596653935810e-01,9.602970408991069462e-01,1.337918249119809389e+00
1.000000000000000000e+00,-1.172203665299216047e+00,3.180233468906322525e+00,-8.884981411417210984e-01,-2.113760620421777592e+00,-5.964594288933990907e-01,9.005444093217194190e-01,-6.954212650141932128e-01,2.693561436043445667e-01,-1.395663594189800349e+00,-1.058191181813907811e+00,-2.750616843844041703e+00,-1.250434246081115530e+00
0.000000000000000000e+00,-7.268545780882426088e-01,1.846680511834011551e-01,1.788021555815665797e+00,-2.804322921449609485e+00,5.267921329090242688e-01,-2.675288786351121217e+00,1.148332755756565460e+00,-3.266256141766624932e+00,1.273104691790260645e+00,1.129752784756633099e+00,-3.470591267077711706e+00,3.800064021195352915e+00
1.000000000000000000e+00,2.975428358986875743e-02,-1.358209109070758647e+00,2.010814082057334140e+00,-3.123154580292931137e-01,4.210324111406311687e+00,5.326842620181966304e-01,2.066006978755983159e+00,2.591635497455619941e+00,-1.826454635501995050e-01,1.042725641674196568e+00,6.196164143250693090e-01,-1.755223115593057992e+00
0.000000000000000000e+00,3.312969477243097316e-01,2.826671294730114692e+00,4.663049282766788650e+00,1.306601702603407134e-01,1.006221907495298717e+00,-4.685600097976249101e-01,2.118868544309576052e+00,-4.909315124767261729e+00,3.730807830645844980e+00,-2.126313579703886791e-01,-2.439186859153736453e+00,2.048892779651597884e+00
0.000000000000000000e+00,-1.377823761285284387e+00,1.556783953954578248e+00,1.555864699323791012e+00,-1.156787950314208002e+00,1.849042714686023992e+00,-7.222296506589908072e-01,1.199085824919018828e+00,-3.091508234334403582e+00,-7.988771011114965681e-01,1.906336654383959051e+00,-2.906616581479475769e+00,7.867884858008977744e-01
1.000000000000000000e+00,-2.635333883416341116e+00,2.217354323586362419e+00,-3.477052117620222926e-01,1.970170697036553786e+00,-2.121671306294009796e+00,-2.887973492504958273e-01,2.634928034710564138e-01,-4.197774239265636975e-01,2.540430119252089725e+00,1.545100526783865114e+00,3.290190940430223421e+00,-8.117595184435393296e-01
1.000000000000000000e+00,-1.236326306801577957e+00,7.557985002930329710e-01,-1.849918045786197229e+00,-3.990001813007028719e+00,-1.078271866663658152e+00,6.507772572127619171e-01,-1.882100100638668394e+00,8.674732963842533007e-01,-3.407087186693082970e-01,-2.806502528973146005e-01,-5.634115628964871947e-01,5.451810738085565156e-01
0.000000000000000000e+00,-1.037376356140693012e+00,5.059352563862066221e-01,-9.056806271731747682e-01,-2.486687641118279668e+00,4.065753756802963359e-01,-6.066287097452560673e-02,3.989885660927294797e-01,-1.216361038427535846e+00,4.912488311905217619e-01,2.303767745068663331e+00,-1.213788957701934512e+00,9.824762223880431078e-01
0.000000000000000000e+00,-1.174408993336509832e-01,7.884161048865913068e-01,2.570394583735504668e+00,1.343989967662605700e+00,-3.688905631543482055e-01,-1.133091205349655572e+00,2.163426486320293662e+00,-2.671394036617336099e+00,2.751605963007580424e+00,4.874884158547018176e-01,-4.308289638524828158e-01,2.122255874003895926e+00
1.000000000000000000e+00,1.691294213270844615e+00,5.462608986614459816e+00,-2.124150985693187721e+00,-1.434373277858731477e+00,-2.428765566817820520e+00,1.650737796161634297e+00,-2.716325688147768425e+00,-2.612911474877485318e+00,3.211641886245625521e+00,-4.404192612882824598e+00,-3.036702865327756129e+00,-2.623289470009569690e+00
0.000000000000000000e+00,2.718341074760377563e-02,-1.919905460286694676e-01,-1.591385845255285147e+00,-2.791940323489714437e+00,1.035400644696681693e+00,2.687090598123401453e+00,-2.272146530891903549e+00,-5.519972207837096967e+00,1.179139859101032251e+00,-3.651363245826081183e+00,-2.699977494292624680e-01,1.364860154785876301e-01
1.000000000000000000e+00,-7.768612132949335169e-01,3.119303247267469992e+00,1.489028568150406517e+00,1.724868474658882045e+00,-4.769331697750529564e-01,4.668978921603657017e-01,9.971816532194961447e-01,8.982627253809090107e-01,-3.468461575454008461e+00,3.812392286963708354e-01,-2.568913404930167843e+00,-1.207362224431187903e+00
0.000000000000000000e+00,-1.534164698563978968e-01,-5.018200085595278637e+00,-1.267523954972896050e+00,-1.045386714405555223e-01,7.691529692838305898e-01,-9.586636841238260764e-01,1.581622042069427359e+00,1.098881023718378813e+00,2.849140628829800015e+00,4.041526274625754311e+00,4.559251326777055802e+00,2.200807110237980257e+00
1.000000000000000000e+00,-1.139046685645410673e+00,5.072148335328897417e+00,-1.012532155432751990e+00,-8.159068866085185112e-01,-1.892212695443524773e+00,-5.322141815764585004e-01,-3.096080487034237105e+00,1.201660252506643545e+00,-1.154550985418770548e+00,-3.014455697232657494e-01,-1.682774657471021840e+00,-3.025034855911544085e+00
0.000000000000000000e+00,2.711838968784444859e+00,3.178390207000139078e+00,3.426714881268692281e+00,-1.978676095987853989e+00,9.552105814990096144e-01,3.177986474635690506e+00,2.442379779842518417e-01,3.060607118587317821e+00,-2.250247627804966122e+00,2.966525130261816301e+00,-3.395538163133795972e+00,-1.297227110485777990e-01
0.000000000000000000e+00,-1.102264902467766650e+00,6.672147433249180359e-01,3.981512820350197046e-02,-3.236278749275010469e+00,1.447756292418985513e+00,-6.036295221324461391e-01,-2.203693248660710147e+00,-2.136796272637470295e+00,-4.476550594162453933e-02,9.680093573897537995e-01,-8.055383368646988895e-01,2.234916285380434964e-01
1.000000000000000000e+00,-1.118064051665860426e+00,1.919535698010568892e+00,-4.790847157861724881e+00,-4.388279183412541862e+00,-1.422113922129203401e+00,3.829186233348212953e-01,-3.142030942038742669e-01,-2.690514487830690804e-01,1.267014267123986793e+00,-4.653419531054408864e+00,-3.814314266511844576e+00,-1.140526504721600665e+00
1.000000000000000000e+00,1.534559408973518613e+00,1.038767333656437711e-02,1.140615411523434153e+00,-5.473863702109901253e-01,1.344961548035057408e+00,-2.093323930588766757e+00,1.914516950013885221e+00,5.088820573658612290e-01,2.306044785182189027e+00,-5.663796753176180143e-01,-2.650638218359342879e+00,1.812830441765937994e-01
0.000000000000000000e+00,9.480232525962011270e-01,5.617606161440136942e-02,8.948262898665565457e-01,1.891279947168988063e+00,7.783830116378285258e-01,-4.353839169761088979e-01,-6.976324879878814667e-01,-1.547048178976677901e+00,-1.878407107411375954e+00,-7.973630901077835009e-01,-1.016853210945432018e+00,-7.259846105342647737e-01
1.000000000000000000e+00,-4.508325358020203177e-01,3.142625039322413105e+00,-2.771750223015485570e+00,-3.364371772448591091e+00,3.518546728032729831e-01,9.659186819335122687e-01,4.869015220427357349e-01,-3.710791373384440650e+00,4.360226327199589136e+00,-4.634498000610384416e+00,-3.564370445520793851e+00,-1.764974277424086857e+00
0.000000000000000000e+00,-2.548290159206032968e+00,1.156836169310677453e+00,3.250521978706804926e+00,-7.154430822663600864e+00,5.234893102826996270e+00,-3.932179390367954053e+00,-1.279803188403505931e+00,-4.365338101476251564e-01,1.172644939978556566e+00,2.876608135669872501e-01,-3.517039630242154491e+00,1.340613328877910959e-01
1.000000000000000000e+00,-1.365828228827255852e+00,-1.282402219450623937e+00,1.145918347241003499e+00,-5.980329182140629030e-01,7.154383154502163000e-01,-5.787569909960865733e-02,9.462778314791189249e-01,2.869616314210332142e+00,-1.888364595771565124e+00,2.595253323054859784e+00,1.245075745387278943e+00,9.106166737563881064e-01
0.000000000000000000e+00,-1.802528171251013944e+00,-4.880095208791521699e+00,-2.858440118542894925e+00,-3.451634304894104943e+00,3.706133057256070007e+00,-1.087249115006067024e+00,-3.150462191871994388e-01,1.925949799414896635e+00,-2.215974901229145200e+00,2.190210905333596525e+00,1.342388081170213798e+00,-3.162619697471904523e-01
0.000000000000000000e+00,-1.724472625977112150e+00,3.640204180826476676e+00,1.844394824644452369e+00,-3.129543435883628821e-01,-8.104240234030248846e-01,-1.651611035681593842e+00,2.685777176645093300e-01,-1.579712737999118488e+00,3.129168057744933229e+00,1.026105989746487257e+00,-4.710165101020906686e-01,1.382016346397536566e-01
1.000000000000000000e+00,-2.464470804854221875e+00,3.632004147308010467e+00,6.024574391212564883e+00,2.250991497883830572e+00,-2.066867788194430844e-01,-2.994114807991327787e+00,1.177819268094178584e+00,3.716128185907392023e+00,-2.501197208075083722e+00,1.060401057852223161e+00,-9.911112719145132033e-01,-3.238881608099088982e-01
1.000000000000000000e+00,-7.397928321360669468e-02,5.562940891228779883e+00,3.875466755713197209e-02,-6.471434002157488763e+00,3.066005973641450222e-01,1.253531903321072782e+00,-3.130125039759562799e+00,-1.398248908443497474e+00,1.394000628317065615e+00,-2.197256908830780731e+00,-4.842946043876689366e+00,-1.269272434636734115e+00
1.000000000000000000e+00,-2.467621470610083634e+00,1.638564827829549486e+00,5.527815805553760065e+00,1.141773542121477858e+00,1.145750638267589050e+00,-3.877436459141695657e+00,-1.518410218116869714e+00,6.097817686701374917e+00,-1.262487535181780807e+00,3.348625404179462084e+00,3.146279431780358848e+00,-1.559133638291803514e+00
0.000000000000000000e+00,5.525222092688610864e-01,9.216230331419873467e-01,-7.702958160228097206e-01,-1.359043171632164260e+00,-1.063635953021685232e+00,3.113377778556818409e-01,1.515730039855296418e+00,9.693125052144817566e-01,1.229251883962040992e+00,-1.223171454149394322e-01,-2.030918793487572316e+00,7.552470683400163143e-01
1.000000000000000000e+00,-2.147534235837653682e+00,4.523877623868428621e+00,2.615514972533221627e-01,-1.236060200515773255e+00,-4.881479452356791704e-01,3.068975539308915756e+00,-1.709457734372227922e+00,-4.193886969914525586e+00,2.610688819524725979e+00,4.829758878010697032e-01,1.483685370037003182e+00,-1.309973568928220145e+00
0.000000000000000000e+00,2.250017732153338557e+00,4.254775915671113573e+00,3.277725655588107578e+00,5.355312910069605969e+00,1.263238770894532736e+00,3.854200404410221825e-01,4.946070284212717993e-01,-1.871157530547994163e+00,-1.348960678295223703e+00,1.090109446109706948e+00,-2.231085891478900241e+00,-3.552522820485968236e+00
0.000000000000000000e+00,-1.429624485994654304e+00,-3.011324833107761556e+00,-5.075560620350147989e-01,-2.803378797986420867e+00,1.870118358014357884e+00,-2.795384393096377540e+00,5.383872470451385173e-01,7.229363800676933405e-01,1.290326236359921053e+00,1.935612009258544930e+00,7.371608737599844030e-01,1.622521133754336375e+00
0.000000000000000000e+00,-2.623681141395152183e-01,-5.935477951984973188e+00,5.967365513716764713e-01,-1.481752964215371782e-01,3.005269992925599265e+00,-2.094887278127476549e+00,1.418556192390220128e+00,-8.463793210365608832e-01,2.699236574936343835e+00,1.829521531772746457e+00,3.881408304550511446e+00,2.266880797583080920e+00
1.000000000000000000e+00,-2.320653844685983458e+00,1.382934557100374384e+00,4.040466425231412195e+00,-1.878549029805202331e+00,2.241093621496004218e+00,3.931803482359663704e-03,2.792922293341513651e+00,3.619911796121881409e+00,1.036429422529476341e+00,1.079746438760734728e-01,2.857400423674483214e-02,-2.058268086461096935e-01
1.000000000000000000e+00,3.891416860810167577e+00,-3.900467581574016851e+00,-7.707279720751403218e-01,-1.131832140855583424e-01,1.072876428789843350e+00,-5.715850150557527654e-01,-1.665443340821549434e+00,-8.949598216522629546e-01,-1.404255639384463406e+00,3.155104270510606046e+00,-2.705516031389514353e-01,1.849476089901576081e+00
0.000000000000000000e+00,3.497294318260331103e+00,4.000556683447383244e-01,1.529642212088122788e+00,-4.085985695497655890e+00,1.041561117696423455e+00,4.611403740948119889e+00,-8.608453049955966385e-01,-1.154208395735101256e-02,1.331013400210035336e+00,1.548083067789339573e+00,-9.672916645705225136e-01,1.625944286977408559e+00
1.000000000000000000e+00,1.386694376901394854e+00,2.612823112028602512e+00,-1.396280611966460583e+00,1.111231706565102506e+00,-1.211669960290476356e+00,-8.105862163530270781e-01,-1.019788471254012174e+00,-1.651067062430036092e-01,-1.474584240330978346e-01,-2.625968223721933725e+00,-2.866498757607953252e+00,-2.396865951971379083e+00
1.000000000000000000e+00,-1.954508785532633741e+00,5.297898896976612093e+00,2.949323273595811923e-01,-9.924196511772354512e+00,9.705636770690206916e-02,2.059784851319117482e-01,-2.808503621874964828e+00,-7.307239640383353940e-01,4.580361846806377812e+00,-1.321757223430917616e+00,-3.724431844137107372e+00,6.874144037948937136e-01
0.000000000000000000e+00,-3.507517400310642408e-01,2.440570368899258380e+00,-1.001257648704967362e-01,2.213765579824782392e+00,8.756460098692526728e-01,3.129575805722885073e-01,-8.289184915663744269e-01,-2.930402270637233464e+00,-1.089580526592636600e+00,5.019709079474571345e-01,-7.081251005486253192e-01,-2.665323792325856367e+00
1.000000000000000000e+00,2.406614049295380475e+00,-5.381405749671691829e+00,-2.039875525501960496e+00,-3.133679898901007288e+00,1.380731752281366242e+00,-2.922425766514368473e+00,2.186201653861640004e+00,-2.187916626236123818e-01,3.049572748935789335e-01,2.178675122128383546e+00,-3.453083390300052180e+00,4.306417762492229073e+00
1.000000000000000000e+00,-5.542123532335323510e-01,1.461242619429651057e+00,-3.320734319567761883e+00,-6.776447601075272775e-01,4.704931793307258747e-01,1.412218490889327160e+00,3.026625297509408341e+00,8.350152300894924107e-01,1.436517039806176621e+00,-2.225281658137974183e+00,-2.377144342683203071e+00,-2.752487791518539506e+00
0.000000000000000000e+00,-7.420306641057055064e-01,4.349407613878895074e-01,1.067817773032875062e+00,-4.420414189757364554e+00,3.042616375879931390e+00,2.212972123010549907e+00,-1.305382074941602299e+00,-1.616024506404696304e-01,-1.184496979823521201e+00,2.016990930375109237e+00,-4.864605503592119851e-01,-1.666877864385888364e-01
1.000000000000000000e+00,1.768426168570662593e+00,5.621043188952305591e+00,-5.126476219469700002e-02,4.348794727671537075e+00,-1.924766123009668872e+00,-1.810619911969431506e+00,-6.115110618593473379e-01,-8.672514586172648254e-01,2.029104270338849325e+00,-2.694825303165739427e+00,-2.710111340219802045e+00,-4.418795045601937588e+00
1.000000000000000000e+00,3.478086587562463805e+00,-1.242930355958731914e+00,-6.081567567855037382e-01,2.337751328695880204e+00,1.221250069776441016e+00,-1.252137464839130354e-01,1.727656907816738308e+00,-1.690161034864802847e+00,-6.558332136675593116e-01,2.286037612803466512e-01,-2.913910092043137556e+00,-3.136039968409556344e-01
0.000000000000000000e+00,-1.904385227348140308e+00,-2.815982672229878858e+00,-1.633151982334039243e+00,-2.521442845705207159e+00,1.873948708567237720e+00,2.200797948877529997e+00,-2.707279769738099251e+00,-3.935883990537669241e+00,-1.303229723033345167e+00,-2.912571927428269536e+00,2.411413397909676792e+00,3.707263560689197934e-01
1.000000000000000000e+00,6.221165920695550966e+00,-6.879984863212151858e+00,-3.332226382980478796e+00,-2.210654685343005355e+00,2.934532931548938794e+00,1.943897165290057849e+00,-6.927075770677944000e-01,-2.375519775215205076e+00,7.747283278118479721e-01,3.575063092015155153e+00,-1.316543212666255735e-01,2.381910868217294919e+00
1.000000000000000000e+00,-5.864345518568825355e-02,7.809086442139943074e+00,-8.958637379253748811e-01,2.528890036717077461e+00,-2.889213241934860843e+00,7.294317383014133904e-01,4.482762155299253592e-01,-2.347712875194465809e+00,6.726910116846460674e-01,-4.922434089987683059e+00,-5.140015088402763332e+00,-3.982668069153010304e+00
1.000000000000000000e+00,-9.066673255503536755e-01,4.183752587396681655e+00,-1.296984618591074945e+00,4.170106300083354256e+00,-1.848727669416444508e+00,1.563161407345419196e+00,1.255655825780380042e+00,-2.634230003305179757e+00,1.232481107518056840e+00,-1.865015987356592131e+00,-1.449849753416294629e-01,-3.226050208491186400e+00
1.000000000000000000e+00,-1.541491881198224112e+00,8.361932103472422995e+00,1.300543979465941913e+00,-5.563927571498049396e+00,-1.083697806507032624e+00,-1.230072518720751074e+00,-3.668606051204259533e+00,-4.570276223168545648e-02,3.089332482136944780e+00,-1.013391524647692110e+00,-4.106057925141839426e+00,-2.165605193157124297e+00
1.000000000000000000e+00,-1.135204249265655108e+00,3.030153669767198799e-01,-2.687565422051320319e+00,4.621676402345488432e-02,-5.366174819763547266e-02,1.966618229183082267e+00,-8.391089485771636713e-01,-2.537237921729861512e+00,-1.281915239886344260e-02,-6.705768825748137374e-01,1.187165692937221628e+00,-1.437124620291535537e+00
1.000000000000000000e+00,-4.304311507437799111e-01,-2.914964544974319449e-01,-4.044215041037360514e+00,-3.272787712524663384e+00,-1.182669300644861199e+00,-2.050625729456818647e-01,-5.702725455511649111e-01,1.338765115814291029e-01,7.731718457618097506e-01,-3.208697051319440163e+00,-2.026902683971033348e+00,-4.491360628407792266e-02
0.000000000000000000e+00,-2.112568670362224843e-01,7.075311520504241614e-01,1.073550816447772061e+00,-7.048407679105509471e-01,1.390087453635656667e-01,-5.127862274922343477e-01,1.756192931026063331e+00,-1.217752262564949506e+00,2.573313414424951429e-01,1.080559939638364719e-01,-2.447139013939366947e+00,1.530143987683072249e+00
0.000000000000000000e+00,1.595861279425250245e+00,-7.716384023723981134e-01,3.503856179653948466e+00,1.475705353880202818e-02,1.016871803561382848e+00,-1.551154483204364665e+00,3.299897734126453042e+00,2.676034859384159859e-01,4.375669165501868463e+00,1.616004511712495484e-01,-7.062214652303738793e-01,2.367157529596139565e+00
0.000000000000000000e+00,-2.009257821913699615e+00,6.125351084195751028e+00,2.717686055491534525e+00,-2.592804067750897445e+00,1.520402081608502876e+00,6.837578156080688085e-01,2.059345046584699634e-01,-5.538196516509060530e+00,9.361008647485131728e-01,1.668874377193182656e+00,-4.402390672840779118e+00,-1.611670200689192534e-01
0.000000000000000000e+00,-3.004854907628783600e+00,1.064664703401262846e+00,2.247694021370119977e+00,-5.061472634467398812e+00,3.910221280014369416e+00,-3.019563187442324104e+00,-1.058897074159598439e+00,2.852759136656604078e-01,6.765736404324076414e-01,4.073821777628316987e-01,-1.583273084140780274e+00,-5.870676429172663191e-01
1.000000000000000000e+00,2.642431767737819737e+00,5.161145695563806868e+00,2.476601645951595820e+00,5.843672734029685678e+00,4.083412516289067762e-01,-1.386016459913369081e+00,2.315112833881850740e+00,-1.483349353530640347e+00,-2.139014110488516529e+00,-6.365024964941787822e-01,-6.215699372581195092e+00,-3.511597498351383795e+00
1.000000000000000000e+00,7.998500172572839961e-01,5.694691368598650882e+00,3.719057346716338586e+00,-8.380507275083090013e-01,-3.358397748498995750e-01,2.176028488667157923e+00,-3.574685313919604202e+00,1.484578076514942335e+00,-2.635862998338291963e+00,3.239859557281040914e+00,-1.101915945439906119e+00,-1.760298188645919026e+00
1.000000000000000000e+00,-1.946028059064511595e+00,3.839568892918688636e+00,-5.569180812051810481e-02,-1.233233909603477674e+00,-9.835501312410257491e-01,2.492357905177672528e+00,6.593399181072170379e-01,-1.169177450058746626e+00,4.325742587192285882e+00,8.818038708962989691e-01,1.682281645143323345e+00,-9.786665479071255946e-01
0.000000000000000000e+00,-3.135764675821337555e-01,-4.852201212350013004e-02,4.585241341613326416e-01,-4.825630644004425207e+00,2.345216252655876410e+00,-1.082617951400574929e+00,1.784052218845436633e-01,5.513145660615410559e-01,2.994175268601886764e+00,2.664751505870063486e+00,-9.298179491423937959e-01,8.200461353595166480e-01
1.000000000000000000e+00,-3.307407990809085874e+00,7.917310145358559481e+00,6.118852389652356116e-01,1.081206054646881437e-01,-2.214434415227019670e+00,-2.639265183355067990e+00,-5.356198059803740641e-01,1.628057151034365102e+00,2.736181613331233997e+00,3.245377093529675516e-01,-1.499570411751899757e+00,-3.737924555888996192e+00
0.000000000000000000e+00,2.061209080953701811e+00,3.958110258952786342e+00,2.191431698045129384e+00,-7.424363818791872127e+00,2.432543427969803496e+00,4.584278377807515348e+00,-1.468972830511090288e+00,-3.833941176534860773e-02,1.201458084474534171e+00,1.665473456489660276e+00,-3.975785646238032101e+00,1.215213263415650946e-01
1.000000000000000000e+00,-1.187054661300422032e+00,1.657429802988246159e+00,-1.236288393147212172e+00,4.063197782557645965e+00,-2.741543128320000022e+00,9.001840854360909638e-01,9.538958773708066108e-01,8.231796410070255643e-01,-1.194131670733293404e+00,4.076521630487650594e-01,1.611546456181797815e+00,-1.465777297247962796e+00
0.000000000000000000e+00,-3.025950266255876819e+00,3.204269729876279449e+00,-2.453703671634075434e+00,-1.400915119405354847e+00,-1.107130385968575492e+00,-1.091334231809938160e+00,-2.672056677275960190e-01,3.649413246498970587e+00,-2.594056287267968219e+00,7.290297463082453522e-01,-1.953789076987385354e+00,-2.754422878196539415e+00
0.000000000000000000e+00,-6.440297638562295646e-01,3.946392266346355093e+00,-1.513269103998926557e-01,2.518552510331672600e+00,-2.178198457618194084e+00,2.745763393702080890e+00,1.257788059681943071e+00,2.625978252049909756e-01,2.508881207490528897e+00,2.710163481053204038e+00,2.272365015857110038e+00,-1.842606079881150993e+00
1.000000000000000000e+00,2.992744687172097517e-01,2.404654164433002617e+00,-1.362294407887604253e+00,-6.523819042776663579e+00,1.289777076945323397e+00,2.725105697699484075e+00,-3.350975378084434464e+00,-3.154371165932373877e+00,2.007670583011866405e+00,-1.750193402210877158e+00,-2.210735674134867157e+00,-5.258159105770435771e-01
0.000000000000000000e+00,7.050377131392946417e-01,-2.588554973068360354e+00,1.986123622481854589e+00,9.393316490894710880e-01,1.919283081445863903e+00,-1.064202833873566512e-01,2.931585206562655088e+00,-5.550581476454636842e-01,9.973703795839731212e-01,3.813350617245538920e-01,3.908205848263275328e-01,1.706344972548468286e+00
0.000000000000000000e+00,2.063224277248314475e-01,1.670819254318283376e+00,1.275931412499209383e-02,1.151951334426996487e+00,-3.151605423277731965e+00,2.713428156589532403e-01,1.904488507337196213e+00,-4.680599571975996298e-02,4.536168128138939437e+00,3.570830245461982244e+00,1.752393031787776945e+00,1.826535250825820800e+00
0.000000000000000000e+00,-3.158101942489536906e+00,-2.314318854737309472e+00,-3.682380789590865788e+00,-2.264911239054206327e+00,-2.513249856156052342e-01,-1.784356699506238098e+00,-1.022921165953061706e+00,7.936012667745522275e-01,-1.990730830419880526e+00,2.593498672856048959e+00,1.339919615052908242e+00,6.934203836829306855e-01
0.000000000000000000e+00,-2.264607635263428342e+00,1.521022753937396166e+00,8.629582685850221146e-01,4.765657670581874839e-01,-1.696194265322371386e+00,-3.203417534511811660e+00,9.004351597218207548e-01,2.833218965398434097e-01,8.722169385376832285e-01,-1.014641809702828912e+00,-8.867402965993393948e-01,8.671672991572436651e-01
1.000000000000000000e+00,-1.990816390185336848e+00,3.637681480320187344e+00,-2.372608754808865683e+00,6.570592700145266640e+00,-3.677619440236199910e+00,-1.641460255539640034e+00,3.229267222698017914e-01,1.042630028819828247e+00,-2.166368957241421977e+00,-8.779840420859230665e-01,4.602735937736397442e-01,-4.102708406728795332e+00
0.000000000000000000e+00,8.978063789988658394e-01,4.356639240988110728e+00,3.326875101451740147e+00,6.975154198757318902e+00,-6.762908914673371186e-02,-6.499643226961371312e-01,1.764684761338912278e+00,-5.855545124442324001e-01,-2.930846408419033544e+00,2.565992998373053169e+00,-2.050593445979894458e+00,-2.921428934066609528e+00
1.000000000000000000e+00,-1.651985715915666564e+00,2.112837544108657095e+00,5.020273314665621989e+00,-2.246432653384054845e+00,1.351051885336974845e+00,-6.092529225947032501e+00,1.208362183244756194e+00,3.441547952750021899e+00,-2.884880120919848245e-01,4.628327194505336140e-01,-4.337666470807185704e+00,1.264193326282130769e+00
0.000000000000000000e+00,4.268284182932317039e-01,3.862240107374872444e+00,4.843229642218194186e+00,5.626791151658183665e+00,1.677841044104859902e+00,-8.324801119302189800e-01,1.320226891853607754e+00,-1.610029787242736488e+00,-3.863630607090706270e+00,-4.197983584686437730e-01,-3.216905783432832511e+00,-2.709686063658275579e+00
1.000000000000000000e+00,1.937228091919908968e+00,4.146188931462468474e+00,3.022791746965020732e+00,9.982794352949294847e+00,-7.879020350362466729e-01,-9.794537296616802058e-01,2.698765759952038934e+00,-4.588534466889224728e-01,-2.865160368723284279e+00,-4.410304768424440081e-01,-2.300482027203103463e+00,-4.042117034198684067e+00
0.000000000000000000e+00,-2.036225725507874174e-01,-1.079717180798031723e-01,-1.679245483246324167e+00,5.625682782692368988e+00,9.308321122509578549e-01,1.468823204612900390e+00,-8.066777895030129431e-01,-3.817018039645114769e+00,-3.071976157857993606e+00,-3.080196388693138942e+00,1.306083039756266828e+00,-3.994311491784993340e+00
0.000000000000000000e+00,-1.648795396757768206e+00,-6.429691788218336868e-01,-2.341139651403069788e+00,-2.782265375794991780e+00,8.030562478654088565e-01,-3.305136574429814456e-01,4.484643650153870009e-01,-3.076588228225921595e-01,-2.050588820388686617e+00,2.011485411979542448e+00,-1.967418461372808069e+00,6.155375957513513629e-01
0.000000000000000000e+00,-1.108708389677707906e+00,2.497773143567482812e+00,2.843233360222519490e+00,1.618339927801785816e+00,-1.656922211079978613e+00,-1.850417180454844601e+00,1.676407552694381353e+00,-4.384604159518556088e+00,2.167742558756874161e+00,-6.406988190696070173e-01,-1.753137245497497609e+00,2.579193926709219209e+00
0.000000000000000000e+00,-5.624893865551190419e-01,1.954323335544062790e+00,5.707169075130670288e-01,7.993769799660639386e-01,-9.889599167043077177e-01,8.478566093785266933e-01,1.253397064625662916e+00,-6.026158768885503392e-02,3.167649195574234966e+00,2.681005678738956899e+00,1.806759738607409904e+00,-1.038946770220341431e-01
0.000000000000000000e+00,8.956851031568449084e-01,1.101699488453887543e+00,2.554140499591301516e+00,-5.158921859267414867e+00,2.202324405216480763e+00,2.454876842890691080e+00,-1.570546739096487787e+00,-1.142701395636993356e+00,7.330080102150133836e-01,1.123202378185591099e+00,-1.400557004636221015e+00,1.462999997806295305e+00
0.000000000000000000e+00,6.080961664176598447e-03,-7.284198488682810613e+00,-1.352085055123883439e+00,-6.061253526922452117e-01,1.414398951194165921e+00,-2.106721615911743228e+00,1.741163354580206768e+00,4.908874350803422715e-01,3.026529597859662912e-01,1.351769081926154081e+00,2.508842355201208463e+00,3.577483960163141408e+00
1.000000000000000000e+00,-2.012917984855006726e+00,9.289643514509052791e-01,4.547078872013516460e+00,3.189871227404473819e-01,7.668824527063378138e-02,-4.901475502257500949e+00,-7.241431530906816683e-02,3.599200467360615274e+00,-2.275971087688478445e+00,1.015416034302853987e+00,-1.028585881391736567e+00,1.114643691810895287e+00
0.000000000000000000e+00,4.893340025480030775e-03,2.434173497497746030e+00,3.752616365442811297e+00,-1.120882102532251068e+00,3.887445079502315215e-01,-2.389722022670431656e+00,1.695947328065771309e+00,1.991233164217600660e-01,3.843567949263843708e+00,-1.045479704927935405e+00,-2.205151906174371845e+00,1.015447994677538546e+00
1.000000000000000000e+00,2.899713728681527325e+00,2.399848486592524033e+00,1.471957436893203131e+00,5.130635854773841764e+00,1.222272083531509068e+00,-1.092939809656464645e-01,3.468997859586710142e+00,-2.674628786194411134e+00,-2.065840563179423217e+00,-2.648315562121317246e+00,-5.973656204566817784e+00,-2.266485024705123585e+00
1.000000000000000000e+00,-2.165996241965285840e+00,-5.627835833285756983e-01,1.040670355607353326e+00,5.076321480884340986e-02,7.187111539405359739e-01,2.622961446627178006e+00,2.220893752577084435e+00,-1.653419261823788622e+00,-8.825447538283315296e-02,2.162009580284409260e+00,2.102559037321207747e+00,1.545398265910033153e+00
1.000000000000000000e+00,1.376457316232362116e+00,1.191649287846253957e-01,1.057798643095330338e+00,3.381382099106208017e+00,2.698376392722428463e+00,1.792703526716150630e+00,4.253291945433766763e+00,-3.553243629469675646e-01,-1.556187816694772907e+00,-5.688740216904806246e-01,-2.349733278781884316e+00,-2.101500285726727313e+00
0.000000000000000000e+00,-1.327272352314826209e+00,3.375315057458207146e+00,1.319912698579143839e+00,-5.504313595899838596e+00,2.932784898198161905e+00,-1.627232425083966483e-01,-7.977650043397965796e-02,-2.874026673418338174e+00,7.966883148990639985e-01,1.805319933930700449e+00,-4.699217374708453576e+00,1.929776568480526810e-01
1.000000000000000000e+00,-2.591974161508747709e-01,5.849735482634891959e+00,9.405970924616335882e-01,-7.402720708983088649e+00,9.123313578585490191e-01,2.416366635822762010e-01,-2.666496311562509103e+00,-2.794504984750681986e-01,-2.380106138392026338e-01,-2.312223441673760149e+00,-7.043776473310949804e+00,-9.388220840533653133e-01
0.000000000000000000e+00,-1.569613655164222354e+00,1.004339177283971596e+00,4.237339931255336367e+00,6.057221596285523368e+00,1.176922041812166864e+00,-2.669719220548140814e+00,1.700068048802874987e+00,-8.254459718804855184e-01,-4.385227511840600556e+00,1.643873829902326333e+00,-4.438169349618042991e-01,-8.760300798188749294e-01
0.000000000000000000e+00,-2.055502342272296445e+00,-3.291933377701695695e-01,1.479629897766717272e+00,-3.786548694695726969e+00,1.789602511113798977e+00,7.573325909387650379e-01,-1.143697012100401755e+00,-2.318093475977372808e+00,-2.878461999408964411e-01,1.502969981645725372e+00,4.640532494572040534e-01,1.994884359299116561e+00
0.000000000000000000e+00,-6.872434309023908172e-01,5.605297931932996747e+00,1.820245839760603612e+00,2.806099048046500677e+00,-3.005405518545607890e+00,6.360509602071546809e-01,2.359476427764637396e+00,1.800254388211630641e-02,1.648980737595976631e+00,1.940553504066788726e-01,-1.566460026372504810e+00,-7.439098709330949077e-01
0.000000000000000000e+00,1.719654143978865068e+00,3.538474276402596708e+00,3.442224796132502984e+00,-1.900333983370741331e+00,2.312205678624318139e+00,7.654059986215198119e-01,-1.802411536813960158e+00,-2.983470848184414104e-01,-9.964050326218396592e-01,7.470354632563351860e-01,-3.309741836455095676e+00,-1.464953045371133022e+00
1.000000000000000000e+00,-1.173811010077432382e-01,4.745734614737978085e-01,1.287660747075798362e+00,7.371224851858300120e-01,2.879531068286111051e+00,-9.399148398714243235e-01,5.541497189621565900e-01,2.824476805781914734e+00,1.009166960752168940e+00,2.774488102191784433e-01,9.954714366177603857e-01,-3.445447954229142518e+00
0.000000000000000000e+00,-2.670135790575224322e-01,2.862529927862376589e+00,-1.151194124556401910e+00,4.141563529006369926e+00,-4.595548258576938494e+00,1.599726813158023564e+00,2.067775317571863170e+00,-8.112660728168081814e-01,-7.675606188230874594e-01,-7.328169653348075574e-01,-8.037664308045100459e-01,2.753980490729357467e-01
1.000000000000000000e+00,-1.250652377016929107e+00,2.826745477216727309e+00,-6.569848073496915575e-01,-1.173458572330690508e+00,4.358766631867732055e-01,5.845793045437628344e-01,-6.917766720291691485e-01,-2.500981290609446184e+00,9.201225897794551578e-01,-1.087214130921027477e+00,-1.350987087066697567e+00,-1.622360674455042950e+00
1.000000000000000000e+00,-1.885515512713769049e-01,4.997966748458094521e+00,4.377280421472700134e+00,1.675143477776136480e+00,2.486375867366279913e+00,-1.133567878533794815e+00,1.604073279366169835e+00,1.611572435772655520e+00,-1.871518270662543282e+00,-1.302504175843499645e-01,-4.233768032654033675e+00,-3.511090971093330015e+00
1.000000000000000000e+00,-1.044899764318215851e+00,2.871394831742690279e+00,-1.930197690919129627e+00,-7.002110202777500625e+00,5.772586761882356754e-01,1.783980248779357680e+00,-2.956636160938841407e+00,-2.449993750593433273e-01,1.508753250420657999e-03,-1.214391513801351685e+00,-2.998984057827982053e+00,-8.535712028802719953e-01
1.000000000000000000e+00,-1.164281773338630144e+00,2.510001133410801444e+00,-1.882557181447590544e+00,2.383001625258834022e-01,-2.609129009575582359e+00,-9.195681434655798014e-01,-4.452219177903879999e-01,7.995330916672160892e-01,6.510029202430264172e-01,-1.452020224947167204e+00,-7.841586745747892717e-01,-1.154683537220759559e+00
1.000000000000000000e+00,5.992221053952526688e-01,1.022467607912512344e+00,1.727381874019453756e+00,5.848468714780595823e-01,2.028177220975867279e+00,-1.328708549462540134e+00,2.007213969721720837e+00,1.064835421121772985e+00,-8.006761596936005088e-01,7.116977678274396535e-01,-2.968526429160585955e+00,-1.110938083020238221e+00
1.000000000000000000e+00,5.121610071611127246e+00,2.654320692421959782e-01,-1.674113372949213030e-01,9.248412656627544859e-01,3.773521034647820738e+00,-1.762089715995051042e-01,-1.516641533651674312e+00,-1.612223292072775482e+00,1.920406176198744763e+00,-6.519910400099362402e-01,-2.214200175862465869e+00,-4.002870089267359432e+00
0.000000000000000000e+00,-2.280630138954642394e-01,2.319460357938373019e+00,-9.272128848127869638e-02,-7.337428029138576280e-01,5.881500463817752600e-01,4.560230001928176069e-01,-1.326517708794600292e+00,-1.301344737464591006e+00,-9.430156807091208959e-01,1.787436186418606798e+00,-1.300980615227306902e+00,-1.275996711798403016e+00
1.000000000000000000e+00,-7.835033814375054195e-01,-1.090512790861875470e+00,-2.230181983227243148e+00,-8.455965975982023153e+00,1.581852549062151780e+00,3.664769520825739590e+00,-3.821921177736217201e-01,1.497044713792125670e+00,-1.505337521370606613e+00,-2.692994251233878922e-01,-2.543816776702676918e+00,1.782515078566479616e+00
0.000000000000000000e+00,3.700739204232006418e-01,4.611069622101901189e+00,4.875119528654866308e+00,5.632075894121551407e+00,-1.063960230709212418e+00,1.745320683047356880e+00,3.633953940157351514e+00,-5.922105074209802922e+00,4.941021740512294702e-01,-3.387205954745209802e+00,-3.000125446014446862e+00,5.090708332721343155e-01
1.000000000000000000e+00,-1.017340401028384855e-01,4.008377889414168394e+00,-1.515091151762195221e+00,-1.995221153477204856e+00,-1.289077850003838233e+00,-8.456828892622203497e-01,-5.984576137103143623e-01,2.348442204588257809e+00,-8.290857884683771051e-01,-2.294400390251465360e+00,-4.607789906416932979e+00,-2.280579279881465027e+00
1.000000000000000000e+00,-3.358848463692861053e+00,2.391098720575852266e+00,-1.774584185779127576e+00,-6.400500626357726652e+00,-6.788168559714957695e-01,1.874846318307033188e+00,-2.640163194737846553e+00,-3.947063814020134176e-01,-9.001939311570310576e-01,3.646940142165489007e-03,-8.906246779296779215e-01,5.730878702784552026e-01
0.000000000000000000e+00,-1.376102776794736915e+00,4.832762833284763859e-01,1.086235096433249669e+00,1.027923717732998021e+01,-1.260661170869931347e+00,-8.393986207056491899e-02,4.030652082158185046e+00,-1.100004784157602833e+00,-6.126468652867530729e+00,3.151058124908913127e-01,2.350468232187312712e-01,-1.769859284797911769e+00
1.000000000000000000e+00,-3.072649137064467073e-01,-3.591710960613026415e+00,7.760575727789700284e-01,-7.408824529048110286e-01,1.162525183281449825e+00,-3.214050244578858351e+00,-3.011878848620419546e-03,2.459474524747074398e+00,-6.799559330593721862e-01,8.223537462700251099e-01,9.973113423740940231e-01,1.586374671401387548e+00
1.000000000000000000e+00,9.587243014626233295e-01,1.555349211224063666e+00,6.874105414436515460e-02,9.179619675854327809e+00,6.062334157478520558e-01,2.200137996273749508e+00,5.808341874165337870e+00,3.797773852747495793e-01,-1.642434130353770172e+00,1.018348727504068130e-01,-8.230879033822835478e-02,-4.595613699168071165e+00
0.000000000000000000e+00,-9.639353846157521222e-01,1.043894511702300143e+01,2.224527412767035806e+00,-1.116664052220471604e+00,-3.395632081494930787e+00,9.298453104188590945e-01,8.453086878722388953e-01,6.700103136074215815e-01,3.945428511753336753e+00,1.841171892231975082e+00,-3.856478601422035801e+00,-1.816086484601193263e+00
0.000000000000000000e+00,3.795983278542433226e+00,3.338249545886222691e-01,1.813760272210379609e+00,-4.551241934997118932e+00,2.977437515738879270e+00,4.731995708368887499e+00,-1.874074730579384784e+00,2.283557161958904569e-01,1.384563538208105626e+00,1.471183474490888266e+00,-4.967300511484522563e-01,-1.186857396168213841e-01
1.000000000000000000e+00,-1.571951728962090788e+00,4.325697821473752924e+00,1.166544989720474046e+00,-3.962145402284225626e-01,-7.561799555041448517e-02,-2.270270165646919303e-01,-7.529050419549876416e-02,-6.938018386282704952e-01,2.775896215224616936e-01,8.089564131146920190e-02,-1.909420431777359095e+00,-1.631559448198401485e+00
1.000000000000000000e+00,9.066071654848463224e-01,-7.712077149250010644e-01,2.324489106163674101e+00,1.427190502139877304e-01,2.297667721771935234e+00,-2.416005180102658745e+00,7.569872997527427039e-02,1.567878110963230931e+00,-1.454062044722814528e+00,1.390014992947570027e+00,-1.418760556235382442e+00,-2.239496670960645641e-01
1.000000000000000000e+00,-2.178688418367479507e+00,6.942307519878151423e-01,-2.959478420547728694e-01,-5.107090262259808000e+00,5.664530105795460013e-01,-8.741418994208804971e-01,-1.654557901051090685e+00,-9.071343995986169695e-01,7.920842231086985263e-01,1.292425849518274994e-02,-1.053227435218093255e+00,1.289680860870360490e+00
0.000000000000000000e+00,3.242400769077146361e+00,7.292596449884167775e-01,-2.728959984344230261e-01,9.940421296739647694e-01,-2.459353280395388808e-01,1.014594699024519819e+00,-5.929194533421187074e-01,3.414983592014106950e-01,-1.210308732691282252e+00,4.707329218107101365e-01,-2.110771647588888467e+00,-8.492606280799238627e-01
0.000000000000000000e+00,-1.008400183272081474e+00,-3.105047571074482704e+00,2.628594178470264886e-01,-2.472081936930082602e+00,1.602299067927161147e+00,-1.778824221475357792e+00,6.487504698456865171e-01,-2.153802999407313123e+00,1.327821826499497870e+00,2.501173048053739301e+00,5.911877003300740618e-01,3.297279599099903535e+00
0.000000000000000000e+00,6.790944527800943931e-01,3.332974963942108459e+00,2.474517110036524414e+00,2.463198929788694258e+00,9.585263760425861701e-01,-1.052885463235531116e-01,1.049793630347061857e+00,1.885366541285746766e-01,-1.165347214319953695e+00,4.811803265355273140e+00,-1.520515047602481129e+00,-1.671364513925987616e+00
1.000000000000000000e+00,4.156514865269230974e+00,-1.390873618269617307e+00,-7.161580213665597050e-02,1.458896830594354821e+00,5.748795021994047572e-01,-4.174542926881974481e+00,1.003667877207246040e-01,-9.296355025749567513e-01,-3.589891560095290757e-01,1.907309991721040099e+00,-4.226156987372323037e+00,9.501115616183950507e-01
0.000000000000000000e+00,2.551742008479057411e+00,-9.710157990049761434e-01,3.650667787679768850e-01,-9.586472086965475370e+00,2.922081088103009705e+00,1.706178624267435939e+00,-4.098293417785283665e+00,6.047986286120545785e-01,3.652406530136201646e+00,4.134574539589556785e+00,-2.078020933810476034e-02,2.084630827234934980e+00
1.000000000000000000e+00,-4.720809831531260770e-01,-3.112106258205952436e+00,-3.118353787888831885e+00,-1.692337289952104973e+00,1.989838928817950769e-01,6.137421768987545434e+00,6.085718248966247579e-01,-2.011235620269304913e+00,-7.424098616092287273e-01,5.315510854276961350e-01,3.151885874480957916e+00,1.440036031292286189e+00
1.000000000000000000e+00,8.647651958406522565e-01,2.372309146282053915e-01,2.375987130804303460e-01,1.397681475662420736e+00,1.463048998375698684e+00,6.353668962816441113e-01,3.119621856885588684e+00,8.648321570242817335e-01,-5.543370798610285366e-01,1.293044545468472695e+00,-1.837678136693476905e+00,-1.049729238231168482e+00
0.000000000000000000e+00,1.574748756941862116e+00,3.405303752919146554e-01,1.471750509316037681e-01,6.251854807617784004e+00,-9.627492439274931701e-01,8.430119287519100002e-02,4.306819025168169279e-01,-3.374169710892420682e-01,-3.311363000053695327e+00,2.348984826080638966e-01,5.977442940275112804e-02,-1.898461572756852345e+00
1.000000000000000000e+00,1.600674768989841734e+00,-2.948956305037380154e+00,-6.976662362536891759e-01,9.308243023139161076e-01,-5.237550633263143851e-02,-5.056797022432529154e+00,-5.679564566405874704e-01,1.236845802344213263e+00,-2.862158646093872605e+00,3.330167183811595599e+00,-2.135038519603721152e+00,1.760144417930006089e+00
1.000000000000000000e+00,1.181595065442482717e+00,2.329506573010242221e+00,-1.152585180157470246e+00,-1.489333272041079903e+00,-3.770275355288599251e-02,8.977239777873557980e-01,8.475647802075614301e-01,4.079479793399083398e-01,6.430750656233579221e-01,-2.515496046907662375e+00,-3.873526987845668845e+00,-1.492932400462962494e+00
0.000000000000000000e+00,-2.737955428897484556e+00,3.201790304210785365e+00,2.096971644084657083e+00,-6.463335319232082377e+00,3.502281250953187097e+00,-2.070366692960847743e+00,-1.003665725503226636e+00,-2.006043313834351416e+00,1.964815136028025266e-01,1.244091520712367727e+00,-4.560063849358201971e+00,1.549733142779923245e-01
0.000000000000000000e+00,2.103405116531482655e-01,2.814206906063339009e+00,8.584661465792419177e-01,-5.346802496782252945e+00,2.308903161719901398e+00,-3.443013524175708717e-02,-1.762200583813532173e+00,-3.991854302058576165e-01,1.821650425447108201e+00,5.401389872253774094e+00,-2.023547357546382486e+00,-2.290163611040531011e-01
1.000000000000000000e+00,2.577313751299175060e+00,-1.849267703270615515e+00,-5.618760003883562781e-01,3.471117195556021606e+00,1.173994362926036317e+00,-1.162198170923606000e+00,1.040271939119645994e+00,8.145053902908205856e-01,-8.837859790991635656e-01,2.648583113671402867e+00,1.333419039204031264e-02,-1.278354224461608180e+00
1.000000000000000000e+00,-9.043778272324413114e-01,3.665681110373971485e+00,-8.382307676001954366e-02,5.866764334162392736e+00,-3.081786440535898119e+00,9.388846605419941538e-01,1.079581691401142240e+00,-8.227183828380557618e-01,-8.257143493901766274e-01,-3.209352140631782646e-01,8.449955714392356487e-01,-2.236426593425707487e+00
1.000000000000000000e+00,-2.192785385618812199e+00,3.413781499895887972e+00,-8.025115208026243341e-01,-1.008201100483603874e+01,3.465509879412844718e+00,2.272910431752077187e+00,-4.205141250322489199e+00,-3.568037273845082069e+00,2.656069019861551972e+00,-1.155986101647044073e-02,-2.069973302227046563e+00,-9.686740158130698886e-01
0.000000000000000000e+00,-2.465043636460926280e+00,4.642425730475932433e+00,7.084783055772214677e-02,-2.320597370225117917e+00,-1.718059459170210079e+00,-1.560715522704286595e+00,2.053863567601389439e-01,-9.087228224291377110e-02,1.920901553076731716e+00,3.526783864103839594e+00,-1.888102746726419534e+00,3.423526679938172501e-01
1.000000000000000000e+00,7.884039853079758409e-01,-9.653322679047676713e-01,-4.581938046018592559e+00,1.727061910456697824e-01,5.886246463432400766e-01,2.961644577948214341e+00,6.099169741212422391e-01,-8.100501867613243423e-01,-1.872127177999046932e+00,-2.486580944493430145e+00,-1.330417696844472086e+00,-2.449358758858646290e+00
1.000000000000000000e+00,3.098492067505457026e+00,-5.859300020625012984e+00,-1.156592499350209025e+00,-1.867383597244814730e+00,2.555603159469406194e+00,-2.473516645367676237e+00,-3.168425007333263821e+00,1.717648753261026062e+00,-8.038348413627691702e-01,4.936331850007906752e+00,2.118185426230109858e+00,1.269512652453202772e+00
1.000000000000000000e+00,6.126208956146808049e-01,2.864877397683664562e+00,1.332385865752606424e+00,3.761635687082619750e+00,-2.471015347046387589e+00,-2.841006950265858144e+00,-1.336262275523958598e+00,7.075572284787190469e-02,9.000683011037368120e-01,-3.554195656834024941e-02,1.047448696399266854e-01,-1.187642243442135204e+00
0.000000000000000000e+00,-1.969437931936131037e-01,-2.420229662634474088e-01,1.371390927913720859e+00,9.632145629703093848e-01,5.382323244881903612e-02,-2.627448347319965016e-01,2.577461771600210838e+00,-3.810733788450546555e+00,-5.864906421459581409e-02,1.481661004146134664e+00,-1.864027134257991714e+00,2.893025897121826784e+00
1.000000000000000000e+00,-1.570650110683990075e+00,1.571119512705348553e+00,-4.296708726499942621e-02,5.264806080117866161e-02,-2.458609789029676307e+00,5.074099682085899676e-01,-1.931885419200664256e+00,-2.097907369058336080e+00,2.972318490251043555e-01,7.909938062511057133e-02,1.617585820908951089e+00,1.074928871746547721e+00
1.000000000000000000e+00,-8.832611787655835212e-01,-1.550949267666260067e-01,2.527829649088020325e+00,-4.626642015033052835e-01,2.211831794455429101e+00,-3.438542632237129304e-01,1.656275798169788427e+00,1.523879819846205352e+00,-7.398984285860417121e-01,-1.605413310144657490e+00,-8.731234596834509532e-01,-3.797743570188694129e-01
1.000000000000000000e+00,3.864705525445384371e+00,5.199655942986282753e+00,2.544973581984910638e-02,6.158035971311116796e+00,-1.007428063002564489e+00,-1.924612900515244807e+00,-2.900264779264869031e+00,-5.139385397222397955e-01,6.530731771919020545e-01,6.418193480521694472e-01,-1.379543840542837962e+00,-6.041493993769438298e+00
1.000000000000000000e+00,5.730416604582908580e-01,5.555650171311570240e+00,-1.183451012757860354e+00,2.127321495340024366e-03,-1.036278802924663234e+00,1.161518202164236513e+00,-2.184135573116970708e+00,-3.359831612338109341e+00,4.466557512381141848e+00,-2.266684988223767849e+00,-8.047495374719524364e-01,-3.656749129788104735e+00
0.000000000000000000e+00,-2.101373100621826140e-01,-7.083074537975125651e+00,-8.047447677110839415e-01,1.412850658352772459e+00,1.717763108838940234e+00,-1.430950484685769464e+00,2.155459578603928783e+00,-1.655187529194369400e+00,-1.279783988184405974e+00,-5.347329411355548068e-01,1.969239195949703092e+00,3.132919237619040675e+00
0.000000000000000000e+00,2.434095822885706806e+00,-1.281377495491043961e+00,1.698961883299987541e+00,3.488047236229088188e-01,1.683083342670694815e+00,2.580769418052151210e+00,-7.258383958130787406e-01,-1.136186397436939943e+00,-1.371340900624538506e+00,-1.569438728556723728e+00,-4.300698256268520314e-02,1.190915072145766196e-01
1.000000000000000000e+00,-7.519054115467898036e-01,2.978995246641758854e+00,2.690828064656587415e+00,1.053993635519820726e+00,3.963463395923541022e-01,-2.123900931789886037e+00,-2.813130036470170570e-01,3.011719229056833758e+00,1.148119645295047508e+00,3.558952232745953292e-01,3.402527749984212146e-01,-2.439907184253781836e+00
0.000000000000000000e+00,-1.912733949814849455e+00,3.637045012287187795e-01,1.662027691817997255e+00,-9.715294778228711348e-01,2.239032588172959581e+00,-1.083248262553786478e+00,5.896315886161092035e-01,-8.193345899062620674e-01,6.800899675833057545e-01,1.335115831557384780e+00,3.025884084847372257e-01,-2.198166893779693876e-01
1.000000000000000000e+00,3.085023301530377182e+00,-3.790595694643069447e+00,-2.453462875672350663e+00,5.243379897583353433e+00,-2.004877747027384860e+00,-3.146132417748028764e+00,1.029371350935313290e+00,-1.462400416717594354e+00,-4.257295862322495239e+00,2.199246130487645612e+00,-2.306931342464969781e+00,2.163622005923920621e+00
0.000000000000000000e+00,1.787168113414827175e+00,7.467758694045926182e-01,3.839673421520657826e+00,-9.384224017682031516e+00,4.016833847299480453e+00,4.075597078553601982e+00,-1.845581108829061012e+00,9.304376396114619752e-01,3.463487581767110690e-01,1.228055114132398318e+00,-2.829677364457788613e+00,2.276795560275252761e+00
0.000000000000000000e+00,7.124880642546611575e-01,1.039347046430238786e+00,1.291845014028881966e+00,-6.081632162197113667e-01,1.063837795473847603e-01,-1.564083967069125336e-01,1.972809157772581701e+00,2.493807066337858647e-01,3.427409986517029772e+00,7.260319189557600250e-01,-6.811866874817985584e-01,6.993119742046638443e-01
0.000000000000000000e+00,3.260414961446811422e+00,1.997005008800574188e+00,-4.607506004717003556e-01,-6.556665765905051124e+00,2.490284647025320375e+00,2.032246931054090489e+00,-4.650627697458157961e+00,-1.888558342524099265e-01,1.946195096476678099e+00,1.301195905404564090e+00,-2.176330947473951838e+00,-1.596049092368896360e+00
1.000000000000000000e+00,-3.572586088914753155e-02,-1.324430457554967910e+00,3.182069214463673301e+00,-4.582508671762796304e+00,3.082482765070576392e+00,-8.136544588514605936e-01,6.894454239202596479e-01,1.988069046957624098e+00,2.842812755943406877e-01,1.194735679868350609e+00,-1.470040295555945509e+00,2.128604318160744580e+00
0.000000000000000000e+00,-3.139155495566405385e+00,1.416062468116184636e+00,-2.236398032186869056e+00,2.756541008076956789e+00,-3.513789167099623967e+00,-1.340450289944068452e+00,-5.231056239899600779e-01,1.975140511981793967e+00,1.136427608952528701e+00,8.823686735833392580e-01,4.144000346375081634e+00,-1.599654741396792978e+00
1.000000000000000000e+00,2.512081084464615088e+00,1.304602963286113360e+00,-1.007454156627209940e+00,8.758660122924222691e+00,-1.253257925788465510e+00,7.152637861466426550e-01,2.554981284897368088e+00,-1.614653394767973982e+00,-2.887279844246299909e+00,-4.841870019620713173e-01,-1.508266946420563359e+00,-3.198721532116033828e+00
1.000000000000000000e+00,1.997651334804324996e+00,-1.307173304036755912e+00,1.197112218870121758e+00,8.434224085055692932e-02,2.350082279066836755e+00,2.043389982001995175e-01,3.066335593200772536e+00,-8.000976448281309494e-01,-1.384621280580274227e+00,2.610404037166763613e-01,-3.836050409068849198e+00,1.074241664638420968e+00
0.000000000000000000e+00,7.804789836141878823e-02,9.052184198022891204e-01,-3.208170913458152640e-03,3.009879393940730008e+00,1.591170437242946933e+00,-1.973970230516581825e-01,-1.012613474462981111e+00,-4.070955028817341059e+00,-5.099069682943160320e-01,-5.148244320576447208e-01,2.068636613553742620e-01,-2.543250931890542965e+00
1.000000000000000000e+00,-1.865786395406458631e+00,9.632215813859706932e-01,2.573253641796141800e+00,-2.850285003368015602e+00,2.693870238399058703e+00,-2.256185308621715624e+00,3.401343899494691403e+00,2.474639728983331732e+00,-2.433852313113994192e+00,1.227570093188285583e+00,-5.128940599000666900e+00,8.555649570207066734e-01
0.000000000000000000e+00,-1.190941886497326907e+00,-4.413448564176943201e+00,9.157905074498646769e-01,-7.625192378127080284e-01,1.537380214972992487e+00,-3.856881607659684796e+00,1.140082798565801303e+00,-5.205888568837762076e-01,1.301380056028431653e-01,-5.278999472587775355e-01,3.869527520502873408e-01,3.026474426289828656e+00
0.000000000000000000e+00,2.002585655907941131e+00,-1.585207687866449611e+00,1.922409066641198816e+00,4.075935907918366574e-01,1.774959090092048442e+00,5.217442632452377715e+00,3.053771969733729552e-01,-3.739378036378514514e-01,-2.486823990453837396e+00,-1.334656804922647044e+00,9.365058311667822100e-01,2.961649469755431863e-01
1.000000000000000000e+00,2.639248205955609272e+00,1.710993611654699320e+00,2.306130876911773875e-01,3.105844625004217985e+00,-8.325261251924163108e-01,-5.289373544483625400e-01,1.582603710440979583e-01,-1.190745804577421296e+00,3.201850759613789066e-01,-6.222518068670714886e-01,-2.048964416357025087e+00,-1.261074198346871400e+00
0.000000000000000000e+00,1.121293832168680726e+00,-2.527191484480657557e+00,2.824239564764346344e+00,3.795611461258054931e+00,-1.574975998408572053e-01,-1.096810436853304482e+00,3.561592615870398770e+00,-5.145352543735068895e-01,2.550444171958162087e+00,-1.481281750168417233e+00,1.591307528228958823e+00,2.288324183645045196e+00
0.000000000000000000e+00,1.079989787071429452e+00,5.634538359507803573e-01,1.237075680092472041e+00,5.418522136309444015e+00,1.767171963481637853e+00,-5.303206396413797652e-01,-2.246904347307416838e-01,-4.324910971469241971e+00,-1.030865767138465783e+00,-1.765043002712639808e+00,-7.991597168581787702e-02,-2.763973108472486562e+00
0.000000000000000000e+00,-6.995503362871415831e-01,9.697526621988032947e-01,1.281910339714109170e+00,5.288887360020644302e+00,4.001413986996372740e-01,1.736794580773495245e+00,1.129382936373088953e+00,-2.822164172398241799e+00,-5.847587870608094818e+00,-5.303582149312521032e+00,-2.009576576624729771e+00,-2.027454045531747795e+00
1.000000000000000000e+00,-4.153850713360732749e-01,6.558491826698772620e+00,3.553491934232841487e+00,1.853788554091750251e+00,-2.143595050716085026e+00,1.950273432864935597e+00,-1.625534640982759349e+00,-2.145109726366797531e+00,2.045337980804748490e+00,1.595327185761464150e+00,9.645470252198773409e-01,-1.158916987552653710e+00
1.000000000000000000e+00,7.150607697359130377e-01,3.786324758364443710e+00,1.803713220394837613e+00,4.796813158915935738e+00,5.808711801939423491e-01,-6.922855696097143241e-01,-9.815602585027294325e-02,1.289839192330898276e+00,3.222073267070446612e-02,-9.299920217794950261e-01,2.549484623623898827e-02,-5.059276261768911098e+00
0.000000000000000000e+00,-2.172908005157454081e+00,1.236771875472641780e+00,3.950812594052266480e-01,-4.024018444472377887e+00,3.286588687831001110e+00,1.825157990251151663e-01,2.870631702159197607e-01,-2.420718767387454839e+00,-1.264587394661706110e+00,1.886726444833390470e+00,-2.954831818852158953e+00,-3.874364438373811836e-02
1.000000000000000000e+00,-3.578334423206661619e-01,4.172433603628003418e+00,-9.190297814433976420e-01,-2.270863120555107473e-01,-2.794772910291741574e+00,1.434507233422598338e-01,-1.704346623638357094e+00,3.290412324256730692e-01,1.058489633144658937e+00,-1.199052935000329834e+00,-9.727340963901817128e-01,-1.517025531309361686e+00
0.000000000000000000e+00,-5.413418623407353358e-01,4.185849331464726597e-01,1.102444912838833391e+00,-1.618420463269309162e-01,-2.990668444345725430e-01,-1.431427546839385778e+00,1.869214424049028267e+00,2.243687258548961339e+00,-3.143889415588505543e-01,-8.914031398640707149e-01,-1.756902337908676337e+00,5.610214786102920570e-01
1.000000000000000000e+00,1.407835466787780820e+00,1.823350255943471776e+00,1.685484414194860836e+00,4.633847778280954621e+00,6.409309350541316785e-01,2.462180527164754995e+00,3.099494417837091120e+00,5.505964634097384458e-01,-1.824385007898760014e-01,1.187894219240564597e+00,1.774520660712344267e-01,-2.354968173123929809e+00
0.000000000000000000e+00,-1.773811428570337467e+00,-1.400112554458770919e+00,-1.374753882268084482e+00,9.632684495193753055e-03,4.689225522272583158e-01,6.809290298046490886e-01,-2.181768322766519663e-01,-2.472583086732198510e-01,1.129915721682054786e+00,1.424314232290434745e+00,3.724928448946305259e+00,-4.956383029070992041e-01
0.000000000000000000e+00,-3.200556696560465930e-01,4.943460123246835036e-01,2.746597980515160797e-01,-1.035698682284086174e-02,1.349427158094961277e+00,2.520313399629110496e-01,-1.203072600895874311e+00,-5.364874210425988110e+00,2.371485399660479665e+00,6.982568284742713960e-01,1.052857891926332279e+00,-7.142356234714153373e-02
0.000000000000000000e+00,1.136148052306278355e-01,-2.958950296694882631e+00,-1.312817505644993776e+00,-5.866303854091952097e-01,2.138348239494300529e+00,1.224365784335848861e+00,-2.891240640472046319e+00,-4.448572110578455252e+00,-1.170844310455021464e-02,-2.727586349060124871e+00,2.424013249631865818e+00,-4.258534085575865769e-01
1.000000000000000000e+00,6.533547612285834916e-01,2.878306760797403996e+00,9.457602831130513810e-01,-2.122497332423244121e+00,-2.175959571670722070e+00,-3.766159453174402483e-01,-3.556398225962457360e+00,1.769213383489957270e+00,-3.420033465671212802e-01,7.463750353985141306e-01,-7.438942040262723765e-01,2.595042894072432382e-01
0.000000000000000000e+00,-4.601252338676518061e-01,4.335383718213722481e+00,2.315830536691063646e-01,-3.813066180574306685e+00,1.956180871137926491e+00,1.234157147926458586e+00,-1.904829528217968804e+00,-5.882780235505969957e-01,6.382373187610763665e-01,4.898529005447763041e+00,-1.717160847836375570e+00,-2.149246189932310536e+00
0.000000000000000000e+00,-3.994404104825124424e-01,-2.291632948854146701e+00,1.005031688271109891e+00,-3.086440687802270322e+00,2.106399075041856861e+00,-2.176440884944714327e+00,5.503367883569568741e-01,-6.194840072705773970e-01,2.246341142751224318e+00,1.168804004846965450e+00,-1.270659662487134689e-01,2.283726495969227610e+00
1.000000000000000000e+00,1.009137926620427006e-01,2.892735324151037846e-01,-4.884069168508988312e+00,-6.489787146523197769e+00,-8.270600095091817927e-01,3.167154486425896476e+00,-2.375923651730705632e+00,-3.133843666220655244e+00,3.232183473445755517e+00,-4.152175412514226949e+00,-1.290854194214460016e+00,4.523395791899653684e-01
1.000000000000000000e+00,1.688806960027397386e+00,-9.329898788820234490e-02,-6.105318689847081259e-01,3.448826096173681854e+00,4.981352482925254233e-01,-4.052799074928803869e+00,2.788200618410394682e-01,1.563861437012385114e+00,-4.234020407822189913e-01,1.828375897248617044e+00,-1.282208773400277835e+00,-2.303981243231040921e+00
0.000000000000000000e+00,2.723169407959880939e+00,-3.011213881681855220e+00,-1.001356487314292831e+00,-1.736797358577947703e+00,9.502331026300027128e-01,5.529202584584619329e-01,-3.134173494008448912e+00,-2.127436992474943445e+00,1.278709646752584916e+00,-9.902211896925225965e-01,1.315251446337706742e+00,9.603618988310833604e-01
1.000000000000000000e+00,1.860684758956656637e+00,-6.791523455396402120e-01,-1.756077198875209078e+00,6.168739205617042032e-01,2.291614789040672395e-01,8.884764968330567392e-01,-2.805170250525851561e+00,1.078237950656540267e+00,1.165922600264168718e+00,1.838840792821280434e+00,3.186777719567460032e+00,-2.319759327444185892e+00
1.000000000000000000e+00,1.030045077355041805e+00,-1.041798948452145490e+00,-1.141772300021770992e+00,5.625119482029891316e+00,1.079336408865810837e+00,7.398342950073311108e-01,-2.208006951652954353e-01,2.124199336679595707e+00,2.250364361984720230e-01,8.046235764680975677e-01,4.867649149486296345e+00,-4.896895658238554105e+00
1.000000000000000000e+00,-1.712287587983554182e+00,6.341121832945056269e+00,-1.723394901371899213e+00,2.526859601324302318e+00,-5.024136141458560800e+00,-8.678903969212814484e-01,-6.467931639756316908e-01,3.561556376588061568e+00,-1.898989160794374964e+00,-1.366160304429279382e+00,-2.101762659478337625e+00,-3.329917122366122584e+00
0.000000000000000000e+00,-8.583502635790929425e-01,4.598097424052292048e-01,3.863358616643719046e+00,1.163803114416482387e+01,-9.399585527579732425e-01,-2.396312844236737405e+00,2.713239246813567984e+00,-2.663835783407511926e+00,-5.740819624266035426e+00,-1.884228178290388023e+00,1.621232170804791650e-01,-1.239917460144859040e+00
0.000000000000000000e+00,-2.834405585608879008e+00,3.973737688189290296e+00,2.039740732617668861e+00,-5.397229023170812212e+00,2.785425061244340750e+00,-6.088383354009336834e-01,-1.252857082021342716e+00,-3.624118484191108269e+00,2.476002499485850272e+00,3.627725139444866631e+00,-1.818399109459853946e+00,1.206924136794708113e-01
0.000000000000000000e+00,-2.096889525650693642e+00,5.889192352504304395e+00,1.972997005857314967e+00,-8.497059224721204007e-01,-1.773449349717595158e+00,-8.889261301381734537e-01,1.800405230514228183e-01,-2.976380100161567732e+00,2.249889236627358180e+00,1.060761053723110248e+00,-2.528081437834372114e+00,4.965344059638662211e-01
0.000000000000000000e+00,8.295595374340837269e-01,2.759876720294931030e+00,2.834129581643142437e+00,-9.814540497368870575e+00,4.102461977359557643e+00,-5.561179794481752037e-01,-3.441108611868656908e+00,-1.359219055665404241e+00,3.299598949291956629e+00,3.567765819306310426e+00,-3.772837284695353066e+00,1.213958397374414577e+00
0.000000000000000000e+00,8.001146576614481809e-02,6.500378753284863365e+00,3.293254481259356048e+00,-4.145155459365309492e-01,-1.712699170542486993e+00,-2.282731679667662217e-01,2.191970693187021979e+00,6.591751809383823435e-01,3.425005104139906553e+00,-7.149312652404633539e-01,-3.898186862117141605e+00,-3.264433062915332862e-01
1.000000000000000000e+00,-8.289638833330703616e-01,3.086454439548727890e+00,5.772728624059366709e-01,2.345214176590714406e+00,-2.854529870302863870e+00,2.811328224073115667e+00,8.841458932800523307e-01,-3.417988461781149567e-01,5.709546292084882735e-01,6.949787436276182451e-01,1.552820917730206585e+00,-1.708533408090971983e-01
0.000000000000000000e+00,3.530158352742015282e+00,1.201592582138472531e+00,-4.879595450454132788e-02,4.171998260268552805e+00,-1.049554097208562631e+00,2.635714092349267901e+00,-3.964998607204112124e-01,-4.384172335752044569e-01,-1.885376061416841109e+00,-1.227212568145624960e+00,-7.765521200260055990e-01,-2.002898367498748833e+00
0.000000000000000000e+00,-1.762085483467748404e+00,3.692591535759769950e-01,4.715337408484098214e-01,-9.037836199770309387e-01,9.588085217026858231e-01,-7.805601600071043755e-01,-1.594664383556640086e+00,-2.304285512321969875e+00,-1.406070710940583668e+00,1.075316352620204308e+00,5.276581817373759975e-02,2.073012063718417952e-01
0.000000000000000000e+00,7.517769466699306680e-01,3.771543877546048584e-01,2.790888806662246147e-01,2.356642555759115076e+00,-8.716013107819353678e-01,-1.893132567290737533e+00,-8.160570108214190155e-01,-1.970692294630233654e+00,-3.845485933789897226e-01,1.031056366138607405e+00,-4.425362216554775685e-01,2.720789668684264750e-01
1.000000000000000000e+00,1.402913015979305733e+00,1.631616952316239155e+00,2.348744709827725874e+00,5.740465109629769636e+00,2.640949228831857010e+00,6.483825692325568824e-01,2.164019636713533590e+00,7.274523715246115074e-01,-1.402380295832031720e+00,-6.193213480181773978e-01,-3.334931434856993615e-01,-4.640011172053775113e+00
1.000000000000000000e+00,1.845069276066788833e+00,-3.167135764245021079e+00,-1.961147537095290438e+00,-3.572033508411760927e+00,1.330850647223732919e+00,-4.117870959006576292e+00,-1.519812717621618070e+00,7.322194469477238954e-01,6.285503476686764568e-01,1.560096549085694617e+00,-2.288754021744951128e+00,1.532039051070497315e+00
1.000000000000000000e+00,8.956590532960861939e-01,2.870402893366077013e+00,2.572168098341879539e+00,1.375270160264829400e+00,1.947325096539285205e+00,1.775819394083162805e+00,5.738480857656005352e-01,4.946173478929705158e-01,-1.542754367532480630e-01,-6.075056055568426316e-01,-9.164122483753215365e-01,-2.980961937678951124e+00
1.000000000000000000e+00,9.372336602089914592e-02,-3.807464889209987713e-01,-4.084894953992552757e+00,-5.964840990047612479e+00,3.290347934242776606e-01,2.386737039386632730e-03,-3.048896869497943918e+00,6.475803173934833179e-01,6.123923216080152665e-01,-1.909050242095323036e+00,-1.805110378875203647e+00,-7.020561241221502380e-01
0.000000000000000000e+00,-1.155922727644495440e+00,4.326834584053153243e+00,9.295252359966535982e-01,-3.746592711707416701e+00,1.993456010328066519e+00,8.668559107908482275e-01,1.187781171277389802e+00,-3.047982660028989876e+00,-5.600544068740997972e-01,2.952838180416239133e+00,-5.502780804083915456e+00,2.705116484386083098e-02
0.000000000000000000e+00,3.121585615346380127e+00,-5.582439370946356769e-03,4.701531134848145888e-01,-5.940422397251154951e-01,2.083031247876184544e+00,4.218442812703264266e+00,-1.943021001277909887e+00,-5.317291500216150268e-01,-1.208416303254941093e+00,-1.385211289701101300e+00,-9.728584932470618618e-02,-1.936149018740196404e+00
0.000000000000000000e+00,4.047381495435375953e-01,-2.031371663099343472e+00,-1.545028350415993401e-01,3.874965386489300223e-01,-4.134816422054086171e-01,1.313379540494763464e-01,2.591995986435656540e+00,-2.520640233612098102e-01,-2.618703383021230291e-01,1.007401301326915632e-01,-8.244506258417690914e-01,2.412696608645817697e+00
0.000000000000000000e+00,-2.408935610082469925e+00,4.880100650692548725e-01,-2.148237069353664541e+00,1.083047159602252840e+01,-7.953354315227929572e-01,-1.498392080715302388e+00,1.529505140609375591e+00,-3.037172512705901273e+00,-5.690106882504986530e+00,-5.207986291653192712e-01,1.482395286323671790e+00,-4.661426281719656117e+00
0.000000000000000000e+00,1.912510527417665696e-02,1.716427510952553970e+00,2.064550639390236420e+00,1.876603576515751604e+00,1.937659240103976055e-01,-9.017939561941203941e-01,-1.529350605553746467e-01,-3.060167059162959280e-01,-2.950144349727116921e+00,7.574665800965200146e-01,-1.924549305671090726e+00,-4.866031833028249265e-01
0.000000000000000000e+00,-2.164418812606498044e+00,-1.601487366595449657e+00,-1.164089302553527272e+00,-1.363417278410352207e+00,-5.715891507884347522e-01,-3.076124435951776093e+00,-4.383037395762556798e-02,-4.329583807380603666e-01,4.223839215923486101e-01,9.469029957687480348e-01,3.708913669491000764e-01,1.928238521493255586e+00
0.000000000000000000e+00,-1.557247788750874218e+00,-3.346183699354141172e+00,-1.743412458995200254e+00,-6.676981684711742027e+00,2.702167758046705615e+00,-3.192826073241365137e+00,-8.022781244006305101e-01,1.577078808392153420e+00,2.375104905294533442e+00,3.821029862753474227e+00,4.881862430732819558e-01,1.924101680721172158e+00
1.000000000000000000e+00,-2.283085414546135894e+00,4.385815688686373726e+00,1.218427439087170772e+00,-1.791146612105463776e+00,-1.429317749545674809e+00,-9.598206572720469065e-01,2.977263952652944301e-01,2.432619236037538712e-01,8.814825463696454033e-01,-4.702775042446335485e-01,-2.396932140064388150e+00,5.974755949337273719e-03
1.000000000000000000e+00,-2.137493499511502026e+00,2.535817166218785612e+00,-5.804932748347169102e-02,-5.560793876822632598e+00,-3.559707486063080628e-01,-1.418651041539558566e+00,-2.220665022526149279e+00,2.330562951378108760e+00,5.208222346498438959e-01,1.030674659369819501e+00,-1.498379230751785585e+00,2.250469134234009960e-01
1.000000000000000000e+00,1.256196754673454485e+00,6.473226022119216161e-01,-1.775866312414358106e-01,-1.650749117761578511e+00,3.379871564634356895e-01,-2.109134459430606512e+00,-1.880753126047761015e+00,1.842260369257211927e+00,3.958154039330337604e+00,6.847187774446474862e-01,8.572444422006362252e-01,-1.320693224701438240e+00
0.000000000000000000e+00,8.160567737797344012e-01,2.334488155804336440e+00,6.291044121558679869e+00,2.509304064549143121e+00,2.665120531628085487e+00,1.766779487019748185e+00,3.411106405246289608e+00,-7.089222617778710323e+00,3.795275068067815116e+00,2.116732418527321968e+00,-5.204110389118072888e-01,1.869051980205906460e+00
0.000000000000000000e+00,-1.008004689768192907e+00,1.130731996500825121e+00,1.990136342738141106e+00,-9.346914948188510763e+00,2.609903172846212094e+00,2.876190904043009144e+00,-2.339312036999499966e+00,6.897642190047279520e-01,-1.124060943244865163e+00,9.285341584185833330e-01,-2.491321917204627034e+00,2.156217969621682773e+00
1.000000000000000000e+00,-1.496804716746661601e+00,2.321364475921910753e+00,-8.776646366023157508e-01,-9.257564166689091767e-01,-1.356508991307100453e+00,9.372511638888408880e-01,-5.771605577809730825e-01,-1.610624916979914278e+00,1.017870306359306198e+00,-8.576924494854285541e-01,-1.390210688444534215e-01,-2.703155305355617877e-01
1.000000000000000000e+00,1.531788623736407118e+00,1.048398006393014281e+00,-6.761080896020699171e-02,3.387518467283210821e+00,-9.608450265552503922e-02,-1.492861165067194573e+00,-4.384754960255803358e-01,4.346453836011223704e-01,-7.554423702555559395e-01,1.174191759540077484e-01,-7.117756226227563987e-01,-2.427198813850659498e+00
1.000000000000000000e+00,3.498282219946832861e+00,5.928316250715257585e-01,-5.128775283553705933e-01,4.892678733634602928e+00,-5.273381865445083694e-01,-2.605484676869331828e-01,4.536514340704395076e-01,-2.976808408700432285e+00,-3.418074469461561904e+00,-9.811062990000121165e-01,-4.046066140489001484e+00,-1.033490211710510254e+00
1.000000000000000000e+00,4.513517962232664882e-01,6.917780926265102437e+00,4.258662760841835038e+00,4.984924141838813050e+00,-1.118746651474136211e-01,-2.606571998349564545e+00,1.049572280933454893e+00,8.763517749479348140e-01,-6.552784584236135412e-01,-1.536986838809026867e+00,-4.133597786046697919e+00,-4.360502234064830063e+00
1.000000000000000000e+00,2.509432644123650302e+00,-1.190047172970190692e+00,-8.718495598132094404e-01,4.705129864061251332e+00,-6.260278659618259134e-01,-1.684040258498247233e+00,5.879395198585046778e+00,-2.116423041172780906e+00,-3.431446749454853951e+00,8.520223796865125099e-01,-6.590806109324475415e+00,1.987924881676360389e+00
0.000000000000000000e+00,2.215033715413214921e+00,-6.291744311735920636e-01,-1.303442085762477998e+00,7.957578697497625697e+00,-2.163895530031831882e-01,-3.302232873959454196e-01,-1.254544901578793059e+00,-3.174479464941919460e+00,-1.220396022463366759e+00,-2.491697204643086305e-01,2.500385649041901637e+00,-3.557003664170560242e+00
1.000000000000000000e+00,3.439851225383600664e+00,3.167700780373445379e+00,7.899816686208388505e-01,4.058534287645670702e+00,-1.553064934348522108e+00,-9.464255105271379698e-01,-1.887770927557813838e+00,-1.189546128713726336e+00,1.216156709363481081e+00,-5.605128526420475321e-01,-1.086408496691290138e+00,-2.447019768908549775e+00
0.000000000000000000e+00,-1.225662688363759134e+00,1.602060681263036024e+00,3.722024849696422333e+00,-4.131823103610452463e+00,3.303651707627281997e+00,-1.591245396234715281e+00,5.309821569342738634e-01,-7.606022869018008059e+00,2.357487846389591635e+00,3.291773013156984451e+00,-3.687977151935910580e+00,3.664463230459387155e+00
1.000000000000000000e+00,-1.280511293445764753e+00,4.369564799163502045e+00,-1.006373888137699568e+00,-8.178865939648984451e+00,1.223327981078717652e+00,5.925129763343814915e+00,-3.798663231240476446e+00,-5.524227779236419167e+00,1.888410536682460616e+00,-1.550521279481380965e+00,-1.806700913165897315e+00,-2.270535475323525176e-01
0.000000000000000000e+00,8.984274951814026355e-01,-1.930592239046505121e+00,1.972295093107551356e+00,-5.167230471741262932e+00,2.746148476880072131e+00,1.160516349163565941e+00,-3.057474422474041553e+00,-3.858640042747734089e+00,2.111752972326125466e+00,-1.915444711795365684e+00,4.649387399240096919e-01,2.480705207639914978e+00
0.000000000000000000e+00,-9.831351958705714100e-01,1.187853109716584754e+00,3.183707949897962575e-02,-1.345807770501302514e+00,4.253089469199314854e-01,3.447840944477300607e-01,1.245474945507471176e+00,-8.983310844744114565e-01,1.197795289150047626e-01,2.649193783530804147e+00,-1.328686031212597651e+00,6.853602139968919538e-01
0.000000000000000000e+00,9.378896774476475073e-01,3.269463110883192303e-01,2.621014040580001758e+00,-5.462294324945631274e+00,4.475604749218739187e+00,1.337074775721391884e-01,2.057678676300657372e+00,-2.459255509493730063e+00,1.400736400940038262e+00,2.311025287548821971e+00,-5.040311120192127348e+00,2.174955184320380042e+00
0.000000000000000000e+00,-1.215898779457051049e+00,3.878511475395092667e+00,5.406199382559031541e-01,6.278157881942902030e+00,1.027716364137265526e-02,2.290966717229371286e-01,2.506013433638048848e+00,-2.065000436648476434e-01,-3.479109695942631308e+00,4.700403544205734363e+00,-7.742109966891090878e-01,-3.653197735173824956e+00
1.000000000000000000e+00,-6.153766615823327291e-01,4.922123136055002846e+00,-2.679764419498503747e-01,1.518273113666381846e+00,-4.399980082248119428e-01,2.779056190480638122e+00,9.899937091791399801e-02,-3.246839235812303937e+00,3.240829615271446640e-01,-1.513475639765931469e+00,-1.540374305450537662e+00,-2.988068020875424224e+00
0.000000000000000000e+00,2.188976420269730383e-01,2.473173527034077335e+00,5.773403691794070092e+00,3.770897626133105640e-01,3.055838156340540568e+00,-3.919282862017541280e-01,2.619359698679208037e+00,-2.538991061733573584e+00,3.596644099723233623e+00,-1.504882960520908863e+00,-1.737924068078683382e+00,1.175737730264581060e-02
1.000000000000000000e+00,1.296231489623076438e-01,3.019133989952337060e+00,-1.295704628562826866e+00,-6.428663533178544665e-01,-5.980321946366713437e-01,1.864516797015285388e-01,-3.129904844033436495e-01,-1.508480510222717674e+00,3.130514610445538803e+00,-1.995637697469097027e+00,-1.363205100910633405e+00,-1.946553953120772285e+00
0.000000000000000000e+00,5.732923786609023242e-01,2.377404081984846873e-01,1.717737611095668582e+00,1.214172069425764722e+00,1.087536177663594783e+00,-1.236801410082406516e-01,-4.935438181969313831e-01,-1.121849984788166443e+00,-1.784888660605688626e+00,2.003909820473873671e-01,-7.163029435681178558e-01,-2.827761470025378365e-01
1.000000000000000000e+00,2.675521539875586718e+00,6.851498954233826710e-01,2.636443333331641714e-01,7.075181837314137745e+00,4.050559717498622980e-01,1.439382831411712083e+00,4.450738789147240526e-01,-8.330887992582147739e-02,-1.008447251876732897e+00,5.572305218839214147e-01,1.864127788814710751e+00,-4.108849228934726483e+00
0.000000000000000000e+00,-1.459809198598431834e+00,3.061243717707445189e+00,-1.554490612731824761e+00,3.749075430938651754e-02,-3.601259615856575280e+00,-1.049688572097335015e+00,3.770475519016857069e-01,2.483232275942238498e+00,1.203319302247152223e+00,1.378494082497815576e+00,-2.677615712668733883e-01,-2.909779624601176451e-01
0.000000000000000000e+00,-1.522491486282255835e+00,-7.304301493559600011e+00,-3.031673460039793433e+00,-3.185557116284436496e+00,4.144377765786965817e+00,-1.095345360076660945e+00,1.972453167360350701e-01,-7.147386186685764642e-01,-4.133058895515866915e+00,8.084644404001036788e-01,2.420209124181038618e-01,1.756586454071435988e+00
1.000000000000000000e+00,1.543653879079167401e+00,-3.423499854213331028e-01,-7.963701255889232833e-01,4.046987451521299128e+00,1.285171432267908642e+00,1.316527474688238275e+00,2.449011776035701970e+00,-1.446653928479797457e-01,-1.397922482928730004e+00,1.571801184462298107e-01,-6.086504607867310179e-01,-2.536046657026925555e+00
1.000000000000000000e+00,1.202465792286421697e+00,-3.498179683790298089e+00,9.114266423104667725e-01,-2.300604222324545756e+00,1.488831394804984498e+00,-2.063894152144825078e+00,-1.253367122837550252e+00,2.677716579182852996e+00,6.010047824396198557e-01,4.051678186905566470e+00,1.892638801320918773e+00,2.005749161492676347e+00
1.000000000000000000e+00,5.023564495124919205e-01,-1.133779971080891569e+00,1.723801936519318012e+00,-2.438682375018273729e-01,1.855349361224702065e+00,-5.476175178836987234e-01,2.497093170842521914e+00,1.719019611382400781e-01,-6.001070995084408777e-01,-1.289089385634700324e+00,-2.350621244808535515e+00,9.416085208225497549e-01
1.000000000000000000e+00,-2.177134619595482157e-01,5.079830063434101817e+00,8.207543024685293176e-03,-7.689782654942725060e-01,-2.305909619725768245e+00,1.033889208948858718e+00,-3.660009774756308509e+00,-1.974299357675072919e+00,1.193231770755646126e-01,-1.182714594133918329e+00,-1.181062126174737603e+00,-1.484530943542412773e+00
1.000000000000000000e+00,-1.875944076195356969e+00,5.860120268853240333e+00,-1.953909207835446082e+00,2.225019852762835093e+00,-1.700353563941338297e+00,-1.454109116999822149e-01,2.266485197624674708e-01,-1.763964717724714637e+00,1.112635321921496834e+00,-2.619050805873261112e+00,-2.090458121549829684e+00,-4.386810313047442733e+00
0.000000000000000000e+00,7.352089094901159694e-01,-7.039572528659292505e-01,2.656891813060221486e-01,-5.597101921557614546e+00,9.688115900868035091e-01,2.204670329373313642e+00,-1.882457244983799960e+00,-9.765883030181622404e-01,1.199917081305961641e+00,1.327137717339904821e+00,-1.710534465377888669e-01,2.450016003496140460e+00
0.000000000000000000e+00,-5.706499883086322278e-01,1.814305897416360835e+00,8.039093686830010022e-01,4.861496709056260634e+00,-2.524087645658306123e-01,5.520051319027265979e-01,-1.548238312899056224e-01,-2.211942455804659424e+00,-3.674904638179276262e+00,-1.436724675726618106e+00,-4.139808373673763420e-01,-2.255326589924190106e+00
1.000000000000000000e+00,-3.870860047797884951e-01,6.072256812046056496e+00,-9.027431333852391493e-01,3.858319860811759483e+00,-1.708870102932275259e+00,-2.249652643714876721e-01,1.167141236065581289e+00,-8.547094382062698781e-01,1.024036570625334042e+00,-2.558459918259545773e+00,-2.773873321577401185e+00,-4.667553119791914895e+00
0.000000000000000000e+00,4.251909127965853408e+00,1.176141523903761366e+00,2.701014332469995782e+00,1.696308137393141680e+00,3.174773003069708555e-01,1.482183483163356685e+00,-2.137778147660190919e-01,3.546456670871716454e+00,-3.325610499808695053e+00,1.196758581566707003e+00,-2.549092318622105502e+00,-9.635466786091705371e-01
0.000000000000000000e+00,-1.734752069978795497e-01,3.067205770126143705e+00,7.286009995914874970e-01,-1.093386498986955724e+00,1.207204668182660257e+00,-9.735381267459668475e-01,-1.360585283619462516e+00,-1.394758592551934573e+00,-2.849152084329155121e-01,2.767773121637602252e+00,-2.207217403556967383e+00,-1.409909387636810729e+00
1.000000000000000000e+00,1.209180705556889279e+00,4.903069195013279646e+00,-7.776573155179974384e-01,2.194492078796315582e+00,-1.823293578849221497e+00,3.189788924177918705e+00,-6.687204692889434643e-01,-3.120133833782118504e+00,7.469158163585947197e-01,-2.720529710386871081e+00,-1.751962805445773874e+00,-2.813094363672907328e+00
0.000000000000000000e+00,-1.173821141222525011e+00,-9.434321619773996526e-01,5.232849866353099788e-01,1.546598369863154465e+00,-9.824295907378008952e-01,-3.015778285916705048e+00,1.436039629223877512e+00,-4.155219080409258137e-01,2.511842226752540874e-01,-1.365720769058733630e-01,-1.634343065766659109e-01,1.684359666628819197e+00
0.000000000000000000e+00,-1.810002819878169245e+00,2.125879295136598568e+00,-6.370875408824350217e-02,-2.992180453396328321e+00,-1.106604962454294849e+00,-2.728498814598013134e+00,4.492892429550121580e-02,2.002977715284575577e+00,2.089381035593302904e+00,1.834752259749171888e+00,-1.275879325644025286e+00,7.089275642133603395e-01
1.000000000000000000e+00,-6.987006595321043623e-01,2.434444900178629467e+00,2.975741881553222612e+00,4.327333414873161921e+00,9.370759298445416885e-01,1.528550649859985455e-01,4.484886961705805142e+00,2.172149620950524884e+00,-1.506798317351432104e-02,7.810973634387619047e-02,-5.652824162941770814e-01,-2.364587421708695292e+00
0.000000000000000000e+00,-1.200128977663261320e+00,3.007577737181702737e+00,-3.429612172719580521e-01,-3.514426561747395206e-01,5.021874265987513741e-01,2.259413175867872159e+00,9.057759572444601393e-01,-2.202893178498462223e+00,-1.994762741507156267e+00,1.753751176613214557e+00,-2.399231741096108816e+00,-9.782229824037986798e-01
1.000000000000000000e+00,2.918036607755700729e-01,-5.459629891083612740e-01,-4.427973091114019155e+00,-1.746550807297553076e+00,3.915868517730693998e-01,6.927000134078378224e+00,1.158823252115846358e+00,-2.020831086159348366e+00,-2.438734004675226608e+00,-2.491653330395119159e+00,-1.222087068526521048e+00,-1.061265688250585759e+00
0.000000000000000000e+00,3.334974374602935221e+00,1.218528545262243634e+00,3.392434897731162469e-01,-3.202279868692071041e+00,1.524657433435758769e+00,4.611230826189455456e+00,-2.265388420206535969e+00,1.113342030824860274e+00,-1.410712437799485741e+00,-8.671177587022831368e-01,-1.879368066417379968e+00,-1.426473717851443945e+00
1.000000000000000000e+00,-6.962079971614665297e-01,-1.991645142390295220e+00,2.249948672223011759e+00,-1.527265574383360525e+00,1.981931037574777399e+00,-2.002326935983004264e-01,4.183736444471790605e+00,1.558860350883745305e+00,-1.645974031142549698e+00,1.560005964416853352e+00,-2.276985823029406220e+00,2.877443481548146220e+00
0.000000000000000000e+00,-1.020436393165395916e+00,3.839348962788524666e+00,6.743648032694077310e-01,5.205571655896373828e-01,7.663810093731506790e-01,3.388035122756782869e-02,3.475439056848672603e-01,-8.902667401224689803e-01,-1.317919406802159799e+00,3.566000188671530235e+00,-2.094274483628419503e+00,-1.923699436585569522e+00
1.000000000000000000e+00,1.760787141884179174e-02,-1.889707042550177407e+00,1.569555342059840708e+00,-1.419609516673888461e+00,2.262037172674609575e+00,-2.966846864910234860e+00,-1.579835879718892500e+00,3.085839636068409053e+00,-8.064007226953751051e-01,2.229861746787596744e+00,9.700234848413933353e-01,-1.911929774524633308e-01
0.000000000000000000e+00,-1.193629677322827654e+00,2.428259577876774045e-01,-1.013383529561435736e+00,9.453203552022141354e-01,9.861727583327924984e-01,2.530129237570780898e+00,3.516652395996056057e-02,-1.786202091431792205e+00,-3.847342569837110204e+00,-2.145316924856740304e+00,-7.452185392050338919e-01,-1.650210497301719093e+00
0.000000000000000000e+00,3.174083785147496339e+00,-2.079195940987894897e-01,2.312950408669347091e+00,-4.341414980335517093e+00,2.229990408475230446e+00,2.418367214732945136e+00,-2.140263549336513194e+00,-1.541446256769420931e+00,2.404561562948675846e+00,1.179376645295124426e+00,-4.784491067737460801e-01,1.600380623363383936e+00
1.000000000000000000e+00,7.792674888318994464e-01,2.574424841218990956e+00,1.420261879777291458e+00,3.226648727062935595e+00,1.518785559520022144e+00,5.249651983630438945e-01,1.935643093723890651e+00,-5.385970874300993749e-02,-2.491736161352085421e+00,-5.129346371931409188e-01,-3.072413053990759924e+00,-2.999455930859856068e+00
0.000000000000000000e+00,-1.563710833118581167e+00,-1.824987655027315858e+00,-1.089228095737039492e+00,-4.153374632804968769e+00,1.697529641572215420e+00,-1.846111205207490169e+00,1.704113969752301117e-01,4.056886191715098899e-01,-4.013038396455659296e-01,2.649326632073409016e+00,-1.157945677695754849e+00,1.684121152751301587e+00
0.000000000000000000e+00,-3.907061880254243391e+00,3.075690522125849480e+00,9.062349957763010666e-01,-7.369070753571163479e+00,1.749033475492666412e+00,9.197014472982912858e-01,-1.312490059266957942e+00,-3.265469837233222261e+00,-1.274286332898874274e+00,-1.466955748719967811e+00,-4.124420412811564240e+00,1.415195985152708502e+00
0.000000000000000000e+00,-2.741892619436186784e+00,2.450784198279647885e+00,-2.517513023761147384e+00,1.756987249719540234e+00,-1.411433606936245422e+00,6.961320759238354139e-01,-1.993105182339298675e-01,-1.593488979177825726e+00,-3.227599086713572873e+00,-2.825168491878840005e-01,-8.176859908208935490e-01,-2.077667597161248825e+00
0.000000000000000000e+00,-1.784139134895219136e+00,-1.353067988957219470e+00,-1.785190239908474030e-01,4.464353324578990700e-01,-1.168498548653625679e+00,-2.792400385340961133e+00,7.686590460068987163e-01,2.520630305810635630e+00,8.948889107741747617e-01,-1.178640612731014503e+00,1.552747924790915945e+00,6.931922873560270038e-01
1.000000000000000000e+00,2.851474562284626479e+00,-7.001797389389823323e+00,-1.384918155214489577e+00,-4.734051133011827339e+00,2.470390973628397102e+00,1.159863672787454281e+00,-3.969393511177521816e+00,1.717147919652240340e+00,1.200830995475666629e+00,4.940114901116960056e+00,5.325937763559012161e+00,2.634239019668586756e+00
0.000000000000000000e+00,-2.729406663679451395e+00,5.320340232697103211e+00,-1.979298064694636761e-01,-4.016012549214807770e+00,-7.138011927465772732e-01,-1.036153518773199833e+00,-5.920581446862560604e-01,9.450221678690404747e-01,1.078468806151288373e+00,3.549104599885303024e+00,-2.599473915404894697e+00,-8.138046983786888511e-01
1.000000000000000000e+00,9.087177593079598381e-01,1.829001829255640033e+00,-1.511041476553737883e+00,-9.138176218043079224e-01,4.218045147955822305e-01,7.448842124751072546e+00,-4.538940339771838639e-01,-4.702611098358680408e+00,5.716092967360825172e-01,-1.093341527726484630e+00,6.061863321380620562e-01,-1.122580078857403185e+00
1.000000000000000000e+00,-3.002161497512444210e+00,1.016052038088462339e+01,2.315172021301035610e+00,-1.356537858141231512e+00,-3.943433486939181831e-01,4.612854638637229332e-01,-1.984822023408277403e+00,-4.140255902859037107e+00,1.800626475314212716e+00,-1.193721988381943211e+00,-3.704541713763065403e+00,-3.735464430865445884e+00
1.000000000000000000e+00,4.849688586545398694e-01,-5.958404578706814059e-01,2.034050570341781494e+00,-4.669990079863874044e+00,1.835568459869616476e+00,-1.608755427496536328e+00,-2.662936242250094399e+00,2.615281816602427867e+00,2.233920062987383215e+00,1.659049147231809851e+00,1.014390906942229886e+00,7.230436410793983359e-01
0.000000000000000000e+00,-6.922260826263069156e-01,1.328816392809901714e+00,1.810583109110347477e+00,-1.838126617910678995e+00,2.425303585083129043e+00,-5.895510487242747732e-01,1.821910438318572023e+00,7.203976511937337790e-01,-1.660801030447943916e+00,-1.705931617965842140e+00,-4.234124987830821141e+00,-6.225549550056528325e-01
1.000000000000000000e+00,-4.538203242693792383e-01,-1.518088118138052334e+00,-1.416626110058335275e+00,-7.252672305787585261e-01,1.551613752413387282e+00,1.164859356298461268e+00,3.363753636018864235e+00,1.840834328440262180e+00,-2.566400232105099377e-01,2.147144875375446738e+00,-3.838124856055802336e-01,-1.474207033204392170e-01
0.000000000000000000e+00,-1.577791540310760965e+00,5.886779894754656794e-01,-1.978906978566197239e+00,2.052110134353298587e+00,-2.478759409304697403e+00,-7.418335801081527014e-01,1.404898240757046057e+00,-1.617420869228962665e-01,-2.190820725981481587e+00,4.481566270492123305e-01,-1.007975647225412885e+00,4.387031472783351482e-01
0.000000000000000000e+00,-2.235113799396625467e+00,-1.701150383095078045e+00,-3.640754001011403673e-01,-3.552028713384604686e+00,1.880561250992023092e+00,-2.829836759846802607e+00,-3.585869798855327861e-01,3.822922034877027642e-01,3.191859166097554823e-02,1.899053590807342484e-01,-5.738029879201560490e-01,9.460860894152617329e-01
1.000000000000000000e+00,4.113106808736630704e+00,-2.936519378249162315e+00,-2.564343640715200046e+00,1.851085143754830797e+00,1.672552531511882989e+00,7.783948005216210220e-01,5.403300745621604229e-01,-1.163969014669168800e+00,-3.488685210801102388e-01,2.107086299587009215e+00,-7.101851115657362712e-01,-9.202853324819397773e-01
1.000000000000000000e+00,1.507232155903970305e+00,1.009680315165066622e+00,2.722924475873995220e+00,-3.791980523508515777e-01,6.955256749544682648e-01,-3.649326480573737097e+00,-1.320703015701989891e+00,6.226776357306159637e-01,-9.396412318008020570e-01,7.640924205917898338e-01,-3.150470307487920341e+00,5.142499690626696207e-01
0.000000000000000000e+00,-1.806273876511539367e+00,3.857748709960330480e+00,2.955776977672324612e+00,-1.234341702111346173e+01,4.802471359363127412e+00,1.415923239557310698e+00,-3.154004211333036434e+00,-2.773250017077976137e-01,1.608652667920805523e+00,4.362196672041747547e+00,-3.647487556367477790e+00,1.004756843068554062e+00
1.000000000000000000e+00,2.239858075045693564e+00,-7.277921992155340913e-02,4.075364665503589112e-01,3.960877942343869751e-02,3.059018852415946732e+00,1.634321524206357346e+00,1.324138873699642005e+00,-1.560017662863806276e-01,8.602219215534767649e-01,5.677224244626077887e-02,-1.279584334235352339e+00,-2.038973800960601768e+00
0.000000000000000000e+00,-3.385109777083632476e-01,3.418963196324446230e+00,1.262435045478626172e+00,3.366883773787129108e+00,-3.469165436896066712e-01,-2.082492757876706069e+00,5.503961344600993844e-01,-1.129101750902189671e+00,-1.817222963693375437e+00,2.675330556645877156e+00,-2.393591806571627956e+00,-1.570421928234046138e+00
0.000000000000000000e+00,-5.146947556629356546e-01,-1.676771132525449737e+00,8.836166883651837001e-01,3.103327348821256049e+00,-1.616615994903454201e-01,4.788749229128195228e-01,2.001797215640738870e+00,-2.296175157326680427e+00,1.264903690907019485e+00,1.020527080755062377e+00,2.826379662315713581e+00,1.392860493638238495e+00
0.000000000000000000e+00,-1.210889506344962507e+00,-3.314820271038833255e+00,1.505589182447849561e+00,-2.631204302912923065e+00,3.273899969187742176e+00,-2.828808802609165785e+00,1.037309481029346392e+00,-7.939340102671403887e-01,5.138958849663943784e-01,8.276110664442768439e-01,-3.759753814879378542e-01,2.277429984713058797e+00
0.000000000000000000e+00,-1.276070021737601312e+00,-3.405196724296199573e+00,-1.785598297198665918e+00,-1.789252824230797900e+00,9.207175462810650579e-01,-5.393281306670325570e-01,1.182753563935234897e-01,1.121466435488267077e+00,6.694293900512110485e-01,2.665156094806931719e+00,2.872330121935305680e+00,1.125882765778395633e+00
0.000000000000000000e+00,3.085834370636111323e+00,1.156560389115615539e+00,8.744283966928949603e-01,1.720573287739733059e+00,-2.654171254424406712e-01,1.620656549137313718e-01,-1.097453338925861388e+00,-7.414008551870265862e-01,-1.785978650009658608e-01,6.677974975923617329e-01,-1.354678502777717952e+00,-6.716301724346018798e-01
0.000000000000000000e+00,-1.511281428003614424e+00,8.152031631921689836e-02,-3.211871077393861462e+00,-3.898462601413776873e+00,2.107215745083503844e-01,-8.979237789443519357e-01,5.801505708880116963e-02,1.986344232289618095e+00,-2.470655771152391544e+00,1.504135045690059513e+00,-3.167502006505186873e+00,-1.003546046735837027e-01
1.000000000000000000e+00,-3.582101478757040880e+00,-3.372026902740102999e-02,3.061956447802083758e+00,-4.818570470726791122e+00,1.714306920728819073e+00,-1.362936799204413463e+00,-1.255416164375223076e+00,5.046457247921331657e+00,6.511869558555292148e-01,6.854923421493710478e-01,2.637574137449944178e+00,4.197847672230661242e-01
0.000000000000000000e+00,-1.680744985863896535e+00,-2.504349049092823298e-01,1.324398721673902823e+00,-5.035952774855148029e+00,3.564022919446332871e+00,-1.672930158494387864e+00,-4.905453982567953286e-01,-9.947185450555140473e-01,2.204738965822818919e+00,3.169461896504686127e+00,-3.746484181997984386e-01,8.834754553278588718e-01
1.000000000000000000e+00,2.112551166740399999e+00,-1.377456798086980294e+00,1.695144672194695001e+00,9.669898487041869717e-02,1.791928063915931180e+00,3.685117115383231834e-01,-2.906336016924702115e+00,1.351059695135729655e+00,1.238766337598377731e+00,1.206386170009392078e+00,3.494337123008880219e+00,-1.224244630636588171e+00
1.000000000000000000e+00,5.814061304020701204e-01,5.089441074446447111e+00,1.307147893204189337e+00,7.050627681301869565e+00,-1.109728571436024991e+00,1.545689855957352865e+00,2.288332429068153484e+00,-6.374661864067998618e-01,-1.039713536046888098e+00,-1.084165157584356942e-01,-1.025259807878148521e+00,-4.278611939506868467e+00
0.000000000000000000e+00,6.897602814733881926e-01,8.981695665749528379e-01,-2.065568718013655936e+00,-3.303951077397465408e+00,2.932467128678789559e-01,1.332050334397739455e+00,-3.095516680665264531e+00,-2.335202292080153619e+00,1.427824663618058043e+00,1.001026358466148958e+00,-1.003188067940327111e-01,-4.701264872602612943e-01
0.000000000000000000e+00,7.154123192021286659e-01,2.889160165702189254e-01,2.588062167804599856e+00,5.354078350447807999e+00,4.932465000562566981e-01,-2.203504961415541530e+00,-7.809830667778814295e-01,-2.029738958959349748e+00,-1.623439599807242839e+00,1.021659087062992466e+00,9.389209306626022933e-01,-1.072493039454338160e+00
0.000000000000000000e+00,7.911134116278981665e-01,2.998467336777731251e+00,3.139246923731474403e+00,3.418403256485239350e+00,1.051498229116064387e+00,-8.495204846920370034e-01,9.909977414376149873e-01,-5.522069202377317687e-01,-1.246180005880138442e+00,3.843043490413694308e+00,-1.513484838069504512e+00,-1.510912098484115562e+00
0.000000000000000000e+00,-1.987864957358370654e-01,-6.023778794326812847e-01,-1.289206544096064722e+00,2.278325885621958591e+00,-1.288854982162812135e+00,1.027635837940979346e+00,1.784219623146490630e+00,7.358658138233609147e-01,3.895985656098186478e-01,1.769293874347831697e+00,1.911919147126814877e+00,-1.032164123189449612e-02
1.000000000000000000e+00,2.212187677164784816e+00,-2.788647831478867634e+00,-2.987151194464401360e-01,-1.441092381656780441e+00,7.636795211896081348e-01,-4.684652707168464048e+00,-1.493323715375298733e+00,2.027927521232769648e-01,-1.585848657894983749e+00,1.750116740471275190e+00,-3.093328873049430605e+00,2.159263610578560755e+00
0.000000000000000000e+00,-2.299069076327269201e+00,6.274380399724650559e+00,2.544479751474279183e+00,-2.855661684047931193e+00,5.076038995081217919e-01,-1.383851080330448236e+00,4.460526178354090598e-01,-2.085380793988973469e+00,1.864047855231600881e-01,2.336551657247755154e-01,-5.591231501997878439e+00,-4.225303375867333067e-01
1.000000000000000000e+00,-1.959256343953547752e+00,6.279735495771457288e+00,-1.589437984438708096e+00,-1.194634113410589338e+00,-1.466203592458812377e+00,1.143886418322363374e+00,-1.938346381084052883e+00,-2.910833988756683421e+00,2.071506097048636086e+00,-2.217337193802381368e+00,-1.666940735864169243e+00,-3.266391397875510361e+00
1.000000000000000000e+00,-3.100004693183553872e+00,5.136150393746984122e+00,1.681004825494639920e+00,1.904345076248945778e+00,-1.624653333320011273e+00,9.991540530161726608e-01,1.622494879836323456e+00,-1.950024159696226222e+00,7.176151268738958366e-01,3.100108293014010030e-01,-2.620291566601662403e-01,-9.365700499182720851e-01
0.000000000000000000e+00,4.237568745894275679e+00,5.273825909044282945e-01,2.145476170601845922e+00,4.848921203376039379e+00,2.612678796826961580e-01,1.601006970835564980e+00,3.093159949017993959e-01,6.236807648137050464e-01,-1.048624804526588683e+00,2.229346879662760017e+00,3.100006427545634047e-01,-1.488782618060196850e+00
1.000000000000000000e+00,7.384459615341731897e-01,7.140544900116341687e+00,3.884631957063988672e-01,-3.723769228980934876e-01,-1.296485973402010661e+00,-3.859441101495995063e-01,-1.488700747535010693e+00,-2.090985932836323391e-01,-8.598011348352216920e-01,-3.211289104250266035e+00,-6.153101945906778170e+00,-3.508901154740734718e+00
0.000000000000000000e+00,4.559407815796104657e+00,-2.487373991021654407e-01,1.119634622825211867e+00,2.458243478840456131e+00,8.718055884181991066e-01,2.080980158981478034e+00,-1.395328897243980348e+00,-2.234705513567184276e+00,1.415683740689149595e+00,-1.140316268018135570e-01,7.208642914805918345e-01,-1.029982697128103641e+00
1.000000000000000000e+00,-1.114190042130008829e-01,1.416179161031553724e+00,-2.321129624890654330e+00,5.504979058584433815e+00,-3.279218229190536960e+00,2.162468192875659501e+00,4.002858955433035604e+00,-5.394817109231667684e-01,1.047291431769753256e+00,-2.386706874409265211e+00,5.035751375337620406e-01,-1.382150375591564284e+00
1.000000000000000000e+00,2.629490017184388684e+00,1.151101301324441772e+00,-1.216745087357765875e+00,2.723423106518592540e+00,8.651349736880120656e-02,-3.278644712833556518e+00,-9.553461241712637442e-01,7.963182876078167549e-02,5.260445970649563208e-02,5.000640717830640014e-01,-2.499004470755613383e+00,-2.767849167813453803e+00
0.000000000000000000e+00,4.997021692428070816e-01,1.881496042339175112e+00,1.179156649437586912e+00,2.478898919659569433e+00,1.742131064183733091e+00,-7.551187359647963948e-01,-5.218356175650382678e-01,3.658614053634348107e-01,-1.554346660046570960e+00,4.650142392431027005e+00,2.733461903444034391e-02,-2.787951726685022891e+00
0.000000000000000000e+00,-2.142803100743738476e+00,2.168620131091826941e+00,-8.390664177830942094e-01,-3.090957894416589635e+00,7.432469858493979675e-01,-5.369178861717516238e-01,-3.381548870111814598e-01,-2.960414639121001779e-01,1.169287181622888250e+00,3.776122037122958908e+00,-5.633074703160941832e-01,-4.997576291442633600e-01
1.000000000000000000e+00,1.945092709172826950e+00,4.342124307268033778e-01,-2.912709483505271368e+00,-1.973586260238575418e+00,-1.343099982178903806e+00,1.646029258952169227e+00,-1.875914486818225146e+00,2.293633939311032766e+00,-8.304252846977704383e-01,-1.278317255842828404e+00,-1.332532436289996181e+00,-1.161299576959881286e+00
0.000000000000000000e+00,-1.142257728447197973e+00,3.365481986698774519e-01,-4.456606895452062123e-01,2.276278464607699004e+00,5.406685444223875425e-01,-1.307041400412953802e-01,-4.998960378595850296e-01,-1.761662766958512094e+00,-1.747437090529791570e+00,2.036619852583050339e+00,1.137650673644088339e+00,-1.330715018755966428e+00
0.000000000000000000e+00,8.249617692230259980e-01,7.395553637856384643e-01,3.703525731879518279e+00,-1.251362491447520098e+00,1.686747406060282728e+00,-9.498523071538075291e-01,2.307209626744145758e+00,-1.276360493023146470e+00,4.244727749063989641e+00,-1.805926561166635302e-01,-1.427812049437704678e+00,1.708173432753155918e+00
1.000000000000000000e+00,-2.835282652703067008e+00,-3.397339749856219115e-01,-2.303243889085838880e+00,-3.897886055103655156e+00,9.207131457148123310e-01,1.903446775032537897e+00,5.071302414408629389e-02,-6.431038867253582314e-01,4.921911020084581700e-01,7.564239281016664762e-01,1.011146833520009558e+00,1.266640265997633907e-01
0.000000000000000000e+00,-4.499073562301458828e-02,1.410883370066431164e+00,1.872049282244493185e+00,7.690028261406112620e+00,-1.255945891581631724e+00,-2.935440418701355192e+00,9.998059565042172192e-01,-2.261907485514577765e+00,-1.958082857263661047e+00,2.515113474473581689e+00,3.731992324593647048e-01,-9.162600957197313267e-01
1.000000000000000000e+00,2.831707620038993234e+00,8.070117035717130349e-01,1.028711345204493366e+00,1.499539003065074150e+00,-4.193898741832091659e-01,-7.925284889519974563e-01,-5.182258678962935683e+00,8.804291251656856110e-01,6.333266484324435730e-01,2.093381347405335546e+00,2.892863391145342522e+00,-1.987984170978719156e+00
1.000000000000000000e+00,1.914015229750472447e+00,1.796751842919169340e+00,3.165918110282766484e+00,1.274659367977173607e+00,1.293223542717718111e+00,-2.468296789420185711e+00,9.546535848131298962e-02,4.861621235616413461e-01,-6.551976759149644725e-01,6.107373504397528574e-01,-3.189866403950527118e+00,-7.683300895049653967e-01
1.000000000000000000e+00,1.679033670226603991e+00,-5.577666379741990532e+00,-6.110983487134438175e-01,3.529977679896600939e-01,3.521469783292499045e-01,-3.528958127482384466e+00,1.070262820033557327e+00,4.192202710245631625e-01,-2.396219265980761737e+00,2.145294612692529856e+00,-1.246551178916972091e+00,3.905056763959010802e+00
1.000000000000000000e+00,8.338234569709552790e-01,-4.083951634697610800e+00,9.964767099305212872e-01,-3.668120052351890426e+00,2.880728686767077384e+00,-2.416682360317717659e+00,1.049998034262123348e+00,2.437075437714642412e+00,-2.086919205029545310e+00,5.358490841852664666e+00,-1.823385115090883080e+00,3.366602189651425547e+00
0.000000000000000000e+00,-2.416563114339164819e+00,-2.746669197592709111e+00,-3.522878344739964973e+00,-2.079492087149310553e+00,-1.111666047358563780e+00,-2.656796821156858002e+00,-7.296959356138794650e-01,3.152022227703083601e+00,1.070508330496157789e+00,2.910661543542994334e+00,3.205974043646231841e+00,7.669450382870066640e-01
1.000000000000000000e+00,-2.272546306661776594e+00,1.576644808834086975e+00,3.082420182439828071e+00,-2.840142289911061546e+00,3.005984179059108197e+00,5.171506761350477266e-01,2.518057268862595066e+00,3.262852311838682962e+00,1.405252864369237908e+00,-7.808703455951280237e-01,-4.788142289503244386e-01,-1.209464026308041840e+00
1.000000000000000000e+00,5.915367208767190910e+00,-7.800546793796420353e+00,-2.617894139047725499e+00,4.175965803613386207e+00,1.231299423024383000e+00,-2.653450703588580595e+00,5.224655872705649351e+00,-5.629407536859019068e+00,-7.587923027646063190e+00,9.784746834984222597e-01,-9.195495200126369895e+00,5.699904123565377567e+00
1.000000000000000000e+00,-1.353444449658463444e+00,1.772731219298394167e+00,-2.749122646580217211e+00,-6.131814241924497644e+00,-1.845854352064171255e-01,1.778077097597072553e+00,-5.943753768376550006e+00,-2.720521469329259645e+00,-3.402046472688111667e-01,-8.131214433154948518e-01,-1.176858353149146108e-01,-5.172008530998168929e-01
0.000000000000000000e+00,-9.240210836801256988e-01,1.935778141487779269e+00,1.357331587683998642e-01,-3.345590724804901051e+00,-4.035302268417353400e-01,-1.668876252527589088e+00,2.840753810096915410e-01,-3.179013881582560819e-01,2.316353097534937788e+00,1.529493322842449210e+00,-2.251238226236260687e+00,1.350668174019344026e+00
0.000000000000000000e+00,3.299793735945619755e-01,5.668762907816635721e-01,2.259766267208532131e+00,-1.251041666436815358e+00,-6.344946526683137300e-02,-2.130340304733138623e+00,1.937307326595231416e+00,-9.460666631161391837e-01,3.143457785208678690e+00,1.037521433214387834e-01,-2.095049926259660467e+00,2.576242873879204698e+00
1.000000000000000000e+00,8.096986977853943834e-01,1.014467388109809187e+00,3.131114069923826015e+00,2.491135369867840232e+00,8.651079866648995198e-01,-9.495565675947115203e-02,-1.736673604925010217e+00,2.363506987930721337e+00,3.637547643039440448e-01,1.298939292320949956e+00,3.266421797668832561e+00,-2.298420763608880257e+00
1.000000000000000000e+00,3.812865436187811152e+00,-3.148780378275217728e+00,-1.671377957611913434e+00,7.645503588616604507e-01,2.884968474757981127e+00,3.935179491714952071e+00,7.023129732845468931e-01,-1.758377136877267599e+00,1.205196684413876618e+00,-6.318279211113226879e-01,1.157939706589681261e+00,-1.417272217867847406e+00
0.000000000000000000e+00,-1.891284176064678135e+00,4.654940110105486362e+00,5.606432552757338428e+00,-7.935722021155411365e-01,2.496566355688981886e+00,-1.112049081598963873e+00,7.049487435768395649e-01,-6.237524252620350040e-01,-3.891555654036964018e+00,2.182105672449274891e-02,-5.207849034682994649e+00,-5.970884059689989254e-01
0.000000000000000000e+00,2.319588522126399877e+00,-1.944571914218785613e+00,1.427774355378341742e-01,4.903201485983008645e+00,1.071142515208339807e-01,2.562822401457089505e+00,-3.031871183715872942e-01,-1.080670218582591380e+00,-4.069320656359288968e+00,-4.064262791638920902e+00,6.500720626077749476e-01,-1.390000439929915732e+00
1.000000000000000000e+00,-2.561474476450146254e-01,1.256019976060105181e+00,-2.395621208907232180e+00,-3.842129980509161769e+00,1.990118300495400394e-01,2.172156161316449285e+00,-1.015285512391237210e+00,-1.073693615134852175e+00,2.007504669652911300e+00,-1.299262501845115825e+00,-7.913382352031754774e-01,-7.909976158620678488e-01
0.000000000000000000e+00,-3.036165345249359770e+00,-1.292461130220370791e+00,1.440198610836636028e+00,-3.615367861110458936e+00,2.004216234383858986e+00,-5.695072697192840039e+00,-2.961526126199853781e-01,1.770338694738348817e+00,1.987888125573578080e+00,2.081379860137607674e-01,3.903076068726862857e-03,1.096593578978050987e+00
1.000000000000000000e+00,-4.517229574857613006e-01,1.310162796618770997e+00,1.207627591010636880e+00,7.146309799647346139e+00,-8.941841858250199060e-01,-3.107871573072721993e+00,6.398689311290368664e-01,2.540842867814163242e+00,-4.050029887007690732e+00,1.881133264302019548e+00,4.699590542656006953e-01,-3.000607753140443812e+00
0.000000000000000000e+00,-6.855224203878409472e-01,4.553791485589716359e+00,-4.757732637023865951e-01,-1.444329558669799951e+00,-2.161281727832392807e+00,1.430752438420754835e+00,8.084161851869903215e-01,-6.030060625356437054e-02,1.306336171740533514e+00,2.246825248243999429e+00,-2.142516098524440693e+00,-2.387657608994042668e-02
0.000000000000000000e+00,-2.153113931995367381e-01,1.029856269830841109e+00,-6.896117937557644240e-02,-1.811478658004320730e-01,6.006380471850520930e-01,1.452483904803899328e+00,1.824103051364322603e+00,-4.520923514939347854e-01,4.762334226751641086e-02,1.837029790674752139e+00,-9.794336626791648737e-01,-1.896459544974276046e-01
1.000000000000000000e+00,-7.237543468182101591e-01,1.976976005583187312e+00,-7.835534029580275561e-01,-1.934889054552050736e+00,-6.511709484432430806e-01,4.353928195891869635e+00,-7.202566677812169971e-01,-7.871386718088516643e-01,-1.405640949353782698e+00,2.951200410513925565e-01,-1.115977308186326677e-01,-1.976592697987916702e-01
0.000000000000000000e+00,3.404107953136696896e-01,2.869794492963863686e+00,1.793750253055876209e+00,1.067687285868035474e+01,-1.190599077797516170e+00,-2.351298570539410715e-01,2.090501382200525171e+00,-2.348768792924583071e+00,-4.655394989707843934e+00,-1.145436428745143953e+00,-7.980714590274038400e-01,-3.589426205621567778e+00
1.000000000000000000e+00,-2.010706029810130246e+00,5.279482212368428407e+00,2.251376403345344723e+00,6.743894471136743229e-01,-1.758342202307410673e+00,5.692602508992620214e-01,-2.941204801578047423e+00,-2.809633583099297116e+00,2.350533569111424192e+00,2.044158579506636375e+00,2.469932012726223647e+00,-1.011204208357906031e+00
1.000000000000000000e+00,2.971001472103985019e+00,-7.590338438704317126e-01,-8.408366465896910391e-01,-1.220689296133912194e+00,2.202956114967736578e+00,1.567033554720131949e-01,-3.510391229402136659e+00,1.880690838863658065e+00,3.360570721655740556e+00,2.892916100532358481e+00,3.254129549837911028e+00,-3.010281459473160393e+00
0.000000000000000000e+00,4.023718758680536745e-01,4.374627448838271371e-01,3.079305410612577232e-01,-5.094060361004023818e+00,2.687980985328270123e+00,9.366692399980496297e-01,-2.310847625124075932e+00,-1.461201243326912147e+00,1.600228697973925751e+00,2.687216236901115884e+00,-4.418344804230308620e-01,1.892279825797487103e-01
0.000000000000000000e+00,1.376203115463520144e-01,3.551082585513666068e+00,2.421329057416245156e+00,-3.624196438063556069e+00,2.987267736428591114e+00,-1.571332954004073024e+00,-2.626734300971754532e+00,-1.854436292600827541e+00,2.347993092385993297e+00,5.334523388720936232e+00,-1.471957218502626619e+00,-1.094631652642190867e+00
1.000000000000000000e+00,-6.779149157289479088e-01,-9.455299503906104963e-01,-1.444598485866861903e+00,-1.491528037209069790e+00,6.803351845278333698e-01,1.307006964209971756e+00,-7.639294236674321059e-01,-2.907719255820856219e+00,1.586061818603715423e+00,-1.766237263924369527e-01,1.475145159293081321e+00,3.726104060982522448e-01
1.000000000000000000e+00,2.188714791917015123e+00,-8.398458442263863066e-01,-3.575218465544738322e-02,1.823238024017850845e-01,-2.407814842315336712e-01,-5.426362697884096420e+00,-5.209606698298556715e-01,8.485297503224407123e-01,-5.211698453085891192e-01,2.560678936690613305e+00,-3.495405729300511855e+00,1.263856751138479950e+00
1.000000000000000000e+00,2.302836630557790087e+00,-1.669979318494405840e+00,-4.823881660167352869e-01,-2.586457064610708567e+00,9.630360182532422542e-01,-2.719320031963327722e+00,-1.089215056295242956e+00,1.653882704764725764e+00,2.771464087038784552e+00,3.183643465662207461e+00,-3.350457430526920799e-01,9.191315280410050637e-01
1.000000000000000000e+00,1.821630602227310103e+00,1.491477306701532557e+00,1.770408477717268614e+00,2.846402232157109413e+00,7.973944769930358945e-01,-1.989596419733027588e+00,1.092913425405551919e+00,1.216167420630706042e+00,-1.397915105403542135e-01,2.098978955697028859e+00,-1.757205847872194582e+00,-1.619365508499511330e+00
1.000000000000000000e+00,-4.221444670416741873e-01,1.501395961194573081e+00,-1.879664658797404408e+00,-7.037088114685214890e-01,-1.403949114084517502e+00,4.542077296622366589e+00,-1.573925263219015047e+00,-6.469246997050980275e-01,-5.058975624803982996e-01,8.125001414237877917e-01,2.091253764925114389e+00,-9.206924720529521267e-01
0.000000000000000000e+00,-1.746995539179041934e+00,9.563281013958075949e-01,4.053230057262339203e-01,5.036684462975399512e+00,-5.111031987806478050e-01,5.344254935511887350e-01,1.312929873788983848e+00,-2.403861799509638075e+00,-2.426799393618388478e+00,1.821120941898093593e+00,1.458843913345976517e+00,-1.008096185320662030e+00
1.000000000000000000e+00,-3.492994898958656780e-02,2.445282554021019017e+00,-1.482181561365453426e+00,1.097413916468616524e+00,-1.310299253007801923e+00,2.123621869189719291e+00,1.786947374831285629e+00,3.140601691341402546e-01,2.871481583933891413e-01,-1.443521952489754456e+00,-1.362240248429817280e+00,-1.705042269281483946e+00
1.000000000000000000e+00,-3.012766621030802394e-01,3.729966038668173223e+00,-1.363245881842158003e+00,-3.230451349383222759e+00,-7.591112955181619215e-01,4.841261349579166762e+00,-3.212106630323594114e+00,-3.468326868711570032e+00,4.844798361997548763e-01,-1.060211407463060862e+00,-2.821511268819076879e-01,-1.127712016633950931e+00
0.000000000000000000e+00,2.856607590905749561e+00,1.697733639386997728e+00,1.443035145751304871e+00,3.001033233765254771e+00,5.862229251890951343e-01,2.228219244403622401e+00,1.977237163256411190e-01,8.971152004685618575e-01,-2.462549139103339169e+00,1.200867690060816395e+00,-1.275655275567974201e+00,-2.160896691039627893e+00
1.000000000000000000e+00,-7.682346746444750352e-01,2.083435156415319955e+00,-2.141786303770759625e-01,-4.732609118498128709e+00,3.353761188478876498e-02,2.492897635488775521e+00,-8.004984662897911551e-01,-1.436756682964702936e+00,8.859794498684903097e-01,-9.209027584930432608e-01,-1.876727864902091536e+00,9.205686937295491923e-01
1.000000000000000000e+00,-5.540374192150125943e-01,1.330334659913273709e+00,5.133481302469296015e-01,-1.383692968033982451e+00,-1.538933507435759740e+00,2.759328998055796234e+00,-1.075309549410290666e+00,-3.499564830347543509e-01,-2.071987188487159681e+00,5.482095947281317994e-01,-1.173163390121124694e-01,1.430394932774897043e+00
1.000000000000000000e+00,-2.851329205883943452e+00,5.405828739396342897e+00,3.634783878290095860e+00,6.753592311135362181e+00,-2.416376276406470680e+00,-3.931416334741239638e+00,2.333571505618057706e+00,3.190768039679832579e+00,-3.175352462925084218e+00,-3.275307654483927688e-01,-1.737417507008172546e+00,-2.763485008143249377e+00
1.000000000000000000e+00,-2.810924488434092261e+00,2.509510627203145106e+00,2.036077454211646653e-01,-1.853513993563238538e+00,-2.600563269527537358e+00,6.390024494519455089e-01,-1.778575591591259331e-01,1.975681999139162759e+00,-3.683505556141826176e-01,1.412461798408291003e+00,5.870536253567042451e-01,1.116561056527186402e+00
1.000000000000000000e+00,2.471880194933218533e+00,-2.257209847327251495e+00,1.138182955203994151e+00,-9.348919410091639515e-01,9.516192612463209022e-01,-4.632428377301481603e+00,-3.475388947008927865e+00,1.881849185245001665e+00,1.403502679560542088e-01,3.524100750526333758e+00,4.430193013012946324e-01,9.255206534933031470e-01
1.000000000000000000e+00,-3.589257873758716633e-01,3.344359776774389115e+00,-1.620590370840545802e+00,-3.030520974373612120e+00,-1.549288657735272690e+00,-1.548653546495095679e+00,-1.128293646809434891e+00,6.162445547149708602e-02,3.765487073555818576e+00,-2.562566758577613513e+00,-2.401757739171605621e+00,-1.042813646729722432e+00
0.000000000000000000e+00,-8.820299250309671102e-02,5.007764158821943923e+00,3.228307617406755536e+00,-3.595039811483380365e-01,1.350092298169247584e+00,7.988664429450798021e-01,-6.827599405581197267e-02,-1.213367897468345280e+00,-2.054897568105173544e+00,6.422696956267762713e-01,-4.196216320342397665e+00,-1.580302033010566154e+00
0.000000000000000000e+00,-5.883634389529910358e-01,2.328423258279497254e+00,4.444347220628954709e-01,-1.042444043019466093e+01,3.848755602376395579e+00,1.820477742121123788e+00,-4.589130121346316926e+00,-2.284419355037264232e+00,2.660695323272998181e+00,2.078741628765972571e+00,-1.791814315993471851e+00,1.400431628926379624e-01
1.000000000000000000e+00,-3.744291645982973371e+00,2.878179619087100960e+00,-1.768252119929565325e+00,6.385114106164362369e-01,-2.126299606215832583e+00,3.073369172342568678e+00,1.081186070998171544e+00,-1.046556022921645734e+00,-9.453422438722485222e-01,1.839244802119888167e-01,1.285609610359455868e+00,-9.183256994081352431e-01
0.000000000000000000e+00,1.129566202181817136e+00,2.807883565147072158e+00,8.772582784907211328e-01,-7.096189604255159544e+00,2.368596146470745012e+00,4.593240757526363183e+00,-2.236414855834280235e+00,-1.837736345182007014e+00,1.220076923196717011e+00,-2.846733278646946808e-01,-2.736822700169641465e+00,-2.858643965733220771e-02
0.000000000000000000e+00,6.230823312614739429e-01,-1.747849193498948406e+00,1.386516110891134579e+00,8.725154610073033723e+00,-6.818437055139896508e-01,6.713143180515130926e-01,2.032356677911013154e+00,-3.777873569071088511e+00,-3.583343784992784720e+00,-4.122348660104730556e+00,1.147524532601931213e+00,-4.646301754827217856e-01
0.000000000000000000e+00,2.048293411010720710e+00,-3.976983098346596468e-01,2.284387463748119629e+00,6.956394687804518639e+00,6.062004073959605943e-01,7.138301874287515947e-01,2.105673683717141476e+00,1.598953601218791487e+00,-4.558767759585524715e+00,1.913618365808062105e+00,1.956362765962003092e-01,-1.775577931097587214e+00
1.000000000000000000e+00,-2.652100547910400064e+00,7.055208146188831186e+00,-8.206323412380985838e-01,2.087954038741780316e+00,-2.740592685210686774e+00,-1.526692031148187745e+00,-2.035722203183401469e+00,-3.455337545033717372e+00,8.211346342522253261e-01,-2.753834409211904255e+00,-1.968381497958452631e+00,-3.568739172081797584e+00
1.000000000000000000e+00,7.943386442886828380e-01,2.083377533624604094e+00,1.148925424584032351e+00,4.388472158599173945e+00,1.235701710700799261e+00,-7.333115399377672095e-01,5.648067103367647057e+00,-4.677816933385268161e-01,-3.436778921477974258e+00,1.376893683458829676e-01,-6.268511416610180298e+00,-1.436141072303702027e+00
0.000000000000000000e+00,-9.896120920081772354e-01,-7.390974154835905807e+00,-3.013386535555266477e+00,-1.776492179067705512e+00,2.092064754411294025e+00,-1.246846662781629034e+00,2.093998254042442886e-01,4.697206592101479394e+00,9.629931973876771911e-01,3.637510417916291594e+00,6.213294359410349799e+00,7.280056274663655458e-01
0.000000000000000000e+00,-3.142205809101850988e+00,4.834687265688640601e+00,3.898040904608621293e+00,5.894232782276414007e+00,2.041382140851657923e+00,3.484010916118283063e-01,3.625504021537014232e+00,-1.591951204958392818e-01,-5.593176471790796356e+00,4.087160236893394583e+00,-1.820229632976436918e+00,-3.592028346254197313e+00
1.000000000000000000e+00,3.497546744034047972e-01,6.271722767853749936e+00,3.410662738008803707e+00,2.015607996324819240e+00,1.536613065638258835e+00,1.751119665001898529e+00,2.962691342707992170e+00,2.308535570246015300e-01,-5.552394885328231222e-01,-7.289286026860488654e-01,-4.539547157426121693e+00,-3.655036680872435717e+00
0.000000000000000000e+00,-2.424088791819992039e+00,1.390093429636064526e+00,-8.549882523359420006e-03,-4.852388867659721328e+00,2.066413991367367586e+00,-1.735485270031972505e+00,-1.096001554026676761e+00,-1.969549655530813181e+00,1.190999279247993980e+00,3.244318053506093591e+00,-1.520771435489925327e+00,5.928435390020838636e-01
1.000000000000000000e+00,1.288815978831585163e+00,4.008752772919472740e+00,-1.147406198018274592e+00,3.881053469021587432e+00,-1.905127234396259528e+00,4.392932322151963387e-01,-1.026332952295336165e+00,-1.833332046615867572e+00,1.694690260615425936e+00,-1.888164391893687455e+00,-3.529886016799030912e-01,-3.684460388116484353e+00
1.000000000000000000e+00,-2.743380814251795918e+00,3.005576965675628376e+00,-1.757667226704696883e+00,-3.589203649424867137e+00,-1.738010106796354481e+00,4.865210638937627508e+00,-4.525232588326028038e-01,-7.178532446171452808e-01,-1.150623360775769211e+00,-2.482531515101680242e-01,-2.226309616489430265e-01,2.565483653832170141e-01
1.000000000000000000e+00,5.613640013572984699e-02,4.918061747237397086e+00,-1.495320493690959207e+00,-1.788276340544026288e+00,-1.461727027400441248e-01,1.732105749964270913e+00,-2.861940588767746707e+00,-4.221380845941629545e+00,4.474917243734157779e+00,-1.984889340630509480e+00,-4.861321927392751041e-01,-3.224968014909161962e+00
1.000000000000000000e+00,3.392079716285899549e-01,-1.479382553889594165e+00,-5.820416019895955362e-01,-1.648460258766022424e+00,-9.642280005991323844e-01,-1.353503381348492240e+00,3.644739625288346829e-01,1.293445134522238416e+00,4.280803955594485455e-01,2.086153406466177529e+00,-3.869629173145102685e-01,2.447326165849466495e+00
1.000000000000000000e+00,1.293397246770161546e-01,1.215001822105664209e+00,2.122699348212976567e+00,4.071355441368973871e+00,-4.639675006673544821e-01,-1.275079882963803035e+00,2.277796395316282307e+00,5.505803772460480250e-01,-2.486301948546567608e+00,-3.087267694007944652e-01,-1.984306900253425265e+00,-4.032840600066991410e-01
0.000000000000000000e+00,4.799487052391993025e-02,-7.828625774131341419e-01,-5.051292711712274119e-02,3.115051275026806010e+00,1.348021727097898470e+00,-2.420330823208802329e+00,-2.046611715787973740e+00,-5.180823399095687343e+00,1.762259646043471850e+00,1.994106926140311487e+00,2.595694099428813129e+00,-1.044462474507709349e+00
0.000000000000000000e+00,-9.477951212405593129e-01,3.195504646195987508e+00,1.562248996040706661e+00,-3.647648952211315354e+00,1.678044597483356881e+00,-1.100025026197513078e-01,5.874946359110401195e-01,-6.153354227537046750e-01,3.137902185368657282e-02,-7.039498181578718317e-02,-4.290050686153032089e+00,-2.084619212831084756e-01
1.000000000000000000e+00,-6.118710420835883346e-01,5.588514790598639870e+00,4.368195636763800849e-01,-4.062434613178449894e+00,-3.584356874676384308e-01,2.217304601466889125e+00,-2.155661471095154713e+00,-3.913019986800604588e+00,2.837905486991395776e+00,-2.206499263428411961e+00,-2.799311408721513850e+00,-8.613716954075949506e-01
0.000000000000000000e+00,1.997854919220730885e+00,1.859211708134268726e+00,1.708558411123877629e+00,-8.283965064402032397e+00,2.690099583436008857e+00,2.130831734834443658e+00,-2.779708393990957482e+00,-5.867659045729600731e-01,2.622642968081191572e+00,2.404692139958942487e+00,-2.630296953195547349e+00,1.275401659939060739e+00
1.000000000000000000e+00,-8.086802627401291632e-01,2.261802788588397117e+00,-1.355011983788488195e+00,4.128968957701569242e-01,-2.691388664461321412e+00,5.747521968696285288e-01,-1.058533517721248485e+00,6.739125917245505359e-01,5.185217171801990155e-01,-1.712184263751189706e-01,8.050584883241265199e-01,-7.985120943989619802e-01
0.000000000000000000e+00,-9.686168453736593298e-01,5.000600571679949979e+00,2.305941244556117375e+00,-1.333224039342931322e+00,-8.277089914219657452e-01,-9.931474581248642686e-01,1.028452478043331286e+00,-1.127363807094749593e+00,1.539992411419955687e+00,-1.249586304827952521e+00,-4.173857683949947273e+00,1.317378120583758694e-01
1.000000000000000000e+00,-1.436358343836983131e+00,2.723612439802066021e+00,-1.122287421138673968e+00,3.869617382738710365e-01,-1.135149843951427151e+00,1.893854265491898392e+00,5.019722706271785295e-01,-5.593272575194663254e-02,4.738971046592854730e-01,1.570350202105792459e-01,3.859485104251820786e-01,-1.649264449344576722e+00
0.000000000000000000e+00,2.588130631074531784e+00,8.067459205951758028e-01,1.010958035733773075e+00,-1.328470116823552871e+01,4.058115565905533018e+00,4.795653638190588097e+00,-4.669616980104335013e+00,2.890554001778808502e+00,5.504898846385375411e-01,1.161590640597944146e+00,-3.213083213974373908e+00,1.033708006168935878e+00
0.000000000000000000e+00,2.668903986260521499e+00,-2.255202824611168833e-01,6.306355329812333155e-01,-1.120873427600501415e+01,2.595141255085624987e+00,5.132641346724154729e+00,-4.302784841343207489e+00,-6.978773247016247794e-01,2.580892788634306712e+00,-9.388626737187206750e-01,-1.539091373347750480e+00,2.474830754758908125e+00
1.000000000000000000e+00,5.363057060787645991e-02,1.373670741740021350e+00,3.109637537791373418e+00,4.647902257696370221e+00,1.601891418162075365e+00,-1.354336847419484346e+00,4.266989583831954924e+00,1.315373265284438542e+00,-3.166000091286664819e+00,7.609667146614113031e-01,-3.103257427082819042e+00,-1.467993219251995329e+00
1.000000000000000000e+00,1.832252274572476303e+00,-6.963153512265224165e+00,-7.046524916930640980e-01,-7.089695963252798938e-01,1.983124556684360495e+00,-2.636256833944920608e+00,-9.777469642314691178e-01,1.501904361026799251e+00,-3.178486454817848195e+00,4.124484456680511002e+00,1.223162689663277014e+00,3.016862600946374151e+00
0.000000000000000000e+00,-2.288841313660155752e+00,2.454635355909683181e+00,-4.110081185745873000e-02,5.114379428199717026e+00,-1.083197673935678562e+00,-2.083943077008056033e+00,5.810120544695074329e-02,-3.306344374339568404e+00,-1.894982569632078340e+00,2.047727053049668733e+00,3.494744172354320444e-01,-1.666015323475015020e+00
1.000000000000000000e+00,-7.660676944917542697e-01,4.377294415586319154e+00,-3.769110398838050990e+00,-3.772228993384862505e+00,-1.638648772092355710e+00,-1.852867283368210050e+00,-2.172361185903303404e+00,1.149986754709118042e+00,2.423502162500938084e+00,-3.565249345045681917e+00,-3.759943723290883000e+00,-3.159613433980301256e+00
1.000000000000000000e+00,8.713969244535976211e-01,1.541049171037532473e+00,8.881407219498904659e-01,-7.821131360167138391e-01,3.115931063540989809e-01,-1.806391681097037516e+00,7.330214643557524390e-01,1.144690711628579605e+00,5.747937433204803881e-01,1.505824203173175002e+00,-2.789408257729530494e+00,-5.277339606988507015e-02
1.000000000000000000e+00,-2.591227350890845660e+00,1.708234767835312029e+00,-1.039683750978292132e+00,-1.032439198830694238e+00,-1.715407856251815133e+00,1.035991769333082901e+00,-2.984417617900557707e-01,-5.099271347274045851e-01,-1.157972603255328803e+00,-1.615865848301287766e-01,1.887980029409241922e-02,3.654223494217458956e-01
0.000000000000000000e+00,-4.036397617082814193e+00,1.478700704865753938e-02,1.455996994573246495e-01,-4.788896473019407019e+00,1.557523581364469667e+00,-4.478279589773793035e+00,-1.815292240902657284e+00,-2.601232727645729881e+00,-7.942009241592349333e-01,6.682900188651033080e-01,-2.207646251937400272e+00,1.910116808181999026e+00
0.000000000000000000e+00,-2.529974944625733357e+00,3.906283285643657788e+00,-8.839929315539807320e-01,-1.133928015767563746e+00,-3.949958411777201306e-01,1.472165093088724230e+00,-1.825740711689050055e-01,-2.804577078510008370e+00,-1.609776438263538889e+00,1.743697748051875163e+00,-2.087662426270713745e+00,-8.512305776488355846e-01
1.000000000000000000e+00,2.119252869663081462e+00,-6.536070622576389821e-01,-2.740980352179708923e+00,-3.387811170561711993e+00,-4.014800404312597326e-01,1.374019388615669302e-01,-5.854078139150126203e-01,1.871332536253373924e+00,2.041687381596474005e+00,-2.059262301798644668e+00,-1.935741147101766479e+00,-1.616839463569829105e-01
1.000000000000000000e+00,7.227735510854729206e-01,5.314707106093426781e+00,2.754168951043689528e+00,-4.694352820863537445e+00,1.215748680234567392e-01,4.220585429334579031e-01,-2.208858266626354094e+00,4.784896378817626861e-01,1.303844158582414092e+00,-1.650108819481543865e-02,-3.956735293140113630e+00,-2.875938257222050431e-01
1.000000000000000000e+00,1.294439903572841555e+00,4.474495646302002250e+00,-2.533829219035843572e+00,6.293599654414631095e-01,-1.830309609054212583e-01,2.625927083312928012e+00,-9.114644159903037002e-01,-7.089768639572802122e-01,-2.898695745907763577e+00,-3.321192957315727501e+00,-4.750655287499327528e+00,-4.691501632242268904e+00
1.000000000000000000e+00,7.871759624594558691e-01,9.149054352346759345e-01,-6.016667313669674222e+00,-7.361940660381030010e-01,-1.247015813789342342e+00,4.281888112940180235e+00,-6.181756942503451313e-01,-3.533012433863280233e+00,1.377308676514897634e+00,-4.820488304279903602e+00,-9.302043845224194918e-01,-2.560716723773683867e+00
1.000000000000000000e+00,-1.852814556333018947e-01,1.784921577337969190e+00,-4.754800652648738524e-02,6.114565878121970499e+00,-1.841594028250786330e+00,-2.709884307455170394e-01,1.225594174392564462e+00,-2.265837713571235312e+00,1.129518276761817930e+00,-4.670350568945212943e-01,1.688482246468853365e+00,-1.829855602388823499e+00
1.000000000000000000e+00,3.386139155686310520e+00,-4.617997484309858791e+00,-3.505739621849852661e-01,1.128872301251661270e+00,8.979327464781472479e-01,-1.438027255547343453e+00,5.046747472479995444e-01,-6.059587969138575669e-01,-3.201705350334974387e+00,3.847252364310250972e+00,-1.601878035123271982e+00,3.022780952332234428e+00
1.000000000000000000e+00,-9.005639876107511821e-01,4.160538990373146007e+00,1.971711268059239686e-01,7.121565304296223475e-01,-1.782266091660925644e+00,-1.163758803791552054e+00,-6.924343445390654939e-01,-3.056654614873366427e-03,-1.275039110838108058e+00,-1.503737659145610195e+00,-2.962945362140696481e+00,-1.516131399336266394e+00
0.000000000000000000e+00,5.002000393880157159e-01,1.629668706436822934e+00,2.856043278259927209e+00,3.352603304226982051e+00,-1.352580085765555662e+00,-5.246402593401984227e-01,3.281083603171957463e+00,-2.811347324026508332e+00,1.668456663633470338e+00,-2.664210024629631857e-01,-1.570146887320657214e+00,2.005930040443058004e+00
1.000000000000000000e+00,-2.082581854059068149e+00,2.620445638673210009e+00,3.119907720350900693e-01,-7.134196739438006807e-01,-3.672133255210469072e-01,-2.248870281208443789e-01,-2.140677967212915700e+00,4.105957994615196949e-01,-8.504490747888915347e-01,2.197193873030756084e+00,1.003842367273432234e+00,-1.357286120297578558e+00
1.000000000000000000e+00,6.373818414107679242e-02,-1.779282009051167845e+00,2.178240747662271382e+00,2.099312606062323283e+00,-3.727562779545361416e-01,-2.388343170368841140e+00,2.986202651032654476e-01,2.663428668877361183e+00,-3.092144404465951624e+00,4.236203809679370380e+00,9.581539852348954778e-01,1.860730196392642810e+00
1.000000000000000000e+00,3.984783797833891139e+00,2.529049782231261936e-02,-1.162590875518785261e-01,2.846268599916602859e+00,1.866457802739749816e+00,1.178269633385226722e+00,-6.407896334404223904e-01,-6.308645249708833003e-01,-8.255519893905444162e-01,2.398900632056517601e+00,-5.625405564673076064e-01,-2.656074014416297757e+00
0.000000000000000000e+00,-9.479700241131512328e-01,2.682605740253390270e+00,-4.322774499863055730e-01,1.700970132476267160e+00,3.718842629761389684e-01,-1.819526237490162401e+00,-7.931722306562772884e-01,-1.415437517102564824e+00,3.243905859879201437e-01,6.105116808711867016e+00,4.243431101637580305e-01,-2.014966559631745646e+00
1.000000000000000000e+00,3.183115391904562497e+00,-4.184264998025387428e+00,8.617179984844764995e-01,-2.485046436779552614e+00,4.225099408178413896e+00,5.598776957761255613e-01,4.614884637563675618e+00,-1.901028554054375430e+00,-1.855525252189328178e+00,1.298269153496073525e+00,-5.945224257010242042e+00,3.649775607389494247e+00
0.000000000000000000e+00,1.023626762619802566e-01,2.103077328784796141e+00,1.681389179584283911e+00,-4.068272578404243056e+00,2.189708130032723687e+00,5.147146974301473055e-01,1.406191021390942542e+00,-1.280757355534780872e+00,1.690636311950300286e+00,2.418220711142812007e+00,-3.538457265303010413e+00,1.036213290416915456e+00
0.000000000000000000e+00,-6.430105452825627399e-01,-1.546470654206897999e+00,5.897066052636820155e-01,-2.756514223953580034e-01,9.604940832424524455e-02,-2.581819399771906998e+00,1.300441011560535598e+00,2.547419454359533209e+00,1.350497448644496501e+00,-6.247802625409739630e-01,5.239636057607701680e-01,7.961001709569681672e-01
0.000000000000000000e+00,2.713953399480761419e+00,1.022433438415345952e+00,7.215499416928226051e-01,-3.107976578189959760e+00,9.014040930047249045e-01,2.225390736246125822e+00,-1.441175089205758653e+00,-4.970852547211895844e-01,1.725705318361677953e+00,2.886298027561919888e+00,-8.706583617371915773e-01,6.284836296759950258e-01
1.000000000000000000e+00,4.231487746537947459e+00,2.302358284431244573e-01,-1.456375258716048560e+00,-2.589968740228795197e-01,1.326607496672582487e+00,-2.947994176787948062e-01,-4.793986282988809133e-01,-1.906585674676615660e+00,2.267629950977965603e+00,-6.461629559989034988e-01,-3.148522093944216227e+00,-1.461683164833013304e+00
1.000000000000000000e+00,-1.538015699880035836e+00,1.744094725522064682e+00,-1.044804420869178685e+00,-6.567960225831473764e+00,5.897615824969966170e-01,-4.523067673588738735e-01,-2.407148327855415992e+00,-1.023803217784076347e+00,1.466966019880278527e+00,-1.189163951990302781e+00,-2.405017245495294276e+00,5.497680205256720853e-01
1.000000000000000000e+00,-3.023279122974954269e+00,4.394883783455997950e+00,2.417571037600802608e+00,-6.630218382576362757e-01,-4.798815824410831432e-01,-1.134555112300148494e-01,6.927001855811418807e-01,-2.565191586856953032e-01,8.066528453381790476e-01,1.735303290280569843e+00,-4.296645112536557898e-01,-3.026900927016812348e-01
1.000000000000000000e+00,-9.380271638219087604e-01,2.511300788632358394e+00,-2.058822569759056531e+00,-7.503112781461438452e+00,-8.489048481012172465e-01,3.680552936483519222e+00,-6.370893611968976522e+00,-3.242664601675744329e+00,1.559300570764885929e+00,-3.745696749998912445e-01,8.847487457447940074e-01,5.179306410636757008e-01
1.000000000000000000e+00,-8.730400449694726284e-01,4.377699749204115420e+00,1.654248924823972899e+00,-6.589154897743018324e+00,2.916938532847308529e+00,-3.466007859000876934e+00,-5.023628819047497807e+00,-2.960703959754096726e+00,4.028702721521685071e+00,-7.358000171166778625e-02,-2.875135157517516138e+00,-1.683219772647827295e+00
1.000000000000000000e+00,-3.314802304987539472e+00,3.200670720309732431e+00,1.949995858268391391e+00,3.444933557438115912e+00,2.322835186260423512e-01,-4.912455611190189586e-01,4.481739155236343919e+00,3.242930138426141529e+00,-1.477327032894770964e+00,-9.945672117749826402e-01,-9.033731492954273357e-01,-2.831555892011477393e+00
0.000000000000000000e+00,-4.562998088408272146e-01,2.038569703070248096e+00,1.024697197716602837e+00,7.781671087316818225e-01,-6.688225559270000176e-02,6.923452059028549765e-01,1.832930497075550669e+00,7.734485499888763549e-01,1.374493011894177386e+00,1.160344323277367140e+00,-3.794600639962719679e-02,-7.947383592858183743e-01
0.000000000000000000e+00,-3.779007679383755702e-01,-1.494631449099077525e+00,7.901308153252610822e-01,1.456854629040790439e+00,1.315923515444508363e+00,1.484336646828878781e-01,2.247930593453838721e+00,-4.302875679149731347e-01,-7.910785261022721393e-01,-8.934354148363552461e-01,-4.653745035590228785e-02,2.367528439006928442e-01
0.000000000000000000e+00,1.578216513015102684e-01,-2.639659271676744190e+00,2.650908056397449641e-03,-1.471790467194174834e+00,3.051453324410411394e+00,9.293683224964270906e-01,1.598850625000411085e+00,-2.807050942578055874e+00,1.199889497784119907e+00,4.097913136231591480e+00,7.927269527755000933e-01,1.672443075223256193e+00
0.000000000000000000e+00,7.542112389616204560e-01,4.443154063445394542e+00,4.050208359021310933e+00,-1.709530872615678820e+00,3.126196535787411079e-01,-1.593946381520485289e+00,2.629568018000394858e+00,-3.139486790295079377e+00,1.681611596614699389e+00,-1.475753651491066964e+00,-7.321253594226320160e+00,2.118277882558972980e+00
0.000000000000000000e+00,5.092569810508032369e+00,-1.235645384850780765e-01,1.984605099620132318e+00,2.951240665626841508e+00,2.055135035674797717e-01,8.853031884895876669e-01,-9.517939914284011538e-01,2.831496482300201567e+00,-2.486346814196869204e+00,9.460951339600375265e-01,-1.146185586471615059e+00,-1.184377873018920058e+00
0.000000000000000000e+00,-2.519668787999531645e+00,1.924777926010025730e+00,1.369317250048451173e+00,-1.812829344845419577e+00,-4.186124568648310618e-01,-3.003141574146589221e+00,-3.862832690798632118e-01,-5.405280968623095150e-01,1.942156958826682933e+00,4.544404459935786900e-01,-5.201851561282866410e-01,9.173155617561654651e-01
0.000000000000000000e+00,1.253183596966965574e+00,-3.718299057344751635e+00,1.232638947561715659e+00,-4.752001698035716037e-01,2.431692649272589879e+00,2.907858325519701026e-01,3.180515756261402593e+00,-2.949597783081354230e+00,8.247183140974310156e-01,2.927354114350934733e+00,-6.044386207332972383e-01,3.689181516583741605e+00
1.000000000000000000e+00,1.010688134653101367e+00,3.937766056230287859e+00,5.005673995951291033e+00,-1.083532196980913964e+00,3.359510162731075500e+00,2.602937160512519554e-01,1.628504575104628538e+00,1.548445354469603075e+00,9.119301598764424366e-01,1.202039358112486189e+00,-3.299404694840343044e+00,-1.886473222548723294e+00
1.000000000000000000e+00,4.031855088959568345e-01,5.776672903882527521e+00,-5.096117862469595750e-01,4.599018935456496315e+00,-3.551805546425128135e+00,-1.632315991093855168e+00,-2.289797250914568316e+00,1.084682122486952949e+00,-1.560076685738696067e-01,-7.480821749659489761e-01,-6.059033049300979190e-01,-4.333897762787426444e+00
1.000000000000000000e+00,2.890864495055421868e-01,-2.295372205309581304e+00,1.492283024721988705e+00,6.939324067364305293e-01,7.096620533995547930e-01,-1.520509433041755898e+00,-5.336377362961681747e-01,1.595328061133849840e+00,-1.783253905734158762e+00,1.083655758967410954e+00,1.145991524565117103e+00,1.003731615482268413e+00
0.000000000000000000e+00,-3.958198882968100296e-02,1.693513916424716381e+00,3.160160190678630077e+00,2.707004087900100053e+00,-3.963889419046706664e-02,3.068969483326109415e-01,2.594329845457455264e+00,-2.981148368728991915e+00,5.705451842821962494e-01,-8.053134293750383588e-01,-1.392765188097144335e+00,1.062485546399333680e+00
0.000000000000000000e+00,-1.159656619177119818e+00,5.909564435783835279e+00,1.201616542473726623e+00,1.125396692691714273e+00,-1.762844830263384566e+00,1.314206756024834721e+00,1.391426476965924586e+00,-1.113334005821988049e+00,-6.262245275080737805e-01,-1.446896417410135527e+00,-3.591165646903470954e+00,-1.450135186524453168e+00
1.000000000000000000e+00,8.361313584279496114e-01,-3.116225618593997382e+00,1.478593371182393756e+00,-1.872651000290565415e+00,2.611370689576528292e+00,-3.484835025931665609e+00,-1.022003886313937127e+00,2.537961495283590274e+00,-1.391666769472804432e+00,3.187167368981095983e+00,-2.459530287270621507e-01,1.191650724086808388e+00
1.000000000000000000e+00,-2.760419728484367230e+00,2.707307486042624500e+00,-5.244079803993413336e-01,-7.209902103091373249e+00,7.949426427913102167e-01,2.392380007583704060e+00,-4.179570113494825989e+00,-3.570842438507631833e+00,1.357907152503412318e+00,4.836612349227571439e-01,1.552159567059843148e-01,6.172275562239570856e-01
1.000000000000000000e+00,-6.001227811657627864e-01,1.596953485945609152e+00,2.226662049434213309e+00,2.062601929896789699e+00,-2.168078418732093393e-01,-2.846388152573984698e+00,-8.983920305972838971e-01,3.114455853781081363e+00,-2.959497906833378211e-01,1.472100235544023361e+00,1.142647106144591529e+00,-1.690549526135987524e+00
1.000000000000000000e+00,-1.048018619101425131e+00,-1.572409898803952100e+00,-3.738760327750998425e+00,-7.988547791483730620e+00,1.501550934226886014e+00,3.064802279131770835e+00,-2.029517490241385502e+00,-1.520268048327363619e+00,1.220649468132300131e+00,-1.046913526380929271e+00,-3.428893646382609184e-01,1.126905266714030684e+00
1.000000000000000000e+00,1.138732453987174598e-01,4.059157683351340418e-01,2.149842093558355316e+00,4.813292446960265036e-01,1.938816333468070363e+00,-1.804657345771803145e+00,2.168881146292170881e-01,2.311263184892315081e+00,-1.127292481983481753e+00,1.452200876977267630e+00,-7.000565433817514949e-01,-1.299746649104352336e+00
1.000000000000000000e+00,5.743647354971050945e-01,5.317307653807633372e+00,1.489009439362862786e-01,6.063671716469062112e+00,-3.269745226000869920e+00,5.123222330483913289e+00,1.547007440940388001e+00,-3.430664496685445819e+00,2.402597057263569980e+00,-9.185633329334900177e-01,1.930237669818482882e+00,-2.686570410672330489e+00
0.000000000000000000e+00,-6.408387256512910746e-01,1.979490123988521644e+00,1.159336808287539933e+00,4.661154793272276997e+00,2.337486991688493276e-01,3.077390345812628158e+00,1.240294920448098193e+00,-4.774226020624338318e+00,-3.842818179078121954e+00,-5.820836579570618063e+00,-1.887956634397860878e+00,-1.907014931339890307e+00
1.000000000000000000e+00,4.605253372968627357e-01,2.232018464426177295e-01,1.093048837532073270e+00,2.737770841441864889e+00,8.300194833922288629e-01,3.798408405783959552e-02,3.090135347895250906e+00,6.487071970602882320e-01,-1.262387517981538032e+00,8.085207857991438818e-02,-1.566960893502182373e+00,-7.363982745539627839e-01
1.000000000000000000e+00,6.617731108554707475e-01,4.774994476993433601e+00,1.694946785988109994e+00,3.694811682697073607e+00,-1.599458520757478963e+00,9.186692947248453756e-01,-2.332953564533275070e+00,-1.732890520257693634e+00,5.424956630933486235e-01,1.097704318232521015e+00,1.181083575786151751e+00,-2.734737908226167580e+00
1.000000000000000000e+00,3.154165988146317989e-01,8.236755250598543299e+00,3.587074556907692280e-01,-1.594575416653614353e+00,-1.169553755679028528e+00,-1.889004078323415659e+00,-2.727443633373762832e+00,-1.979651264034601343e+00,4.757667749193219997e+00,-3.096468029638013153e+00,-4.203641306954146728e+00,-4.017906062896139829e+00
1.000000000000000000e+00,-6.212072040032553533e-01,6.494385513413432065e-01,-1.496796239809333073e+00,-8.206988855786940817e-01,-5.375411345338345637e-01,-1.786827765922383016e+00,7.062434943166273627e-01,5.281071394922927098e-01,2.556279848783651776e+00,-1.134760376809391458e+00,-7.630778715607807738e-01,-6.279939043510616159e-01
1.000000000000000000e+00,2.084842875897644721e+00,2.938847183736990054e+00,4.228015460662774005e-01,5.199598144040381342e+00,1.619587971530015658e+00,1.763136379265495268e+00,5.924586492299801499e-01,5.064341347993522868e-01,2.369632487634991680e+00,-1.486846099948021305e+00,1.584099516706111377e+00,-6.436550628825431275e+00
0.000000000000000000e+00,-1.124187954768425701e+00,5.896504578623251724e-01,1.798823289407173398e+00,-1.635423760898246703e+00,3.818110613681001020e+00,1.148345030348682183e+00,1.173342835598876421e+00,-2.884767590867269860e+00,-9.403011202946391922e-01,1.882667913522586112e+00,-1.624541882434696216e+00,-2.176894789269863129e-01
1.000000000000000000e+00,1.687178456347051547e-01,1.222727105551580928e+00,-8.857872426978278257e-01,-3.700155998056724016e+00,4.526907398070554311e-01,-2.480276337838109857e+00,-2.962014329496557075e+00,9.680475508733112910e-01,1.136560463187115566e+00,-3.688408969264548309e-01,-1.783644813276103802e+00,-9.520427978471498465e-01
0.000000000000000000e+00,-1.301496403164849269e+00,1.162434579503279997e+00,-6.204884806239552297e-01,8.954593045514331884e-01,1.270538181487086860e+00,4.069440893122664438e-01,-3.627557608697085101e-02,-9.060973721646355949e-01,-2.088335398154450573e+00,2.557505632376591898e+00,-1.437735164256291887e-01,-1.918593328832003175e+00
0.000000000000000000e+00,-2.409285939884806993e+00,1.518541499996126642e+00,3.515875535356390857e-01,-5.098446004028004408e-01,1.594137802617169974e+00,4.778820398582409590e-01,-4.400476691043131439e-02,-3.008923371977048511e+00,-1.049584145392263190e+00,1.525809591874172089e+00,-3.514580251834343860e-01,-7.101268698884164454e-01
1.000000000000000000e+00,1.049753648027198505e-01,6.150693087262962822e-01,-4.130986731815795565e+00,-1.567052873099714638e+00,-2.115856888919264822e+00,-7.343221850928838279e-02,-9.374095982896185619e-01,2.627501303781349939e+00,-2.248500150917956297e+00,-2.670904605648794394e+00,-2.729342661643917367e+00,-1.314290106046766216e+00
1.000000000000000000e+00,3.677364484331842043e-01,-4.909976428994019315e+00,5.378732059662960641e-02,-1.112148158067176373e+00,1.076463804999254537e+00,-4.473500415287091636e-01,4.432682893857641027e+00,6.919943866036943891e-01,-2.358702808486026647e+00,2.577946962484408910e+00,-2.054433285887162342e+00,4.789009221579727082e+00
0.000000000000000000e+00,-1.294338344988866352e+00,4.473784314748836088e+00,6.674095511840749673e-01,-3.461568175282128568e+00,5.249413492333107056e-01,2.228041010635202213e-01,2.596944579001099207e-01,-1.352198281621626919e+00,-2.474705039050995037e-01,4.773731122397567583e-01,-4.771560518229156500e+00,-3.541819972774620240e-01
0.000000000000000000e+00,-2.579560905085802158e+00,-1.471541203791023600e+00,-1.484018889159782528e+00,-5.018847872053509462e+00,6.756772197064415675e-01,-4.482110590888432888e+00,-8.425620838508061095e-01,5.807102128426129273e-01,2.155088002454952356e-01,1.262309785283485475e+00,-1.795218411461785291e+00,2.098426600747671511e+00
0.000000000000000000e+00,-1.573526174502970942e+00,-4.203001323521241561e-01,2.004014129703765690e+00,-2.472370703048869967e+00,2.388372040030242616e+00,1.594556006237222157e+00,-3.384487583512824083e-01,-3.284924757461248568e+00,-7.039568110387859345e-01,-5.219952773147846781e-01,-3.041808343820584515e-02,1.430711937230600306e+00
0.000000000000000000e+00,1.316973835634435819e+00,3.031962648994465770e+00,4.920068884466937131e-01,2.445976924481878534e+00,2.246545747149387928e+00,2.007068890327267319e+00,-5.612121680268609136e-01,-6.297542154324344832e-01,-2.650711144324528590e+00,5.460217452967395246e-01,-1.763781299905728295e+00,-4.619055656847313784e+00
1.000000000000000000e+00,1.676059777580695354e+00,-1.247846947757231817e+00,8.797325542585172631e-01,3.388699585268831971e+00,6.808533532186242798e-01,-1.947788026491456437e+00,1.195679089866381384e+00,4.643097667436736353e-01,-2.389999014721597703e+00,1.336710302346877821e+00,-1.390774764381641493e+00,-1.639108974355872883e-01
0.000000000000000000e+00,-2.836058209592440704e+00,3.327568149073038217e+00,-8.024832253134437376e-01,-2.934132223737542233e+00,-1.681959558737384341e+00,-2.306134523607255016e+00,-8.967666573882508985e-01,-5.483286097803522496e-01,8.437272314613558644e-01,1.232456702453108566e+00,-2.083924655902979595e+00,5.797638878591184763e-01
1.000000000000000000e+00,8.634640013766665678e-01,4.444214040443820402e+00,2.303382410055456742e-01,4.458555291515505559e+00,-3.903279096591229624e+00,-1.981292573198176754e+00,4.005087817952315277e-01,8.781983959590213829e-01,9.929009577398354436e-01,-2.204465093920703112e+00,-1.904551613465076620e+00,-1.945420500688768373e+00
0.000000000000000000e+00,-1.822073685954739286e+00,1.652333438318089653e+00,6.982255099788875485e-01,-3.732786906170267205e+00,1.097990417758132109e+00,-1.436066183899893378e+00,-1.966274121820228871e+00,-2.961265280776520292e+00,2.325393826728073599e+00,4.069457493427318440e+00,1.082532545503509525e-01,1.140688294193100916e+00
1.000000000000000000e+00,-1.169558233782767243e+00,7.362102891517771752e+00,4.560574242952510460e+00,4.477194192492962799e+00,-1.654024504281387031e+00,-2.013060697148561839e+00,-2.394981724693350245e+00,2.341226377135034120e+00,-2.196438550733305295e+00,-1.308238141775048824e-01,-6.018676142916612459e-01,-4.347087887601011502e+00
0.000000000000000000e+00,8.163289495622858549e-01,2.879350464675221488e+00,8.338482982007342503e-01,6.363767074368392507e+00,-3.731076034193934188e-01,1.210454212848615985e+00,1.667132815559324577e+00,1.767822354988227040e+00,-5.371058001440300878e+00,1.710831979229697541e+00,-1.609133599101138401e+00,-3.701061614353708951e+00
1.000000000000000000e+00,-2.673069336511157967e+00,5.153853209133846924e+00,-2.020268132320975241e+00,-1.622335361044845659e+00,-1.383367002270775359e+00,5.150095045744952138e+00,1.620712258943444617e+00,-6.557559304911952047e+00,4.160253464797696310e+00,-3.902741575800288132e+00,-1.105558899525783012e+00,-9.896722446208136015e-01
1.000000000000000000e+00,-2.602584460743440520e+00,9.440660428893239420e-01,8.353292441950432856e-01,-4.802171096574520126e-01,-6.486849085939992987e-01,7.912518804569413922e-01,-1.428421966070376747e-01,-1.568306784990364466e+00,1.799156650211755970e+00,2.213631753393634494e+00,3.033521323152601923e+00,1.061439686765708323e+00
1.000000000000000000e+00,2.634217559911423034e+00,-2.816224619300935927e+00,-5.439601192916951877e-01,-2.789825942291102034e+00,9.399133847695541055e-01,-1.683170695046142917e+00,-4.926128652220063131e-01,2.434339818537933908e-01,6.316682118913197197e-01,2.969760060576131622e+00,-1.636767954860697705e+00,2.635335176316329964e+00
0.000000000000000000e+00,-4.169225624403063435e-01,5.843690351350631085e-01,1.204927858277364372e+00,6.368744481234752675e-01,9.876355279308842716e-01,5.620557299286923492e-01,1.405869605591230753e+00,-3.293417627523356206e+00,5.468246316842271249e-01,3.309684784556095050e-01,-8.024863061200472325e-01,6.729543122933542287e-01
1.000000000000000000e+00,1.196331711071828563e+00,-9.066555150959294540e-01,1.879824519043675757e+00,6.243900112243509604e+00,1.235584464484281275e+00,-1.037016455775746415e+00,4.077566775857281556e+00,7.225465802925330472e-01,-2.462468646809689687e+00,4.437532611247734238e-01,-1.065133957126089159e+00,-1.235534811321076454e+00
1.000000000000000000e+00,4.810742173913080677e-01,9.942371384148112057e-01,5.814725693213124158e-01,6.263242743825379932e+00,7.169244493829056708e-01,3.236086595412051015e-01,4.853600783365447313e+00,-9.615726764404630700e-02,-2.753780190491497137e+00,-1.007054295210537465e+00,-2.547641672682710023e+00,-2.474394246830757371e+00
0.000000000000000000e+00,1.625218082701217481e+00,1.626551719496692527e+00,2.684068487127108327e+00,4.100145875463701017e+00,1.087695373040531210e+00,-7.060730182446564029e-01,6.997115105096995968e-02,-4.744404093585126159e-01,-2.749510992819122368e+00,2.257662632920239831e-01,-1.739053557384964588e+00,-1.974825673742557797e+00
0.000000000000000000e+00,-3.860665805606054324e+00,5.147721494065136127e+00,8.442999562895314725e-01,-3.676695800781425660e+00,-5.686394683855322540e-02,-1.741614210825147779e+00,-1.726027472810810259e+00,-1.287514305611348053e+00,4.683728982676026442e-01,1.100936318526293256e+00,-2.255905407910308469e+00,-8.062955292648426031e-01
0.000000000000000000e+00,-2.512309901626932351e-01,3.284752187899672382e+00,1.099633961782181979e+00,-2.239295464459754914e+00,1.539644251729753055e+00,2.966261923019448687e+00,3.274837746089520607e-02,-7.333930049728518696e-01,-1.223394728901872508e+00,1.706301051050164386e+00,-2.322886198084447518e+00,-1.146358480308257155e+00
1.000000000000000000e+00,3.116844647596150875e-01,1.836684888309302099e+00,-2.254682151748159669e+00,3.151193601250376286e+00,-1.846530839022545001e+00,-6.695496569964023426e-01,1.301294296826533969e-01,1.396830794584380975e+00,-2.700972673816415703e+00,-1.872604615649223758e+00,-2.084462152373976807e+00,-2.818300932286277316e+00
0.000000000000000000e+00,-9.240615609329170255e-01,4.131688409489892244e+00,2.102147170569075740e+00,-1.100551584470282007e+00,1.565095887710890477e+00,2.488573496174323552e+00,1.737889413970827857e-01,-3.795072226635549217e+00,-1.519170582914605827e+00,-2.541818129539481941e+00,-3.823416289533985601e+00,-1.190549074134375385e+00
0.000000000000000000e+00,-9.753270433116767446e-02,-2.257865945239227567e+00,-4.455086668224395030e-01,3.300436263069328913e+00,2.702515083144341190e-01,2.157811937695327309e+00,2.622145176275358480e+00,-4.733329063486344523e+00,-2.001551233265273400e+00,1.483203020675527117e+00,5.414020896688775952e-01,1.982048913865568363e+00
0.000000000000000000e+00,-7.567822101076979724e-01,-2.014123125997924479e-01,1.742198442651765600e-01,-1.009629001375700597e+01,2.738175489905680049e+00,2.702053484329789423e+00,-3.148987655337178282e+00,-3.053852080448289374e+00,2.516045938723717068e+00,5.343468201204075729e-01,-9.072929952489365846e-01,2.860374775045194884e+00
0.000000000000000000e+00,-1.294547689851962335e+00,4.732586745361024305e-01,2.546731918923774707e+00,-3.461584699897766626e+00,3.722063211792555393e+00,-4.344966430718274486e-01,4.737803521437292664e-01,-4.074508208433229584e+00,2.246844358402324993e+00,3.567407398714741440e+00,-8.178865928574596822e-01,1.555016621889589779e+00
0.000000000000000000e+00,-1.029475339819196922e+00,6.374777333920866873e-01,-5.070302963640056504e-01,-3.086310661537396527e+00,3.590923052477631439e-01,-2.648696577340758918e-01,-1.282635509320069644e+00,-3.109341638112597561e+00,6.092034163783059952e-01,4.112423209900882837e-01,-1.325276999514426679e+00,1.331965247345225478e+00
0.000000000000000000e+00,-1.087333662481678287e+00,2.465535329437437362e+00,4.291740525855516353e-01,3.149911440554686304e-01,-1.193166727171265595e+00,-4.162059665332563663e-01,6.162651679515702696e-01,-4.712375689757954955e-01,2.050993630858124916e+00,8.523054749070301250e-01,7.196953958864127365e-02,-1.752346974808265401e-01
1.000000000000000000e+00,-3.875175588772826973e+00,4.508436283383483456e+00,-1.557670590300316293e-01,-9.364961745452977659e-01,-3.027349481955953436e+00,-9.625006404089049283e-01,-2.075510997348063214e+00,-1.919684919755550556e+00,2.559463036268435410e+00,1.623018117015124773e-01,1.553639344716402082e+00,-1.967241497528493532e-01
1.000000000000000000e+00,8.346972215589084643e-01,8.431903224350493220e-01,1.524869849494942420e+00,3.486523367686683361e+00,4.393081162362894032e-01,-3.585633088631525744e+00,1.341886743589741471e+00,1.339412068042610260e+00,-1.361494895314987019e+00,6.514861629185975112e-01,-2.294190452122154333e+00,-1.351299746899485621e+00
1.000000000000000000e+00,-7.585877458742150692e-01,2.580321910714149958e+00,1.064479485895758692e+00,-4.251465358885150536e+00,9.391150513132258126e-01,-5.638645314051871082e-01,-2.574749260903616666e+00,4.639327284316074884e-01,-4.417159901407421430e-01,9.580087390684872695e-01,-2.064215096187608900e+00,-3.556130604646348115e-01
0.000000000000000000e+00,4.399499953389034435e-01,1.036995193171384333e+00,1.622796300212711706e+00,8.089339965068157445e-01,-7.062164711814800100e-01,-1.377846917850277242e-01,2.735200005759164554e+00,-3.403016840099905682e+00,2.455602220867850072e+00,2.388779199030354405e+00,-1.458107246892208719e+00,2.789482698185034693e+00
1.000000000000000000e+00,-1.556796839458820969e+00,7.734131746060705304e+00,5.155160701245524280e+00,7.009659597085625471e+00,-1.519495523900848966e-02,1.817772054569693374e+00,3.276025942862658802e+00,2.241986234011207557e+00,-1.681417221322584643e+00,-6.103355083905934730e-01,-7.403390939340149801e-01,-5.619723442829803517e+00
1.000000000000000000e+00,3.187251606806709159e+00,-4.451924646679144892e+00,-1.392245188391869615e+00,3.282400247182690300e+00,-6.852339317546796149e-01,-2.266454086812157431e+00,1.664338013324156762e+00,-1.338593972980027136e+00,-5.570208491512114612e+00,4.030220326144995369e+00,-3.434070841588440892e+00,3.625785761665734519e+00
0.000000000000000000e+00,-3.028401344340786672e+00,8.168730454541063279e-01,7.203190028002839362e-01,-7.172570150203112505e-01,1.993126057718904942e+00,1.040849533059193588e+00,-1.078546585974936800e+00,-4.085430194046268504e+00,-2.213127953075475496e+00,-1.690928930720576595e+00,-1.724404426137526869e-03,-7.206747755307587600e-01
1.000000000000000000e+00,6.725410202749015909e-02,-2.451767717250806999e+00,-1.371746056841975925e-01,-9.423395840429371270e-03,4.219841494454503739e-01,-5.905029509672959920e-01,1.446443106649073052e+00,4.317297093155867405e-01,-3.082416512220433003e+00,9.977338730566532865e-01,-1.489349941161270507e+00,2.014392457106587209e+00
1.000000000000000000e+00,-1.255889948324901528e+00,4.038080788935956456e+00,-9.961228717392183185e-01,-3.954226463466296249e+00,2.165810987782124108e-02,-7.556937007155593022e-01,-1.091699482597064730e+00,1.787601243266356832e-02,2.679304126257700869e+00,-1.338380939966309580e+00,-2.689284586723782233e+00,-1.829828106045681135e+00
1.000000000000000000e+00,-1.960254511028802771e-02,3.400103197168871549e+00,2.091757011459816074e-01,2.223517576383964300e+00,-1.977157788572931452e+00,1.430756885484076868e-01,2.814428008779717771e+00,2.113806584082901896e+00,2.130054617410923612e-01,-1.092217176217200381e+00,-2.423589200196192728e+00,-1.413323068480501821e+00
1.000000000000000000e+00,-1.760150379333396353e+00,3.765582259997611203e+00,1.529477441749788724e+00,5.803199408415441241e+00,-3.501534419709940504e+00,6.968431357591609032e-01,-2.080068668228882256e+00,-1.330640764445248481e+00,-2.227595276992901496e+00,2.417808839852666036e+00,3.524909324661660293e+00,-1.379392488368655467e+00
1.000000000000000000e+00,2.703509856034038261e+00,-2.590682241098909433e+00,-1.839303299412328396e+00,3.030849539612928023e+00,1.554546434213483153e+00,1.257726850811164976e+00,3.664355717791021316e-01,-4.070721660916931661e-02,-7.810747783840852332e-01,1.340604854119813893e+00,1.430217708049909220e+00,-1.987458709541903845e+00
0.000000000000000000e+00,5.105346361348983564e-02,-3.512006338316748244e-01,-8.525980516341922222e-01,2.774314233232665128e+00,5.303562808216680802e-01,4.976236263212178157e-01,-9.317919940892052111e-01,-3.291046997647359529e+00,-1.838720761363997092e+00,-2.001006196352184574e+00,2.691404928587610712e-01,-1.530471549820828114e+00
0.000000000000000000e+00,2.672188178444024897e-01,2.465691832073171774e+00,-6.443451464132177176e-01,-2.066827124411239058e+00,1.501953165823990410e+00,2.584466231728778318e+00,-1.629671185337278061e+00,-2.309543141399849731e+00,1.830259728289977961e-01,1.198710655854188678e+00,-9.779976413786991563e-01,-1.876859650929223466e+00
0.000000000000000000e+00,3.107299270455837981e+00,-5.855055200750313160e-01,1.707126526700820879e+00,-2.859903524631028038e+00,2.664497798168134146e+00,1.761497714701549588e+00,-2.432499418558416338e+00,-1.771943676603944695e+00,7.519283692000995334e-01,-1.609594993241376226e+00,-1.172330223234469004e+00,9.670475131724542983e-02
0.000000000000000000e+00,3.248180948861699502e+00,1.681154482583398391e+00,1.957323495997752572e+00,-1.208220474024928492e+00,9.786540968062019674e-01,3.944108676860670570e+00,-6.230406839042750278e-01,1.502513657614695131e+00,-1.698132054025282001e+00,4.546678992131971686e-01,-2.029688835279653603e+00,-6.926018187949469773e-01
0.000000000000000000e+00,3.174867874772788756e+00,2.366163498485438055e+00,6.671869750106665942e-01,-3.340286752138587278e+00,1.416656223908101531e+00,1.525661413321499627e+00,-2.697097273791251304e+00,1.745666788187581808e+00,4.108304583568855861e-02,3.302859457933241316e+00,-2.133514902858948403e+00,-1.458591848117650969e+00
1.000000000000000000e+00,2.015110771339782225e+00,-3.862477975507091266e+00,-1.620805813921550875e-01,-2.899149682236150660e-01,1.515075723483175540e+00,4.890192935301196364e-01,5.447777894724523673e-01,-2.603838256745305557e-01,-1.674176103613297828e+00,1.631848425542967718e+00,-1.307979306430949729e-01,1.962490317766061754e+00
0.000000000000000000e+00,-1.373929091741618036e+00,-4.335554098973193327e+00,-3.216470093178463330e+00,-7.190430608846374305e-01,-1.648096572434068374e+00,-2.110347828487252109e+00,3.558536285928919352e-01,8.648210277314587469e-01,1.233099129446546316e+00,2.627245916016129001e+00,3.246872641427432704e+00,2.854928074331367416e+00
0.000000000000000000e+00,3.466133166417746825e+00,4.389355463102694976e+00,3.277630992904803531e+00,7.440491873530539202e+00,-8.958971903397383585e-02,5.291814578554288051e-01,1.265082243814217744e+00,-1.396885901667671570e+00,-1.001644463269812269e+00,2.121921481097673201e+00,-1.899407815254762877e+00,-3.274919579498221545e+00
0.000000000000000000e+00,9.168482035657555818e-01,1.068275438228518878e-02,1.801023923379208025e+00,-5.782152788917954034e+00,2.735079345130063011e+00,3.645818237188773292e+00,-2.359018551340649417e+00,-5.265497354520976891e+00,2.757218892199148730e+00,-2.694808416108261717e+00,-5.790815870793080133e-01,1.884679795873515751e+00
1.000000000000000000e+00,-8.876154335441819310e-01,-1.530277309552080522e-01,-2.122012560899459110e+00,9.711850173033720335e-01,-8.404634119959999428e-01,1.166548239511023821e-01,7.396016957342468334e-01,2.757813064359706967e+00,-1.664042932269961472e+00,8.148959697751518849e-01,5.313508160603497288e-01,-1.406725098908792937e+00
0.000000000000000000e+00,5.522381543073613397e-01,2.914613280019346497e+00,1.434984112374121601e+00,-1.128104371761360580e+00,1.908650842530920766e+00,2.174876368337347987e+00,-1.157993527342739304e+00,-1.613420484340044148e+00,-8.515019859387928935e-01,6.821510571185397387e-01,-1.733680064785397157e+00,-1.839382576141409542e+00
0.000000000000000000e+00,-9.003255249074723077e-01,-2.882703910379868173e+00,1.051734910123530486e+00,1.410535806496101996e+00,2.857270743503853794e+00,4.634137263420672337e-01,1.681613216273537770e+00,-3.995349255187895299e+00,-1.270780440979636161e+00,1.107950959211750463e+00,9.900738262573307580e-01,1.259615533921324859e+00
0.000000000000000000e+00,-1.239238183251421432e+00,8.320894531026654661e+00,1.740506348633526823e+00,1.758808809303595622e+00,-3.925811953612657668e+00,5.967580240684453585e-01,1.371796788237866771e+00,8.374444803953795535e-02,3.496210367227214455e+00,1.256247060651267011e+00,-1.542881128429534510e+00,-1.541635257857980168e+00
1.000000000000000000e+00,-1.745372144863994279e+00,5.880162811878569817e-01,9.594728314040931183e-01,1.544276443045465408e+00,8.163682151547105859e-01,1.697308927983026905e+00,5.829584156970752495e+00,1.329512020515398740e+00,-4.684107514399441285e+00,2.486410432973991114e+00,-3.456139664926767718e+00,8.073897521194486337e-01
1.000000000000000000e+00,-4.180900902872457525e-01,1.719562023945706564e+00,2.793956629528878910e+00,-3.005299753759202441e-01,1.542414565691774930e+00,-8.755744794638783413e-01,-1.833694856898275383e+00,3.363624056147342944e+00,7.672405487703064519e-01,1.485323498805168008e+00,2.119384973331251310e+00,-2.436089381436643997e+00
1.000000000000000000e+00,-1.627392433713711561e+00,-9.769086784649293476e-01,5.164286391868740944e-01,-5.233441723498104103e+00,8.638549660602843350e-01,-1.229915053121458435e+00,-4.664888247510385888e-01,3.367007770715650938e+00,6.774281102831920531e-01,2.758886728164597013e+00,3.759924560144107808e-01,1.933059659800870467e+00
1.000000000000000000e+00,-8.929953386835931539e-01,1.625612535709489270e+00,-8.651155667987043829e-01,-1.177150659017441203e+00,-1.598856991946054906e-01,1.175749350580446828e+00,2.266097845473778793e+00,1.282078220678122271e-01,-4.517895699257883368e-01,-1.707525447082299586e+00,-2.975316240618391728e+00,-3.097544805674073976e-01
1.000000000000000000e+00,-2.499547206499722396e+00,8.028796712190868767e-01,-3.930435417943538567e+00,-5.559739310320091832e+00,-9.650882380930009274e-01,2.916993279089359792e+00,7.335223726916706433e-02,-3.967453876582816008e-03,7.985407763544543069e-01,-1.720873859106967219e+00,-9.201372187036949146e-01,4.507690002459598944e-01
0.000000000000000000e+00,-1.376740737038579798e+00,3.428513361502023571e+00,2.609031879337709636e+00,2.808844255712014681e-01,-1.293770134200186384e+00,-2.041235046855176982e+00,6.815684567326765197e-01,5.954455398395546162e-01,3.052898392135448891e+00,-1.319459468139603686e+00,-4.894523483310416756e-01,-1.155755299637959421e-01
1.000000000000000000e+00,-7.151470957663241812e-02,7.420349306691843561e-01,-3.094836142829925141e+00,-3.485282262263261988e+00,3.949787852088197937e-01,2.940213768028272057e+00,-6.588040978000404557e-01,-1.942035348504195014e+00,1.031203413581518014e+00,-2.225726279688601927e+00,-1.373826652057741571e+00,-8.683322033750611180e-01
1.000000000000000000e+00,1.847859109226730912e+00,2.594745319072225609e+00,4.794616267508966523e-02,4.762695162344146027e+00,-2.284520469053808789e+00,4.787056063214820689e-01,-1.053183569324328106e+00,-4.524703342178315602e-01,-3.585214368416922426e-01,-4.585166578177114483e-01,3.990488560187590572e-01,-2.284331806773624685e+00
0.000000000000000000e+00,-2.915350842657806751e-01,-9.849494381699033796e-02,1.947404809190231401e+00,1.434254212312724874e+00,9.608420404188424691e-01,-4.040360622998668827e-01,1.351641517495020040e+00,2.171087684450211608e+00,3.466332444341982288e+00,-1.375072788554954073e-01,3.146370818800066971e+00,-1.284294550901226462e+00
0.000000000000000000e+00,2.445110624374341235e+00,1.702177771207297852e+00,1.100102467738107492e+00,3.567083448644057242e+00,2.725671228488280029e-01,7.876353686421790901e-01,-5.174888631131446814e-02,1.523578256080758919e+00,-2.294125790405785459e+00,3.214142233235069757e+00,-5.939480794523332996e-01,-2.341198718981550186e+00
1.000000000000000000e+00,1.309022606604446359e+00,5.614593932202235571e+00,2.224193402129713171e+00,2.443731519969888577e+00,-8.963090943710705361e-02,3.942673066729396325e-02,1.558410891057802061e+00,-6.976561733229318385e-01,1.391854958443029311e+00,-2.351295728844166710e+00,-4.054695840895789161e+00,-3.087374076828540481e+00
1.000000000000000000e+00,-1.406880424300793297e+00,3.277036277964088029e+00,3.107775932912026917e-02,-4.202150817185597909e+00,2.652684432772239642e+00,4.849587505080580341e-01,-1.710013272598342127e+00,-4.198263898300405472e+00,3.465720264704101439e+00,-6.048877844986051411e-01,-1.457024839944594863e+00,-1.813202705865694764e+00
1.000000000000000000e+00,1.483644019610399489e-01,7.836161047224314835e+00,3.486958130209463214e+00,-8.988024213787876304e-01,-1.883184339712786537e+00,1.020845348264277641e+00,-1.501872543767915458e+00,1.176879003803514845e-01,1.876377617883194127e+00,3.951976214667536347e-01,-2.507523067995573562e+00,-1.478798234288079438e+00
1.000000000000000000e+00,-1.939613064158757005e+00,-2.134592911259122427e+00,-3.101597381799596320e+00,-1.740806278339028124e+00,-1.739965054512218279e+00,1.165404127957149649e+00,-1.846410779369881405e-01,-3.516617252515941150e-01,-4.075858850856244331e-01,-4.821245952869646079e-01,1.840122187435338841e+00,1.872653668597372700e+00
0.000000000000000000e+00,2.747755911258904948e+00,1.579545499026763666e+00,-1.016966004349919572e+00,-2.930155227204066737e+00,1.064898321830856531e+00,2.848441133455549945e+00,-2.568938981842635805e+00,1.648741787725537034e+00,-4.928105231668656883e-01,2.348622679409103853e+00,-1.125726235558687449e+00,-1.994000288682864719e+00
1.000000000000000000e+00,-2.108172206974709084e+00,3.149271016456647754e+00,-7.517989362173224110e-01,3.454451123305704030e+00,-2.289963516577699032e+00,2.069236468859219080e+00,1.365548664109089483e+00,-1.286096550077254763e+00,5.083528818652511827e-01,2.366551895679531725e-01,1.799816627974252015e+00,-1.689142960377151503e+00
0.000000000000000000e+00,-2.852829935641573833e+00,-1.480028568604899286e+00,3.636707892550895549e-01,-4.821523906158760475e+00,3.883783437287559703e+00,-2.872434272063829397e+00,-9.984838650403911053e-01,-7.438997276700605177e-01,-1.080089048318858325e+00,-5.757363665942261122e-02,-1.582893482333265656e+00,3.587910893330059636e-01
1.000000000000000000e+00,1.939808840800805179e-01,5.277454468177919189e+00,2.386200268810883873e+00,3.314777396230576212e+00,-1.545960298284988710e+00,-1.296280522252033940e+00,-1.417513630311566075e+00,-2.795828135655190394e+00,2.404796359095572100e+00,-3.730820268795468353e-01,-3.611311147864827431e-01,-2.060746227742477732e+00
0.000000000000000000e+00,7.684068483954487050e-02,6.712809544227734682e-01,1.380037623333694174e+00,-1.264814604300336098e+00,-9.109221343042650521e-01,-2.632055976500090821e+00,1.748668973343368904e+00,3.048111184495181369e+00,1.664750972355530934e+00,-2.100731033931124259e+00,-2.440895290666476036e+00,1.136546378172036409e+00
0.000000000000000000e+00,-1.898877453282379335e-01,2.583122776810454102e+00,1.103903901053772563e+00,2.182315982863044235e-01,6.970120636537902037e-03,1.199687188345280209e+00,1.202852692355743436e+00,8.509625408012060355e-01,1.353732090798195120e+00,-9.601151318877243490e-01,-6.134914050105011452e-01,-1.423117808134335416e+00
0.000000000000000000e+00,-1.846566050947034743e+00,-9.635909566451732466e-01,5.083209759683750661e+00,-1.909687984438255270e+00,4.628856284688849243e+00,-3.201716318846614673e+00,1.184947717624247110e+00,-3.957452998679169998e+00,1.272387547051118339e+00,-1.183826071374061151e-01,-1.442305278313577244e+00,2.181057149144788987e+00
0.000000000000000000e+00,-5.369245576646504148e-01,-8.767963473346378933e+00,8.044325498238142913e-01,-3.782753235685142323e-01,4.045677610849676142e+00,-3.687313051786659912e+00,2.315335209052423071e+00,-3.336345679663240915e+00,8.798035849223432292e-01,2.229434863442666170e+00,2.485990741421998607e+00,4.967906583208820948e+00
0.000000000000000000e+00,-1.228547265139001698e+00,2.794627745040231481e+00,1.864484658808008621e+00,4.226512598196365822e+00,5.070636514091253488e-01,-6.462327184932987745e-01,6.729930347174868377e-01,-3.042034794184528934e+00,-1.681440419305718414e+00,1.444258050966122253e+00,-5.490329615507061334e-01,-1.767771343782914339e+00
1.000000000000000000e+00,2.426297044177575302e+00,-3.484740757016565382e+00,-7.645011385912210411e-01,1.468609758634859652e+00,-5.625544907594166588e-01,-3.456521000275821098e+00,2.185250739741468440e+00,-1.254933350784147361e+00,-5.297968092915595228e+00,3.227622391956783243e+00,-5.627036120230603622e+00,4.337358645341578445e+00
0.000000000000000000e+00,6.254442868533988120e-01,-1.347340461417807778e-01,-4.543894691284307008e-01,6.240099518235297182e+00,-5.031832767810073825e-02,8.543581530687766046e-01,-2.754903268154340612e-01,-1.556256246552151445e+00,-4.177614938950338974e+00,-2.208779884565819085e+00,6.401477709169971497e-01,-2.979267675994337061e+00
1.000000000000000000e+00,-1.445521075702941749e+00,-6.960440012968683865e-01,-3.239927058403915261e+00,-1.204922120830055343e+00,-2.220804746030454080e+00,1.612625984679080471e+00,-4.618721790627450252e-01,3.354623001118478776e+00,-3.971754939870567824e+00,3.054573358458503307e-01,2.115777012155763970e-01,1.519182500703741834e-01
1.000000000000000000e+00,3.203844643100520084e+00,-5.683039341070920791e+00,-1.747056252626841832e+00,7.201699131793003472e-01,1.941421667699281262e+00,-7.483858647381014251e-01,2.274040389026635856e-01,-1.272247782332912802e+00,-3.049778809479859021e+00,1.410153768521801965e+00,-1.188776010310949038e+00,1.857360847077318855e+00
1.000000000000000000e+00,-8.704813550982004600e-02,-2.815378905636094942e+00,2.613726309806006398e+00,-1.385135392573514146e+00,2.201126158310130254e+00,-2.648409326518474494e+00,-1.276397363777364902e+00,2.985186614714543385e+00,-2.569466297958835188e+00,3.148433011004598825e+00,8.887354945625169922e-01,1.474519130327303973e+00
1.000000000000000000e+00,-8.087141526034844485e-01,1.076546466585535322e+00,5.258719120639965272e-01,4.155381713782680286e+00,1.093203108957936376e+00,1.113162347674268027e-02,1.026789812910735566e+00,2.379253320800186700e+00,-1.820054942553021249e+00,-1.098127401471689080e-01,1.401131469089236248e+00,-4.066546282924718980e+00
0.000000000000000000e+00,-1.561298821660479952e+00,1.269588789729235945e+00,9.804778031201766275e-01,8.465836088649690838e-01,8.574170903489752860e-01,-3.969201497411265489e-01,-5.796790114019886309e-01,-1.317903683647852597e+00,-2.976459645850187741e+00,4.891598139392714373e-01,-9.178305093589089747e-01,-8.566733121152854125e-01
1.000000000000000000e+00,-3.950880034663224016e+00,3.104770588676807552e+00,-1.066845607448640987e+00,-4.741251911911366079e+00,-8.809057588129152183e-01,5.601790144135843086e-01,-1.734613089669860164e+00,-8.558385821774638913e-01,2.102291969971415764e+00,7.004713258302859291e-01,7.405613795639331975e-01,6.392614944288421697e-02
1.000000000000000000e+00,-1.478808925205070679e-01,2.700910024538535126e+00,3.344979374611299239e+00,8.086521931770997984e-01,-3.731956236172608854e-01,-5.566245779426290063e+00,-3.866616344724378429e-01,2.160674876233645847e+00,-9.099815656637777472e-01,6.626116796544324616e-01,-3.490941483068421114e+00,-1.015511037024281471e-01
0.000000000000000000e+00,3.356123293230122151e+00,-6.892264175784864610e-01,2.169336346978177232e+00,-3.733634107200032748e+00,2.185614982641021609e+00,4.079366598050373938e+00,-1.755216148269028276e+00,-6.470828817407411337e-01,3.026089924576975676e-01,-1.092786923515903563e+00,-7.653011937085073546e-01,1.117565713396365901e+00
1.000000000000000000e+00,2.101988658275979915e+00,-1.436105980374740909e+00,9.756714190811017762e-01,3.501769450979578258e-01,3.006828647066099425e+00,5.198563431899747567e-01,-2.036271724912888104e-01,1.621319181157872880e+00,1.226399664574375770e+00,1.875206911422684586e+00,1.763141677985164968e+00,-1.891964635707853670e+00
1.000000000000000000e+00,8.317172457359518489e-01,2.481756569375160204e+00,-7.430140575734642816e-01,-1.234403244901167263e+00,-1.634555248433787522e+00,1.726016396501059758e+00,-8.151796049610539052e-01,-1.614452682349782453e+00,2.565870728502998688e+00,-1.904461366118529675e+00,-8.998198983509599902e-01,-1.606628250474742003e-01
0.000000000000000000e+00,-3.768818137587284234e+00,4.268708543607715455e+00,-2.110604269284811707e+00,-3.918396880691219497e+00,9.280848994098043203e-01,5.142140126487280138e-01,-1.663428504801689467e+00,4.670574272945016148e-02,-1.526549065646186865e+00,3.413171157804442579e+00,-1.523402824832496227e+00,-2.773698631015245830e+00
1.000000000000000000e+00,4.310784019363286257e-01,-1.521243890596525317e+00,8.340310770602806789e-01,1.853181220162275711e+00,2.041499089813489931e+00,-1.040591986380101197e+00,2.088505833611113083e+00,2.098855930972696182e+00,-1.724123627458155283e+00,2.346424398028691627e+00,-2.127242719441529983e-01,-8.112818588107156836e-01
1.000000000000000000e+00,-1.946684719259422103e+00,-8.516794722374042559e-01,5.724252256264085181e-01,-8.797343042237322219e-01,1.621936635496521451e-01,3.978425935972216276e-01,3.451947223581669277e+00,2.101360989550562497e+00,-2.686022092401885164e-01,2.194354495802519622e-04,-2.347226490994869241e-01,1.472148763875886335e+00
1.000000000000000000e+00,-4.024196098108819841e-01,-5.451764167533985628e-01,-1.701677560125029576e+00,3.183473316373451656e+00,-2.455290431168452692e+00,8.396998098749841599e-02,-5.221535579389897652e-01,-2.978956964425413245e-01,5.861040294214963087e-01,5.177602144120594385e-01,3.357604790847508625e+00,-3.128343924443693913e-01
1.000000000000000000e+00,2.590646381288469691e+00,3.427206927758326138e+00,1.752592694748190016e+00,5.455695214048380537e-01,2.698867627903556610e+00,9.944991220664609610e-01,3.530334306849525206e-01,-4.775912480027124651e-01,2.663686796195581241e+00,-1.761320238633822033e+00,-2.403587449357199812e+00,-4.025747720670089791e+00
1.000000000000000000e+00,-2.984819287188649639e+00,4.332088834824243229e+00,4.590375666946424627e-01,8.155246728839588011e-01,-1.099055952013583193e+00,4.961786013196933798e-02,-2.090215188398236279e+00,-2.345093224776935603e+00,-1.489579509414811209e-01,1.052671701339331189e+00,1.068775366000489058e+00,-1.858228673846636703e+00
0.000000000000000000e+00,-4.300985960253202123e+00,-1.172631069316950186e-01,2.760806032030569401e-01,-2.493911622612654089e+00,1.677923187276223915e+00,-2.687028596406405345e+00,-2.177818254691629374e+00,-5.759767310126361117e+00,-7.703002276221992961e-01,-1.915517801102005535e+00,-5.064877254604012169e-01,1.125483699859392228e+00
1.000000000000000000e+00,-3.004924590366288228e+00,6.184303041265899914e+00,4.809717889323730233e+00,3.372572051037880048e+00,7.119306572458246052e-01,5.047723899664013913e-01,4.949469250549318744e+00,2.334164295819621593e+00,-3.469848938580712971e-01,-3.197256780703869872e+00,-2.577847920487195132e+00,-3.473712580339743283e+00
0.000000000000000000e+00,3.291896721497868938e-01,1.612626325684001660e+00,2.159823549940369070e+00,4.434995978897383395e+00,-1.191969689551670708e-01,7.065165100276671328e-01,3.094554305793928428e-01,-4.523775763161834718e+00,-2.533736928285671430e-01,-1.069437173897668458e+00,2.573645499563357308e-01,-5.385796195910577122e-01
1.000000000000000000e+00,2.563373326632621296e+00,-1.779898540580782673e-01,3.347454765389811238e-01,1.592432696279713511e+00,-1.449078110585885870e+00,-4.556431692409629974e+00,-2.608350488021511371e-01,-1.205456185438646521e+00,-2.669935967064214211e+00,1.159530663380086146e+00,-5.254224441457451711e+00,2.240861157990503116e+00
1.000000000000000000e+00,-3.572389152195758477e-01,6.606855758405737689e+00,8.702953405437388046e-01,-1.900884688303170256e+00,-1.211613349044298849e+00,4.773202381453972576e-01,-3.309851070077769020e+00,-5.721588432914150868e-01,1.737934713934254027e+00,-7.438699313869878704e-02,-1.653676402382381339e+00,-2.689440346183161523e+00
1.000000000000000000e+00,-2.180886132771350461e+00,6.206558225841859233e+00,1.541540451725397443e+00,3.384957646835720535e+00,-1.153106569876412690e+00,-7.191481387202660613e-01,2.727937838161195394e+00,-4.241816510743844360e-01,6.494531252527693255e-01,-6.665690637994392542e-01,-2.511480122981528229e+00,-2.996252917628809520e+00
1.000000000000000000e+00,-1.351878407841281771e+00,5.437682749194750365e+00,5.764460358800422846e-01,-3.029598433250785927e+00,-5.102458178986424286e-01,3.752489005062624727e+00,-1.542161109448212386e-01,-3.912575011768835598e+00,3.709916381928536122e+00,-1.335843878437879884e+00,-1.288607342739405359e+00,-6.126151945027502599e-01
1.000000000000000000e+00,-1.604774378067798324e+00,5.475972864768217541e+00,7.702770229457538420e-01,-6.316424007663306028e+00,5.184780758200033812e-01,-3.324449626565193938e+00,-3.847046647444234413e+00,-5.027808046994273194e-01,2.826278579637369948e+00,-1.047331148922993060e+00,-4.041519022675332806e+00,-1.395937726038649851e+00
1.000000000000000000e+00,1.675554526864575289e+00,-4.653903933145218552e+00,-1.710827998322645094e+00,-1.662307418519717084e+00,2.084824477437757118e+00,-3.918108055750290752e+00,-1.125844379974091591e+00,1.816710770743003911e+00,-1.159416768309094126e+00,3.189577478021536461e+00,-5.152787388861665985e-01,1.006536693826018514e+00
0.000000000000000000e+00,-1.959817774772096843e+00,-6.038389741877382422e-01,-9.003676634841923931e-01,5.202380010087406248e+00,5.478602220695094616e-02,-1.997015013779053216e-01,-3.248719231219046044e-01,-4.111013360727486798e+00,-2.589855538750351460e+00,-1.078002439348600738e+00,2.235384588907268100e+00,-1.706754745873509282e+00
0.000000000000000000e+00,2.650045468314472519e-01,-1.236402476624383295e+00,2.285588506844111301e+00,5.594003671666272659e+00,-3.697681190555712760e-01,6.127801330661961643e-01,4.226932848783587993e+00,-1.480295472310076521e+00,-1.349870018541455607e+00,-2.209183340683813057e+00,-8.355368635182269799e-04,1.114105701604768850e+00
0.000000000000000000e+00,8.441900845409110454e-01,-8.369902474287244099e-01,5.293608360256172318e-01,2.376477549283484425e+00,1.137897298113735634e+00,-4.505058118335538708e-01,-1.415604345790736129e+00,-2.900723337253804157e+00,-2.011482575949347096e-01,1.456914364986443555e-01,1.350815140147093807e+00,-8.224002294504080268e-01
0.000000000000000000e+00,3.072066393678680285e+00,3.311102431509923782e+00,-1.145226303230088671e+00,-2.618510932218303999e+00,-1.424994572998994347e+00,1.636269929445375304e+00,-3.490569042082900086e+00,7.511517064500030649e-01,-3.888506693104647471e-01,4.288925517419076572e-01,-3.000068923703321122e+00,-1.201693343383917867e+00
0.000000000000000000e+00,-1.807988122512278029e+00,-1.821094688027929509e+00,-2.291217439922545562e+00,-2.440313916445254971e+00,2.850656639308913887e-01,-2.705049614358002508e+00,1.195836485003842764e-02,-3.767477952705420297e-01,1.160794382643447697e+00,4.273337524918373376e+00,6.611026238415376177e-01,1.646421567184509716e+00
1.000000000000000000e+00,1.897409111325802478e+00,-2.625670300108801758e+00,-4.599905535512662791e-01,3.773592041239716366e+00,9.267155859532522078e-01,1.775081207654310766e+00,3.851393446531757858e-01,1.108736319665446057e+00,4.770752698262095137e-01,1.441942066837394343e+00,4.329476942753099244e+00,-1.716760672991971770e+00
0.000000000000000000e+00,3.729345496249066638e+00,-3.966219005500003725e+00,-2.030412474459428296e+00,-4.541589130292306820e+00,5.422375244183006426e-01,4.774814148521050683e+00,-3.615311635759069997e+00,-9.824345905295861492e-01,4.267190591891882878e-01,-3.502797090560384241e+00,1.366332008622749949e+00,1.759819974252539332e+00
0.000000000000000000e+00,-1.419923887236337334e+00,4.833670131156761585e+00,2.524494207146083191e+00,-2.547493313019804528e+00,1.990369032110436143e-01,-1.264593637983085106e+00,6.051203817248773653e-01,-8.824795430042853273e-01,1.092519770578046057e+00,-4.699053770913452777e-01,-4.336774936726365048e+00,2.462747891976846404e-02
1.000000000000000000e+00,3.719442965190655759e-02,-4.304498600263425345e+00,5.991482904686644684e-01,6.894136516809776793e-01,-8.294761614671495309e-01,-2.481273659202072324e+00,-4.095408235937920693e-01,1.766033682064564125e+00,-3.295981332735654856e+00,2.696267930117756340e+00,1.368478975496192351e+00,3.612955603575656482e+00
0.000000000000000000e+00,5.893001581529062172e+00,1.441890640139081192e+00,-8.462336935930747650e-02,-1.454488226129518003e+00,-6.834806411487504008e-02,9.103882990272744724e-01,-2.346199839372789420e+00,3.039065110844113349e+00,1.842031058230831686e+00,5.706582592900579343e+00,-1.215333927660910085e+00,-9.487969607775641467e-01
0.000000000000000000e+00,3.804877781773827294e+00,2.729102203647724600e+00,1.068753450259621651e+00,-2.950667166004286912e+00,1.232079872119800523e+00,3.575079229556928251e+00,-1.771625676398996596e+00,-4.113659287619917393e-01,1.831416677481441102e+00,2.370868689882825286e+00,-1.768283422819729722e+00,-8.787961527806311679e-01
0.000000000000000000e+00,2.805192102296034662e+00,2.796548226277027815e+00,3.088960757151116621e+00,-4.953118721270869940e-01,2.279184920629406363e+00,1.881714819451341780e+00,-5.683729985055344658e-01,1.566612681653642980e-01,-2.749034456167551710e-01,1.953501225245744433e+00,-2.280491217068903786e+00,-1.614180368100012641e+00
1.000000000000000000e+00,-8.050492530332906682e-01,5.551815350277387928e+00,-6.067793139997834651e-02,4.907166425153282496e+00,-2.687627557918606414e+00,1.597239600103286694e+00,1.504436726461149121e+00,4.873520762456378108e-01,-2.166855475951081189e+00,-8.861617493375352206e-01,-1.710324464794380495e+00,-3.499128129765910256e+00
0.000000000000000000e+00,-2.272593008078729326e+00,-1.836898698521023388e+00,-8.429975844473747149e-01,-7.171556353822921892e+00,2.251627934558795729e+00,-9.562791277150530789e-01,-4.475513108040933830e+00,-5.125633763243930829e+00,2.919211695480302460e+00,4.936282655284599530e-01,1.684207964981662808e+00,2.519697140769011856e+00
0.000000000000000000e+00,-6.167555874504132563e-01,-3.584588872966209538e-01,1.416307518803131549e+00,2.469877209856170985e+00,-3.934405118609010099e-01,-4.370724782041864875e-01,2.290004598838315530e+00,-4.968323233338536316e-01,4.767742625758502051e-01,-3.756513883848817681e-01,6.563587784343565268e-01,8.589998662648874461e-01
1.000000000000000000e+00,2.698872787106585847e+00,-7.598817979247843857e-01,1.180920469716528753e-01,3.680471019072326211e+00,2.271575352196776976e+00,1.541369105403454398e+00,1.587046151928867443e+00,-1.101805285552144742e+00,-2.399725777360577794e+00,1.113438650125246898e-01,-1.500934411872715035e+00,-2.196343744768055828e+00
1.000000000000000000e+00,-2.014460195909700158e+00,4.462457721698578794e+00,3.732033218548440168e+00,5.074452297272823209e+00,-1.970823492498791296e+00,-2.651742423830806494e+00,-2.194498402739308851e-02,3.636623336679318363e+00,-1.701173488219278163e+00,9.895762130881606833e-01,1.108781760646309511e+00,-2.626292423095192063e+00
0.000000000000000000e+00,4.802582070603171882e-01,1.795671488543179262e+00,3.577332804525140464e+00,9.910033567191229409e+00,-5.420174578237899610e-01,1.077123323204359995e+00,3.608601267344339725e+00,7.658821870735836868e-01,-6.482129815270441853e+00,3.993313909060869360e-01,-6.591329318301906159e-01,-2.327057752425974790e+00
1.000000000000000000e+00,-1.935547945126138369e+00,5.183619357462556643e+00,-2.019071274804515426e+00,2.866259314541184988e+00,-3.211594568071701516e+00,-1.769324278345889567e+00,2.225891997452900561e+00,7.874273727204790241e-01,2.587329855183432947e+00,-2.772931517473558483e+00,-1.957507148270784647e+00,-3.289711128197535750e+00
0.000000000000000000e+00,1.792627094650569575e+00,2.852477167864019503e+00,-9.369263041497752909e-01,3.868953354987454407e+00,-5.814048483933971223e-01,2.130559800579760577e+00,-1.590449235272179962e-01,-1.939589371590848099e+00,-2.470281737656385701e+00,-2.060983211885895727e+00,-2.359921710449916610e+00,-3.302175661173921473e+00
1.000000000000000000e+00,-1.155638009860887605e-01,7.070586686490814010e+00,1.641585988670454466e+00,1.505587483873227939e+00,-2.644732915823703401e+00,-7.279123586020275205e-02,-1.489349551702029650e+00,-2.587655101591077589e+00,4.789647457984873569e+00,-1.092494463124224380e+00,-4.129470278217791668e-01,-2.228273515313033748e+00
1.000000000000000000e+00,1.523831860173026964e+00,-5.698655718148517568e-01,7.633160133087928401e-01,3.455322088343645071e+00,3.986437943348963842e-01,-3.248763116353744484e-01,1.616152820821386449e+00,-4.560787384224989083e-01,-1.963233823863158367e+00,-4.508540193715937505e-01,-1.438451444680983293e+00,-4.225271004989635815e-01
0.000000000000000000e+00,9.966913482527783863e-02,4.176581948053677884e+00,4.335692138383331340e+00,1.666871937542706350e+00,-1.776457295016729443e+00,-1.534223770933223152e+00,1.937822861683362152e+00,1.329592775900416690e-01,6.287355378333068678e+00,-2.475382966217309910e-01,4.583504960908177939e-01,5.136783830209985524e-01
0.000000000000000000e+00,1.482178766129435665e+00,1.182731547912798886e+00,9.516488851597192378e-01,-8.121495236848399468e-01,5.622654616273945472e-01,2.765890212859563491e+00,-1.128245164195729400e+00,-6.490549886341571151e-01,-1.412788176313805710e+00,-6.737849493568188741e-01,-1.143560011865628168e+00,-4.442032709438497040e-01
1.000000000000000000e+00,-2.815272642850785711e+00,2.385630978421515280e+00,1.334959846257883775e-01,-5.592958354364241380e+00,-6.767635533886608989e-01,-6.095573728361585175e-01,-2.496101206455996646e+00,-6.638517437909863261e-01,3.010380352522175951e+00,9.274738712750418834e-01,5.549557706449486094e-01,1.270743268671834958e+00
0.000000000000000000e+00,2.141404196168166685e+00,-2.813429598837344781e+00,1.635607550960338497e+00,1.782600631135597302e+00,4.609639665172087231e-01,5.576645015085046619e-01,3.763490901678684164e+00,-9.607065779940316963e-01,1.095045040862769881e+00,-1.370473584861954031e+00,-7.888397852484867467e-01,2.741387391286621789e+00
1.000000000000000000e+00,1.531045892800406705e+00,6.035900210393043697e-01,8.746286845915250963e-01,3.899498889907547228e-01,1.140341684035447667e+00,-2.810668166173184268e+00,-1.779772124060536420e+00,1.849173067088270450e+00,1.720893089762395523e+00,9.748911754593458934e-01,2.709535263766531532e-01,-2.121021865056176736e+00
0.000000000000000000e+00,-6.657607085106798106e-01,-5.489656301407958711e-02,1.814702263131289239e+00,3.872398893212778859e+00,1.419210343102211169e+00,-1.121733007103107305e+00,-3.746513983608321663e-01,-3.321877941003937185e+00,-1.723287176588908176e+00,-4.631377437751118542e-01,7.894365812733497023e-01,-1.118191604775677916e+00
0.000000000000000000e+00,-1.605106423890941159e+00,-5.166885107748483641e+00,-2.724471891140792579e+00,1.138783532877102322e+00,2.095316658601855231e+00,1.067119891712151603e+00,7.429731885435706396e-01,-1.958207453937335085e+00,-3.861911862177827892e+00,1.149231743775911196e+00,2.405072189331652677e+00,4.995192935983922000e-01
1.000000000000000000e+00,-3.951604516227064767e+00,6.979014310848454805e+00,-6.015467810407320037e-01,-7.047363258982115575e+00,-1.632893439861022422e+00,-6.081334139159946695e+00,-6.513622272853663020e+00,-1.185534436975489214e+00,4.856744699580264779e+00,-1.458382717988949473e+00,-2.406223448009792598e+00,-1.717103800458505969e+00
1.000000000000000000e+00,-2.783038790142925212e+00,3.037242976171736331e+00,2.984881673420229031e+00,2.825685011378726852e+00,-2.329951425185667002e+00,-5.180515390742689519e+00,-1.144084972904990671e-01,4.250487584141678710e+00,-1.770544342444044794e+00,1.088873972560088221e+00,-1.008225047648827477e-01,-6.522041549153174689e-01
0.000000000000000000e+00,9.510018938551477730e-01,2.366653985923437453e+00,3.446374922336326030e-02,-1.545802842510581643e+00,-2.652796361860227936e-01,-1.249063034111204118e-01,-2.267541557656802098e+00,-1.094567980871092860e+00,-9.738127896390000870e-01,-4.986231850682005806e-01,-2.824961739700146524e+00,-5.837204241442361941e-01
1.000000000000000000e+00,-7.548686245082070201e-01,5.753921638573435082e+00,-2.271053371066480420e-01,2.254673120219380156e+00,-3.030972005030387439e+00,1.555022697897384232e+00,-3.755909852418740424e+00,-3.963519639027678565e+00,2.978308825815781713e+00,-2.316116210686529620e-01,2.520441912580520860e+00,-2.700884664594719542e+00
0.000000000000000000e+00,-7.745805789025594912e-02,1.541573854753504058e+00,1.432436669553093678e+00,-3.468722083059647687e-01,1.082888730452861603e+00,9.128879111960170878e-01,1.740933741052654415e+00,-2.168382200909469759e+00,1.282444164859137370e+00,1.446787918695517261e+00,-1.366883763549655129e+00,4.531711761015135842e-01
0.000000000000000000e+00,2.180934704202733165e+00,5.390941512574271677e+00,4.288179095119035722e+00,-3.770481720273391346e+00,3.722924894554656472e+00,2.275107852521985663e+00,-1.501505507320542776e+00,5.944806808672553622e-01,-1.808071468528161585e+00,-1.449859802570063749e-03,-5.816150590986335800e+00,-2.680676477262884383e+00
1.000000000000000000e+00,-3.742867617922376322e+00,3.631888510611523291e+00,1.633526622417786012e+00,-2.897120475773322656e+00,-1.320074354647761572e+00,-1.984839764807166507e+00,-2.145606086994003903e+00,1.077272552728671062e+00,1.243482281600769790e+00,2.750712546728986130e+00,1.114074715919681324e+00,4.395703554866343676e-01
0.000000000000000000e+00,-2.581770713619172319e+00,-3.695588004101050261e-01,-3.281508835367392685e-01,-2.881192923072753320e+00,1.766888839622569041e+00,-1.936463775701722234e+00,-7.421121227871549930e-01,-2.402418643841128354e+00,2.978764636051334236e-01,2.690226856868100924e+00,-1.372105129891596498e-01,9.809742360047316589e-01
0.000000000000000000e+00,9.545390820313193192e-02,-8.958898143215444920e-02,-9.653706337689405004e-01,-1.296883914564257667e+00,8.083549418575056711e-01,1.648547912804677607e+00,-1.610882149369811778e+00,8.728624488915441848e-01,-2.846947016316965229e+00,1.094818200372415173e+00,-1.544368420704798073e-01,-1.011826577168270846e+00
1.000000000000000000e+00,-4.102597262313947279e-01,7.949417919620047623e-01,-2.379830174609626425e+00,2.473828169754063389e+00,-1.287296143779016466e+00,-3.062243576185392779e-01,5.759984335891605856e-01,-7.193450312424931603e-02,-8.289147612384675234e-01,-1.498597153514661828e+00,-5.133043862680987113e-01,-1.956978568680725949e+00
0.000000000000000000e+00,-9.413702643676238324e-01,3.200171029254605060e+00,7.054894586537290291e-01,-6.501592585924769629e+00,2.242187271191739661e+00,2.067255343991905470e+00,-3.006193353175966809e+00,-2.438790011645768363e-01,-7.781896019693741451e-01,1.270430145983826531e+00,-2.354496498819835804e+00,-9.223482736542241156e-01
0.000000000000000000e+00,2.018772132672784103e+00,2.981586662418007627e-01,1.450964596945108820e+00,-5.390742601381788290e+00,1.704338890152001795e+00,2.529954711428416214e+00,-1.927564757062969925e+00,-1.957304503109625893e+00,1.178862262274298356e+00,-1.564528481646468183e+00,-2.269562616243176123e+00,1.731302110667956029e+00
0.000000000000000000e+00,-1.829061169611764903e+00,-1.262061055588782787e+00,1.765013023924897340e+00,-9.685553325446848660e+00,3.115178370464694702e+00,1.182354551173897761e+00,-2.356563417591873488e+00,2.953798959910374222e-01,6.771000753268974215e-01,3.748860477493230814e+00,2.224427458243223299e-01,3.642001195720452777e+00
1.000000000000000000e+00,-4.825085623857094941e-01,3.612362880495980644e+00,-7.404197260140223946e-01,-4.842803871110331393e+00,-8.021567526159145700e-02,-9.831085566600772374e-01,-3.054148657312965476e+00,-1.597271862319812108e+00,1.966047312877248210e+00,-2.212706519587760656e+00,-3.292701969380755767e+00,-8.795576473236683679e-01
0.000000000000000000e+00,-8.026153797247113086e-01,2.337964308001468261e+00,2.251643796371561645e+00,-9.556285752326018068e-01,8.449326412008002496e-01,1.129354033872491669e-01,1.395222933920430064e+00,-4.277202133601791800e+00,1.618721114560237595e+00,1.641494388960325290e+00,-2.173714781068875723e+00,1.632996693941859423e+00
0.000000000000000000e+00,1.566977664995796715e-01,-1.465177746097658718e+00,9.714079167715712337e-01,1.517914298538270756e+00,1.215651786661487321e+00,7.532340863086985916e-01,2.906893198124700373e+00,-2.685401224645744378e+00,-1.187422851076023633e+00,2.878602033456961751e-01,-1.293270339452078366e+00,1.662629369885666897e+00
0.000000000000000000e+00,1.030260747687852696e+00,-3.646928422148946858e+00,3.896252297109846108e+00,-3.337772879158571016e+00,4.825501353347993572e+00,-2.068460491429499726e+00,2.412246170934631451e+00,-2.758998070296387439e+00,2.345069811189106623e+00,-6.108910439235182288e-02,-2.255712812396598821e+00,3.814547284042733466e+00
1.000000000000000000e+00,2.466976964623649238e+00,3.353779489580678064e+00,2.602371280110551410e-01,3.664994624997454764e+00,9.381462074595892098e-02,-7.642732907251241770e-01,-5.034769328965014168e-01,-3.102267363527961841e-01,-5.565667717770814704e-01,6.123258130238864450e-01,-2.396646071485263985e+00,-3.673178762177406131e+00
0.000000000000000000e+00,2.594123885412626951e+00,-3.174162836403836341e+00,2.023296099535996539e+00,7.467068178827064528e+00,1.627228556224422640e+00,5.986256906750772044e-01,3.838020805099471300e-01,-1.294848328002430549e+00,-3.114394916899286159e+00,-1.132650848345372996e+00,2.688744087459723708e+00,-1.545770770683313700e+00
1.000000000000000000e+00,-1.538241432228035999e+00,3.402447399640265324e+00,1.212468496911967009e-01,-3.985612883728218758e+00,-6.239754250999403062e-01,4.881549360865553577e-01,-2.137557502976985102e+00,-1.165726699986822545e+00,1.839688767675673464e+00,-1.812745013821649431e-01,-9.370529766262888360e-01,-6.407095431406606423e-04
0.000000000000000000e+00,2.074443014289591325e+00,1.489117843179939893e+00,2.556239188512030580e+00,-3.916747898241744519e+00,1.441014127182051574e+00,1.406679449914293834e+00,-1.078281034390873971e+00,2.816500164758148017e+00,-1.025769056079627761e+00,4.037030192587307553e+00,-2.186727008465155553e+00,7.928862722085325832e-01
1.000000000000000000e+00,6.071296928850818952e-01,3.522323981527641479e+00,1.400685818037450181e+00,4.729541859178723606e-01,-1.644978883028369587e-02,-1.005424368144800074e+00,2.271556324484055311e-01,3.155042976672358668e-01,1.010610553968798175e+00,-1.386071887101825606e+00,-2.747418288866470881e+00,-1.847324796662367374e+00
0.000000000000000000e+00,1.507565541400590625e-01,1.137758077064099593e+00,5.414833436556829582e-01,4.372801749178733210e+00,-2.390180312120799844e-01,-1.389677577613583459e+00,2.416339811701182505e-01,-2.179613082776125310e+00,-1.152087382769038548e+00,1.452802810344135498e+00,-1.429280050682352199e-01,-1.244365552031470701e+00
1.000000000000000000e+00,-8.240308821684000362e-01,3.092077374762711162e-01,-3.933693533223435512e+00,-4.966238115852280366e+00,-8.371711296876381825e-01,1.441577920219664355e+00,-1.992934035987218522e+00,4.043168904031291255e-01,-9.550866939024960089e-01,-2.171553916406883111e+00,-1.946172478607251399e+00,-1.355782703931543987e-01
1.000000000000000000e+00,-6.393872388733732315e-01,4.044227644876144723e+00,2.972794376353696144e+00,4.732105499851551045e+00,9.155586110442399672e-01,-4.861562245722328424e-02,1.194900096753066743e+00,1.998441033891508845e+00,-8.864295324542637022e-02,-1.619409918005934479e+00,5.001759550761331052e-01,-4.893087495702147294e+00
1.000000000000000000e+00,-8.573366566552267365e-01,-1.946589697423506626e+00,2.753210002339837370e+00,-7.644372862819824199e+00,2.322967615855995760e+00,-4.841645421586518339e+00,1.558633519576690274e+00,3.266669699195346332e+00,1.590670964978858848e+00,2.837960170935997173e+00,-3.909135021360599094e+00,4.893212388408386460e+00
0.000000000000000000e+00,-2.895049086255721882e+00,-3.424285138094298464e+00,-2.548545588597437739e+00,-5.383446392818975745e+00,2.418594907308795783e+00,-3.190082395762753986e+00,-1.265929352336248481e+00,-1.734669801915670329e-01,-2.047442419302620831e+00,2.122962200742404715e+00,-1.021578470556278706e+00,1.715680131085182136e+00
1.000000000000000000e+00,-1.675453667001786329e+00,4.145237824892074485e+00,8.223307345551171821e-01,-8.953647064121510457e-01,-1.000911060416324938e+00,-1.785814167394083274e+00,-2.254256310851132206e+00,-1.669516819169674315e+00,2.366083808153879975e+00,3.604807298450474207e-02,-2.623805334579109028e-01,-1.150704843147245970e+00
1.000000000000000000e+00,-1.866960421309041385e+00,2.601978531284543816e+00,-1.456508592096967813e+00,3.995820500399771991e+00,-3.503711994274647967e+00,8.813019194814804003e-01,1.013374243839287647e+00,-1.867882751162925903e-01,1.170191150224597854e+00,3.961851351001377530e-02,2.520108451799047078e+00,-1.466923573536186520e+00
1.000000000000000000e+00,1.641122315026334100e+00,-1.549265729968620553e+00,-8.387890258071848404e-01,3.053372079714524290e+00,-4.033838521957135992e-01,-1.644933818152793270e+00,7.861013165713226503e-01,1.397377107611750269e-01,-4.418273776432384281e+00,3.044368097017147612e+00,-2.219655396007365056e+00,6.725048061638392305e-01
1.000000000000000000e+00,-9.027086529758432398e-02,3.249382447762773740e+00,-3.203541841764622200e-01,2.856302972187032108e+00,-1.991880535843483457e+00,-1.004428968369463160e+00,-5.778279822058820514e-01,-1.405403316384466361e+00,2.199236548062232011e+00,-1.045666698856361210e+00,2.227800811637692391e-01,-2.022880536834846588e+00
0.000000000000000000e+00,1.172029506651547814e+00,5.956643825048925089e-01,2.231992682865987287e+00,-1.295424077127236284e+00,1.116319961302916441e+00,2.742583509768733663e+00,-6.562914509207014024e-01,-1.312212712307843976e+00,-1.320454180933966493e+00,-1.769033180721585552e+00,-1.308180931657754842e+00,6.265669625511915974e-01
0.000000000000000000e+00,3.612173440896873089e-01,1.249188102913069143e+00,1.924780756764070677e+00,1.841735497359710427e+00,9.155150619694075731e-01,3.189572503592392749e+00,1.203001729757949612e+00,-1.828912025550074372e+00,-1.549924118585161326e+00,4.512876748266854143e-01,-1.666148117525091399e-01,-4.399603463912356016e-01
0.000000000000000000e+00,-1.172877095047507368e+00,-3.194571072307681892e+00,3.573277430186885262e-01,-2.892150391804358733e+00,2.109754025123645960e+00,-2.350012212144450885e+00,3.614569794283469806e-01,1.896285711775084870e+00,2.459436323539863967e+00,1.885733130999755591e+00,2.252176194911023721e+00,1.388657932037608012e+00
1.000000000000000000e+00,8.578862366358077640e-01,-4.165360824614852575e+00,3.006305585294957172e-01,-2.997398717306767324e+00,1.087697125009420063e+00,-1.918287704971898266e+00,4.433755124917952983e+00,9.439710767332776253e-02,-6.777024780675056093e-02,1.321543165399036601e+00,-3.992748536626265388e+00,5.445530117812748649e+00
0.000000000000000000e+00,5.667945526468174400e-01,-3.118888578124479755e-02,2.098774209947195324e+00,7.855334668652879104e-01,6.192566871379621141e-01,5.192960959529004938e-01,2.978385197838651521e+00,-3.230272247302257593e+00,-1.720347779397217725e-01,6.385198660279611804e-01,-2.547505939311839995e+00,2.579696675520350535e+00
0.000000000000000000e+00,4.412065318386403590e+00,1.045388141129728776e+00,-1.812543009442435959e+00,-3.593588299353430049e+00,-2.772624992878771621e-01,4.629905822176423769e+00,-2.672281963258507975e+00,1.712984783389476018e+00,7.226612850091294060e-01,1.835017195133482604e+00,-8.227459449281315784e-01,-8.279619526854148370e-01
1.000000000000000000e+00,5.115230535113084454e-01,-2.534173475390021579e+00,1.669839787867914094e+00,3.390498294289945314e+00,2.134359356474485381e+00,3.676863181172583595e+00,5.417507000723235322e+00,-2.155204419523704118e-02,-1.027044499583306125e+00,-1.127912172131338764e+00,9.182635893586235110e-01,2.758665477963002655e-01
1.000000000000000000e+00,4.703952756118121137e+00,1.339503923518596817e+00,7.375670013945899717e-01,2.243974361223582292e+00,1.013671188857323102e+00,-1.880410367301557084e+00,-1.820274162519095462e-01,-2.226461627364455964e+00,-2.111502108317483417e-01,1.517572856645805768e-01,-5.031211236920755780e+00,-1.176532543418700616e+00
0.000000000000000000e+00,-1.671763653241401748e+00,3.501125899606518654e+00,2.262758742249192156e+00,-4.720255096240117965e+00,3.212395130410725663e+00,-2.542140137945079204e-01,-1.065986004629091433e-01,8.030060793973698985e-01,1.309108707541916328e+00,1.991447016879487775e+00,-2.380918119830626623e+00,-1.471349570670749340e+00
1.000000000000000000e+00,-7.459210222933052581e-01,1.602430897048958025e+00,1.441416320533276618e+00,3.202418936354245016e+00,6.165477626123713195e-01,1.933551838098148234e+00,3.357116354979923667e+00,1.570243132582836765e+00,-6.478623502797939970e-01,-1.998305842676695310e-01,3.614859670857448748e-01,-2.108284021463793678e+00
0.000000000000000000e+00,-1.890156934177119830e+00,-3.049246716844427607e-01,1.023243815049112326e+00,-3.594252138279006470e+00,2.365400861806572053e+00,-1.379077932029966647e+00,2.839990033598810415e-01,-4.030094163421902742e+00,-2.354633417511010851e+00,-2.437671712574760452e-01,-4.242514930638924042e+00,2.450616865453844717e+00
1.000000000000000000e+00,-7.029807706380961640e-01,1.337926148399261717e+00,3.344753913162188397e-01,-4.136765137979099727e+00,1.360833542847406097e-01,3.541704399001725179e+00,-1.343941763393671884e+00,-9.187001773273630878e-01,-2.066902505132586665e+00,3.414044118665884309e-01,-1.370998948325240274e+00,1.350073154227206640e+00
1.000000000000000000e+00,3.968520156682550759e+00,-5.896509851268477931e+00,-3.943308864097545552e+00,3.744916101261415609e+00,1.402876230409514591e+00,2.366338211078931941e+00,1.122985502773939492e+00,-1.791544699150549036e+00,-2.272231848378368557e+00,1.563672316606258050e+00,1.443273845805959077e+00,-2.550249650637828047e-01
1.000000000000000000e+00,1.678950358584613500e+00,-3.197834909294905437e+00,1.311465536426495992e-01,2.774875896422914323e+00,2.924716253021425683e+00,-1.047646749500983354e+00,2.921094013482522733e+00,1.466280539810027594e-01,-3.138190546281528270e+00,7.636921051026024365e-01,-2.071535220136118571e+00,-4.169777467635370494e-01
0.000000000000000000e+00,-1.256229016171802826e+00,-1.225007869086845780e+00,1.693320185134189915e+00,-2.860240397305064519e+00,1.653309919758495727e+00,-3.166481418567794748e+00,2.197456163270545826e-01,2.059980020697301129e+00,3.714224598591087112e+00,5.923974579258614037e-01,1.413660152334551334e+00,9.350648492784189303e-01
0.000000000000000000e+00,1.077659750103396652e+00,1.228290696058039089e+00,-1.197495134438677500e-01,2.880961215381177887e+00,7.585253238351108429e-01,2.131159188251393388e+00,-2.015873035368865862e-01,-7.074082370753025373e-01,-2.012441006049285441e+00,1.776972927105626265e+00,3.364125397121948691e-01,-2.525421766015979230e+00
0.000000000000000000e+00,-9.431728304767126314e-01,-1.577920613018287121e-01,-1.005631607251264992e-01,2.626517856166246112e+00,2.698827130929642992e-01,1.360079122447600097e+00,5.056868581212792257e-02,-1.581120989708026725e+00,-4.434877889555677299e+00,-2.690288126777944822e+00,-5.461535587271622028e-01,-1.125275347711490070e+00
0.000000000000000000e+00,2.009061718373879479e+00,3.598440998987569195e+00,3.191301326270442829e+00,6.485423107743653048e+00,2.662919426069199069e-01,2.238803017813242313e+00,1.440260523067701914e+00,-1.550629170337975982e+00,-3.327816669882679435e+00,-1.359049179025439091e+00,-2.133952673802846256e+00,-3.011600310390772695e+00
0.000000000000000000e+00,-4.067195029068720658e+00,6.005486543066175464e+00,4.621880554184945922e+00,2.771229794078846620e+00,7.263525069007450430e-01,-3.394101793378804466e+00,1.272521237058867882e+00,-7.520512760887710924e-01,-5.703117123706344493e+00,1.118758795335990541e+00,-5.006144879222707900e+00,-1.734328365252308046e+00
0.000000000000000000e+00,-1.748884315014504587e+00,-3.508997899272651377e+00,-1.847617954376794547e+00,1.261902907099439641e+00,-1.290313496779307290e-01,-6.500199292932277162e-01,1.076218339253358858e+00,-3.555176728086234750e+00,-2.568943149121435177e+00,1.511403584270475164e+00,7.551408721533074964e-01,2.666379989586301846e+00
0.000000000000000000e+00,1.705793106607350840e+00,-6.363493366985398803e-01,2.298222422242912621e-02,-6.739111061842562478e+00,2.398444620339045041e+00,-7.497808582991032367e-01,-4.238352721896621489e+00,9.625963054549975251e-01,3.261381375598156218e+00,6.985826089881791212e+00,1.294965948939779565e+00,9.950085098762200264e-01
1.000000000000000000e+00,-9.269397581047779111e-01,3.226325482077491813e+00,-3.041983618109533882e-01,8.326770850211919761e-01,-5.438296459841496233e-01,-2.831556977982573553e+00,-1.126943967748107456e-01,6.051832951802387228e-01,2.948829809513786593e-01,-1.071003640228539000e+00,-2.469593125588010807e+00,-2.418343491130779732e+00
0.000000000000000000e+00,-8.126874507599000097e-01,-4.477708396775578414e+00,-1.383547858430629329e+00,-2.764288516757630987e+00,3.858614309405258513e+00,-3.242045281526096945e-01,5.365686090573293932e-01,-1.679585144484929460e+00,-1.684988855600167756e+00,2.411683285424393475e+00,2.470068536536684789e-02,1.365917506551427518e+00
1.000000000000000000e+00,-6.815737313330776370e-01,5.125559449866924133e+00,-3.779783579221664969e-01,-1.390649265118464095e+00,-2.095063260446555553e+00,3.265344456926880801e-01,-3.261585303424737514e+00,-5.565101404955885567e-01,9.867769349094921427e-01,-6.048793215843171200e-01,-9.274058530928407373e-01,-1.956735452880518533e+00
1.000000000000000000e+00,1.427983081304153634e+00,2.689357914598502486e-01,1.773007586896034882e-01,3.746880857276242427e+00,1.746385193667873814e+00,1.341630960341681611e+00,3.990307425211146786e+00,-1.179625157116128698e+00,-2.046996735527109479e+00,-1.559131449567912053e+00,-3.233706837739649842e+00,-1.861754723422956559e+00
1.000000000000000000e+00,-1.412840419717137586e+00,1.989499078747339222e+00,-9.640749607760463746e-01,2.343216333372138305e+00,-9.563765576463065798e-01,-6.747759803636677045e-01,1.099262744754845755e+00,-1.374098358683811583e+00,1.279139599757438184e+00,-8.926014493335858724e-01,8.638385435037054805e-02,-1.688216354789171536e+00
0.000000000000000000e+00,1.838725111080852903e+00,2.667934014776402574e+00,2.696803505054320205e+00,-4.679648455591007838e+00,2.239672508060905454e+00,2.354210632286263483e+00,-7.331011667459873538e-01,7.560652953654121156e-01,-3.045098504346059887e-01,1.476507929229900817e+00,-3.683857912172182836e+00,1.542335874502385185e-01
0.000000000000000000e+00,1.481396293457558411e+00,1.628436190362738012e+00,1.407983059039092044e+00,3.310848076527449724e+00,8.444561812572346504e-01,-1.680400189236571418e+00,-1.438491642957601790e+00,-9.308324936222818202e-01,-2.283221238763556649e+00,2.422742762007973338e-01,-1.598337790775579581e+00,-2.384849723393196008e+00
0.000000000000000000e+00,-1.814779515613247352e-01,1.110820387082497529e+00,1.544221132703467170e-01,-1.669283231984767468e+00,2.205820875922757551e+00,3.365869610067756756e+00,-1.175192689225233789e+00,-4.497044173763821817e+00,-7.275136024771187149e-01,-3.828343173142953582e+00,-1.406616181444823699e+00,-1.220804181846194991e+00
1.000000000000000000e+00,-9.467728671979992461e-01,2.428136247472445497e+00,4.309766938744348241e-01,-6.997186236445655183e+00,1.169488215406811360e+00,-1.837914368513096530e+00,-4.555511456371469592e+00,6.148694727548182914e-01,5.364276149272029226e-01,7.626066307247798548e-01,-2.273929970711992432e+00,-1.000422422657319954e-01
1.000000000000000000e+00,7.223563465878576340e-01,6.903938193760994491e-01,4.602272339735904438e-01,6.556575361719507278e+00,-1.465824449332799873e+00,-1.089380905038626279e+00,-1.106783012104390895e-01,8.332327997915223161e-01,-3.671958344791833362e+00,1.182573046537003236e+00,8.079233676114452312e-01,-2.060221943909569475e+00
0.000000000000000000e+00,1.776970623352132739e+00,1.362618292722727498e+00,2.195255204707118324e+00,-2.996074777132867961e+00,2.496052085873767368e+00,1.634583877991807821e+00,-1.645828665988814166e+00,-7.770009786954609199e-01,-3.577083317265749018e-01,4.201883799360003335e-01,-2.147891127187778970e+00,-3.540258572688453897e-01
0.000000000000000000e+00,-1.824764764714976728e-01,7.512989739599690076e+00,6.133856212960400178e+00,-2.012475148718047446e+00,1.304152237021300120e+00,-8.972273828672859830e-01,1.910958703175770435e+00,-2.704687008684750538e+00,4.496256529544955249e+00,-1.950295046832970502e-01,-5.388140409627645511e+00,-5.953243984626332974e-02
0.000000000000000000e+00,-9.972022912919628057e-01,-7.317044711271911694e+00,-2.538741593848997002e+00,-2.928242209685281150e+00,3.752015537037719728e+00,-1.133687461485223258e+00,5.870588188870224933e-01,-2.068520965742107087e+00,-2.965695480189584732e+00,1.565451473311939568e-01,-3.778507371454520314e-02,2.700443067007208153e+00
0.000000000000000000e+00,1.450278789577043703e+00,-2.828839288456874157e-01,1.438556526419599857e+00,4.015522443834457000e+00,1.314012021199515434e+00,2.192714671105165269e+00,2.672279307792762015e-01,-4.348298533935563093e+00,-1.817901862110690381e+00,-4.631060001668809711e+00,-4.930650309832786959e-01,-1.283342615122618824e+00
1.000000000000000000e+00,5.977830998674980023e-01,-1.626751203861680761e-01,3.144928466329131922e+00,2.120378113582825019e+00,7.311368074988220389e-01,-3.011539210279934320e+00,-1.152434361257851148e+00,2.179576957201573961e+00,-1.185770836006721840e+00,1.040385709214751930e+00,7.384478060573844704e-01,-5.476647341844989025e-01
1.000000000000000000e+00,-2.074890398292328353e-02,8.659003332677968956e+00,1.524454959396024378e-01,-9.262946850741549110e-01,-1.419649318539356386e+00,-1.348906520724615365e-01,-3.169671274626525648e+00,-3.465607508775063739e+00,3.613375988362087288e+00,-3.150252781196837049e+00,-3.638935515073432825e+00,-4.209729442666326094e+00
1.000000000000000000e+00,4.243790376768149741e+00,-2.058987752440006425e+00,-2.298595399304657505e+00,2.706509518152617755e+00,9.252129364534185108e-01,-1.701632918494624391e+00,2.404876109208932355e+00,-1.766122867301526345e+00,-1.134915835059387978e-01,1.251428900358730667e+00,-3.958097013961225930e+00,-1.406615554428358728e-01
1.000000000000000000e+00,9.226040513979416602e-02,3.189832881030993050e+00,-2.696453237074519116e+00,2.541158640331374396e+00,-2.372938375389037624e+00,2.107278138053356731e+00,-6.915733435233488713e-01,-6.549877501916299138e-01,9.527390021629636996e-01,-1.241191273338618117e+00,8.281411025525107217e-01,-3.269936417202530698e+00
0.000000000000000000e+00,-1.301294897776541060e+00,1.558959909953477885e+00,2.284793190587886436e+00,-2.281513386220975992e+00,1.636075624357779201e+00,-1.479197556157625826e+00,-1.088591074559516869e+00,-1.334263459848020528e+00,-7.901824626013921327e-01,1.878669714007954683e+00,-1.705986968661688863e+00,6.334495753860007738e-01
1.000000000000000000e+00,3.563365253917595954e+00,-5.287886237233101916e+00,-2.701199205099233946e-01,-2.753923030876551437e+00,2.738752118793961188e+00,3.810597275884672896e-01,2.407838193688291106e+00,-8.189414800021397323e-01,1.895928355499396645e-01,3.127546777112444332e+00,-2.205874561091377029e+00,4.061979482207226155e+00
1.000000000000000000e+00,8.173705378847726521e-01,6.366276208414338722e-01,4.582397948116447850e-01,-1.318672525353228986e+00,1.103341167470635042e-01,3.077041799894406182e+00,-2.031017179395006700e+00,-2.470577650361058808e+00,-2.172770999820358373e+00,-1.379038183456835487e-01,-6.680275655128382617e-01,7.432235702366432051e-01
0.000000000000000000e+00,-1.059836147121777206e+00,1.245968059719555932e+00,2.985155539771311872e+00,-3.004734598862102701e-01,2.168218490209916194e+00,1.347098099714523212e-01,1.239966597674124316e+00,-7.795517428199723042e-01,1.021119971748201127e-01,-6.800691767171305191e-01,-8.991636962654080412e-01,-3.666340638193137380e-01
0.000000000000000000e+00,-4.038038915579189592e+00,-1.700610228203063290e+00,5.600902045638049831e-01,-4.532953090418588182e+00,2.289741144939435369e+00,-5.341206363727237338e+00,-1.554688534161422275e+00,6.156680545647612579e-01,-4.053556543810483692e-01,7.228645785533571733e-01,-2.389681678498919437e-01,1.339284226867152316e+00
0.000000000000000000e+00,2.596315014578165048e+00,5.303925680248029462e-01,-1.012077041464181093e+00,-2.137749015526401841e+00,1.009782859752123008e+00,3.693207777017176507e+00,-2.182830607885540175e+00,-9.768699203335594605e-01,9.863470498787154650e-01,1.075639909767358349e+00,3.600506034624209040e-01,-1.103418336306875247e+00
0.000000000000000000e+00,3.864152101710435883e+00,4.700420091149593915e+00,3.735687261004834614e+00,-7.156621651453059840e+00,3.120422774026049950e+00,3.656803188191430021e+00,-2.001613256027421350e+00,2.136179445229800855e+00,1.239560155628130378e+00,3.757197529925937474e+00,-4.588925439195056910e+00,-6.708611600084946058e-01
0.000000000000000000e+00,-3.466191733212696802e-01,5.593449948745065070e-01,3.192131999301699441e+00,2.925856156834825139e+00,9.785439345200896977e-02,-5.267035289866706105e-01,2.668761903984934847e+00,-2.873524958472729818e+00,1.426018527603956532e+00,-4.241165775643040980e-02,-9.357404670563451710e-03,1.570934795441203846e+00
1.000000000000000000e+00,-1.207523189666309005e+00,2.308057312840700259e+00,2.954032694431836248e+00,9.971866247092697755e-01,2.473411837542771607e+00,4.718455961483487560e-01,3.727680021680284561e+00,2.485695038023950865e+00,-1.814126005172805867e-01,1.115314322127748392e-01,-1.460949184285702085e+00,-2.254999595620288844e+00
1.000000000000000000e+00,1.947586062752302283e-01,-1.346219690107482547e+00,5.860643662911294571e-01,-7.095240690592116151e-01,-1.521954524006292164e+00,-5.308380535503350650e+00,-3.305971702360640307e+00,2.096492039549281650e+00,-2.418529467383424780e+00,2.870420890950451387e+00,-4.888296531693639979e-01,2.233030234931430158e+00
0.000000000000000000e+00,-8.989334584720276577e-02,-1.066071590496630916e+00,2.789554428561128674e+00,-4.922514193210497657e-01,3.142997417701138829e+00,-4.390614427407025788e-01,2.450331381481681170e+00,-2.131459857696280658e+00,4.950732424062669335e-01,-5.623510597854977089e-01,-1.651839963877009598e+00,1.211060868131802248e+00
0.000000000000000000e+00,1.477739850075042938e+00,3.417074375104546924e+00,-1.525583824935125232e+00,4.842489418993664252e+00,-8.290360645234207126e-01,-1.553389242006713022e-01,-7.165892242280564872e-01,-1.903416504130441833e-01,-1.335327874809269844e+00,4.009767644349366833e+00,-4.249898774294992299e-01,-4.218385522803848708e+00
1.000000000000000000e+00,6.917734275508859998e-01,5.618227245812112275e-02,-3.084971637083741669e+00,-5.648529115138972045e+00,-1.176878270256197290e+00,9.850982946174430266e-01,-4.852212507259785923e+00,-8.129438523654415327e-01,2.385938059567481728e-01,-1.909120232845853860e+00,-9.043024570826474484e-01,6.915880116959105539e-01
0.000000000000000000e+00,3.239561750044286370e-01,-5.673706970630565394e+00,1.154458045332965810e+00,-1.272463057187390945e+00,1.636584950070089750e+00,-2.669092320707271426e+00,1.931434365643857731e+00,1.422772183455333739e+00,3.083913273533204435e+00,2.324751386658934216e+00,2.904875201565381371e+00,3.774275454265715535e+00
1.000000000000000000e+00,-2.149923248354823624e+00,2.850925407733639450e+00,-2.992253695969073313e+00,-8.685476741838689563e+00,8.868802894009766291e-01,8.206862227873891191e-01,-1.945292865732128229e+00,9.546162994832028126e-01,-4.419363327566934174e-01,-2.148137240813894788e+00,-4.818645978190627233e+00,-9.522686745619726167e-01
1.000000000000000000e+00,-1.789452406103504867e+00,6.959354276092392766e+00,7.286250871578396904e-01,1.237429214003761713e+00,-1.725321385805236751e+00,-1.761242603926773675e-01,1.374239097682328659e+00,-1.254286571854938082e+00,2.545380440035734715e+00,-1.826772789314331957e+00,-2.774761406574347333e+00,-2.797800991256093717e+00
0.000000000000000000e+00,1.635462051254406690e+00,5.369399422017921975e-01,2.765882300717490416e+00,2.990044171618013280e+00,8.797731832610808933e-01,1.417293162625393510e+00,1.044753492533775585e+00,-1.801281527923789261e-01,-2.959327667629428227e+00,-4.860521875280257031e-01,-1.351817758501802302e+00,-4.781854211675394817e-01
1.000000000000000000e+00,-1.401538963324115983e-01,3.947359825912651665e+00,6.564734435463759343e-01,2.454196714183680683e+00,-2.113355353561443550e+00,3.052898989780947758e+00,1.151865005804041608e+00,-1.755186817944370592e+00,2.227290326599933756e+00,-2.127083982354447400e-01,8.409610724166709517e-01,-1.078143904939306674e+00
1.000000000000000000e+00,-8.357223330311271958e-01,-4.906759586009992624e+00,-5.772334982653328783e-01,-4.967578433095569679e+00,2.858837045654889941e+00,-1.215477141589606402e+00,-2.338083845040301867e-01,3.999944119675914678e+00,2.224213193012814838e+00,2.484282457610392569e+00,3.418456241425836595e+00,1.458275560141188087e+00
1.000000000000000000e+00,1.904032963737083861e+00,-2.377666696843928396e+00,-2.610251288851922258e+00,1.745492429213035268e-01,8.179617772550566990e-01,1.979053172927391913e-02,1.757647372808655017e+00,-5.252519961151480565e-02,1.146180044835615419e+00,6.888892092551768265e-01,-7.377641828748708885e-01,-8.063765215334917080e-02
1.000000000000000000e+00,5.351376595640247036e-01,3.313232017932905116e+00,-1.295466756092549687e+00,1.377640670736461903e+00,-1.416960036924057587e+00,3.411035685209003798e+00,2.761946839947657217e+00,-1.526579359982554118e+00,3.624482981508201362e-01,-3.360093392053440819e+00,-3.115280131751051229e+00,-1.527572961824458897e+00
1.000000000000000000e+00,1.661894827838680921e+00,-4.905466547679884215e+00,-1.121023978330255133e+00,-1.946890517809984011e+00,5.191165990042809764e-01,-1.644152101037970048e+00,-1.594120320889012010e+00,1.419255470950029352e+00,1.050858342520415434e+00,2.471588471459337022e+00,2.501544640206154302e+00,2.456566816631961192e+00
0.000000000000000000e+00,-1.302532617196419995e+00,6.626361046943928912e+00,1.355586903779777419e+00,7.624374806534286453e-01,1.261584186160403798e+00,8.907105689333500997e-01,6.916891176597981250e-01,-5.260582327348723997e-01,-2.516780363503407170e+00,3.689627128502192210e+00,-3.960892688172423348e+00,-3.786510297685512061e+00
0.000000000000000000e+00,2.655382397286065732e-02,1.477315310028493700e+00,2.782973054587850381e+00,-1.412017724174835509e-01,1.691649525685033240e+00,-1.212659467360979182e-01,2.283969929428063317e+00,-1.461264735954582727e+00,-5.208306317410007491e-01,-9.875679752130770428e-01,-3.518638905793117555e+00,5.008052491445520449e-01
1.000000000000000000e+00,-4.258366603067322842e-01,5.550105404164836997e+00,-7.087389662151485359e-01,4.469176031493099721e+00,-3.340040722922315464e+00,-1.502701241654541331e+00,3.354839594414513737e-01,-1.611850394207166026e-01,2.238697168480556776e+00,-1.934955788185693359e+00,-9.150767706550024805e-01,-3.599723447279548516e+00
0.000000000000000000e+00,1.971525442847279486e+00,1.393185311424522954e+00,1.318434981220701463e+00,-9.795064859533990642e+00,2.862397460596167065e+00,1.184878986975732129e+00,-4.373799287855034024e+00,4.593202512906064960e-01,1.628636484141631424e+00,1.490427441466369629e+00,-3.158176501341735332e+00,1.158599693505224959e+00
0.000000000000000000e+00,-8.565989409760449425e-01,-2.234068737734361321e+00,-3.199051361911239511e+00,1.145614461652872507e+00,-2.694965910158793942e+00,-3.461848123304285263e-01,1.178034003876709201e+00,6.602187914209185493e-01,7.113295467259939109e-01,3.679147170337039530e+00,2.780604885754910161e+00,1.944360746123364514e+00
1.000000000000000000e+00,-1.426922551976284925e+00,6.093601281332531094e+00,7.542685807748805704e-01,-5.903367720116800221e+00,3.774881550742414937e-02,3.340464497957592593e-01,-3.443310330539823827e+00,-2.608737524862541513e+00,1.142606181779500796e-01,-2.280616222488571765e+00,-5.123180778544119462e+00,-8.198430387096209415e-01
0.000000000000000000e+00,9.983544172728602284e-01,2.064656978593682801e+00,1.860330753475917476e+00,3.857813408188048410e+00,2.345354012160157930e-01,-3.051155653776291832e-01,2.726865168197123435e-01,-4.877580833811286931e-01,-3.806141002225355230e+00,-6.662151295770644133e-01,-2.602939087559692055e+00,-1.815983304703077561e+00
0.000000000000000000e+00,3.764782884503509175e-01,-9.169577280304119782e-01,-2.920378162088386187e-01,3.283114852573882025e+00,-1.932714261387660226e-01,3.076194331345944111e+00,2.139958499760543642e-01,-3.968390350042631631e+00,-2.756446369676138097e+00,-4.923693598107114155e+00,1.073341915170304972e-01,-3.576477107784097331e-01
0.000000000000000000e+00,1.023148307645343147e+00,-3.156541532426635932e+00,5.035079075208130917e-01,1.008649578041115191e+01,-4.714655456018361779e-01,-8.410435624876320126e-01,9.519675304602457366e-01,-3.958405181138870077e+00,-2.764140107961734039e+00,-2.494486832454285263e+00,3.269714895426486301e+00,-1.060649304326825026e+00
1.000000000000000000e+00,-3.220259526763247671e+00,6.088806462551837662e+00,-4.785433849361062641e-01,-3.120341780680345067e+00,-2.591697380778753779e+00,-3.024249877838593115e+00,9.417899234146127618e-01,1.745366926020305964e+00,3.148605989714466702e+00,-2.442157270050246076e+00,-4.173645944774445837e+00,-1.003020932970428269e+00
0.000000000000000000e+00,3.635755211734976289e+00,1.430069812818021702e-01,7.468762487513301851e-01,2.930745565443670930e-01,1.665668604874837033e-01,9.873216430469784477e-01,-1.480998782351494958e+00,5.059758004921690588e-01,-9.023037764098273961e-02,1.896831193432490181e+00,-5.682618116345830028e-01,-1.605032854716491597e-01
1.000000000000000000e+00,-1.142913745053488084e+00,5.123306283442704334e+00,1.439870977333653546e+00,-1.214603255662528802e+00,-2.356572028797846663e+00,-1.661977123207035945e+00,-5.924428510900201506e-01,1.919016042707327507e+00,-8.428813800478640594e-02,-6.347109789912113165e-01,-3.307338382837897495e+00,-4.720742177954533325e-01
1.000000000000000000e+00,-6.357206734999587550e-01,7.067196686148629503e+00,2.197497353632771322e-02,-7.881837322740001817e-01,-1.262506893151415399e+00,1.642935424762919538e+00,-3.251936274698876250e+00,-6.462266348981433595e+00,6.976018463420564863e+00,-1.916412449392690620e+00,6.873096773943188076e-01,-2.916353384161201490e+00
0.000000000000000000e+00,1.242998299519653793e+00,1.964848283743904966e+00,1.443453556014622219e+00,-3.897779579147292228e+00,2.288570947843515668e+00,6.448064527972940940e-01,-2.540569094084687674e+00,-6.497428587609745954e-01,1.513874176115147296e+00,4.055482335876430255e+00,-7.691320594897131935e-01,-4.827120411174053993e-01
0.000000000000000000e+00,2.674998378478466776e+00,3.085948098201881429e+00,3.518585006186996988e+00,-9.584781939379364957e+00,2.762937064973886692e+00,3.253980217810895414e+00,-3.176592132664325607e+00,5.881569431710877982e-01,2.188911323175469992e+00,2.340698860291273942e+00,-3.535475684840613919e+00,1.641630358906517539e+00
0.000000000000000000e+00,-1.524610146601054428e+00,6.771402645318655988e-01,-2.329954198924630848e-01,-6.550142189513526780e+00,2.017509224768990084e+00,7.931239654625470425e-01,-3.556183552295407058e+00,-2.929084076854957530e+00,5.342813815680726997e-01,-5.098009304827402222e-01,-9.403865518200229534e-01,7.600540030879701092e-01
1.000000000000000000e+00,-1.246220653658838273e+00,5.220071974659997949e+00,3.726855884851737244e+00,5.336669700160633134e+00,-9.631963624502881682e-01,-1.548910013931805496e+00,2.595275610849811621e+00,2.274196363375439844e+00,-1.508443118971560359e+00,2.285730336478025704e-01,-1.724728547442966553e+00,-2.890591383789351099e+00
1.000000000000000000e+00,2.845220029394038619e+00,1.418690582949978740e+00,4.339226881218501974e-01,6.907346635557876091e+00,1.255322848360104437e+00,1.096103071464979539e+00,2.115406640790881365e+00,-8.623328444643301172e-01,-1.444921002130161281e+00,-3.557423768444030188e-01,-1.089642665660932375e+00,-4.289880194512773137e+00
0.000000000000000000e+00,4.890575946235198757e+00,5.391381259160816342e+00,4.173083465172635620e+00,6.950247191914795231e+00,-1.457794724645794737e+00,8.397751010885257106e-01,2.201096411204825909e+00,2.758942356757431380e+00,-3.613059689703172594e+00,2.232803462344889134e+00,-4.858316475369303333e+00,-2.613101368490111209e+00
1.000000000000000000e+00,1.467288825789701878e+00,-1.153820318252544830e+00,7.149456074853066667e-03,1.710483686100890965e+00,1.762762175623105332e+00,9.412364972259912310e-01,1.070926648146849347e-01,1.054759403844484078e+00,1.249187778491236411e-01,1.061313559778479076e+00,1.777594656104971360e+00,-2.009323278660900769e+00
0.000000000000000000e+00,-6.064972244186674910e-01,1.076044166252185796e+00,1.976030169773528522e+00,5.887882757006196455e-01,3.146951829062796246e-01,-1.210474022644381087e-02,1.911789245682734339e+00,-2.304634306656094811e+00,1.470999564343654420e+00,8.695209511532608904e-02,-7.648099632811603543e-01,1.142796746168982525e+00
0.000000000000000000e+00,5.998463073547384283e-01,1.441223114520009840e+00,1.075691877049237188e+00,6.033314708961203365e+00,2.024237189426720818e-01,-5.447601241736754751e-02,2.154743386999502519e-01,-3.075018508978400344e+00,-1.725613714110499020e+00,5.479838992751158155e-01,4.242355637092174447e-01,-2.285258411701934111e+00
1.000000000000000000e+00,2.973519162004108818e+00,-1.937697965772218867e+00,2.562386346634260015e-01,1.685045721410582287e+00,1.760285836808460402e+00,-3.466520927748426129e+00,1.148937053598055869e-01,1.084148838814279481e+00,-1.045075491545899293e+00,3.724702927394340168e+00,-1.732670195408843039e+00,-2.864469793577413270e-01
0.000000000000000000e+00,2.275701298677812900e+00,2.577484006629856772e+00,2.216740766814580876e+00,4.941930880113715396e+00,5.102656876191797863e-01,4.008095533886557149e+00,6.462520114024397078e-01,-1.776897783700977618e+00,-3.033898410806818102e+00,-2.432263072567486084e+00,-1.224469718474890945e+00,-2.822944860215284013e+00
1.000000000000000000e+00,-1.702398579639443632e-01,-8.629820568069856979e-02,1.699623893368522598e+00,2.729850530365323991e+00,1.193816815208911475e+00,-1.182677724640403438e+00,2.792101263720857318e+00,1.662135175992847991e+00,-6.782728545426477407e-01,-3.353845503604844236e-01,-6.256066443465961857e-01,-1.088006010891252817e+00
1.000000000000000000e+00,-1.746482366571478817e+00,2.944989500600749377e+00,3.187129491314574015e+00,-4.019253223321548885e-01,9.787798499497613047e-02,-3.129951119796944958e+00,4.939807568382644787e-01,2.979221796100383735e+00,-6.167343031211969251e-01,4.408746061843861197e-01,-1.997069369658987625e+00,-5.189981376276986413e-01
1.000000000000000000e+00,1.669714345244579734e+00,-1.139914915137549167e+00,8.709196790587486747e-01,3.821510073966716714e+00,1.075467751331728117e+00,-3.926774703565586222e+00,-7.909431823316168675e-01,1.795102618161128483e+00,-2.418704172320947698e+00,2.398234027361190179e+00,-2.304727875928842540e-01,-1.693372818120435941e+00
0.000000000000000000e+00,3.904745956757327274e+00,1.447963042921269983e+00,1.019743451984460814e+00,-1.060473147170386632e+01,2.636795177885748132e+00,4.816475607762241040e+00,-3.818543685112768316e+00,-9.657939468801775007e-01,3.646577443549379183e+00,-7.799721042305418628e-02,-3.072148699601148003e+00,1.691841855519950588e+00
1.000000000000000000e+00,-7.589087126630829072e-01,1.273366473913069674e+00,1.972403193059546478e-01,3.038967253374195820e+00,5.051000585428198075e-01,-2.213775892825035063e-01,-1.515768940000690179e+00,2.918483115738127687e+00,-6.008722319569210768e-01,5.072221857036963710e-01,3.360063272861137484e+00,-4.356639086952101891e+00
1.000000000000000000e+00,-1.512151423094003189e+00,4.793607305094811366e+00,-4.295403821908689856e-01,-7.060675573464493260e-01,-2.107388922790922159e+00,-7.279810853836019557e-01,-9.626433934560325589e-01,1.819834391310980681e+00,-6.836545734961800846e-01,-5.896305332760877205e-01,-2.338179766102155277e+00,-1.974882685754859590e+00
1.000000000000000000e+00,8.171366211903037247e-01,-9.757325631045280501e-01,4.397581099615960332e-01,3.146282477217166029e-02,1.920166057488410960e+00,-2.216528781765950473e+00,-1.770178488643054937e-01,1.321766526167236666e+00,-1.646286266544950028e+00,1.370080541773014637e+00,-1.486455126829005158e+00,-7.666146099938458969e-01
1.000000000000000000e+00,1.090539685486542343e-01,3.183368545471524591e+00,-1.576303890160969612e+00,-2.249249500290740222e+00,-7.819092819507443837e-01,9.965869154623286930e-01,6.191901651001616713e-01,1.311653894302426959e-01,2.541575944090425754e+00,-2.340275359999283822e+00,-2.735161551374459599e+00,-1.460754707380472306e+00
0.000000000000000000e+00,-1.491402667516603442e+00,4.566303738544148949e+00,2.367301301097783472e+00,-2.687558017703184809e+00,5.140205125223679117e-01,-9.281172360865946880e-01,7.679404226201828054e-01,-8.386493284840373930e-01,1.158765301192245190e+00,3.872326473313796313e-01,-3.909827420835823908e+00,1.523886551814035428e-02
1.000000000000000000e+00,8.864664090971197119e-01,5.199257050896992638e+00,-2.101065098631965888e+00,-1.285757436127975106e+00,-5.275697564407950679e-01,3.621845268055565281e+00,-3.131526730532259162e-01,-2.776777485863902939e+00,5.322340120009781295e+00,-2.626362432296315497e+00,-1.137484039603929187e+00,-3.603755033788874851e+00
1.000000000000000000e+00,-1.801372531130046806e+00,5.769936732320045891e+00,1.189934652300293827e+00,7.887378418762814800e-03,-1.098851097294978096e+00,2.850114296207617581e-02,2.736484443150086765e-01,-1.367362778778053123e+00,1.840239650951614347e+00,-6.902486521967400313e-01,-1.931120280418271662e+00,-1.792711597886739838e+00
1.000000000000000000e+00,-1.053959827548731187e+00,1.196912850514167737e+00,2.565923661450088211e+00,1.693376330124747087e+00,-1.237809714723461241e-01,-6.185041311042351886e+00,3.062398700520460038e-01,3.132285318213869019e+00,1.179804023978781036e-01,-6.950575333031518976e-01,-1.466974115253202537e+00,-8.094023236702528878e-01
0.000000000000000000e+00,-2.179967341306249473e+00,2.085656824997396797e+00,-2.560998341058762229e-02,2.298063166816449954e+00,-1.636542171814140634e+00,9.842557625208003813e-02,9.384472783629081993e-01,-2.466301361447445828e+00,7.817067500692065352e-02,1.659462706045486291e+00,7.857115090324018336e-01,1.601451911505192838e-01
1.000000000000000000e+00,1.909283891446337478e+00,-2.533619457726301150e+00,-2.945943633928995276e+00,-4.101052743917579235e+00,1.095308763110994565e+00,3.270457913028046448e+00,-3.348268421048717247e+00,-7.427994341717097937e-01,-2.282411393956857548e+00,-5.354193905266908526e-01,-2.210650980475171723e-01,3.693161162682403464e-01
0.000000000000000000e+00,1.442686388379183615e+00,4.010009146704117455e+00,3.726142492441349763e+00,-6.356860709784837304e+00,2.940943561279879326e+00,-9.066089699916934919e-02,-2.310225365066441938e+00,1.360525797189493513e+00,5.714399916359358400e-03,3.223750495674001293e+00,-4.721615535947268683e+00,-1.587244455717932157e-01
0.000000000000000000e+00,-2.380121793619474957e+00,-4.596474786696092885e+00,-5.538760156865110140e-01,-3.124585991258083784e+00,2.160228143229347975e+00,-3.678681445260915339e+00,-1.820057486986228490e-01,-1.511523920457318315e-01,1.238906628624803830e+00,1.606272799917535465e+00,2.090227726640592643e+00,2.508578562501188713e+00
1.000000000000000000e+00,1.891954474304478051e+00,-1.543257859925117215e+00,4.596052776213447322e-01,4.289197606016732500e+00,7.727942971886796464e-01,-3.960044356428580326e-01,1.932007026113016002e+00,7.155857150199865790e-01,-2.747320901573792717e+00,3.211942275646817002e+00,-2.787947939087460636e-01,-4.424311816100221506e-01
1.000000000000000000e+00,-1.703245917236710927e-01,1.178132647769939867e+00,-8.835232344803293225e-01,-5.947977330740732427e+00,-7.618244452678142320e-01,1.562454893157512625e+00,-2.847158814235241309e+00,1.078404684703102578e+00,1.239771617380210023e+00,4.167713699957122930e-01,-3.235162153133633867e-01,1.140675058118133300e+00
0.000000000000000000e+00,2.905037126319577112e+00,4.158641771069975235e+00,6.927458715191536776e-01,-8.648419818300121520e-01,3.718116416404991798e-01,2.203262357157768747e+00,-1.568699657074720033e+00,-2.589148941928637315e-01,7.004076577979145846e-01,2.475384658059386567e+00,-2.383781360886736422e+00,-2.146373579748544813e+00
1.000000000000000000e+00,-7.828480001913307174e-01,1.457384917646900035e+00,2.934136314806654600e-01,2.439639001633413795e-01,-1.079186799361999682e-01,-6.006859149703751566e-01,1.241128913332743444e+00,5.309920604813676004e-01,-6.588790016966794560e-01,-2.750449798467865525e-01,-1.815554708760915847e+00,-4.972680486284578594e-01
1.000000000000000000e+00,4.124725387287859757e-01,3.052100799541310749e+00,2.645092682908309456e+00,-1.956381079312411009e+00,3.696609947227367243e+00,2.460529227608956759e+00,2.670198098678968623e+00,1.163372443808377454e+00,3.168005585823644665e+00,-1.288499875892803903e+00,-1.817859331193325767e+00,-2.895511716398402768e+00
0.000000000000000000e+00,-2.961971407539709666e-02,2.644711232156844893e+00,8.058288373839226360e-01,-6.797330184146539445e+00,8.754579022878674621e-01,-5.025942099603553093e-01,-3.701943266774507357e+00,-3.267361646982281931e-01,1.706079286422235608e+00,3.706025110899424213e+00,-1.793894214001993781e+00,1.030391758634421340e+00
0.000000000000000000e+00,8.620506245885604102e-01,2.322722599804993404e+00,2.574174590310828181e-01,-2.616248127832479842e+00,1.142232481435757396e+00,1.369396150845468840e+00,-2.523719882486112454e+00,-2.224606132223600596e+00,-2.665620067270130233e-01,-9.158757297363664396e-01,-2.275086295995834895e+00,-1.078330233758373558e+00
0.000000000000000000e+00,-6.691131849106464191e-01,-3.445259495352353429e+00,3.090398156191064283e-01,-7.429383880972538767e-01,1.458821230627925125e+00,9.111879617951161858e-01,-1.807856041636665800e+00,-4.831601389107481381e+00,4.785685290020631477e-01,-2.120181778631641034e+00,2.903254536346395298e+00,2.010325602401161316e+00
0.000000000000000000e+00,3.635585585124716523e+00,4.610516635647425865e+00,-2.549963214755557317e-02,-1.337096576429210648e+00,1.275399051833333575e+00,7.375665957715678012e-01,-2.009896779332864369e+00,1.382738011600928019e+00,1.773334084991849302e+00,6.731361540877188965e+00,-2.241530678285627243e+00,-3.455732688093008154e+00
1.000000000000000000e+00,-3.078693533598472420e+00,9.482169299161923304e-01,-1.319698733636633925e+00,-1.687082260900763631e+00,-1.967548156377264545e+00,-2.689288662157776066e-01,-1.947771471176296121e+00,1.267806065015375072e+00,-3.340147203856222990e-01,1.953757970680069178e+00,2.488599400743249035e+00,3.111875135570847384e-01
1.000000000000000000e+00,-3.983520730600715876e-01,3.823538113924751070e+00,-2.092656388832690340e+00,-8.543735490161636914e-01,-2.940744591075312719e+00,1.539533088521675142e+00,2.719262636438581904e-01,9.177090276418655712e-01,5.504980669833609008e-01,-2.591972647614973813e+00,-2.428963857517882907e+00,-1.268164538357901439e+00
0.000000000000000000e+00,-2.955896455259627409e+00,4.017510737178660030e+00,-2.678005439064331750e+00,-6.884375999967168092e+00,1.862705400770443109e+00,1.822114071493091014e+00,-1.981013118358500247e+00,-4.886693154097221381e-02,-7.621682973265369032e-01,5.745146035005429752e+00,-2.088555377625563203e+00,-1.997905814590674289e+00
0.000000000000000000e+00,1.071184206369848235e+00,1.947409464398193846e+00,1.857886540331000536e+00,1.761652240924641122e+00,9.565514064839732988e-01,-3.215916591219603049e-01,-1.162214419711603774e+00,-2.491613460160956084e+00,-6.091498997289441775e-01,1.936018180364629249e-01,-1.216973704372569465e+00,-1.266779734020080150e+00
1.000000000000000000e+00,1.639276570786907250e-02,2.968673224901408503e+00,-1.356903306205147208e+00,5.457823477293124448e+00,-2.942621809149363443e+00,1.083416199549365189e+00,2.818796888103076270e+00,-3.463081838705447169e+00,2.240549901643445807e+00,-3.738540707540059849e+00,-6.832447553997118561e-01,-1.655115176602135918e+00
1.000000000000000000e+00,1.050586413521214180e+00,1.485116546895003609e+00,-2.577392515287539432e+00,-3.752630980430077035e+00,2.958013396696252961e+00,4.996898571485747453e+00,7.361781913511973308e-01,-2.669651229639487866e+00,2.062555372320059366e+00,-1.964378036332695032e+00,-2.306287601438888224e+00,-2.622926962574942955e+00
1.000000000000000000e+00,2.699052755859820962e-02,4.594671843031094660e+00,1.718613850526863995e+00,2.475223763619820438e+00,-2.576362377759492617e+00,1.294107268153263934e-01,-2.371007856566157201e+00,1.207434763650498954e-01,1.550117187517839890e-01,1.435632584961436642e+00,1.005609708376701938e+00,-1.620283707944441876e+00
1.000000000000000000e+00,-1.678447326864950906e+00,1.819318195658158777e+00,-2.634698104424729959e+00,-4.838527521375382889e+00,6.555115720521766942e-01,1.634047850062360308e+00,2.656066280111413214e-02,-2.100336280737578498e+00,2.492389945887421021e+00,-2.335728903097309850e+00,-2.046457344865769024e+00,-6.731495870224917244e-01
0.000000000000000000e+00,-8.847199802064745766e-01,-3.789882566089730176e+00,1.127342588617207708e+00,-7.779393922590194244e+00,6.193712904563514421e+00,-2.781163538318632167e+00,-7.997590851463132200e-01,9.707466223524026105e-01,2.067748863450769470e+00,1.067178081828797254e+00,-7.016273943692596937e-01,1.159982331823983248e+00
1.000000000000000000e+00,2.765873463218774919e+00,-4.329323717404717442e+00,1.219554315004087064e+00,-8.446577435312280224e-02,2.883404287226656315e+00,-2.515908580731667232e+00,2.128436972438422892e+00,-1.394476249707343740e-01,-3.033795381896602805e+00,2.767858837022947327e+00,-3.700425945916124615e+00,2.886197227710756152e+00
0.000000000000000000e+00,2.929788455815469650e-01,-2.450533589957709424e+00,2.636129334167571781e-01,4.050074994966441189e+00,-2.525943130575887263e+00,-1.439003450240492477e+00,3.117172784834958410e+00,-8.887315956794852312e-01,4.689455172664468430e-01,-1.882238851403941204e+00,5.728682927764319199e-01,2.935847991007169533e+00
1.000000000000000000e+00,2.320084905075859627e+00,4.775030309001014217e+00,2.352601405389480149e+00,1.065958987962919657e+01,1.345707796617225949e-01,-4.455217008592792238e-01,4.095268672145477851e+00,-1.493920321798336115e+00,-4.935559172280671092e+00,-7.614239184063786858e-01,-5.238436869252334205e+00,-4.945365852584069799e+00
1.000000000000000000e+00,8.118303809536374649e-01,-2.207769436809546182e+00,-9.669226500584928718e-01,-1.259128867593253043e+00,1.977655851829320577e+00,-1.705330956540957565e+00,-8.050248068087015874e-01,3.012559187353765378e+00,1.390742465781746873e+00,3.117743794566607551e+00,1.925467895886791680e+00,-1.156672818374861578e+00
1.000000000000000000e+00,9.849799583801503999e-01,3.539109889713623058e+00,-1.453549797193809390e+00,1.448348127241239069e-01,-2.651166891033414519e+00,2.412298704182052944e+00,-7.918145976580094336e-01,-2.819083964909524731e+00,2.131669103712765079e+00,-3.466388017837985114e+00,-1.562181090968922659e+00,-8.411223427107061834e-01
0.000000000000000000e+00,-4.715312778929382498e-01,4.772376983253298066e-01,3.129746589260851142e-01,-8.553930631163727538e-01,1.245217557204752801e+00,7.320499926375185762e-01,2.003606781655433267e+00,1.216394913497576002e-01,6.423601189572847314e-02,2.789523227396993654e+00,-9.480731296123181551e-01,1.962141282369050943e-01
0.000000000000000000e+00,-1.718886313594660820e-01,3.757252301157745222e+00,4.072280776287033888e+00,1.418488602321613445e+00,-2.563565531848304158e-01,-1.210243567236509055e+00,2.180149879893559017e+00,-2.639691285960161782e-01,2.267331920076423479e+00,-2.381690971316462679e+00,-2.387950534353690202e+00,-2.404997539668705109e-01
0.000000000000000000e+00,-1.533523534408458122e+00,4.507491598366944352e+00,1.403824288292426781e+00,2.136215551413516600e+00,-2.854191385846513551e+00,-1.183095446996458300e-01,1.074608595189752380e+00,-1.358556911958794355e+00,1.343711816341164544e+00,-8.219829711454811338e-01,-8.719042150906597399e-01,-1.332140642912025275e-01
0.000000000000000000e+00,-1.085994621071027399e+00,-1.501957007437652480e+00,-1.732428425049211462e+00,5.095031283233923958e-01,-2.626097557077189393e-02,-2.407986462691102947e-02,1.513761245589773985e+00,1.083796600761198103e+00,-2.551514000562731255e+00,8.416070997321396518e-01,-3.542979685751550534e-01,1.722928884417600504e-01
0.000000000000000000e+00,-2.835226353763252938e+00,5.079789977352837660e+00,1.034510549394888734e+00,-6.794808804836648619e+00,9.213444574575641033e-01,-2.399088695923916159e+00,-1.478587205525547343e+00,7.169573560898812037e-01,2.244461162317887393e+00,2.248919192647432119e+00,-3.645830992564077722e+00,-3.421764351548126637e-01
1.000000000000000000e+00,2.721595834892502452e+00,3.978286805144813254e+00,8.526201188044113533e-01,6.751117236553128897e+00,-5.304869946847134976e-01,4.615691702748045966e-01,-3.778313999493625452e-01,-1.031058341341409168e+00,-1.226437222348538025e+00,-8.909432422604248725e-01,-1.260721077551107072e+00,-4.808093312559917010e+00
0.000000000000000000e+00,-9.099327983734226688e-01,1.780854853711901775e+00,1.355626880673965529e+00,2.019335542989396881e+00,5.618404446411562336e-01,7.347137616467822596e-01,2.281207693890032306e+00,-4.576742583446803181e+00,-3.489022912949072186e+00,-1.637603843660939695e+00,-4.283152226109453231e+00,5.783849225659991600e-01
1.000000000000000000e+00,-2.521503061447477378e+00,4.739532982950165479e-02,-6.183927665813053309e+00,-7.046447233104240482e-01,-1.212479880088028983e+00,2.567264308708473664e+00,6.356529610689019005e-01,-2.774113776767806350e+00,1.193034116242442044e+00,-3.169842186524811201e+00,8.492187404461695177e-01,-1.881738897389291232e+00
1.000000000000000000e+00,4.708765057346383287e+00,-9.533779447161057519e+00,-4.068404227357820702e+00,1.431288180150798839e+00,2.816156631102303187e+00,4.298938703515995385e-01,-1.566265727444180467e-01,-1.472075496540068418e+00,-3.993725918267585051e+00,3.926010143021954057e+00,1.166600749494047573e+00,2.177569059083450220e+00
1.000000000000000000e+00,-5.081553070746590572e-01,4.939372529848035320e+00,3.229823549204162703e-01,-6.288957927519647662e+00,6.862115412350191512e-01,-6.691471495623073640e-01,-3.492065069221780504e+00,-5.105073895572491693e-01,1.162031715235852580e+00,-1.319905988734171753e+00,-4.451579267055557843e+00,-1.329977298269384045e+00
0.000000000000000000e+00,-1.428012589633981921e+00,3.667959918694146282e+00,2.285558551603624089e+00,-4.886311832572125091e+00,3.099769199732343328e+00,4.102156177269105086e+00,-9.690481240198550728e-01,-1.917913911325171306e+00,-1.065661036636492254e+00,5.429825137375458022e-01,-2.184150447858526078e+00,-9.617929805220293282e-01
0.000000000000000000e+00,1.917254032250109708e+00,1.688753611427549428e+00,3.681185517620186420e+00,1.177204902920208351e-01,1.413033413493722135e+00,1.988966071514675082e-02,-8.691290259089050618e-01,-2.791432704236696871e+00,2.621385245400387198e-01,-1.082888267813371996e+00,-2.285871927452308050e+00,4.002233179155783027e-01
1.000000000000000000e+00,-1.653348501892399902e-01,4.155397089856881720e+00,-1.476344915083154463e+00,4.505440599942862195e-02,-2.157624923122960503e+00,-2.242326483698948270e+00,-2.296399549354851466e+00,-2.553237013310360126e+00,3.049770243865634445e+00,-3.481836952951404385e+00,-2.065679470305613386e+00,-2.054259014607398015e+00
1.000000000000000000e+00,-7.269586951823510113e-01,-1.853052868314148394e-01,-3.072246830599982381e+00,-3.161366089489398679e+00,-9.140412062349567712e-02,2.965365680141990534e+00,-2.657983405057311899e+00,2.683798895224231984e-02,-1.923623648976592104e+00,4.296673316864547676e-01,8.340353106306339637e-01,-7.578585515624940427e-01
1.000000000000000000e+00,-1.406139484857761524e+00,7.356259037050234539e+00,3.555576105441613954e+00,3.337240713418694771e+00,1.383269241301769092e+00,1.743750234612151839e+00,3.808448324616780400e+00,6.882249118767724827e-01,3.692218912201474801e-01,-4.025417502695742833e+00,-3.561231789125899549e+00,-5.478276283046286110e+00
0.000000000000000000e+00,1.432425788045508463e+00,1.823228053409613247e+00,3.598217969339386091e+00,9.583325605268768754e+00,3.609373197378040743e-02,-1.842532633181806823e+00,1.890497718146574080e+00,7.660712868017904853e-02,-4.634222721654775334e+00,1.039143379713427962e+00,-9.789405839006282140e-01,-2.814682424760967194e+00
0.000000000000000000e+00,1.917151850478321373e+00,8.328779764660402263e-01,1.033318156844015956e+00,-8.966409861514133439e+00,3.242000536304993297e+00,8.444661873179798439e-01,-4.297953321997699305e+00,-4.873446143793180863e-02,2.189270684836325476e+00,2.419844966919490581e+00,-2.107250101936695597e+00,8.377118624360821997e-01
0.000000000000000000e+00,4.757336252605738336e-01,2.924751298270164224e+00,2.002086449546355063e+00,5.937699961045958652e+00,-1.593373256277856864e-01,1.608529945630994273e+00,1.854408336097890686e+00,1.097084788474561368e+00,-5.113203199843187718e+00,1.044433623748866724e+00,-1.511586540568622183e+00,-2.905748885191335784e+00
0.000000000000000000e+00,-4.213654971892143442e-01,-3.878808628695388894e+00,-7.544789714797877078e-01,2.258369038069040435e+00,-8.554983645561149430e-01,-2.024278419362161241e+00,2.163916305722216826e+00,2.379060681695837065e-01,8.974194036462882496e-01,1.403729659624326054e+00,2.477868265599274089e+00,2.393737554909184162e+00
0.000000000000000000e+00,-1.482281396191992062e+00,-1.329539470113672461e+00,1.240998379697689780e-01,-2.229685090182761176e+00,2.333138753782536323e+00,-1.426202055464444562e+00,7.130576156110293162e-01,-9.020663013506716732e-01,-6.037775089578092391e-01,1.153735013359699968e+00,-1.128675218726268525e+00,8.573556660840057075e-01
1.000000000000000000e+00,-1.549106714236258675e+00,2.073273741895506728e+00,-2.735913905259799606e+00,7.347695571497684375e-01,-3.383411576360616291e+00,-2.319883220847509531e-01,-6.899268654910379883e-01,2.143545469720613106e+00,2.573600217348133157e-01,-3.349718000305966781e-01,1.003604601308358379e+00,-1.413624023985572187e+00
0.000000000000000000e+00,1.914111916052672502e+00,1.044016176387638994e+00,3.761983977610910301e+00,8.831932884599655864e+00,9.656129785936249377e-01,-2.169904204503207534e+00,1.340027752479598266e+00,-2.618236004368347913e+00,-8.961071345423705647e-01,2.616610176582764957e+00,8.428926850989046926e-01,-2.034777621378667689e+00
0.000000000000000000e+00,1.847405842149913324e+00,-3.856304283516078790e-01,1.404281367127022673e+00,2.949992803120706775e+00,4.383762614858448536e-01,-2.358797484178595916e+00,-1.426427156662146034e+00,-1.298205458241366017e+00,-5.151282767276141872e-01,1.647664262832992055e+00,1.947503683759774784e-01,-3.559095695369743906e-01
0.000000000000000000e+00,1.236349907724246799e-01,3.409274306600148297e+00,1.108291805515620787e+00,2.456973670412887056e+00,9.132518506183704421e-01,1.100385333644770425e+00,5.905217376037410482e-01,-5.225129641766962374e-01,-2.825871169684552875e+00,1.453223793831737831e+00,-2.244111593738504329e+00,-2.796738890475777950e+00
1.000000000000000000e+00,-1.619873432061234686e+00,2.284480316264722255e+00,-1.560696572683765160e+00,-4.008541201262031173e+00,-8.230380489038418013e-01,3.524902086239556365e+00,-1.471036752193286556e+00,-9.395184409986425678e-01,-6.088550049064498371e-01,-4.204057376701695325e-01,-6.505307536203586150e-01,7.031153404979662014e-02
0.000000000000000000e+00,-6.741917046362853050e-01,7.453309126587691347e-02,2.060136851400713009e+00,-2.774572419929882461e+00,2.062695420496927223e+00,-1.628303471991057627e+00,8.075800433019312274e-01,-3.916092493888448711e+00,2.524274636497239044e+00,1.084770405563667550e+00,-1.903231144698773525e+00,2.471157071457731558e+00
0.000000000000000000e+00,-2.021757599700426677e+00,9.623087711392402932e-01,8.823629269261860086e-01,-8.736660943821052072e+00,3.207537043645997343e+00,4.293633805260861358e+00,-2.497250965696406588e+00,-4.014814914180217187e+00,6.393942203180700279e-01,-2.194195431767174131e+00,-1.298071913297631053e+00,1.513579620127090131e+00
1.000000000000000000e+00,-1.794601529942442264e+00,3.957605549810368828e+00,-2.018175868736939549e+00,-3.316736448231324630e+00,-1.631204556298906372e+00,2.304146243553379492e+00,-5.337332336085204965e+00,-5.044713127340590297e+00,2.717462994455350778e+00,-1.044098240941014888e+00,1.729730714306350503e+00,-1.161611945407130531e+00
0.000000000000000000e+00,-3.496784719767214167e+00,7.451422882873051101e+00,2.349343368470390381e+00,-5.522799416591483990e+00,1.018618632674280322e+00,-1.489789791920764328e+00,-1.239341632486327338e+00,-3.527421240743399800e+00,2.323278179552600520e+00,2.482117460230627515e+00,-4.568068827192924175e+00,-3.329988576652960219e-01
0.000000000000000000e+00,1.396494866545813229e+00,1.897618835596375453e+00,7.104120974591271453e-01,-7.741143330079342633e+00,2.263874863461381004e+00,1.481460126624708273e+00,-4.085479382704821028e+00,-2.442135629434147415e+00,3.044715485887582673e+00,6.493130797943265087e-01,-1.998499123428898905e+00,6.771524547908744918e-01
1.000000000000000000e+00,-2.732036374351932029e+00,6.183337785360145666e+00,1.525192252129449866e+00,-1.386239125611662626e+00,-2.437216476541636201e+00,2.507249468049876917e-02,-3.882509870916597272e+00,-3.759772180503269112e+00,4.914675974636235622e+00,1.043969395671704881e+00,2.548309307745982633e+00,-6.809282368528721818e-01
1.000000000000000000e+00,-2.774744610620347274e+00,-9.305586831209015919e-02,-3.622721883096281292e+00,-4.801291075727149860e+00,3.297422916634369372e-01,6.033754740558219254e+00,6.047782885942742936e-02,-2.700731365239295023e+00,2.940869040501745246e+00,5.550144166346755448e-01,3.349934962911526704e+00,3.129359967795095621e-01
0.000000000000000000e+00,-3.299137482937393173e-01,7.616806951529710989e-01,3.588443410136171963e+00,1.532196566945286387e+00,-5.782882747487221309e-01,-2.498024558529249095e+00,2.622402701040043027e+00,-2.339460686975002091e+00,1.012936115325761666e+00,-3.176505170463423511e+00,-2.855618740778250952e+00,2.630768629284288895e+00
1.000000000000000000e+00,-7.196110988949836473e-01,4.772882149079956449e+00,7.491081813813633694e-01,-8.294976925338751750e-01,5.849257048529454828e-01,2.176233816306763380e+00,-1.042285006847710083e+00,-4.777443398691648468e+00,5.136175295757655412e+00,-2.280192418986106695e-01,7.209631158136333706e-01,-2.149157520258476950e+00
1.000000000000000000e+00,8.181360111820579206e-02,-3.717871673651645281e+00,5.153226020479402258e-01,-3.782337449061186518e+00,2.533993393174224451e+00,-2.979008111810781401e+00,1.076827138746345502e+00,2.294998901282811588e+00,2.504655304850496034e-01,1.725600346806690721e+00,-1.232105486962375984e+00,2.457620647102690459e+00
0.000000000000000000e+00,-3.470601750187366719e+00,4.592806978337914958e-01,-2.029462463512114123e+00,-3.670585179808410370e+00,1.985837397286889905e+00,-8.964520337534699346e-01,-1.071270311184879365e+00,-1.064866266212456170e+00,-1.511020038565442203e+00,3.743161109969713962e+00,-4.778236020020885100e-01,-6.525611979232723847e-01
0.000000000000000000e+00,-1.779916316803639820e+00,-6.057282658929552532e-01,-1.432279891360269009e+00,-1.170199022702240299e+00,1.138106413411440920e+00,-3.256062280620143357e-01,9.609398510829350037e-01,-6.564975893363358406e-01,-3.498147206039074142e+00,3.611102239813938075e-01,-2.454896594543308552e+00,1.373675962056581934e-01
0.000000000000000000e+00,2.372559196225183520e+00,3.183459088870491005e+00,2.916588410526837372e+00,6.192757659014754168e+00,-1.068370702957535112e-01,1.419352507314975975e+00,1.828966171386225970e+00,2.441462208433220038e+00,-5.544722122483149995e+00,1.209257099323177709e+00,-2.862938843591017246e+00,-2.970456241157778177e+00
0.000000000000000000e+00,1.418928968087058262e+00,-3.570298331856023299e-01,2.407521922952171600e-01,9.676467658299230834e+00,-2.032681471355336278e+00,-1.182503704863337557e+00,9.495862102422967244e-01,-3.340921974512921278e+00,-1.888350366105755462e+00,-1.709867474469144444e-01,1.689466253237914994e+00,-1.217646324033322180e+00
1.000000000000000000e+00,3.246290852233850277e+00,-2.100245132816808802e+00,-8.121701716721718700e-01,1.022328975030744935e+00,1.754882102253247256e+00,1.508461873274515419e+00,3.717628474581438081e-01,-4.127507446734808294e-01,2.015357611663394000e+00,4.752841470577172656e-01,1.180894019679643137e+00,-1.077147161862452407e+00
0.000000000000000000e+00,-2.512513826194603617e+00,2.521519834652582670e+00,2.340462953874339114e+00,-3.641499726342199761e+00,4.097143926000336833e+00,-5.954013850948779440e-01,1.390020658246289287e-01,-1.851760843752178198e+00,-1.400970868869258812e+00,7.374405894362144887e-01,-3.500670018223821955e+00,-1.051561347627721688e+00
0.000000000000000000e+00,8.095598705480224755e-01,-2.014767689568932152e+00,2.784146995794262835e+00,2.276224114689469891e-01,5.044012721568752688e+00,2.616286018416598136e+00,2.485450452661121190e+00,-4.314445535835409018e+00,1.346643083704436750e+00,1.825179481159778794e+00,8.690776185762101314e-01,5.226623360895973347e-01
0.000000000000000000e+00,4.611446648240443480e+00,7.070766753161531248e+00,4.136538460554763930e+00,6.104038172802643381e+00,3.148723773976120910e-01,1.746754917393462669e+00,2.736497192054768490e+00,1.886072426846610472e+00,-1.939408635334934239e+00,4.300470627072760621e+00,-5.045368177045404856e+00,-4.307548613294777340e+00
0.000000000000000000e+00,3.133263970428181722e-01,4.050654531679176440e-02,1.071282493854185613e+00,-9.870005405742467985e-01,8.968127277311163104e-01,1.832000487632217123e-01,2.002256394518549421e+00,-2.103140127862915598e+00,1.613402487348384096e+00,1.567901851317897499e+00,-1.480563500737531957e+00,1.851219970497177458e+00
1.000000000000000000e+00,-1.537486220945410764e+00,2.033484870483013740e+00,2.302239296167457816e+00,-3.459964075421159801e+00,2.751790698876572350e+00,-3.076402399303377333e-01,2.450714566900957792e+00,3.716386649170606571e+00,1.877086848138169284e+00,1.906112966728036762e+00,-1.402982910353823165e+00,-1.065368587337734319e+00
1.000000000000000000e+00,-4.318222786003321767e-01,6.499709395589507999e+00,2.167953618354110379e-01,8.024490909388193316e-01,-2.515676085040214893e+00,-2.155362918081726420e+00,-4.367014260314636687e-01,-2.340947889724837028e-01,2.553709922996474813e+00,-2.728793016543946237e+00,-3.567088515063474574e+00,-2.690168754428324149e+00
0.000000000000000000e+00,1.616009317304937021e+00,-2.851495194358768082e+00,-4.272567822233832580e-01,-4.685937723018849810e-01,9.787361473007724078e-01,2.112682236127498392e+00,-2.261501380629021618e+00,-2.715096880868949292e+00,-1.668118479725617220e+00,-4.763211247471396348e+00,4.537675786298012159e-01,5.493524877085764757e-01
0.000000000000000000e+00,5.869448767193443661e-01,-9.244662728098659854e-02,1.451788038156656802e+00,2.805792715166326001e+00,1.271201340120461598e+00,1.787097501482658224e+00,-3.584841883514833238e-01,-3.049152877163378683e+00,-1.911254109579453075e+00,-1.887092491591027876e+00,4.334209075089343610e-01,-1.001333557639657590e+00
1.000000000000000000e+00,1.101751153907877256e-01,5.422699578997985270e+00,-5.702407289391140388e-01,-2.387291508387041183e+00,-6.408811289932334621e-01,8.502344639825363259e-01,7.535374046203180409e-01,-2.378657784928408514e-01,1.271603560445113690e+00,-3.465387492688290383e+00,-5.584480420733802575e+00,-2.126654192131017140e+00
0.000000000000000000e+00,-5.918663106040427113e-01,2.581881934106157850e+00,1.376458138354520688e+00,9.308176967896988785e+00,-8.262135556116261270e-01,-2.709142531750516003e+00,2.420783284179925055e+00,8.343881841940790078e-01,-5.225525117424940191e+00,4.367937228924081872e+00,-8.174069040671507747e-01,-3.235947396709590862e+00
1.000000000000000000e+00,7.690431172823037898e-01,1.696810831679151477e+00,2.140216255238729381e-01,6.820947564596868240e+00,-1.810045642174897829e+00,-5.439342813282075362e-01,3.039039426616365169e+00,-1.258540400072008625e+00,1.886560878370986183e+00,-1.139796724683080242e+00,5.567177389416482214e-01,-1.860415770562165783e+00
1.000000000000000000e+00,2.720524161674956476e-01,1.811292077694852676e+00,2.417319615541079436e+00,6.876199446895426171e+00,-5.214308978348745072e-01,-2.639715634191928118e+00,2.113445861508128631e-01,1.574636288003540496e+00,-4.664260173291994604e+00,1.546599813180538963e+00,-5.946316908422624170e-01,-2.553531494719852191e+00
0.000000000000000000e+00,1.803974653263362260e+00,4.177536694842862275e+00,3.436568697465027800e-01,-3.308115611302044456e+00,1.963510337358242319e+00,1.324229600883604752e+00,-2.151711494269376690e+00,-1.205686441273803755e+00,6.110117084123067865e-01,1.817500769557806706e+00,-3.702743319811716116e+00,-2.389856794537274176e+00
1.000000000000000000e+00,-3.344217237597391978e+00,4.899297182679707596e+00,5.060559525755554233e+00,-1.013595662191329183e-01,1.813438268146575272e+00,-3.720411161555877699e-01,1.001274563457576150e+00,5.001316695535338752e+00,1.117894465271603188e+00,7.422824062807631407e-02,1.349093475212728599e+00,-3.630226171267496138e+00
1.000000000000000000e+00,3.293481767129398108e+00,3.072289037294590131e+00,-1.904862339830872831e+00,3.126380769502931312e+00,-2.259104435344534423e+00,1.757423530225495689e+00,-2.044985611774208234e-02,-5.022008103771778975e-01,2.519334318860337874e-01,-3.746714134323353651e+00,-2.848785313459656798e+00,-2.950123415817307304e+00
1.000000000000000000e+00,2.245852586274717844e+00,4.093878532308805607e-01,3.078820601760926534e-01,6.315435130570967281e+00,6.886413341642771968e-01,-6.321285857218068571e-01,1.236261948182356019e+00,1.744985354022388080e-01,-1.397041573143671167e+00,5.713996844164972444e-01,-9.282941716255799225e-02,-3.352098681363086197e+00
0.000000000000000000e+00,7.654697419375393608e-01,-2.954735589676905416e+00,-4.659040348078227201e-01,2.030161430889495300e+00,1.989255085215008156e-01,-3.531430958238188644e-01,-9.954447303874033315e-01,-2.530473956016951576e+00,-1.413428926804898289e+00,-1.620973341111724864e+00,1.241000050799961230e+00,8.568864265158482318e-01
0.000000000000000000e+00,-1.664274681242548848e+00,1.927124872375942100e-01,2.419318793079868968e+00,-3.942349848594859374e+00,3.785421679673288242e+00,-1.821054699095038476e+00,3.776270729945074844e-02,5.289399595379862262e-01,3.121765599335964980e-01,-3.610953991808312225e-01,-1.766812010726727777e+00,-2.217350345911990317e-01
1.000000000000000000e+00,3.171758958514422577e+00,-1.733491880268519969e+00,3.582923355876459492e-01,8.176686548999761328e+00,-7.240224944153670350e-01,-3.176387934556971882e+00,2.965469781680504902e+00,-1.528313303359958297e+00,-4.604001606004587188e+00,6.121961876265628044e-01,-3.547235416750459169e+00,2.136252331662105153e-01
1.000000000000000000e+00,-6.585027588152159161e-02,-2.065676065610712708e+00,-5.584059787419961118e+00,2.321903031606241008e+00,-1.879547396414574356e+00,4.372375027120555480e+00,1.686875611011788845e+00,-2.066081602780595716e+00,3.403479883680361695e+00,-1.383569189039782765e+00,4.651387233161650592e+00,-1.182854162029484346e+00
0.000000000000000000e+00,-7.043739258913855883e-01,-1.822002298227118344e-01,1.652535542394382606e+00,2.096981127743899886e+00,1.182152641513231517e+00,3.419921080909824607e-01,2.261555289693195192e+00,-1.943427284518449705e+00,-3.270311517433368564e-01,9.347663582109297931e-01,1.687989270089700344e-01,4.031213112960188028e-01
0.000000000000000000e+00,-5.917260550673986153e-01,-4.068669642786749918e+00,-1.233911134546240795e+00,-1.956619411969485967e+00,3.117465616262459438e+00,1.279050902572198556e-01,6.069667613322633493e-01,1.631358101887523393e-01,-1.043221770125629000e+00,1.235299958992846170e+00,1.068474706795330853e+00,4.853921682745919730e-01
0.000000000000000000e+00,-1.052737068794117103e+00,2.543779633114723993e+00,2.844566176552972836e-01,-1.170920232599739874e+00,-1.889800978977461465e+00,-1.800709655751941529e+00,3.995095847221458163e-01,4.449861137661955013e+00,4.578642454565999387e+00,1.632890650159156465e+00,1.643893924713128118e+00,-8.050916902439395617e-01
1.000000000000000000e+00,1.142203849070516863e+00,7.908438607016282651e-01,-7.876646357970675805e-01,-8.257112529060066652e-01,2.142729309424691309e-01,1.597908989067380325e+00,3.012255330045863211e+00,1.300787038319714206e+00,7.777383162986057918e-01,-1.655656878699158341e+00,-2.993575879716443566e+00,-4.556247556109604968e-01
1.000000000000000000e+00,-1.823030578730040041e+00,4.136077852479294492e+00,1.476990126943950266e+00,4.097093106638901361e+00,-1.592394671607320067e+00,3.940519628398072571e-01,3.571586666231924667e+00,5.265063714235407311e-02,6.907657221315208762e-01,2.909137662178888917e-01,-5.120436979653186782e-01,-1.567942907251071105e+00
1.000000000000000000e+00,-4.698302475979635462e-01,2.368299107082842969e+00,-1.205404480014307111e+00,-1.670420961017021977e+00,-2.486929568418427827e-02,1.570036864517927455e+00,-2.065723097893952698e+00,-3.044348619311443294e+00,1.519504565059096590e+00,-1.033980154082891234e+00,-1.944685818386155951e-01,-1.330921604625813437e+00
0.000000000000000000e+00,-9.844085386239465052e-01,2.076034815567515679e+00,4.371518652522657922e-01,-9.771014671653050598e+00,3.031702676690335885e+00,1.392431865761340593e+00,-2.890699652429122857e+00,-1.148143256486261699e+00,2.518217607026833171e+00,4.125807490068751804e+00,-1.763278934973617540e+00,1.175200167145441288e+00
1.000000000000000000e+00,-1.520375968296437730e+00,6.213418763304250803e+00,5.860374397971843674e-01,-4.141452890746304405e+00,-1.780210336727469311e+00,2.680857592053369487e+00,-5.337633812474892103e+00,-3.640043571948109236e+00,-2.067854165302400737e-01,-7.402451626505226479e-01,-1.338280252510816837e+00,-5.846700227001292438e-01
0.000000000000000000e+00,-1.016755422934664033e+00,1.073187253099851246e-01,5.131167833078793539e-01,-4.815139546400328818e+00,6.911176912683170137e-01,-2.515904600395205470e+00,1.843961942861697123e-01,1.323740415823459138e+00,4.320112288941354350e+00,3.563203115054731196e+00,-7.125812462982050732e-03,1.998695221719266168e+00
1.000000000000000000e+00,-1.921584052353460859e+00,2.269033219675542945e+00,1.297438540146016228e+00,2.005342316737918296e+00,-9.999688322600825963e-01,-1.166460227173480302e+00,1.412205130190562263e+00,1.922903554326552689e+00,-2.833169384401280855e+00,4.070838045758009560e-01,-1.436276565801731353e+00,-7.362629988531526060e-01
0.000000000000000000e+00,-2.801499855795215765e+00,3.118705735233216481e-01,9.946163791845042956e-01,1.581870360113531326e+00,1.177935168154852441e+00,-6.623659575626856810e-01,-9.977469207825662156e-02,-3.953362409276120371e+00,-3.020656427724875304e+00,-2.255017216464078711e+00,-6.553317825424228582e-01,-3.086069847437399316e-01
0.000000000000000000e+00,3.031630158591807955e+00,1.895085299695002501e+00,1.669237718743959986e+00,2.682592561341177184e-01,1.444262627515551012e+00,1.194479335086750860e+00,-1.738206362699160401e+00,-2.744690752212906926e+00,1.013905271473126923e+00,-6.413274846049636935e-01,-1.646354738512151750e+00,-1.345982838325446629e+00
1.000000000000000000e+00,-1.840628841894383028e+00,3.480821594532915952e+00,-6.684657108738423226e-02,-2.533585468457673517e+00,-1.768137321417650121e+00,-5.948353045286047802e-02,4.546489692187356546e-01,1.266680271043902017e+00,1.345991456594602509e+00,-5.723662058195650992e-01,-1.814605027385068681e+00,1.214593958892817849e-01
0.000000000000000000e+00,6.342420520208185142e-01,-1.121378667522847428e+00,1.855618572540336242e+00,1.695051108526055783e+00,-3.431980488245174321e-01,4.318619503082121724e-02,2.426688485895134306e+00,-1.380849183597163021e+00,4.269735389396362102e+00,2.084187435757669071e+00,2.591850739751465849e+00,2.292833562472783804e+00
1.000000000000000000e+00,-1.798013952365680179e-01,5.732203249423699631e+00,2.867888108512435252e+00,2.698680728918615435e-01,-1.000905520316665687e+00,7.551155237300675171e-01,1.428423685567854040e+00,-4.248463532020093636e-01,2.305263645797820615e+00,-3.419020567233258534e-01,-2.583614294824994495e+00,-9.152321514262397040e-01
0.000000000000000000e+00,3.332113704618563377e-01,-9.994854112620056297e-01,4.841381622808400564e-01,8.080770920323422146e+00,-3.831320437051179972e-01,-2.759100566271432520e+00,-1.961840246009360911e-02,-3.832431391484084848e+00,-1.565824230642319126e+00,-6.670375475702265966e-01,1.797456116364084533e+00,-1.515047925255151196e+00
0.000000000000000000e+00,1.080781304881731630e+00,3.646877310465133970e+00,2.749899163798282586e+00,-2.292002851019528720e+00,2.523513497624099600e+00,1.053420128318216298e+00,-6.981441975622434404e-01,2.107711992204834850e-01,-2.460310639686017486e-01,3.912963795788551469e+00,-2.651248061081528551e+00,-1.404547014956226025e+00
0.000000000000000000e+00,-9.955844829078226432e-01,6.784896934693407378e-01,1.557076057603319352e+00,-7.539946615103733762e+00,3.312227732747628828e+00,-4.779894182694541804e-01,-3.433046835041303257e+00,-2.597275068703910783e+00,2.875482979983297493e+00,3.127554170685487467e+00,-2.366228888483521420e-01,1.482499628555760118e+00
0.000000000000000000e+00,2.607915080963334020e+00,2.284123775825209091e+00,1.879906362941160536e+00,4.173583012408538906e+00,8.587843178489140694e-02,2.122727697752895715e+00,1.014658999749530111e+00,-5.020405178283554593e-01,-2.395274952854767214e+00,-1.513705269687477539e-01,-1.994104136658148008e+00,-1.894120979382374337e+00
1.000000000000000000e+00,6.069058196118105597e-01,5.143237149916170203e+00,1.960326236223335794e+00,8.358223585995219196e+00,-1.340004967365874933e+00,-1.386703502679295763e+00,2.065651066576247530e+00,1.558026951837014895e-01,-1.929427121436517956e+00,-1.733668922028724246e+00,-2.355484511395785852e+00,-4.691651189772311881e+00
0.000000000000000000e+00,-8.000881223616187476e-01,-2.186064903133445314e-01,1.608707035651498751e-01,-3.109000556379529101e+00,1.051666480396543424e+00,-1.630727009670355443e+00,6.177012186931565285e-01,2.604605571493745497e+00,1.435935313099496513e+00,1.234570275136578799e+00,-6.654643143817000617e-01,3.574827363617287812e-01
0.000000000000000000e+00,1.034610245341558432e+00,-2.094400668602945270e+00,4.054800595922620765e+00,1.240081871044947937e+00,3.539813538522881942e+00,1.801349906303184589e-02,3.329421216934257632e+00,-2.335099185290556711e+00,1.543617103494679732e+00,-1.389213909758359122e+00,-4.754684653450650389e-01,1.421953796736156406e+00
1.000000000000000000e+00,-4.942530293179574485e-01,-2.249965757924073717e+00,9.720896963586685979e-01,2.610265774988423715e+00,6.864733774347202555e-01,-1.333981971157972346e+00,1.571174979912015823e+00,3.315770200348135521e+00,-2.070747754682405350e+00,3.670581872581207605e+00,2.239023469410178269e+00,6.796789356176891062e-02
1.000000000000000000e+00,-1.994482719206692956e+00,4.338080353947849410e+00,-3.848291565932070668e+00,-6.148291654361325520e+00,3.193256697934443444e-02,9.928968747168129827e-01,5.553035956215381930e-01,-1.372157174421836601e+00,4.177937836234386637e+00,-4.456109408285231055e+00,-4.526038080942752728e+00,-2.188796132196946687e+00
0.000000000000000000e+00,-2.312293813595895919e+00,4.649594452004605749e+00,1.655596168170375915e+00,-2.496179609887695938e-01,1.400226357166401314e+00,4.159218197903077341e-01,-4.627864035972180101e-01,-2.058243259942665659e+00,-1.255534169071921280e+00,3.604337893821801142e+00,-1.388081487203560060e+00,-2.023432679360626096e+00
1.000000000000000000e+00,3.596805794517118571e+00,-4.091130293350421887e+00,-5.769847894890240969e-01,-3.098635919441301123e+00,4.616765945160271833e+00,-2.548655976653568800e-01,2.290623623251559771e-01,-5.802999506030603882e-01,-2.129373998512840149e-02,1.685894772729865654e+00,-2.427198684956542785e+00,6.511208937706087774e-01
1.000000000000000000e+00,4.243913824199292861e+00,-5.463866156632286142e+00,-2.219420176537314937e+00,3.221575316157799573e+00,1.351459148172904134e+00,1.958931914147450382e-01,3.955860231054464382e-02,-1.433831933841835049e+00,-1.638435506868310743e+00,1.572205102385749953e+00,9.422002347383646725e-01,4.263147974304022370e-01
0.000000000000000000e+00,1.346758414956843453e+00,2.360775800363327015e+00,2.639856157869002740e+00,3.479076470273775978e+00,1.547021936269281195e+00,1.194434132718340091e+00,-2.145564967927335864e-01,2.078748523735192144e-01,-3.671152736916014625e+00,7.686907305249339739e-01,-1.368873957101303551e+00,-2.877155322113716274e+00
1.000000000000000000e+00,3.935921777616953054e-01,2.461364425698154168e+00,1.238328061213376241e-01,1.090229644980147850e+00,-1.144055623860413373e+00,-4.433442991330663219e+00,-3.019604814720733277e+00,1.553672466713601263e+00,3.267223958343704604e-01,1.664714781900891172e-01,-9.089649130257284604e-01,-2.242071122205114619e+00
1.000000000000000000e+00,-2.533462142658933658e+00,1.931893721870835634e+00,-7.849328089592645386e-01,-3.055678809499308424e-02,-2.377764392910967750e+00,1.469053400232845918e+00,-1.873503887674947244e+00,-1.449989077113701841e+00,1.044130115097609224e+00,1.420480594891468495e+00,3.446278176594493203e+00,1.112551387597016106e-01
0.000000000000000000e+00,1.935002170567505786e-01,2.966202590521354043e+00,3.238709521119070178e+00,-3.903048865132247691e+00,2.489841408312849502e+00,2.639993936432437849e+00,-4.634572715737561577e-01,-1.001286904658393428e+00,-5.592049915062580201e-01,1.100728424497157354e+00,-2.759137998686041371e+00,1.568093765151175045e-01
1.000000000000000000e+00,2.201742995430728378e+00,-2.008688433265660045e+00,4.744774644579685674e-01,1.632336229051549514e+00,1.992208420419774084e+00,-1.145598602600188531e-01,-8.351166671523184704e-01,8.449119251006346198e-01,-8.006164110904216979e-01,1.933824863068990929e+00,1.419733087673660243e+00,-1.227631693262220436e+00
0.000000000000000000e+00,8.069768256390339456e-01,8.159257302149430791e-01,1.236069513620977167e+00,7.415661363860737154e+00,-4.139590103164242585e+00,8.986426428220990470e-01,3.924324524891720678e+00,-2.191079238049094435e+00,2.730839603432442253e+00,1.777785240000248290e+00,2.767227487928186846e+00,1.893490908660034888e+00
1.000000000000000000e+00,-7.989541484716971009e-01,-6.268160770412811722e-01,1.439214169888188621e+00,4.734194539290134784e+00,5.076414766756170982e-01,-1.217706862466011897e+00,3.275463670295475804e+00,1.294841274121421248e+00,-4.923841225317626247e+00,5.952523443907145051e-01,-1.527957774587910933e+00,-4.754462149963976092e-01
1.000000000000000000e+00,3.177102236433917426e+00,-3.473447349850248500e+00,-2.729127904786886827e+00,5.462695142650685121e+00,-9.317339170135363613e-01,-3.145148090564757748e+00,-1.491323196428539610e+00,3.366072638188603028e-01,-3.431698592231634759e+00,3.788916708490485785e+00,8.240850625513216343e-01,-7.108316132825578393e-01
0.000000000000000000e+00,-1.293988038161467902e+00,1.399262541608502275e+00,1.538424124204392340e+00,2.460204339246099270e+00,-1.069657946273440796e+00,-1.320197151355815279e+00,1.369616276369495012e+00,2.255736293782000246e-01,2.969080088934332728e+00,1.829094751812136543e+00,2.452225475060087145e+00,-1.046624633464507959e-01
1.000000000000000000e+00,-1.343492601441125256e+00,2.984005309131312789e+00,-1.740899070592812237e+00,-1.114610318891527951e+00,-1.020731835581086600e+00,2.505504999464438054e+00,-5.184169785516701268e-01,-2.451469972100481343e+00,1.282157449539557348e+00,-1.447706239254635596e+00,-3.276046218915285024e-01,-1.288103298598427982e+00
1.000000000000000000e+00,-2.148545219794502081e+00,3.050303975606540430e+00,-5.911509782516662925e-01,-7.301103136944562699e+00,5.102397546593488986e-01,1.174532894818806517e+00,-3.234711878103021299e+00,-2.134390906584491709e+00,2.209675993520161086e+00,-4.059735809646063398e-01,-1.308452367192081578e+00,4.144530920666935625e-01
1.000000000000000000e+00,1.534145659803610728e+00,4.414934372124273976e-01,1.556431848147434405e+00,2.440109797484247611e+00,1.553959706174608879e+00,-1.046409734488819465e+00,-7.613856912795102794e-01,1.406992988300588054e+00,-2.216475489718646052e+00,2.756191600131575825e+00,-2.374715501213803259e-01,-2.035135648750652670e+00
1.000000000000000000e+00,-1.917706914383289885e+00,1.882904467272008331e+00,1.012554125848502018e+00,-9.018338504703510283e-01,-1.789068610371669754e+00,1.538928684293296101e+00,-5.641294743000915268e-01,-1.855484239790258227e+00,3.312393860864022432e+00,1.627345539464734703e+00,3.125892217979224341e+00,1.525195038397066494e+00
0.000000000000000000e+00,-7.712494309168280715e-01,-5.927010058016573879e+00,1.104189733535831941e-02,-8.832481085158797596e-01,3.215002991397400756e+00,-2.315249381115410010e+00,1.543691358924559776e+00,7.663529554307997316e-01,-1.023950650186719269e+00,-3.260634727216227269e-01,1.143495151492716300e+00,1.733913284395663279e+00
1.000000000000000000e+00,-1.465982107867896511e+00,3.213914318882748589e+00,5.183371245782859571e-01,-4.965768647722698104e-01,-1.038990996584288062e-01,-2.934113397958548752e-02,9.988196239903035512e-01,-4.594589694964169579e-01,9.681508268160052832e-01,-2.913289632446863786e-01,-1.660778443211282651e+00,-1.086729743743876986e+00
1.000000000000000000e+00,-2.014916782391185546e+00,2.228269407260605295e+00,-1.644417976412567706e+00,-5.426315232360810370e+00,-1.178081846911712027e+00,2.131692536156531759e+00,-2.337944618218047665e+00,-1.491183844576513318e+00,1.229794996704173915e+00,-8.585587120185359522e-01,-4.369386335675909949e-01,8.652296795280618458e-01
1.000000000000000000e+00,-1.198770026013660228e+00,7.887697643505634737e+00,1.214213237525496591e+00,7.400601755543710913e-01,-1.176868467099640103e+00,-2.088847402620737093e+00,-1.424065032822462440e+00,-1.551989542636833530e+00,4.218020809224672263e+00,-9.788208477976766408e-01,-1.975201687213954616e+00,-4.057457206677681505e+00
0.000000000000000000e+00,8.598836519160157899e-01,1.999953477888430919e+00,-4.707014752705789284e-01,-1.041461678900588694e+01,1.932276883892199315e+00,-3.947677070943609312e-01,-4.183201257882636526e+00,2.784360392314138011e-01,3.202966812143687392e+00,4.820154584234421336e+00,-2.836804706464019166e+00,1.430653486943223474e+00
1.000000000000000000e+00,-5.516229529428795519e-01,5.239499693708825845e+00,3.730185995106537256e+00,2.757459443803777166e+00,-1.161979244889211671e+00,-1.234889542818490948e+00,-1.589988329214557350e+00,2.511716107305161927e-01,-2.985530768790365386e-01,2.490543021353533337e+00,7.840489862905664076e-02,-1.801712263028733441e+00
1.000000000000000000e+00,1.196936539504320773e+00,-4.341267984349014286e-01,-4.088579255983516347e+00,-2.810703088025730434e+00,-9.216938770892038058e-01,1.993597554308611297e+00,-1.612869725197531245e+00,9.218082546942656386e-01,-6.095284589848395385e-01,-2.149842273478422605e+00,-1.301336393901092237e+00,-8.627227610211601894e-01
1.000000000000000000e+00,3.886354025594662698e+00,-4.810434211276132244e-01,-2.544623069311535701e-01,2.029672159988854752e+00,2.423296246570767920e+00,2.760605565222675750e+00,1.767683074971326818e-04,-8.502679581968461964e-01,7.498214829239806534e-01,1.062761189780167204e+00,4.469863149834618632e-01,-2.712557583509420667e+00
1.000000000000000000e+00,-1.148846956341036396e-01,-2.572830087960228385e-01,-2.231830001172984801e+00,-6.093173227403819503e+00,-2.306636415068952672e+00,-2.208397441439177822e+00,-5.922093397697969941e+00,1.894327207813320868e+00,-9.502152904363510011e-01,-7.836583774356487009e-01,-9.284348119553463841e-01,1.804104339947564473e+00
1.000000000000000000e+00,3.116851766617256381e+00,-3.987480656327539452e-01,-1.179073527668172083e+00,4.056226197242519538e-01,1.269400038528643027e+00,8.158923433519740254e-01,-3.781128018583346240e-02,-1.701674071612828243e+00,-3.675301412728599892e-01,-3.754953761514456811e-01,-2.569069991386352392e+00,-9.861797883677636545e-01
0.000000000000000000e+00,-2.132140371538469026e+00,2.519419073805238440e+00,-8.900769450402730154e-01,5.596054230670302942e+00,6.100821313096989051e-01,-1.226603296435179402e+00,1.907520126316746278e-01,-1.411452144872811676e+00,-3.643987007985155735e+00,3.041237766630658257e+00,3.648292409081044241e-01,-4.342108097520860355e+00
1.000000000000000000e+00,1.258092132795967544e+00,-2.796947812181946436e+00,3.001920058194613716e-01,-1.448557946766036109e+00,5.715662288795249069e-01,-5.522422231776554113e+00,-2.850099467565240019e+00,2.943613838246481595e+00,-1.147488186132576971e-01,3.959596918684659794e+00,5.825836145682934397e-01,1.315701087120390689e+00
1.000000000000000000e+00,6.765897079544305193e-01,-4.921460542844850572e+00,9.390707113306692166e-01,-1.739002176767058261e+00,2.536412934292091137e+00,-2.900585846885206820e+00,3.385363851660442291e-01,2.841381410114573125e+00,-2.369259323294487629e+00,4.631597997589594229e+00,1.993208297331319212e-01,2.633469634755825517e+00
0.000000000000000000e+00,-2.020539922565539381e+00,-2.556564766639819020e+00,-3.562524431976766159e+00,-3.437044154919789651e+00,-3.418910497506997270e-01,-1.984148282664374818e+00,-4.931479772566067510e-01,3.211209664796755625e+00,-6.889825604060890729e-01,2.252187905943320523e+00,8.180082180446208717e-01,8.570523761270457674e-01
0.000000000000000000e+00,-6.890642870763081795e-01,-1.915354670863428366e+00,2.782776564692279742e+00,-4.750517784775619701e-01,3.730351593185583070e+00,-1.075819871579086762e+00,1.657866986062141779e+00,-4.656729719648768917e-01,2.024839257400047110e+00,5.500575747857072706e-01,1.396914229419890408e+00,2.635747459834628659e-01
0.000000000000000000e+00,3.056159538470311521e+00,2.453285159000651472e+00,1.713203766809048734e+00,6.048366628924782162e+00,-1.079431565146002914e+00,1.964897659070655500e+00,1.324895532150183186e+00,-7.700493330526303470e-01,-2.513480130138525226e+00,-8.192641677409078227e-01,-1.910778767311333226e+00,-1.908528490533055066e+00
0.000000000000000000e+00,3.277825058215340537e+00,-4.053163398527797612e-01,-1.923748113938926974e+00,-4.114199840681109777e+00,1.715263503630034547e+00,1.875904633176626035e+00,-3.691500649243951049e+00,1.460135598398009549e+00,1.100091736178228530e+00,3.326113232237270623e+00,3.649988507033730123e-01,-1.459834762484795601e+00
0.000000000000000000e+00,-1.039592368471880857e+00,7.142920169684183751e-01,1.923570259691101736e+00,-2.317893795993221318e+00,2.868386165680598232e+00,2.283746090120164496e-02,1.510287184341859712e+00,-3.778116938396179680e+00,-3.478072915713581459e-02,1.031261197649953720e+00,-2.977281562498422574e+00,1.342914878693070690e+00
0.000000000000000000e+00,-1.491062026681887254e+00,2.224469878577750137e+00,7.468903153183694688e-01,-2.232486346988641568e+00,3.109215132106575297e-01,-3.859981367201094082e-01,4.938231059177284887e-01,-1.091558185533564540e+00,5.808990598441396980e-01,1.992464094329104540e+00,-1.833660887840549147e+00,7.232923828139232736e-01
0.000000000000000000e+00,-2.852363886770974410e+00,2.700826408952259339e+00,-1.584733694087719247e+00,-2.175843321631626637e+00,-1.160974054689911217e+00,-1.349040271284362102e+00,-4.893938573347411669e-01,1.094582166887527741e+00,-5.606564671568570191e-02,2.302371720629612817e+00,-8.944495545348465360e-01,-6.554675485305045957e-01
1.000000000000000000e+00,-8.772064835666726346e-02,2.461456242635864378e+00,1.934275978481394320e+00,1.873316266740892466e+00,-5.323188551687072501e-01,-3.206829879558344309e+00,-2.446143025183132647e+00,2.452041354621128377e+00,-7.737109716357201128e-01,8.048737897859842283e-01,2.813298793155498689e-01,-2.261003803445464477e+00
1.000000000000000000e+00,-3.174603858678395341e-01,-1.622262305012557526e+00,1.053479067960857218e+00,-2.374432884707511793e+00,4.592376395082553575e-01,-2.348855964230970095e+00,-2.262676406979359900e+00,2.738240572572464337e+00,-7.580199527981522634e-01,2.533701229317284920e+00,1.262417628181929263e+00,1.359559703717852397e+00
0.000000000000000000e+00,1.042479163170074052e+00,-3.271826978117254314e-01,-1.070064076804294828e+00,-7.494526122205117380e-01,-3.537024040613769849e+00,-1.306109038039560133e+00,1.972672715305354263e+00,9.755719401411482306e-01,5.018364557729060316e+00,3.144017208279030751e+00,6.089580747552145734e-01,3.610033451286957629e+00
0.000000000000000000e+00,-3.010824191742221601e+00,-7.502076785649771651e-01,-2.948764216961061724e-01,-6.804413087937435378e+00,2.889059501668226559e+00,-4.704376376991042719e+00,-1.529354638302700575e+00,1.491905183412104208e+00,1.308187843618583646e+00,1.972266461450413733e+00,-1.402889211882616172e+00,6.897578427724496697e-01
1.000000000000000000e+00,1.002533472660278591e-01,-2.000725092138156302e+00,1.518909332694121428e+00,-1.371804210262833168e+00,1.439740999571797131e+00,-2.385740704512647081e+00,-6.649524217900848466e-01,2.981472031417071733e+00,-5.783521480851341323e-01,3.267800212016863881e+00,9.747683248028791159e-01,1.010265841262539155e+00
1.000000000000000000e+00,-4.773007741741563947e-02,1.978888708167474489e-02,1.512459390329940812e+00,-1.127233062873120861e+00,1.957057924225832357e+00,-2.736309172651937072e+00,-1.615913678374993001e+00,3.474202326923037543e+00,2.344052108627629138e+00,9.287172480226781879e-01,1.912505079497411220e+00,-2.066126942370897446e+00
0.000000000000000000e+00,-6.524284054851253734e-01,5.079179560723999787e-01,1.513465831542161855e+00,8.049432609906409519e-01,8.400201384297039109e-01,-1.418300039482252028e-01,1.677131557044150956e+00,-4.033940761153559373e-01,1.574539193050373154e+00,3.327559024359942885e-01,5.254069728831083363e-01,-1.217857922087210998e-01
0.000000000000000000e+00,2.447680629221311577e+00,-1.160258069457515750e+00,-6.326332485668904049e-01,-2.340987157627236748e+00,3.057431271312669896e+00,3.191945644896275081e+00,-2.179156268610653591e+00,-9.312201099195310805e-01,1.032115652441261133e+00,1.845095366688354499e+00,1.478833245952622999e+00,-1.464923374280224788e+00
1.000000000000000000e+00,-8.954305889506476435e-01,1.387327799479619372e+00,-1.675490742664696331e+00,5.075017948078456520e+00,-2.459883464272585307e+00,-1.727603945621485337e-01,3.048556160108402135e-01,-1.671619431098813280e+00,1.397866211018823579e+00,-3.792765675937324055e-01,2.752230707896169637e+00,-2.005746638359657830e+00
1.000000000000000000e+00,-5.771316369111181288e-01,1.553378648082365254e+00,-3.457764826324980945e+00,-5.441257166793103117e+00,-3.509208810163666481e-02,6.180835073203045926e-01,-3.349824049519960933e+00,1.321196030996619086e+00,-2.542906961357370932e+00,-1.738288543092220362e+00,-3.363553375423454561e+00,-1.549354957775649355e+00
1.000000000000000000e+00,3.491863142040734669e+00,-4.220063593105762401e+00,-1.301710551180471409e+00,-7.374424753481267913e-01,1.458264159424681683e+00,-2.594277912364906680e+00,-2.546997058009617287e+00,-8.488819210997533560e-03,7.323687844194679553e-01,1.323468892057824142e+00,5.432880115529439280e-01,7.134132240082797782e-01
0.000000000000000000e+00,-8.393180272845135459e-02,-2.728794472138990734e+00,3.437171039273847928e+00,-5.238900681394720316e+00,4.320949218239521272e+00,-3.554016994524846762e+00,9.136867754324410340e-01,-7.133727130012571527e-01,3.550207708392576045e+00,9.717579733768630934e-01,-1.403254893286044247e+00,3.260519031619083297e+00
1.000000000000000000e+00,5.351460749370500203e-01,-2.572558863346021685e+00,1.188223086682512308e+00,-2.026096888819464148e+00,4.328158136952856339e+00,8.455089553816661496e-01,7.279112881778917465e-01,2.841562450575292331e+00,1.207523082410125959e+00,2.167024951475432726e+00,2.232658700113015815e+00,-1.179413870948337051e+00
0.000000000000000000e+00,2.370578428020203354e+00,4.513023584493886631e+00,2.962254608204248907e-01,7.687951868136255751e-01,7.853900873006527394e-01,1.924090792220852109e+00,-1.428153517952532425e+00,1.102643054157840918e+00,-1.673846185574209500e+00,2.520314381709985785e+00,-2.599887800930021697e+00,-4.050090858000244154e+00
1.000000000000000000e+00,1.107670433648350272e+00,-4.817000017672354306e-01,-4.210833263614718547e+00,-3.781839568281589514e+00,1.246406302490226992e+00,6.475927480676848980e+00,1.082949512736419706e+00,-2.851586356347535656e+00,7.669491231644475215e-01,-3.219325834958141730e+00,-1.769252452608318205e+00,-7.282263193352309649e-01
1.000000000000000000e+00,5.338554901737542213e-01,-7.883385469027726078e-02,1.943195551404367283e+00,-8.195762253345425519e-01,2.928716088344422985e+00,-1.989281618053862388e+00,2.087537030106708436e+00,2.381389560183459153e+00,1.796421131897095957e+00,8.568890880133912535e-01,-1.367106282015098984e+00,-1.048202320846590485e+00
0.000000000000000000e+00,2.512274201251475159e+00,2.795861948411767717e+00,1.220879554515714283e+00,-5.186603211453513218e+00,2.223599031709337481e+00,4.664642010439644437e+00,-2.286155557541849959e+00,-1.779464655325355693e-01,-1.591013945691968079e-01,-9.468097940243489496e-01,-3.008221313705762956e+00,-1.199735101976636686e+00
0.000000000000000000e+00,-4.450360285763532708e-01,1.553638743077166429e-01,-1.268858393680100338e+00,4.125278168399090006e+00,1.821361461223655054e-01,1.113384194144734884e+00,-8.607917196838243967e-01,-3.936362214113911850e+00,-2.903337266577618259e+00,-3.514997283729800692e+00,2.497714535483068765e-01,-2.450090502911259627e+00
1.000000000000000000e+00,-2.417367195889013498e+00,8.751694885051401585e+00,3.075588048209952241e+00,1.394954958857791638e+00,-2.306160574200852409e+00,-3.391317242996919390e+00,1.788521087090340078e+00,1.260393779816292525e+00,1.785906096229577855e+00,-1.190308653850391085e+00,-4.838107919473696228e+00,-2.480894593096770961e+00
1.000000000000000000e+00,-3.662689967853595796e+00,3.687528897336851408e+00,-1.210216433791236668e+00,-8.649632691250642935e+00,1.363196098065102113e+00,1.959291762744249654e-01,-2.070229333599193922e+00,-2.914974160362412636e+00,4.627413076444682360e+00,-1.076820509889026667e+00,-1.803218552969669375e+00,-9.801905232767416098e-02
0.000000000000000000e+00,-3.744937077707850559e+00,1.017992711666641653e-01,9.936021486779738066e-01,-7.248429024376797258e+00,4.239748548849509469e+00,-4.164589319960962044e+00,-2.230957374599190413e+00,-2.131970634413487442e+00,-1.443646286968164105e+00,5.069538333539551633e-01,-3.788456211496757930e+00,1.023409358882263698e+00
0.000000000000000000e+00,-2.053469195096834454e+00,1.003982402900388315e+00,-6.116189217829881564e-01,-3.919701476736849433e+00,1.880840708142463402e+00,-1.081564553386363148e+00,-7.302519045019268962e-01,5.046683943002379102e-01,-2.088401860315494130e-01,1.861481558378707657e+00,-1.373253897934603174e+00,-7.012774933410972356e-01
0.000000000000000000e+00,-5.170354727779873372e-01,9.017780656022792926e-03,9.878045981263136044e-01,-3.955501790785519667e+00,3.961254187343189237e+00,1.250269436043076166e+00,1.040431035786166802e+00,-2.081825260790420185e+00,2.783022527304785942e-01,2.773307533278702941e+00,-1.983919827251326762e+00,5.346809340494294016e-01
1.000000000000000000e+00,-2.216594044665114893e+00,3.438536610700929863e+00,3.529976000145160775e+00,3.701416986808677478e+00,7.251658407428449582e-01,-1.276814798638610249e+00,4.018853017575706232e+00,2.379387138161717541e+00,-3.936967503234911181e+00,2.744169217035081765e-01,-3.248049297731442575e+00,-1.844722948530058027e+00
1.000000000000000000e+00,-4.408827627429037221e+00,2.928964514777418593e+00,6.192259285846697381e+00,2.881563049490628803e+00,8.492787815377766947e-02,-3.801477746108316680e+00,1.759036241615981488e+00,5.412455423806251886e+00,-3.722868946206007390e+00,8.719569809291018991e-01,3.007119842920280561e-01,-8.092425909301287357e-01
1.000000000000000000e+00,-2.194092064685579935e+00,-2.995847718520165941e-03,-3.359696132420543879e+00,-8.556697242428903394e+00,-4.528630141850653601e-02,2.124958687602273244e+00,-3.759864167873366192e+00,-2.245166656606195410e+00,8.300905452541913476e-01,-1.480377721166801885e+00,-5.625982200061190319e-01,1.715598965600854786e+00
0.000000000000000000e+00,2.991739351752468412e+00,4.818035069547048632e-01,1.386548040720600561e+00,-3.332216990150594249e+00,1.751803821234658720e+00,2.210947555280588617e+00,-2.536459574163350439e+00,-1.957208600395066167e+00,1.269471367454071409e+00,-6.664474109007854086e-01,-1.365339652621662125e+00,4.027762459119292870e-01
1.000000000000000000e+00,-2.611845784072861942e+00,-1.175416612493703772e+00,2.034290034801209401e+00,-5.279211676522846952e-01,-9.349924150463528871e-01,-4.687091063177299510e+00,-1.345469224681406839e+00,4.766701940094252521e+00,-1.932470072051187593e+00,2.704103489816668038e+00,2.012444947186698307e+00,1.626252966486074314e+00
0.000000000000000000e+00,2.224334273810250728e+00,1.111120663880355464e+00,1.548902970978903948e+00,-9.187021436513093775e+00,2.854734522244585904e+00,1.959790486477929194e+00,-3.943018148356063346e+00,7.269542703924076754e-01,1.020922534400939607e+00,5.338439657045734865e-01,-3.107121702044470801e+00,1.070989048998213011e+00
1.000000000000000000e+00,2.703350153366324893e+00,1.946918775982459326e+00,2.263595846479893758e+00,2.187671778044959492e+00,8.388973964301098540e-01,2.093048703657547360e-01,-2.594579294058267926e-01,4.987534156543490527e-01,1.783630932720378759e+00,1.319209775474836199e+00,8.284006286473344360e-02,-1.988302464867457875e+00
1.000000000000000000e+00,5.505780852816153370e-01,2.519688128443004604e+00,-1.726584968564717215e-01,-4.535189364169361248e+00,-8.471697637946584702e-02,2.730059395074090345e-01,-2.578604478947441159e+00,-1.080718335565346466e+00,-9.057440910541907364e-01,-2.381003755902109997e+00,-4.421137219981527089e+00,2.469844225787445335e-01
0.000000000000000000e+00,2.589158677429210798e-01,1.984634329755795790e+00,3.016289832113455027e+00,3.316791732710786533e+00,-1.321068869314999894e+00,-3.930704181387258966e-01,3.014096473627748907e+00,-1.619610289694942251e+00,8.932515938921701260e-01,-2.607817279002030197e+00,-1.936752481688949423e+00,1.054319506207580526e+00
1.000000000000000000e+00,-2.960146748438363673e-02,5.649165281184739262e-01,1.733384146443713414e+00,1.475953059652697741e+00,-1.086210496064365483e+00,-5.795817784684733631e+00,-9.658051555328881488e-01,1.763157945778219382e+00,-3.468084534376990824e+00,2.128212888825596671e+00,-3.085189482329786959e+00,1.087204004646469269e+00
0.000000000000000000e+00,8.889797271114217025e-01,-3.749805480932423829e-01,5.746340436323502665e-01,9.627079735611925038e-02,8.866820428789543573e-01,1.430726326564559336e+00,-5.479533087505399358e-01,2.263255665361032509e-01,-2.106072855047174563e+00,8.190663429991794642e-01,-1.657684929002075647e-01,-2.415950355629581381e-01
0.000000000000000000e+00,-1.327450117519197725e+00,1.782840379048203916e+00,1.642791517846180049e+00,6.976727667698612301e+00,1.911399328950739163e-01,1.546455350791153815e+00,1.924953604702608789e+00,-2.328577380573150002e+00,-5.846080383880692288e+00,-3.206113295598800761e+00,-1.071772035558604896e+00,-2.713692473039923225e+00
0.000000000000000000e+00,2.340329629032362746e+00,-1.132925751174233830e-01,3.049991408900629253e+00,6.936186420513090312e+00,3.496740304496281926e-01,-4.420878712650393449e-01,3.809870126682459723e-01,-2.392243356036183766e+00,-2.066865916835212591e+00,-1.398370847303841646e+00,2.581818053857380946e-01,-1.088105384480594795e+00
1.000000000000000000e+00,-9.072500601914763596e-01,6.700391749773362271e+00,9.027974132845650868e-01,-6.280285141684318617e-01,-1.414124730707327693e+00,1.927936104167714770e+00,-3.238296686233868460e+00,-1.391952971311590348e+00,5.572931736956920901e-01,5.747284692793628302e-01,-5.079425777398172137e-01,-2.872285117078810845e+00
0.000000000000000000e+00,-1.115434472520713260e+00,-3.866901660412730979e-01,-1.841239250134950822e+00,4.410874768680796976e+00,-3.470772005830817797e+00,-3.446303160949131250e-01,1.950892014553581078e+00,-1.471197240556516572e+00,-7.425113298699188569e-01,2.558779520940764218e+00,1.634447598350226016e+00,1.500346170615245445e+00
1.000000000000000000e+00,2.567883287840158957e+00,-5.461130907650364463e+00,-2.551846720776216326e-01,5.250854202603317811e-01,2.246834959563707379e+00,-2.802001805891639385e+00,-2.510929991392507610e-02,9.483045957231851508e-01,-3.631077754967598104e+00,4.601142650477973106e+00,-7.795208898947820764e-01,2.167289439070982038e+00
0.000000000000000000e+00,-2.559920018392633168e+00,-8.161950921621972110e-01,2.399159456322859985e+00,-7.314188147080231239e+00,3.760131994335131900e+00,-1.242058372561455570e+00,-2.723614723858569064e+00,-2.494666030988417216e+00,8.192687848371931203e-01,1.544589600034615096e+00,-2.189776677243281400e-01,2.519269503974721935e+00
1.000000000000000000e+00,-3.321109509350943512e+00,2.361202952055328819e+00,4.214000347919049094e-01,-1.027870488131309301e+01,1.537697330823148079e+00,1.023370578646972895e+00,-5.845387694540217005e+00,-1.621123950162059790e+00,3.600949361623122513e-01,2.154501865755706902e+00,-2.032719357024316276e-01,1.556267212729969263e+00
0.000000000000000000e+00,1.745351909898179787e+00,3.777844732390058802e-01,2.689753071878441926e+00,2.636595388887549962e+00,-1.210039390476765231e+00,1.078520055048168835e+00,3.490138695193537810e+00,-2.283450484155480353e+00,5.356181683012798622e+00,2.602153698662907466e+00,1.704268909703763768e+00,2.754881100363243629e+00
0.000000000000000000e+00,-8.588238690479506054e-01,2.788415669469740621e+00,2.095978502804442201e+00,2.171064669498464106e+00,1.715755073400780706e+00,-8.161146894432305121e-01,-8.994376603957121574e-02,-2.423296427633918171e+00,-1.552322481483074945e+00,1.408039833604706415e+00,-1.399149359099586709e+00,-2.044900522108150653e+00
1.000000000000000000e+00,-3.274225190552038089e-01,4.248931455245624100e+00,-7.993435113782032531e-02,5.048412209876299350e+00,-8.097252727081196699e-01,-8.607580017975642317e-01,3.162649432403063621e+00,1.379391352839760110e+00,-1.829723757377695881e-01,-1.069655403592559839e-01,-2.168695552800500526e+00,-4.094470144022653635e+00
0.000000000000000000e+00,1.653103355867869384e+00,3.737920139823007304e+00,1.357023095896811693e+00,4.445312752674525747e+00,-1.165107574969648230e-01,2.204002793643621949e+00,1.176239991770984705e+00,3.666018967525382699e+00,-5.832299969442348520e+00,2.064742327987283410e+00,-2.732011893422905402e+00,-3.865557005107445487e+00
1.000000000000000000e+00,7.736651808617289738e-01,3.961911944471786740e+00,1.947145896783170071e+00,6.247392698710584114e+00,4.778901147259366766e-01,-7.783367153430227336e-01,2.614555052499798471e+00,-4.157923192728569806e-01,-1.543139705927686123e+00,-2.945405776545387155e+00,-3.279613513864212404e+00,-4.295061497732275413e+00
1.000000000000000000e+00,1.185727429890591322e+00,5.115995792747710796e-02,1.737760670471279134e+00,-1.620613557186062037e+00,1.251899643100084392e+00,1.101428198966626137e+00,2.542416094516580793e-01,9.520829797127517979e-01,1.192913425536010763e+00,1.307465994530041975e+00,7.897676126120467544e-03,5.176750824987652599e-01
1.000000000000000000e+00,7.447519128844082292e-01,5.135235217466576074e+00,-1.611216877290618799e+00,5.417575829652257369e+00,-3.048029804918511498e+00,2.808954220774286803e+00,7.320727091806797926e-01,-2.895077861879144621e+00,1.942152777862241608e+00,-2.757005200927874711e+00,-6.207342189834630375e-02,-3.880596407859923325e+00
0.000000000000000000e+00,-6.437739045605381794e-01,3.612220837958142639e+00,1.549918295821939962e+00,5.311490906820377944e+00,1.595330168973567275e+00,-2.362041721225420776e-01,5.257009763502640265e-01,-3.445727549992962491e+00,-1.467341540298069180e+00,1.590895992701608641e+00,-5.792161922685523656e-01,-3.942062724515788208e+00
0.000000000000000000e+00,2.104766035469233465e+00,2.084270363125960479e+00,3.663691300110151872e+00,-1.941298136012648223e+00,1.008599999296483585e+00,-1.863083119340346094e+00,-1.213113277117041422e+00,7.488305311802097020e-01,3.852910637615354350e-01,3.620897879117675799e+00,-2.805203557433869843e+00,1.113857517661171581e+00
0.000000000000000000e+00,-2.614055720825704032e+00,1.819333219035824678e+00,-8.737704746400256628e-01,-1.332458518599813235e+00,9.963357788273173865e-01,9.683615532471196996e-01,-3.247167522241067861e-01,-5.267903396637791502e+00,-3.047047126771637693e+00,1.648627384759676184e+00,-2.576385450998345483e+00,3.563193578931592720e-01
0.000000000000000000e+00,-8.955079160517275261e-01,1.698518748325161143e+00,3.574286526294118360e+00,-7.256014651167940421e+00,2.559332797409127558e+00,-3.126907743375354265e+00,-1.637245842305035115e-01,5.666608442879770280e-01,6.945138174276423548e+00,3.408057471411019446e+00,-9.610555565919042253e-01,2.297816611203304493e+00
1.000000000000000000e+00,-9.130109891290415502e-01,3.454901994424406819e+00,-1.318846818126177656e+00,2.722950267755196996e-01,-1.995997820952632784e+00,1.596345644295711352e+00,-1.320236335300257302e+00,6.610952744422968763e-01,-9.904592252455064472e-01,-4.768797640581656783e-02,-1.897375184713164797e-01,-2.047530015396411329e+00
0.000000000000000000e+00,-1.405570015485987145e+00,-3.755595865845821613e-01,-2.521607433603558324e+00,1.136691697985544813e+00,-4.239953341690159139e-01,3.049551459119578256e-01,-6.973138487585845979e-01,-1.637381982190080576e+00,-1.445033310309888241e+00,1.964092634147556415e+00,1.404207129431378487e+00,-7.830552132123651532e-01
1.000000000000000000e+00,-3.221744508317180511e+00,5.964122745307424367e+00,2.351116319657118314e+00,-2.093630604395109174e+00,-1.643266854565510471e+00,1.075920237464641271e+00,-2.346772550630572329e+00,-1.062588201854780534e+00,-8.163357563563580221e-01,1.587824650269700655e+00,-5.487447894132966297e-01,-1.768683264691935930e-01
0.000000000000000000e+00,1.515402102171874654e+00,4.596437851127804564e+00,3.562583177530361134e+00,-4.204152776360701615e+00,2.049597006672374544e+00,6.508209625805438936e-01,-1.350028412936112865e+00,1.425678717699656151e+00,-9.984488195973768576e-01,2.297002948748274154e+00,-4.938119796680100038e+00,-7.677016465121682121e-01
0.000000000000000000e+00,-2.368608958704560674e+00,-1.138181229632353686e+00,4.741561037506303311e-02,-5.018633603444041746e+00,3.867336055217372337e+00,-1.614442942220569943e+00,-3.751695118508127091e-01,-5.237649991406155836e-01,-1.067155476734108266e+00,6.720125225711179873e-01,-1.919005429323475287e+00,2.694938365206854813e-01
0.000000000000000000e+00,1.935604024010610935e+00,9.570683920062794670e-01,1.177912016592911559e+00,3.041009932152299311e-01,1.648952437084227451e+00,2.621000691463576615e+00,-8.826285781882210468e-01,-2.120537180419641121e+00,-4.185379663908196379e-01,-1.157644190070922896e+00,-7.948155503477614126e-01,-1.303983768060707815e+00
0.000000000000000000e+00,-2.145920123616749997e+00,-1.287292493475893584e+00,1.649432139914201123e+00,-3.102782793762421942e+00,3.732371634818296258e+00,-1.849849328502163992e+00,6.664434639371223934e-01,-2.926605028547403009e+00,-1.191049868419516766e+00,2.091505344247544862e+00,-1.953428903427054664e+00,1.839608228558297753e+00
0.000000000000000000e+00,5.973652120058889903e-01,9.696620440732663937e-01,3.126402755738746375e+00,5.654711333836572429e+00,7.107203760466893616e-01,-1.384707882101446685e+00,6.656662865882905233e-01,-2.002970274960745645e+00,-2.390688515717831031e+00,1.564431988592273060e-01,-4.540831551104198560e-01,-1.163498839583113398e+00
0.000000000000000000e+00,2.698703127547992686e+00,2.821769740581621999e+00,1.748445693405292545e+00,3.769189687031950647e-02,4.422838707264855618e-01,1.954073177775396353e+00,-1.684467840064848287e-01,-7.478642366445563683e-01,-7.724421972651163149e-02,8.749194877006681859e-01,-2.704860498811816782e+00,-7.479068695946342604e-01
0.000000000000000000e+00,2.304549880534040085e+00,-3.515840466147336918e-01,-2.283977815972427994e+00,-9.242755945959697073e+00,1.838158440551742157e+00,5.174237321742685580e+00,-4.690195676044474737e+00,1.328268041781452080e+00,8.777914236089814359e-01,8.075434361105428005e-01,-1.898463365690730154e-01,3.140264418298022164e-02
1.000000000000000000e+00,4.943791058756046297e-01,1.687341115269735681e-01,5.882339336076961578e-01,3.927444660344047378e+00,-1.358133251696759025e+00,-4.166100827992528011e+00,1.490489461250703140e+00,5.950666631957954866e-01,-4.020402627483444569e+00,1.248934343710017991e+00,-3.673743046025894188e+00,6.936270823476802239e-01
0.000000000000000000e+00,-1.856948338137616172e+00,4.548641313066738689e+00,7.080435582822721674e-01,4.921962339158688637e-01,-9.106461250120596596e-01,-1.871926417237602669e-01,8.777536065905647833e-01,-3.278042843985593979e+00,-2.669089623717923132e+00,-1.534946880693100368e+00,-5.054840118244674052e+00,-3.703732530465302375e-01
0.000000000000000000e+00,3.877914676303694019e+00,1.930348238996193899e+00,1.271789997378768078e+00,2.184535732215945547e+00,6.646923510489139986e-01,-2.527270180531382415e-01,-3.943430258178152181e-01,1.913377896403900102e+00,-1.084579838876327251e+00,3.252011236256321158e+00,-2.253498104822417414e+00,-2.148350715316401427e+00
1.000000000000000000e+00,3.627548373265494064e+00,-1.730891653248950002e+00,-1.742011076992275864e+00,4.463867025239386166e+00,1.274524642760228588e+00,1.464219968259764304e+00,1.136305576186077637e+00,-1.456422475187375110e+00,-1.607659385276859476e-01,-2.273877034436537770e-01,1.872151640067067913e-01,-2.462353876133523300e+00
0.000000000000000000e+00,1.122347039491123910e-01,8.515955420657042030e-01,-2.977608662752218027e-01,-1.896092508288570011e+00,-4.775170215676616259e-02,-1.682017654068936885e+00,-2.555375731819815588e+00,-2.249233191904200346e+00,4.466017475436272477e-01,1.639545280486113477e+00,-1.062375965639437148e+00,6.854708374797109371e-01
0.000000000000000000e+00,-1.180319513502350093e+00,9.173948161999930795e-01,-7.944397187790450676e-01,-1.422169516424373503e+00,8.036039863217082635e-01,1.309125162796060504e+00,9.383971771109717031e-01,-2.068688031605791622e+00,-1.729499385434046577e+00,1.930359925708623692e+00,-2.055707545272681180e+00,4.275052596926645077e-01
0.000000000000000000e+00,-2.038382220580584825e+00,4.364802319007361042e+00,9.527756423405583375e-01,-4.052961031078242904e+00,1.692061461740240524e+00,1.220408348043805047e+00,-7.028568624433260137e-01,-2.510771196957427343e+00,-1.671424636042493361e-01,2.010900100365550891e+00,-3.083347800149432327e+00,-7.128969014949457783e-01
1.000000000000000000e+00,1.091030796055726171e+00,2.148758175389451797e+00,-3.515497806850025331e+00,-8.210963455602859895e+00,1.231555973501230916e+00,3.815247006228089433e+00,-4.202353526223188140e+00,-4.591591320757540728e+00,3.922427403543487401e+00,-3.733374754585251143e+00,-2.437664768635980472e+00,-9.261138489942833951e-01
0.000000000000000000e+00,9.437293400429207502e-01,-3.248007078063585684e+00,1.215204190135582341e+00,2.240240460906561815e+00,1.535928281729222356e+00,7.493711882895439658e-01,3.161833685140737149e+00,-1.572785032116825743e+00,6.163552291082128320e-01,2.389376879483844363e-01,1.118216308163372918e+00,1.718858968167602086e+00
0.000000000000000000e+00,-1.323434347123236599e+00,3.348333178869855042e-01,-2.501277343635096351e+00,-9.696641680614044301e-01,-7.363195151553965090e-01,5.733104522726735208e-01,8.564348591792513288e-01,3.095323279031015673e+00,-3.000892284840714908e+00,3.581877807503500710e-01,-1.445522631768818789e+00,-9.867512406284577597e-01
0.000000000000000000e+00,-3.492036714481860038e+00,1.219988643177656540e+00,3.572333484660835001e+00,-1.885543617231227209e+00,2.675754654469275629e+00,-3.105258369041167921e+00,-3.624794226652050533e-01,-3.709904177269296888e+00,3.635765167586846314e-02,-1.009491327936667293e+00,-1.493991093455998564e+00,9.591003109469892207e-01
1.000000000000000000e+00,-6.067405987674810985e-01,3.618516174093938442e+00,1.407472393650766040e+00,-1.018383138282891176e+00,-5.119322602108919984e-01,2.703053892900205035e+00,-8.810612075425278134e-01,-3.428807279768359528e+00,2.291911194298362986e+00,7.959999065598810652e-02,2.829852446612801664e-01,-3.191510802218355813e-02
0.000000000000000000e+00,2.442963709956071483e+00,4.139300410713198097e+00,1.127847591773649016e+00,-1.623237632012807463e+00,1.586202063013260499e+00,2.476298388291565900e+00,-1.613239219984841766e+00,5.438589592584286425e-01,8.936033800921325820e-01,4.771987036648791758e+00,-1.395325913340748514e+00,-2.628772153836155923e+00
1.000000000000000000e+00,-9.953247001868412713e-01,1.751633889698017976e-01,-1.833227397791119540e+00,-1.016381700011341094e+00,-1.465885631940186951e-01,1.354777691749948332e+00,6.623839919201290893e-01,1.291482178579836937e+00,-1.176474967475813482e+00,2.239101494216113597e-01,-3.068686102569498919e-01,-7.172488973733799345e-01
0.000000000000000000e+00,3.471437678467070853e+00,4.857913710537946628e-01,1.680171279438213983e-02,-4.370527034426801904e+00,9.678391153303141925e-01,2.605588641267633232e+00,-3.225001023741081774e+00,1.033368771482733539e+00,8.058539838738409955e-01,1.797142578966717696e+00,-7.891256392432650646e-01,6.060112734911360377e-04
0.000000000000000000e+00,2.137684746002864511e+00,2.632095061632753641e+00,5.524503019625713662e+00,6.421830597806626351e+00,9.762656067855265407e-01,-1.720092775017598719e-01,2.502636337063786520e+00,-2.290299578818419945e-01,-1.943235900597238608e+00,3.515905159744789898e+00,-1.189176397508687089e+00,-1.031608921775569954e+00
0.000000000000000000e+00,-7.032354663791341443e-01,-2.605789118078591038e+00,3.493390281624815241e-01,-4.885519173378672697e+00,3.604437616080969686e+00,-2.146390668662307100e+00,5.245823589251683572e-01,-3.423167840943425189e-01,4.127191265431353617e-01,4.325061921587159963e-01,-2.162690664433712939e+00,1.741862959163249513e+00
0.000000000000000000e+00,3.385403851571340272e-01,4.604843180142933479e-01,1.326242255868144371e+00,3.919487775595784651e+00,-1.122789385755825986e+00,1.211049085930428593e+00,3.244010310535547781e+00,-5.748113909274874977e+00,-1.033418046470077289e+00,6.623601715680749180e-01,-1.905535072221289150e+00,2.706786112512927112e+00
0.000000000000000000e+00,1.135787253694329202e+00,3.009492714428789295e+00,5.248717687711581981e+00,2.866041891615304316e+00,5.382232090749150544e-01,6.375665789654434423e-01,3.654862901010107024e+00,-2.002555107035526305e+00,2.729788973195396817e+00,-2.796713093491261848e+00,-2.163445042996778422e+00,3.482388359790650201e-01
1.000000000000000000e+00,-1.898758814264272843e+00,4.797999320825646841e+00,3.213364245295754706e+00,5.338887451319419775e+00,-7.227457534218559854e-01,-2.117952486750493080e+00,7.999866863428406472e-01,2.678571278487837493e+00,-2.061627730065306086e+00,-8.740953830421558379e-01,-3.808818043525210584e-01,-4.029997213101246700e+00
0.000000000000000000e+00,-3.419227104526397998e+00,4.691462770957931738e+00,-3.154163069450355295e-01,-6.023201654703729702e+00,2.824972759079008355e+00,4.998673312721357842e-01,-1.479277215061226780e+00,4.811585602055796773e-01,-1.435360592080217490e+00,1.732977068419767175e+00,-3.478616547091852862e+00,-2.872779122826848219e+00
1.000000000000000000e+00,-6.234754497638086423e-01,-2.066932853304485895e-01,-2.761982010190180858e+00,-6.672641019945283247e+00,1.042813387124556179e+00,3.954040259329197671e+00,-1.052554070719379675e+00,-1.411972589908488951e+00,8.427185259282695684e-01,-1.211360177471322297e+00,-1.102586532179004486e+00,8.041450416079893859e-01
0.000000000000000000e+00,-1.738977416461057635e+00,2.123595002984913549e+00,1.352854189765265502e+00,-4.831476872526244470e+00,9.831056267348261546e-01,-2.637980973811790086e+00,-2.382287311632869109e-01,1.542699220185338671e+00,3.204951434385328035e+00,1.494789945008383025e+00,-1.517490290975072043e+00,5.271645428636089203e-01
0.000000000000000000e+00,-1.496773310744945906e+00,3.187759414831322857e+00,1.542024244442518954e+00,-1.366574758035540071e+00,4.270431136820984630e-01,-8.948578225137486797e-01,9.878567887562104133e-01,4.047333038686802276e-01,6.208657750632335937e-01,-3.878054519054263682e-01,-2.494142764713356719e+00,-6.969295442502303484e-01
1.000000000000000000e+00,1.869009499818099496e-01,7.522868308216922095e+00,2.749456924254278345e+00,2.749311643125181170e+00,-1.970396102962728158e+00,1.617648621192264713e-01,-1.236717837341178683e+00,-9.934718211983295522e-02,-7.753154808789612940e-01,-3.115304423371256792e-02,-2.672389681959375096e+00,-3.144591351878308405e+00
1.000000000000000000e+00,2.079048984787218446e-01,-2.681742472078359807e+00,6.996407171778429301e-02,-2.843376256590016915e+00,2.042124836662289500e+00,-1.061167021390246656e+00,-5.248719487242574644e-01,1.513569395430469200e+00,-1.366572759935976933e+00,1.415069156637521530e+00,-4.912257836815996370e-01,1.195358411617326588e+00
1.000000000000000000e+00,-3.463606509410299239e+00,3.455822615701646061e+00,6.619320697970716427e-01,5.581357557062774255e+00,-1.913196749514295636e+00,4.781259398251219039e+00,1.429083100192706457e+00,-3.541189052724255770e+00,-7.115961974851130467e-01,2.717778305475271772e+00,4.906686847346206193e+00,-1.615791099057999114e+00
0.000000000000000000e+00,-3.669036730795254275e-01,-1.707507871493245954e-01,2.500667713829228589e+00,-1.069502297281095693e+00,2.316917539337147502e+00,1.753611762074889002e+00,-4.352631186668660668e-01,-5.406280119866339717e+00,5.385528071720144805e-01,-2.716274025417915183e+00,-3.208739241639546602e-01,1.196029894379119884e+00
1.000000000000000000e+00,3.169248000104333274e-01,5.543439883624416531e+00,-9.539580686688022837e-01,6.097024056786705337e+00,-2.693222323070807889e+00,5.093250236554596189e-01,1.473156685796708221e+00,-5.426597412720417513e-01,-8.853918050198629208e-01,-1.660384768673660361e+00,-2.285600645332340086e+00,-4.370173984038199677e+00
0.000000000000000000e+00,1.498458752665933646e+00,-2.697156347521119990e+00,-7.022646861334911339e-01,-5.962300584230776579e+00,1.594789645349169893e+00,2.659107258670768914e+00,-3.292944770211125416e+00,-3.084519751918006758e+00,2.060792748219177906e+00,-1.733102865543883819e+00,8.625245964255157105e-01,2.508321490457503966e+00
0.000000000000000000e+00,-8.012276499270720720e-01,7.570389308604982048e+00,6.606949649930087709e+00,-1.187841656803843682e+00,7.259872283568069573e-02,-1.787617340445136982e+00,1.341175383647749353e+00,-3.421744506905633365e+00,4.012697218221588535e+00,-2.131761400600216128e+00,-5.289988864541320446e+00,6.900060931316569501e-01
0.000000000000000000e+00,-1.025846045669231099e+00,3.021915681099256901e+00,7.380369770317465328e-01,-8.085393445368460608e-01,1.768467847430135853e+00,2.028532755277394628e+00,3.705860038519821487e-01,-2.156115422964998363e+00,-3.991855664653186642e-01,3.232043746857841793e+00,-1.060511720938373426e+00,-1.422108692527666474e+00
1.000000000000000000e+00,-2.229741796343380766e-01,3.669749645808961791e+00,5.521237895486382108e+00,4.433485905575532904e+00,1.305755940279915928e+00,-2.935480255238576142e-01,1.768607805067434091e+00,2.362412218117984963e+00,-2.133689510984500437e+00,1.147507093836950265e+00,-5.751751432212506288e-01,-2.601675627300266136e+00
1.000000000000000000e+00,-1.646440920596783375e+00,3.937059369112874574e+00,-3.582188908669501792e+00,-1.955430976347482863e+00,-1.271889262673123522e+00,5.537253137036149298e+00,-1.433809897423587110e+00,-3.872912296796383380e+00,-3.515236640205627872e-01,-2.632239107160311953e+00,-8.212739807069437958e-01,-2.296758868729853020e+00
0.000000000000000000e+00,-2.721013991438869795e+00,-8.301659058239187206e-03,-4.238339713933008124e-01,-3.695123020532908864e+00,1.700343622349632433e+00,-1.898065097962923442e+00,-9.790923498886723308e-01,-8.346051886878266268e-01,5.390988963135771028e-01,2.051269102565943747e+00,-1.065839358163815920e-01,4.184334485249979751e-01
1.000000000000000000e+00,3.731798465693251909e+00,2.310960502995419663e+00,2.056382688585605578e+00,6.250182234954352545e+00,5.343590305820467012e-01,-2.033201281853934006e+00,-8.219102245509843918e-01,-5.992046273575486470e-01,-3.649321181665057257e-01,-2.817885861668383285e-01,-1.375439436642318602e+00,-3.794932134544715119e+00
1.000000000000000000e+00,3.826281048549959873e-01,5.311804678770261745e+00,7.527483597074684507e-01,-1.907744611473856766e+00,-3.401425659050276717e-01,9.140693040312997120e-01,1.531715527610755245e+00,7.548982870176821347e-01,1.268947546059458809e+00,-2.195574788604726990e+00,-5.203646265325934550e+00,-1.732208155881247880e+00
0.000000000000000000e+00,-4.337694899773891777e-02,8.330310995586551193e-03,1.985475002471225103e+00,2.899613433844411059e+00,6.553033202332698703e-01,1.910147352785452890e-01,-4.347816240785551400e-01,-2.845535865332970538e+00,-2.368399854460457199e+00,-2.279971156430825818e+00,-1.584076894604290464e-01,-2.664101911948482115e-01
1.000000000000000000e+00,-3.524840982029633363e-01,1.349948887179645451e+00,2.229386855203931095e+00,-1.642767962042830376e-01,3.064758246294219113e-01,-2.561489583013732751e+00,-1.035572528254493641e+00,2.876703634455950009e+00,4.800181904841516189e-01,1.535230455179170672e+00,3.855109315395208736e-01,-8.129213893547023728e-01
0.000000000000000000e+00,1.063422599093324816e+00,-1.224843514002111000e+00,-1.444405294389079941e+00,-6.903094727166431355e+00,3.173585504392837375e+00,1.490680709428139572e+00,-5.085821237518186599e+00,-1.364743333206606568e+00,7.329362231331035815e-01,-8.251322830325524826e-01,-4.192591911242349312e-02,-6.256593114437754011e-01
1.000000000000000000e+00,1.912590449104439427e+00,-1.869158599975423884e+00,-3.904851137659546279e-01,-3.673437992535113494e-01,9.224876136671271709e-01,-3.842715049536718386e+00,-6.426482280485057430e-01,3.524254718772704686e-01,-1.286976173808769719e+00,1.446213525259901989e+00,-2.802900788681695232e+00,8.514744070171027523e-01
1.000000000000000000e+00,-3.917003187069592496e+00,-7.524636506965056704e-01,-1.729434937319922927e+00,-7.193142391878618369e+00,-8.020275388252431359e-01,-4.858299357587028133e-01,-1.419906767838794881e+00,7.733483098248150611e-02,1.333464483780416820e+00,3.164718578491971801e-01,5.868852446318555405e-01,3.284112106488095151e+00
0.000000000000000000e+00,2.129131862411547615e+00,-7.791329827849848844e-01,-1.397171380218928505e+00,5.823199869571451082e+00,-1.815801844304338442e+00,1.317638437755929148e-01,-6.054698281717083574e-01,1.970204744206403014e+00,-5.405245272211697483e+00,-2.740345678530060614e-01,-5.735650005448234001e-02,-2.050491641225329786e+00
0.000000000000000000e+00,1.633021992366757491e+00,-5.814617604587375865e+00,2.484260034130216788e+00,3.911519616248906317e+00,1.243026063957124450e+00,-9.889304456394002463e-01,4.161061170501886508e+00,-3.844565752154953664e+00,7.547823584283365195e-01,-1.236343166265718718e+00,9.643786718766260702e-01,4.530113242424089748e+00
0.000000000000000000e+00,2.500861033662316046e+00,-6.038363077973295745e+00,4.205332429164868602e-01,1.591539914806010980e+00,1.637719669480695028e+00,5.596926462416855763e-01,4.048584519280421290e+00,-1.675343784641553313e+00,6.976241410809713717e-01,1.177416628078305161e+00,6.570480641363687369e-01,3.904113398405760549e+00
1.000000000000000000e+00,1.073190242312260789e+00,3.962865176086653562e+00,3.675318868897814895e+00,2.541384250944251910e-01,8.232780035738156421e-01,-1.437023326518531263e+00,7.889754716769881160e-01,2.919110088253815682e-01,-8.194191807433650609e-01,3.122088523580767161e-01,-4.739769104531111665e+00,-6.909979962109007445e-01
0.000000000000000000e+00,3.976736010155871304e-01,2.117229094557934399e+00,2.434039105258062552e+00,5.229334053374312674e+00,6.681290859118980130e-01,-1.501331798122781169e+00,9.553007171520633278e-03,-5.641965687854377798e-01,-2.718248286707322325e+00,3.012069298488486702e+00,-2.612671946995441807e-01,-2.295108678576339045e+00
0.000000000000000000e+00,-1.376469946152684365e+00,-7.165963372908586981e-01,-9.016082846780202331e-01,-3.541804572764012615e+00,-2.947827274826684274e-01,-2.955421173031772319e+00,-1.706513879930482425e-02,2.315076241906590226e+00,2.177104880400109632e+00,1.510157950213730338e+00,-1.358650063781323691e-01,1.423166602845140405e+00
1.000000000000000000e+00,4.412118029598799396e-02,2.303842995314704378e+00,2.989835178118330994e+00,2.722618647640360767e-01,1.545309629053529754e+00,2.854758441117180023e-01,2.334290520543005343e+00,1.405935700400137600e+00,3.696523102745667977e-01,2.284254695030331073e-01,-1.917435599482600672e+00,-1.001123832702452310e+00
0.000000000000000000e+00,-2.764028573178135773e+00,1.424329029511202771e+00,-1.856140171619188095e+00,-3.706627973789954122e+00,2.788195970991105277e-01,-1.000413317857952622e+00,-6.152965030153099146e-01,1.767147975985508435e+00,-7.931440467594643717e-01,1.650906135275962860e+00,-1.216876919989823724e+00,-7.866218403955085314e-01
0.000000000000000000e+00,1.173686785011316847e+00,2.632015292366693959e-01,2.969100712093908356e-02,-6.543194995423681881e+00,2.138356514652032025e+00,7.266272651328153920e-01,-3.581336292955937139e+00,2.114877011418132557e+00,-3.301830963788219275e-01,3.837884254201629819e+00,-9.958315285649274040e-01,1.881189741813777960e-01
1.000000000000000000e+00,-1.444326177113699483e+00,-1.744938568908804832e+00,-3.646729431572687474e+00,-3.650000923328605484e+00,1.091240724342345203e+00,5.293461841149041724e+00,1.036227672668206257e-01,-3.121478685407630849e+00,3.577799702197041132e+00,5.659101724195374494e-01,3.959455410816917542e+00,2.607563095734084513e-01
1.000000000000000000e+00,-1.710732113625466955e+00,2.828143952546166240e+00,-1.592839436949323506e+00,-1.787127772442183238e+00,-1.222611722748324636e+00,4.153629492976081972e-01,-7.677709602138522715e-01,1.170788070362269284e+00,-1.022784746867700267e+00,-5.509829101622727432e-01,-1.577268558728026182e+00,-1.384336419937911566e+00
0.000000000000000000e+00,1.021929461900823011e+00,2.887945716759195758e+00,1.294623060486770338e+00,1.229308725112846945e+00,1.582736594883167758e+00,1.114510056307577823e+00,-1.741611284344561916e-01,1.186445491646604733e+00,-1.876614945949725000e+00,4.075205233870847543e+00,-1.126743863721860750e+00,-2.842351872620252351e+00
1.000000000000000000e+00,-3.255709952760232451e+00,-3.155763827180366188e-01,-4.737304353426562642e+00,-3.568326254330453917e+00,-2.551697783259135655e+00,4.833922980616320864e+00,2.422379986088788240e+00,-1.654692675851568762e+00,4.151553063931310295e-01,-3.049369655881753793e+00,-3.117305374605128243e-02,2.053646063570370828e+00
1.000000000000000000e+00,-1.994664948383413794e+00,1.037365463157120971e+00,-2.058753122792052803e+00,-4.099264737810129233e+00,-1.676026375777317501e-02,1.567225875791404821e-01,-2.424172353440013250e+00,3.044634597686419752e-01,7.198287272063166320e-01,6.765084001333894204e-01,5.683796906593021614e-01,-6.529317574659193602e-01
1.000000000000000000e+00,4.230457979790752887e+00,-3.186294518264498166e+00,-8.127331581405705663e-02,5.455293239470025313e+00,6.255915374557263764e-02,-3.526723613324986850e+00,-2.302981732991111308e+00,-1.581932738019858231e+00,-4.145227933362754413e+00,7.565217686459793089e-01,-1.050122941280438260e+00,-8.902828131661510991e-02
0.000000000000000000e+00,-6.706508755455209414e-01,-1.074330268703841629e+00,-2.599251095367185460e-01,-3.365497676442819053e+00,2.442417255000704834e+00,-5.602143413493934077e-01,7.578267796806038570e-01,1.702462751433686527e-02,-1.472739902747990381e-01,1.693528728530262484e+00,-1.616820437861341331e+00,7.150761675498317205e-01
1.000000000000000000e+00,-3.603306572918407724e-03,-7.703181013983410874e-02,2.049883888220156436e+00,6.406018343381727487e-01,1.651020117102496521e+00,-1.780333825393553226e+00,7.611822334227267284e-01,2.649694026348262454e+00,-1.858170344409643349e+00,3.023317346232518243e+00,-6.341072832121792402e-01,-5.060052735980165028e-01
0.000000000000000000e+00,2.543861725143909513e+00,3.705795360372704295e+00,1.561294389819646966e+00,2.892074446033685575e+00,-9.577028306091888155e-01,3.233780648762155430e+00,1.548785703502233435e-01,-5.010371555815472666e-01,-3.201149384107644824e+00,-2.780042527171580957e+00,-3.529842564418230744e+00,-1.983583732166503522e+00
1.000000000000000000e+00,-3.581541629573423702e-01,-2.825068760039608939e+00,-3.231468810930935742e+00,-6.322734980850706066e+00,1.330790067609627148e+00,2.476828857646388382e+00,-1.801408546459721816e+00,-8.057866735505836431e-01,-1.153461259130044159e-01,-4.914739134118814023e-01,8.146621739967163656e-02,1.592934529243968278e+00
0.000000000000000000e+00,1.821727875619538306e+00,2.236280886749473673e+00,4.931917826818528194e-01,-1.318820986879746249e+00,1.925774580254032031e+00,-5.822511186879466560e-01,-1.920888631774574806e+00,5.464702256035380845e-01,-5.373044714161783197e-01,3.331286331037504045e+00,-2.252782625320921106e+00,-2.209146673122793558e+00
1.000000000000000000e+00,1.474000811925877397e-01,3.509125316060861532e+00,1.202089831326206948e+00,-3.122281502216881055e+00,-7.696640545672001066e-01,1.687600663730175476e+00,-2.637457652971756161e+00,3.377547861118355144e-01,-1.041324185473172292e+00,5.152116750759732078e-01,-1.810917637792951673e+00,-2.474314031204971620e-02
1.000000000000000000e+00,-1.894786799439098779e+00,1.881127836532044073e+00,-1.160653943113797659e+00,4.787974949739752240e-01,-1.443224172763765134e+00,2.895323570107326994e+00,1.570028202074876589e+00,-1.762653045807130781e+00,2.332326231397557681e+00,-7.420046095272470055e-02,1.819902588650785358e+00,-3.200638018678673147e-01
0.000000000000000000e+00,-9.090239682652383468e-01,2.962718238240877877e+00,1.212393452090054335e+00,9.914011027555096334e+00,-9.321294214554285418e-01,-3.825953490880992902e+00,1.224988729797698017e+00,-1.171590153241988119e+00,-3.498366176957629747e+00,4.204769981339458340e+00,2.703528314377829922e-01,-3.665804922870176341e+00
0.000000000000000000e+00,-5.042563775086643663e-01,5.376812900581549037e+00,1.341240753963943044e+00,8.311564100235115937e-01,-1.545670044045506675e+00,8.568820453610626053e-01,1.811155338547369098e+00,-1.096426014234135771e+00,-6.304376526226911359e-01,-2.797110814080421726e+00,-4.788889617378805141e+00,-1.026121025127784581e+00
0.000000000000000000e+00,-2.168756049953611154e+00,-2.409644715596579001e+00,9.499530437411992656e-01,-1.939787639533478769e+00,2.561787158794341934e+00,-3.054384586633438481e+00,-3.054372165972165654e-01,1.619971762131579673e+00,2.590794351332572631e+00,1.311283239266780587e+00,3.212841260271045662e+00,3.085162101258409617e-02
1.000000000000000000e+00,-8.879884426564205180e-01,3.698522668654598444e+00,-5.564015324100720639e-01,-9.694899990424544756e-01,-4.459211022506097688e-01,1.702095120808583939e+00,-1.736986225143140050e-01,-1.765192058289366983e+00,1.006769774592909394e+00,-1.242317937650069037e+00,-1.590177241086318638e+00,-1.607926061521827155e+00
1.000000000000000000e+00,-1.328523466760617167e+00,2.458103831360817892e+00,-8.585433367270325355e-01,-5.109456457265656448e-01,-1.827781329321464643e+00,1.000110029200498296e-01,-1.362035535456519009e+00,-3.930676826159104076e-01,-1.462225644299377514e-01,-4.990983742948326141e-01,-2.952023165023525131e-01,-5.837612517524348732e-01
1.000000000000000000e+00,5.814504781088873919e-01,3.120361690061198789e+00,3.501543460409991315e+00,-1.179256966731160317e+00,1.847224028144044183e+00,1.396339844506582217e-01,-1.806869059928608134e+00,2.384255193181616939e+00,2.786789561669460458e+00,4.146824726062520172e-01,1.231784359967893483e+00,-2.727219006869137985e+00
1.000000000000000000e+00,-7.225152631895324085e-01,-2.050877606216709115e+00,-3.961460662974951585e+00,-3.018665511512954147e+00,-1.120569612563855566e+00,2.147698942022293167e+00,-1.667844582172317125e+00,3.184845087537979680e-02,-2.973580261383403922e-01,-4.625577372378137930e-01,1.719852061101805329e+00,8.297054511868038329e-01
0.000000000000000000e+00,-1.156536083734855502e+00,2.299827379314377307e+00,1.989996370285928684e+00,-6.369524908536515762e-01,5.408411258677192635e-02,-1.072639398172228864e+00,6.707735091572584185e-01,-5.989762305107849683e-01,3.118346793240964310e+00,-1.010328394344734981e-01,-8.673385375495867855e-02,6.064333692794199315e-02
1.000000000000000000e+00,1.446376539320001653e+00,-2.038913365528490562e+00,-5.912391395373628455e-02,-3.528487498343837903e+00,2.528387015552582717e+00,-1.606842542182109312e+00,-1.139053566846520482e+00,1.416910490683640944e+00,1.305264865847751032e+00,1.472228707049704433e+00,-5.831802746278478278e-01,3.187453177118706460e-01
1.000000000000000000e+00,2.861056413902041129e-01,8.197799087701955756e+00,8.247988491563529312e-01,-1.302282586251630514e+00,-3.251074089558996238e-01,2.047957176323266015e+00,-1.331890266237750531e+00,-2.450210749780678210e+00,5.802871231434073573e-01,-2.848228254320655406e+00,-5.417967809914056687e+00,-3.786805780813530475e+00
1.000000000000000000e+00,-6.729255280097566905e-01,1.095539772498886677e+00,-3.943101658032285961e+00,-9.971225832313939108e+00,1.925776645819352595e+00,2.677971806924472453e+00,-3.814407746303260183e+00,-1.392204799708157914e+00,-2.395979185473964268e-01,-2.620607785197526240e+00,-3.927984962500486343e+00,-5.617370686342944008e-01
1.000000000000000000e+00,-2.153164278088146588e-01,1.875605313347422198e+00,-3.101260754491684590e+00,5.208132873507947735e+00,-4.198995978605907453e+00,2.982014320759434511e+00,1.426627560746515311e+00,-2.371742811380403992e+00,2.674818415641530223e+00,-2.107845629944523402e+00,2.984846468947872200e+00,-1.601907999787222980e+00
0.000000000000000000e+00,-1.106418072340198400e-01,-2.824284232208924106e+00,4.368393151442866440e-01,-2.488493237442016337e+00,2.924755749519924564e+00,-1.638635990150090205e-01,1.388319595026849207e+00,-1.021066954854880082e+00,1.228733511366787878e+00,2.589033973571199354e+00,3.399989480748957238e-01,1.836719055657662469e+00
0.000000000000000000e+00,-4.371590623714605162e-02,2.529064628270716319e+00,4.519055955890094012e+00,-1.871560334502618383e+00,2.692337753538429190e+00,2.854171215550893592e-02,1.707309464911906050e+00,-3.986365178741672732e+00,1.748673273502052705e+00,5.809393260694635241e-01,-3.486982794155607301e+00,1.549669098703425174e+00
0.000000000000000000e+00,2.752479347980636426e+00,1.915750122009125533e+00,2.162257752185586579e+00,-5.231213550657700662e-01,1.600429484662872381e+00,3.406269298903834120e+00,-1.024151461435930832e+00,-4.609315994732900990e-01,8.081907592021031483e-02,1.957275194832619025e+00,-4.784119355160605380e-01,-1.091390254260902193e+00
1.000000000000000000e+00,1.783006435990837968e+00,1.044253347231925561e-01,2.013091975615641349e+00,1.249869805841042458e+00,1.148475146626806387e+00,5.500428639828307542e-01,-6.042283554909044785e-01,1.130711131871379616e+00,6.472918635022062439e-02,2.070591006873661932e+00,1.196597740613615901e+00,-8.899476575536593437e-01
0.000000000000000000e+00,2.428488554464995453e+00,2.650702632447049290e+00,1.461812286110177883e+00,6.537292606900195757e+00,1.763615645425711254e-01,1.064481961340796978e+00,9.425367214411850547e-02,-1.995888807579099256e+00,-2.952495451192974407e+00,-2.502166180348820657e+00,-1.856848360841529377e+00,-3.741025922499751299e+00
0.000000000000000000e+00,2.835455090824899216e+00,2.361884245904377178e+00,6.622136682033841204e-02,-9.612852609181828933e-01,1.138117170851937532e+00,3.798537122753562034e+00,-1.986021540631189408e+00,1.083972857556017910e+00,-2.294942762744677900e+00,-2.282523923686989864e-01,-2.026538823322207250e+00,-2.849827327196913451e+00
0.000000000000000000e+00,-2.427034000451966378e-03,-1.101645106049115697e+00,-8.404844718578559082e-01,5.340437684391246442e+00,1.234154693569223804e+00,-5.001204372197445291e-01,-2.521072588580308249e+00,-5.611140450689702242e+00,-1.120471683517949346e+00,-2.711377769909451452e+00,2.744707111880224648e+00,-2.964175648081430747e+00
1.000000000000000000e+00,-1.871749249014902361e+00,2.443512275422622615e+00,6.768530074456351464e-01,-5.150916142851911239e-01,-2.113380206675678608e+00,1.724723896499252618e+00,-2.560751706799468952e+00,-9.704649357899094442e-01,-8.370863595445552363e-01,1.865608271842299271e+00,2.185864526054020374e+00,5.792721596089931424e-01
0.000000000000000000e+00,1.739519000753763756e+00,2.769119952385991734e+00,1.951665874849065618e+00,2.719301923935527387e+00,1.070068582035150984e+00,1.522104781106520477e+00,8.667301758631680286e-01,1.747236229148245723e-01,-2.728089270515455134e+00,8.072748310766899582e-01,-2.623690936340635105e+00,-2.369911127068533574e+00
0.000000000000000000e+00,-2.217949908911757362e+00,3.058604656439719349e+00,3.670120825853475655e-01,-2.944879860461751431e+00,1.418009128764088356e+00,8.632958400247248143e-02,8.854964658596431448e-02,-3.685984581527772530e+00,-1.045184569986923773e+00,2.803747773569666091e+00,-3.451440755338308630e+00,4.182943877527069976e-01
0.000000000000000000e+00,-7.269743264185775100e-01,-1.313317386841178491e+00,3.063106185593577280e+00,-3.427682148021676589e+00,4.177515890725226555e+00,-1.940116445331926620e+00,1.363843320899465583e+00,-1.923226793350656383e+00,2.559572729704809868e-01,-3.686372479945114744e-01,-2.919009327209143745e+00,1.907239585259201231e+00
1.000000000000000000e+00,-3.683933663925823776e+00,6.641028743922374744e+00,5.542727757453087545e-01,-4.110806552738392128e+00,-1.511810711973371246e+00,-2.910257829999726376e+00,-3.365557107016486693e+00,-1.608193959075867374e+00,1.898646955790058488e+00,-1.209207477422891808e+00,-2.828908930095292096e+00,-1.191781624573871712e+00
0.000000000000000000e+00,-2.391676613624447167e+00,2.897240479360486010e+00,-1.671685354778389421e-01,-2.877932778325007934e+00,2.574202545609768134e+00,3.661596700996677667e-01,-2.665388242698973453e+00,-3.694714977689120605e+00,-1.777941398199675449e+00,-1.416265101618618072e+00,-2.277220206936198643e+00,-2.421850744402338940e+00
0.000000000000000000e+00,2.989497332624845294e-01,3.081834777389814040e+00,1.270950959735695163e+00,2.370550754732605458e+00,4.293212037926371627e-01,1.906688281878878843e+00,-3.993125139535342871e-01,-7.176305845908341752e-01,-3.740213022546996946e+00,-1.042262539573269198e+00,-2.074931139618131581e+00,-2.605619880781731013e+00
0.000000000000000000e+00,-4.968154917464254750e-01,5.158264559147657913e+00,7.705361698038681872e-01,-9.741124277231878459e-01,-3.206679458162566831e-01,1.923032037577842246e+00,1.228578915927002857e+00,-2.570427532911649493e+00,9.521898898880143403e-02,3.179900251668831945e+00,-3.624734528582255422e+00,-2.849774372290239111e-01
1.000000000000000000e+00,1.839454900171756169e+00,3.561757280031879747e-01,1.947531914276731113e-01,2.113179385823644285e+00,9.349372691301175431e-01,9.900434473240846689e-01,-7.768295937031888254e-01,1.560850826734893282e+00,1.240292645033851837e+00,2.294662907251588280e+00,2.542747025759916735e+00,-2.741872234591628654e+00
0.000000000000000000e+00,4.239389774975903080e+00,1.859000243318899903e+00,6.825704323863871492e-01,-1.575057111730112425e+00,2.711913271387951241e-01,2.172374970289930651e+00,-1.778069568658324329e+00,2.195842922768962424e+00,-3.859974569418237467e-01,2.313362395416942441e+00,-2.155274750278334484e+00,-9.825276232180163438e-01
1.000000000000000000e+00,1.804198536963587340e+00,-3.727305409603506980e+00,-1.772693161628002834e-01,-1.390428848409918094e+00,2.235389442187440068e+00,-1.560976819515932368e-01,1.055263486913323723e+00,-9.042936219716635193e-03,-3.173382048522715770e+00,2.881491350235699578e+00,-2.199629219170667227e+00,2.341718415915503115e+00
0.000000000000000000e+00,9.207910433935597716e-01,3.096893277201907324e+00,3.477392390085753959e+00,2.617705068069223984e+00,1.130028769522968046e+00,5.562985524528878400e-01,1.299984871853521184e+00,1.219434819946866533e+00,-2.828074221642552288e+00,3.588953578320548399e+00,-2.081084750827699281e+00,-1.497274218392573131e+00
1.000000000000000000e+00,5.209079273929420051e-01,-6.683104855503613217e-02,2.464446947114669051e-01,1.271351836023367543e+00,6.391025037211834903e-01,-3.028923170681073751e-01,2.073555756070090128e-01,1.276463156347134031e+00,3.973065711202306005e-02,3.023885261055705431e-01,6.054143302078101030e-01,-1.395589670529366444e+00
1.000000000000000000e+00,-8.261235891210302329e-01,4.548043280167337166e+00,-1.267594384842125388e+00,-9.689520058070495434e-01,-1.533568709159447430e+00,4.774026477705843874e+00,8.701813373336273472e-01,-2.977588066987854276e+00,3.811200365797116962e+00,-1.686304648619324276e+00,2.397350359922034713e-02,-1.431848151528426705e+00
0.000000000000000000e+00,-1.905348847252830158e-01,2.596136567565093589e+00,3.771747256743807952e+00,7.303672088585740241e+00,1.212464572825732612e+00,1.757536245896858418e+00,2.628058577685242980e+00,-6.462895307953464563e-02,-5.984399399150732712e+00,2.024947235175722504e-02,-1.189308719450695717e+00,-3.123430602991446037e+00
1.000000000000000000e+00,-1.277274259487464425e+00,2.084732598387588176e+00,-5.735064924979926815e-01,-3.004969062916001299e+00,-1.849628611639533293e+00,2.803288692310188512e-01,-1.004364969340458824e-01,2.189700109961306485e+00,-7.037289810201743379e-01,-5.309792989983381784e-01,-2.082570271667175899e+00,7.838177319993815395e-01
0.000000000000000000e+00,-9.836323141556628791e-01,4.174215527668460268e+00,1.932788598242076494e+00,-1.037749473836836911e+00,-2.173607319142239369e+00,-2.034573079465245904e+00,1.092152521040437696e+00,-1.357388450865030904e+00,3.347597026544065990e+00,-6.748905316077924432e-02,-2.768399871093130571e+00,1.630732386211839913e+00
0.000000000000000000e+00,1.920442210298614949e+00,-9.411619892258800135e-01,1.540415752806404193e+00,-8.291216024905938564e-01,1.161885604815927175e+00,6.962803509748849429e-01,-1.828999842900342232e+00,-3.994377250131587731e-01,-1.201985523061591010e+00,-3.112653656344215314e-01,-3.238725343013737490e-01,5.814739198331730918e-01
0.000000000000000000e+00,-1.904147911891223011e+00,1.877197507296596957e+00,2.106013240945213916e+00,8.718178516304879722e-01,6.126727278654975350e-01,-2.338841480876481249e+00,9.746474749793558878e-01,-2.652044264955681907e+00,3.852305149398672635e-01,-1.401610537152403690e+00,-1.826276757308975096e+00,1.021754939967804976e-01
1.000000000000000000e+00,-1.204961669064689822e+00,8.036692501004523592e+00,4.999730640470128051e+00,1.012530473499213102e+01,-8.995822973902467545e-01,6.252043551743073913e-01,2.287131335037773994e+00,2.773979880654911412e+00,-6.505847318294115667e-01,-1.128056094532364551e+00,1.532830759134779175e+00,-7.459202487879801780e+00
0.000000000000000000e+00,5.844337008611835138e-01,8.137326761532315267e-01,4.072084583758633691e+00,-2.589064662921108706e+00,2.421597927268078987e+00,-1.265346995467707014e+00,1.900292557557128115e+00,1.291639463127129517e+00,5.809047273465795413e+00,1.496469274131597027e+00,1.629764406245401975e-01,9.200356599896739596e-01
1.000000000000000000e+00,7.924557934183713570e-01,3.012482576277348389e+00,7.611236559938778790e-01,-2.266563975071296255e+00,1.818400962976354673e+00,1.831636371904059146e+00,-2.268240304804642449e+00,-2.346995209911518110e+00,1.443064419982763136e+00,3.895120086407908300e-01,-9.978391979021026259e-01,-1.967119967302936923e+00
0.000000000000000000e+00,-1.622322482378729891e+00,-5.460850478200944380e+00,7.582405544365921068e-01,-4.970340951581084354e+00,6.169520319588616353e+00,-2.505778373299796691e+00,2.053405054872103896e-02,-1.326466031922181266e+00,-1.006396537686450099e+00,1.403951865101897623e+00,-2.506956726703063465e-01,1.909923824565743722e+00
0.000000000000000000e+00,5.631924826986662858e-01,-2.894239383956882516e+00,-1.411005309344666170e-01,1.077352628292040704e+00,1.113902597902539870e+00,1.276789193560453839e+00,2.681939196372579826e+00,-2.645174795360292208e+00,-6.461858302360679041e-01,2.820923479648598242e-01,-2.479621253208263987e-01,2.076521106896069391e+00
1.000000000000000000e+00,-1.945514919312798519e-01,-1.443808299154313746e+00,-1.668898065893865468e+00,-8.961299806866225737e+00,5.332049891790446861e-01,1.535318878552531796e+00,-2.153783303168678387e+00,1.686769785734342442e+00,-3.217934265695405749e-01,-3.563642845203319753e-01,-2.081640474867934021e+00,2.940838682118386949e+00
1.000000000000000000e+00,-1.480218696020260793e+00,4.213131530844959727e+00,-4.645128503569090350e-01,-3.308600487517410649e+00,-1.859915310144440781e+00,-7.519091479670154676e-01,-3.402944866504486132e+00,1.027568540986801615e+00,-2.605264482855762509e-01,-1.931905425186611902e-01,-1.653313434501689327e+00,-9.654515322213333972e-01
0.000000000000000000e+00,-3.416132235327734579e-01,-6.997314914608861791e+00,8.533625667566490103e-01,-3.459230584052049862e-01,3.861222778740485584e+00,-2.016488619611314981e+00,1.751390812395904995e+00,2.284805140498933351e-01,9.444611079133266029e-01,8.760067849115182881e-01,3.396229160067201214e+00,2.192928526673636469e+00
0.000000000000000000e+00,-6.964772737703776029e-01,1.301289744888211919e+00,5.336752986285562272e+00,-1.178662570426979750e+00,3.462962950405298557e+00,-1.429448234427535214e+00,1.134777579333200004e+00,-4.155623231060440403e+00,4.968186303763683753e+00,1.365756756277637374e+00,2.578360507643286947e-01,1.318958529030572091e+00
1.000000000000000000e+00,-1.372583061692709716e+00,3.189476854648009674e+00,3.028226189242092303e+00,4.123002189770542891e+00,4.947983443608694465e-02,-9.165916734604486749e-01,3.654362774877432773e+00,2.241377460183290538e+00,-2.707394243507438292e-01,-8.329087624138260537e-01,-9.725170876611929360e-01,-2.266107173549923637e+00
0.000000000000000000e+00,-1.480805674447239539e+00,2.099122268862093410e+00,-2.409782243323181916e-01,-2.593065413365636562e+00,-2.658395383951175361e-01,-1.288702998669540190e+00,1.206487187281324314e-02,-5.062859337384253422e-01,2.216787994193623934e+00,3.685963529612597878e+00,-7.436975013649098631e-01,7.041497204808919719e-01
0.000000000000000000e+00,-1.273077257239030535e+00,-5.125983355207146985e+00,2.458540943912143284e+00,-2.423458161372303188e+00,5.490775104188443834e+00,-2.912914138181365242e+00,1.116051871028003406e+00,-2.478064843290535002e+00,-1.270410000632069547e+00,-1.212593518504231582e+00,-9.582490275739438124e-01,2.384173994962893950e+00
1.000000000000000000e+00,1.747405958044783159e-01,6.050431427931498796e+00,3.421526636879831607e+00,3.633018864611217147e+00,2.470707524572240965e-01,-2.876481911387692048e+00,1.371273392093067311e+00,2.148547918901002607e+00,1.550423051596627300e+00,-5.215990224561155575e-01,-2.713596287736110835e+00,-4.352503177942645962e+00
1.000000000000000000e+00,-4.375886197197880190e-01,5.245601303035142271e-01,3.762495331601762860e+00,6.121107616173995236e-01,1.084319885232922998e+00,-1.937414487062236290e+00,1.367861756168655241e+00,1.956604191457259390e+00,-2.906659540302212186e+00,1.732458591693793792e+00,-2.119977967997623836e+00,1.015346295401703625e+00
1.000000000000000000e+00,5.944240921088068674e-01,6.269842328692373457e+00,3.538873423518459127e+00,1.075016358553355467e+01,-2.182896932305886661e-01,4.657030198338818483e-01,3.729246532095368050e+00,-3.875355130627844424e-02,-3.340373029854620590e+00,-1.901801255997848550e+00,-2.527292361477304183e+00,-6.207131119311306122e+00
1.000000000000000000e+00,-1.671235547966132495e+00,2.408530521907474409e+00,-1.396513029973095232e+00,-3.383050737642976813e+00,8.837723524553560139e-01,2.588253566014811824e+00,-9.050433497141524564e-01,-2.684500475702632727e+00,2.697878437763286286e+00,-1.532945848340591111e-01,3.673950858562604616e-01,-1.269433348116812077e+00
1.000000000000000000e+00,2.444988567335223628e+00,-1.318146583039869757e+00,-2.229239009414174522e+00,-1.705410540865859970e+00,9.578413220954482554e-01,-2.616431833085305581e+00,-4.212075919377434197e+00,1.192661070856384509e+00,3.901774682708958331e-01,2.929405241192856835e+00,3.155792505940275827e-01,-1.453767623214839766e+00
1.000000000000000000e+00,4.579099129319815775e-01,-1.743932128387751579e+00,1.402722026717462711e+00,4.396004979459450901e+00,4.697023580799808418e-01,-4.524441711431720137e+00,1.311215553506543952e+00,1.439476975225848721e+00,-5.625272471651128647e+00,2.501967466901318993e+00,-2.474386521907315117e+00,4.565884552842383037e-01
1.000000000000000000e+00,1.673404957430274065e+00,1.077570750376571018e+00,1.643263641728769819e+00,-1.844660112047096678e+00,1.728468286307773827e+00,-1.579833469407731616e+00,8.105416686185569208e-01,-2.386233461556301894e-01,-1.548676195309230952e-01,2.166371126543124026e-01,-4.772616941391577328e+00,4.674250992115214220e-01
1.000000000000000000e+00,1.435897864330061502e+00,2.738888869515871072e+00,4.784750552973972004e-01,3.881336507729555851e+00,-4.022272930282559944e-01,-2.179729514523564227e+00,-1.135416332143603046e+00,1.306370787606119910e+00,-6.775453321087685499e-01,1.746791200423012169e+00,-6.377581051589265027e-01,-3.444506372942891748e+00
1.000000000000000000e+00,-4.938597685473793408e-01,1.885766021804111459e+00,2.001815471644982303e+00,4.902830554771976601e+00,1.677598247078671889e+00,2.764722996759120033e+00,1.854727476588140966e+00,2.664473094745304138e+00,5.238064993180335804e-01,-1.373590439246596961e-01,3.897048740812591561e+00,-5.018592326270105097e+00
0.000000000000000000e+00,1.238169542184823335e+00,-1.015467311206253581e-01,3.647899477377593236e+00,1.121573619311821091e+00,1.798287586060934196e+00,5.742087040586463242e-01,3.371272578471678383e+00,-2.872033691274352485e+00,1.775195320036447644e+00,-9.893080429299347944e-01,-1.810768080195474639e+00,1.819177248502477529e+00
1.000000000000000000e+00,-7.605816196577297461e-03,2.407385922145742541e+00,1.270776850098721766e+00,4.071598858315593539e+00,-1.066760128907049854e+00,-2.872387923583177738e+00,2.642445244091575773e+00,-7.022044878497839537e-01,-3.619397124543267452e+00,-2.126200578537976948e+00,-5.568997524182379699e+00,-4.704769236713602920e-01
1.000000000000000000e+00,9.592655566385236421e-01,-1.557569355246505305e-01,1.798577156643470065e+00,1.902092280988039175e+00,1.706335252894342069e+00,-3.987814018290810614e-01,-1.264694523040454932e-02,1.309019438289364512e+00,6.801589572506738790e-02,-2.762913235546882174e-01,9.972569258198180631e-01,-1.913675034285399423e+00
1.000000000000000000e+00,-1.415573382680798131e+00,2.022573416104439303e+00,-1.011053515739383846e+00,-6.904419388299399829e-01,-1.455755577951054036e+00,6.712959306420058780e-01,-7.925219984737097434e-01,-1.936719547584991874e+00,5.683360477205336991e-01,-1.195068358740464021e+00,-3.129801447237445799e-01,-1.209196779177916792e-01
0.000000000000000000e+00,1.802185441340208527e+00,1.865401824672046072e+00,-1.050427737498521807e+00,-8.432811479971912050e+00,1.362483994742810012e+00,3.354371229958439837e+00,-4.066244031903595513e+00,-6.162911473751000457e-01,5.047723595850486245e-01,-1.477127319860971788e+00,-3.457885940165982497e+00,1.134016539978739413e-01
1.000000000000000000e+00,-1.891972888023083499e-01,-1.985821597342690925e+00,-2.889440740496913573e+00,-8.889225863659943272e+00,2.352922742953691415e+00,2.388254946341842100e+00,-2.505879311051719238e+00,-1.938778625179119697e+00,2.897745718190323228e-01,-1.644087561589444135e+00,-2.085072983036047489e+00,1.755173611321550808e+00
0.000000000000000000e+00,-2.009381855251577420e+00,-4.350792040446807007e+00,1.757046698631886450e+00,-1.383612658151087693e+00,3.875985714149248640e+00,-3.123216324935824684e+00,6.460463329028761637e-01,-1.842065118813588365e+00,-2.065293705200399454e+00,-2.412389191916593401e+00,-6.466842923946930499e-01,1.862542398892342854e+00
0.000000000000000000e+00,-6.626067712241621166e-01,3.965853775541580362e+00,1.959617120596305551e+00,5.450496594152324903e+00,1.278440177638359154e+00,3.517952576313625457e+00,1.882425741993976498e+00,-1.934595666401144776e+00,-5.439458623314612495e+00,-2.114690989348489758e+00,-2.302716307263117823e+00,-4.180467299271037440e+00
0.000000000000000000e+00,8.132340519355174546e-02,2.491554606243063574e+00,4.752994989517054236e-01,-2.440365743386052166e+00,1.902360315702868565e+00,-1.066278441258807774e+00,-2.186181386435513296e+00,-7.713121812156488177e-01,1.416394488934451523e+00,5.742390092815839786e+00,-4.672723044544420112e-01,-1.342578555327812451e+00
0.000000000000000000e+00,-8.975992832457412307e-01,2.904330525624702286e+00,3.452600619844066632e+00,-9.967664904814939053e-01,2.409303984990043723e+00,7.721478407627158091e-03,1.595454624914474095e+00,-1.903970037342796129e+00,2.236017363954228898e+00,1.474468401138135487e+00,-1.465289539760975313e+00,-3.373763955760182842e-01
0.000000000000000000e+00,1.772321603377235988e-02,3.681763920555896519e+00,2.858211030400243047e+00,9.976832351542671562e-01,4.444016603684151079e-01,9.904559583508121268e-01,1.844647173417583108e+00,-1.144656594745871336e+00,3.426137856284832583e+00,1.211763613991163391e+00,-2.170858227449844469e-01,-8.818146395861330422e-01
0.000000000000000000e+00,4.298748231195510527e+00,1.989538668866750903e+00,-1.007821981422578617e-01,-8.144022888082750100e+00,9.153929882702273035e-01,2.900262350500960817e+00,-3.655124709624110846e+00,5.892555140477679920e-01,2.923976845625704701e+00,2.011158133141644822e+00,-3.208316276278475154e+00,9.986412074962873753e-01
0.000000000000000000e+00,-2.515360787665826159e+00,-7.913304311058622087e-01,-2.004484487018997285e+00,-4.102313957668747291e-01,-1.449248625132590007e+00,-1.797815051864274150e+00,3.173313519580774900e-01,-2.574624520495347735e+00,9.122067834064884195e-03,3.840566725895363298e+00,7.080173482634934956e-01,2.458891197189236877e+00
0.000000000000000000e+00,-2.414418188324290782e+00,-6.156264659932205952e+00,-7.346181150571697849e-01,-2.770672209077645665e+00,4.823516738961203032e+00,-2.046569244863738035e+00,-7.268872505851518007e-01,-9.731700289217298794e-01,-1.693609626018225178e+00,8.672952521932140169e-01,2.483912503057445598e+00,9.711758117486951614e-01
1.000000000000000000e+00,-1.129848736457406577e+00,-1.894240212463785600e+00,1.488680032256341379e+00,6.218023815854427649e-01,1.413368507034170829e+00,-2.879390380958531281e+00,1.555055641734016669e+00,3.101702692135096751e+00,-3.562405659436586713e+00,2.877491589511933956e+00,-7.887778263347718921e-01,8.327992385096991690e-01
0.000000000000000000e+00,-2.331336920827244086e+00,-4.062203665403621433e-01,-2.052286266808637016e+00,2.385203979588629508e+00,6.869169281015568007e-01,3.001010663373990806e-01,-1.276779545554367346e+00,-4.233100413667546746e+00,-2.773668639662226099e+00,-2.477135613902400113e+00,9.717708014464188082e-01,-2.028198911565083584e+00
1.000000000000000000e+00,-2.365501273884666578e+00,3.483995396185521898e+00,-1.815315435964587332e+00,-7.252901537595315418e+00,1.822719449580957995e+00,2.428829975994697854e+00,-2.329779531918793722e+00,-3.399887074914992979e+00,3.009919263407874634e+00,-1.090807356005379480e+00,-1.601961189168704003e+00,-1.315804365488232763e+00
1.000000000000000000e+00,-1.070593301217002136e+00,2.510706849708271182e+00,5.518098976630622765e+00,3.591353596967119977e+00,1.136995513076703102e+00,-1.975580742161317183e+00,9.765165768123976742e-01,2.558700587668656823e+00,-2.708505588025762023e+00,3.061573865370947889e-02,-5.199769702734582388e-01,-1.630109769915532247e+00
0.000000000000000000e+00,1.115573493951210526e+00,2.791121168805081432e+00,3.427228200625743959e+00,-1.061654882041160208e+00,2.867601736789759492e+00,2.427591670689138503e+00,1.814108087551780102e-03,-4.234846225238235728e-01,-1.317533186991375782e+00,1.182419022244391993e+00,-2.318828959458127059e+00,-1.403797846322091036e+00
1.000000000000000000e+00,5.532913654849251905e-01,2.286855515583965381e+00,-5.767040094025672747e-01,-8.455951715443560390e-01,-1.468347995641570591e+00,-1.853105610103611856e+00,-2.467846547541040714e+00,-2.564182695827793568e-01,6.518144338562205098e-01,-1.630926095036634216e+00,-1.874531194100464981e+00,-8.149901085390852673e-01
0.000000000000000000e+00,-3.757407324239955937e+00,4.854232608670337457e-01,-7.065975099268348991e-01,-4.392273737956278623e+00,2.969642573103998373e+00,-2.385890577432159709e+00,-1.348069113041788114e+00,-1.027821483191016849e+00,-2.724581286082478293e+00,1.146331249225867932e+00,-2.472297005766340483e+00,-6.331965543713384825e-01
0.000000000000000000e+00,-2.116123769768263330e-01,-2.499157055962046847e+00,-8.033762627451466187e-01,-7.414164114560057861e-01,1.411894409433806175e+00,1.421968715334100519e+00,1.834938043623461690e+00,-3.913294141714205310e+00,3.036744764503434002e-01,4.059099098356256263e+00,5.401874766823511198e-01,2.726421856686495282e+00
1.000000000000000000e+00,-1.069461788315893447e+00,5.541133569674458137e+00,-1.454274170600699634e+00,-3.599715338018312782e-01,-1.124964879289240161e+00,2.508790660423095176e+00,-4.081467904746866049e-01,-3.957401577027634065e+00,3.751120796318319517e+00,-2.525949363844333106e+00,-9.899056573604076981e-01,-2.886637711263684736e+00
1.000000000000000000e+00,-3.158813910417530124e+00,5.335729114174614374e+00,-2.278551667900437394e+00,-6.079824771924793758e+00,-1.375267271950468384e+00,1.751797752988027757e+00,-3.737961865280335250e+00,-2.225524938595571989e+00,2.494427746231641319e+00,-1.320903230869941769e+00,-8.653661856040040234e-01,-1.391974363597958897e+00
0.000000000000000000e+00,-9.653207404702928152e-01,2.700588677176212205e+00,1.979267182956440552e+00,-2.249210968984149961e+00,-8.058155970771974097e-01,-2.694063504127317543e+00,4.345864478285110799e-02,4.137300506567096470e-01,4.092833143960580955e+00,-4.543950309873010518e-01,-1.171077907275798857e+00,8.896078848056624411e-01
0.000000000000000000e+00,6.663326347640525782e-01,-8.648930287184163346e-01,1.485574909571023561e+00,2.085956699385763446e+00,-4.378149827931017146e-01,3.401532143921344176e-01,2.715622223232041055e+00,-1.209206916157069100e+00,3.307265396776132294e-01,-6.741284245031338163e-01,-5.156164689511155697e-01,1.902229890933752943e+00
0.000000000000000000e+00,2.962139170336944183e+00,1.326929664444865153e+00,4.222582042351104015e+00,4.255788130540267389e+00,4.105880271148157901e-01,3.082863268798427647e+00,4.891584709554887667e+00,-2.868511787152821846e+00,3.511318012053592952e+00,8.329340074274327321e-03,-4.598168777684278341e-01,1.152609176343809327e+00
0.000000000000000000e+00,2.594793877259326642e+00,-7.738715000063715044e-01,-2.885532865402127278e-01,-9.399336857664245537e-01,1.161899329277239268e+00,2.999945747631671100e+00,-2.422469376908647831e+00,-9.121444611369189381e-01,-1.321509638173039347e+00,-2.080086849574248387e+00,-1.441441515082465541e-01,-9.166917465426651646e-01
1.000000000000000000e+00,8.949898000690632571e-01,2.424166337826615170e+00,-2.098576718182981971e+00,-1.075757995311988235e+00,-2.894933303911029210e-01,1.508340840783756409e+00,-2.141606063947279370e+00,-3.258413808618003671e+00,2.370551500509330722e+00,-2.448679801492150254e+00,-9.055941918768560805e-01,-2.100470356492611046e+00
1.000000000000000000e+00,3.336671812355477940e+00,3.242022680681722058e-01,-2.154787175618597672e-01,1.727416280634646917e+00,8.870877977103576173e-01,-4.135191698039500707e+00,2.324030999456112578e-01,-1.689455130959852891e+00,-2.514671939772753717e+00,1.494007413077104163e-01,-6.674745104837009890e+00,-3.590824402187785536e-01
0.000000000000000000e+00,3.612541386789337450e-01,1.083179752494671355e+00,-6.523864968196069203e-01,-2.663185146746677390e+00,1.113752088785324723e+00,2.513078366506215744e+00,-1.867123570073448979e+00,-3.471395698838608102e+00,1.526556655755472836e+00,7.287099341210626635e-01,1.041303790029866061e-01,-2.230575478429305258e-01
0.000000000000000000e+00,-1.547649233773050526e+00,2.703105048746008876e+00,1.099286887688689873e+00,-1.718033913880831598e+00,1.680084023334688981e+00,1.867681960927564777e+00,-7.240335582571397754e-01,-3.239940956145767270e+00,-8.986432175051202176e-01,-3.425816893011497388e-01,-1.539487388813218338e+00,-9.156514607032242292e-01
0.000000000000000000e+00,-2.843524350559268665e+00,2.356986849569349118e+00,1.790149961795779676e+00,1.237048897852744078e+00,1.312313896527527834e+00,-2.082271194880478848e+00,-2.849856455347745676e-01,-4.794226594626232796e+00,-1.147593742402783779e+00,-3.053763681009133979e-01,-1.515262033005648545e+00,-6.258083725667493713e-01
1.000000000000000000e+00,2.915167797338928946e-01,2.581719260309887520e+00,-1.769941902215846241e+00,-3.178691826630837713e+00,8.417273696350620060e-01,2.293418448334184845e+00,6.417182749624201765e-01,-2.647753598673959985e+00,1.199400393012848065e+00,-3.730850438464310859e+00,-4.353968392809871801e+00,-1.254409950025127785e+00
1.000000000000000000e+00,-1.691012325035879282e+00,3.216384947156283314e+00,4.091684611669117455e-01,4.694009200253140834e-01,-1.326785593989861178e+00,1.733720227140994385e+00,8.851283124358237941e-01,-2.341649401035505118e+00,2.242535453262139544e+00,-2.622983521862415346e-01,5.414191326683526206e-01,-2.733741393558136723e-01
0.000000000000000000e+00,-9.869355056940340987e-01,4.025242986520605193e+00,-1.777441523428135994e-02,-6.969638686715775577e+00,1.553867119637487804e+00,-1.449619347698942740e-01,-2.641097710598605985e+00,-4.072327884808760734e-01,-3.011200435267702424e-02,2.467453573812909973e+00,-4.251657053631600292e+00,-4.808841777440123755e-01
1.000000000000000000e+00,1.567043918554408943e+00,2.146132552742440858e+00,-8.160719484801889356e-01,4.065501451844621528e+00,-1.738211633235242193e+00,2.746522480838913260e+00,3.248071426203551493e-01,-2.379428213445572204e+00,7.875790943425503565e-01,-1.415535145640448800e+00,5.824482604715985889e-01,-1.923042293763105315e+00
1.000000000000000000e+00,-1.675647293312193531e-01,3.196200008842345230e+00,8.681375791598726632e-01,1.365418484602499039e+00,-5.606908267319731243e-01,3.550847362299629495e+00,-1.814150317904519527e+00,-3.135243295942449215e+00,4.605728582196929599e-01,1.331336451999972414e+00,2.051799626324000148e+00,-1.435846919261957400e+00
0.000000000000000000e+00,-5.993163334236446538e-01,4.494510285234910363e+00,1.727791164982322991e+00,1.582328171554816798e+01,-2.107045055251465460e+00,-2.775164125519571812e+00,3.141977614259563012e+00,-2.362737822071662830e+00,-7.349030467014021184e+00,-1.781836088642107185e+00,-2.050499194427819027e+00,-5.913918627096458991e+00
1.000000000000000000e+00,6.801638620122238965e-01,1.862041702382919162e-01,-3.233648080694959681e+00,-2.864517226351914747e+00,-1.862534670032415240e-01,4.697293263065681401e+00,-3.049717646369077828e-01,-1.016464861665686170e+00,2.839850227751705702e-02,-1.712139765442835859e+00,-7.032659914694590064e-01,-5.313326498338042381e-01
0.000000000000000000e+00,1.443041692431268341e-01,-4.750547188159124801e+00,1.758975783738835119e+00,2.461818806951476812e+00,2.895474273477542937e+00,5.330556428176604911e-01,2.371362825798227991e+00,-6.067260100106006249e+00,-6.403023228325723792e-01,3.549050612594307763e-01,1.385497808066870729e+00,3.094387339802067594e+00
1.000000000000000000e+00,-7.729692851207600190e-01,6.813474102102788699e+00,-5.777772536112691926e-01,-8.529741454015763447e-01,-3.050961654284462199e+00,-3.816535722625963523e+00,-3.687867498516947062e+00,2.449052993953697577e+00,8.018406980501381343e-01,-1.404478428703337833e+00,-3.224987696748285337e+00,-3.524446101114865559e+00
0.000000000000000000e+00,3.668009840452594039e-01,7.082014663262075072e-01,1.965277143186115794e+00,-3.991830133055953134e+00,2.336014730278971996e+00,2.538686792801325254e+00,7.998750542106414230e-03,-5.654471712703785791e-01,-4.990316916334669450e-02,1.788746171175011224e+00,-1.409635553356956450e+00,1.085013206279634268e+00
0.000000000000000000e+00,6.721626930395951938e-02,-7.115623367680142586e+00,9.936792590098405542e-01,8.717110908129030999e-01,3.018218321832027762e+00,-2.099727572988185909e+00,2.112324193739101297e+00,-1.937097325934317604e+00,-1.626679134015568629e+00,-2.318665470784325056e+00,6.794010804198471476e-01,3.255327056817267195e+00
1.000000000000000000e+00,9.787775423383253681e-01,1.686457902531119935e+00,8.350751670578279162e-01,4.607256175624010908e+00,1.800756905175075584e+00,9.782328141279146294e-01,2.403978531984249045e+00,-3.008209439351390291e-01,-2.367122892320241867e+00,-1.451112807392834991e+00,-2.099594366926039068e+00,-3.736767796441768930e+00
1.000000000000000000e+00,1.337692842521629455e-01,2.893866357458655170e+00,-1.893054060019168316e+00,-6.304567396950639058e+00,1.176757779876004495e+00,-7.815536391097737123e-01,-3.993369473678857862e+00,-1.021924890899023053e+00,2.283085722685354035e+00,-1.906922497328335186e+00,-3.168553976122542526e+00,-1.913097462317180142e+00
0.000000000000000000e+00,3.823134092200817680e+00,2.518376117384902635e+00,1.242449565681932988e+00,-2.387456010071776102e+00,1.656530016719973908e+00,4.020563578048340858e+00,-1.057013230226132805e+00,3.317441957569632116e+00,-1.551759155646121435e+00,2.787435967904023038e+00,-2.498862425935576503e+00,-2.018745857945766886e+00
0.000000000000000000e+00,-2.102031350516009311e+00,-1.984083434980419280e-01,7.595759255510323715e-01,6.173152688353571171e-02,-1.279750208190733929e+00,-3.429638585253206085e+00,9.567273650672759588e-01,1.011853547249105034e+00,1.906358984231894205e+00,1.436153997106122127e+00,1.104759853601050779e+00,1.740647588364571119e+00
0.000000000000000000e+00,-7.359831151998996734e-01,3.594881650738129153e+00,-2.392082397951336148e-01,-2.718635983480482299e+00,-1.530053588660736263e+00,-2.029429387432879484e-01,-6.738552003588305084e-03,-2.006831260239466452e+00,3.389368080621919965e+00,3.141695289647962852e+00,-1.625133294641766035e+00,1.285628946861384403e+00
0.000000000000000000e+00,-6.332266498486451844e-01,3.398109446638918119e+00,1.389769452468596400e+00,-3.078398784550475220e+00,3.232530651255792975e+00,1.164922611225976734e+00,-1.606293977918956450e+00,-3.059547602687416212e+00,1.035077339675720687e-01,6.947232841251650415e-01,-2.462972799941359536e+00,-2.029269800874866192e+00
1.000000000000000000e+00,-1.959049495357137127e+00,5.559529937472914796e+00,-1.880927886983801312e+00,-5.034299088030826930e-01,-1.654699835925721452e+00,1.852656942533063678e+00,1.284454880675059751e+00,-7.116990123802395818e-01,1.592556664614957151e+00,-2.411210577573008607e+00,-2.514626884715394084e+00,-2.900235376720641689e+00
0.000000000000000000e+00,3.959730867105091257e-01,-1.502092536687851920e+00,-1.312401493990083434e+00,2.168424376160666522e+00,-2.555279711164343937e+00,7.710552002134021254e-01,2.104192625265762118e+00,6.532779724560224821e-01,7.490594681458677684e-01,4.900251527897420134e-01,1.553458201359890989e+00,1.731067180465925226e+00
1.000000000000000000e+00,-1.024503631568658424e-01,-2.008327930302355124e+00,1.068549604672846876e+00,2.310905811067675231e+00,-1.576805421225910830e-01,-2.653411647500684811e+00,1.598569537452836808e+00,7.579167873646894815e-01,-4.489105983659760213e+00,8.938886680700501852e-01,-2.122107195958298664e+00,1.919311192776855801e+00
0.000000000000000000e+00,1.482468341295731129e+00,1.305312970570589259e+00,4.216027757413833399e+00,1.954740702671525110e+00,-1.022926996546988931e+00,-1.449914108865646867e+00,3.866728423398086978e+00,-1.336554656471079738e+00,4.154786478520041904e+00,-1.239306615910852560e+00,-1.964615381414455575e+00,2.845711042702849802e+00
0.000000000000000000e+00,1.180066600439790392e+00,1.090911616973750720e+00,5.111990098142999095e+00,-5.414667434341580154e-01,2.005567882264256419e+00,-4.260354829734657178e-01,2.531833506734978201e+00,-3.373249033502684568e+00,4.337249852878706236e+00,1.349446765447197549e-01,-1.646095024895337433e+00,2.474047866822116415e+00
0.000000000000000000e+00,-3.261969453607537428e+00,5.594098273776810792e+00,4.780097487829582104e-02,-4.586684627408952331e+00,1.271391613456345215e+00,2.881252836061136691e-01,-1.291914064235311521e+00,-1.779528866981627155e+00,-9.981565790668534000e-01,2.153735111140951286e+00,-3.826630788705919883e+00,-1.680977490749583581e+00
1.000000000000000000e+00,1.245615936310335625e+00,2.655120140092036563e-01,1.322575947517091954e+00,4.389258827504277649e-01,2.042370970301277566e+00,-1.205550223165476220e+00,-2.190280163287765536e+00,2.169537717365435991e+00,1.437482195253969586e+00,6.494870213223236100e-01,1.968498635684111875e+00,-2.956156920140452726e+00
0.000000000000000000e+00,5.416716214112574646e-01,8.425028782244184944e-01,3.021347893771443305e-01,4.034922739151949322e+00,1.053832571245906014e+00,2.800333862413030284e-01,-4.540065877380511372e-01,-1.620867002871752671e+00,-3.210835507502814767e+00,-7.672260360771927523e-01,-6.023683125057250898e-01,-2.818609916366145995e+00
0.000000000000000000e+00,-2.099113838730125581e-01,1.023370480249266717e-01,1.526661932717837233e+00,-2.867807340024014717e+00,3.519198903236845588e+00,4.020940049180847797e-01,1.542638349908607376e+00,-4.259959044722060106e+00,-6.374238690535161123e-01,1.533436273909913439e+00,-3.897739896892343126e+00,1.595368887624100118e+00
0.000000000000000000e+00,4.562356367247920375e+00,4.108562803078719128e+00,1.454217527021242518e+00,-4.813093445632698142e+00,1.169713006056623650e+00,9.311079305716203347e-01,-2.849811308525514342e+00,4.763198582532973013e+00,-4.609960197787954517e-02,5.548588118036371419e+00,-4.244135335857674995e+00,-1.674984685890687386e+00
0.000000000000000000e+00,-2.133736504431527514e+00,6.037947142164727055e+00,2.440485893463030465e+00,-4.896089230403064541e+00,3.481992141518208239e+00,7.695208781119051711e-01,2.219781834582744695e-01,-4.513120610753893480e+00,-5.491880692364925487e-01,2.893836708450415074e+00,-6.167205536385017339e+00,-7.698353920768734593e-01
1.000000000000000000e+00,1.827695553857171307e+00,-3.552307314386319526e+00,-1.419466403361896667e+00,4.953557494415802509e+00,1.266197597138680075e+00,-2.360484777232607634e-01,2.208157412143153309e+00,1.131844388722558215e-02,-2.231174321436506958e+00,3.567953800928290731e-01,7.162626645323368901e-01,-1.241174697104893587e+00
0.000000000000000000e+00,-1.240870334858924506e+00,4.765052382418447863e+00,-6.583606042827596649e-01,-4.789441380079130228e-01,-1.161352291677703263e+00,1.597495695160222606e+00,4.686495658995853963e-01,-2.576931259817226927e+00,-5.253524697699163415e-01,1.125312994109363807e+00,-3.069153448873748857e+00,-8.998078712131212242e-01
1.000000000000000000e+00,2.406299159246633401e+00,1.028232100494979040e+00,7.516871726066809423e-01,6.317432035844603888e+00,-4.477181365875353425e-01,-3.926720356396490530e+00,-1.206716513477996244e+00,9.603737681952771998e-01,-2.177478335686300781e+00,1.815001837512685068e+00,-6.521197115640767761e-01,-3.009439678339432600e+00
0.000000000000000000e+00,3.475351839576602542e-01,-1.117097242162990556e+00,-3.787996115100233929e-02,-1.597870724020946209e+00,2.193645548736784967e+00,1.342232355876898708e+00,-2.924433041870633687e+00,-4.072703697238988951e+00,5.498926039989204817e-01,-2.148846702864926073e+00,1.186526578827894252e+00,-4.451165971616485306e-01
1.000000000000000000e+00,-1.571857995871471569e+00,5.059130790442160297e+00,1.972740836289921695e+00,7.274549511981120986e+00,-1.966938929079657949e+00,-3.627574200711698449e-01,2.686543680652913491e+00,-1.986709598091424889e+00,1.281139565673038883e+00,3.043647766325161541e-01,7.687010573966917004e-01,-2.847883334093030960e+00
1.000000000000000000e+00,4.367096078624093991e+00,-3.170260923600936476e+00,-8.026209218809920998e-02,5.287867047702352608e+00,2.661715862456738080e+00,3.710134000093128215e-01,2.562156187910721528e+00,-2.031516665916708764e+00,-4.276745103138647863e+00,1.731384130810110999e+00,-2.799622705961222202e+00,-6.501568962075316982e-01
1.000000000000000000e+00,7.752674745580567794e-01,6.310166646247148403e-01,1.741746228992578249e+00,3.795878566809054444e+00,3.522215289811558847e-02,3.379565470176029152e-01,-6.185258628890077937e-02,7.146212776483972240e-01,-2.031212005248035357e+00,2.149429313037458655e-01,8.702361696110634259e-01,-1.523441814437201280e+00
1.000000000000000000e+00,-1.232156987301768147e+00,4.023132352073688800e+00,-6.490763683516498350e-01,-3.944255208363174781e+00,-1.926304121746207354e+00,-1.457007806447964349e+00,-3.054635277554038186e+00,3.969720074726172943e-01,2.484457285560053741e+00,-8.877659030061411105e-01,-1.415465722210968114e+00,-5.429248053572037769e-01
0.000000000000000000e+00,-3.518617368690579728e-01,2.792025674875655561e+00,2.248726675029927957e+00,1.135992742408810940e+01,-1.055939970278567230e+00,-2.085334752157913751e+00,1.821741285667985544e+00,-1.984835738724575416e+00,-5.289469907779084323e+00,-5.111952278796911830e-01,-7.201531061156414282e-01,-3.737777962237703200e+00
0.000000000000000000e+00,4.297993596904714941e+00,2.508098952480795618e-01,2.169627729639758584e+00,-2.914045236637827330e+00,1.462030233870923013e+00,1.201602835669872027e+00,-2.625935623127657159e+00,1.334148700391553088e+00,5.568909123914440595e-01,1.946009004078719684e+00,-1.334092128661665599e+00,4.617446289948632376e-01
1.000000000000000000e+00,-1.519235259003686167e+00,5.960531158755710379e+00,2.944479860297031237e-01,-1.534976083161048166e+00,-2.152799508646485283e+00,-4.028120136308207755e+00,-2.597649402506172933e+00,1.861602640003923614e+00,1.240830139644688801e+00,-8.845457820586616338e-01,-3.070086447725957512e+00,-2.358088109644244756e+00
0.000000000000000000e+00,-1.673150276190056740e+00,4.522189222152529275e+00,4.323150725203166900e+00,-2.330830266956211538e+00,2.502146008549849476e+00,-1.131298015119837297e+00,8.742443967469258892e-01,-6.468973212490998215e+00,-4.358226333391395091e-01,-1.763616883949782999e+00,-6.563592701947387198e+00,1.149878112560460020e+00
0.000000000000000000e+00,-2.585104620677264098e+00,1.445802971100014434e+00,-2.056020077835520876e+00,-4.152579639100173026e+00,-2.233173605131981709e-01,-1.445983620066255693e+00,-7.819282229934862993e-01,1.794908852666127874e+00,-1.043631487219705001e+00,1.529169375997962987e+00,-2.009025270651646267e+00,-2.043829407490147521e-01
0.000000000000000000e+00,6.673875459342536454e-01,6.977673913229279767e-01,-2.074804735940900979e+00,5.865597695345873497e+00,-4.346064294583040777e-02,1.176561743417245509e+00,1.018713670937656524e-01,-2.759327873562319233e+00,-2.422254439041230611e+00,-7.835590248954629189e-01,4.383752745706608334e-01,-3.669236606317916483e+00
1.000000000000000000e+00,1.813717946734104913e+00,7.091043649807108329e-01,8.082065863749676726e-02,2.500859279178519579e+00,1.766660404526771089e+00,1.844460851990741723e+00,3.816497861019729765e+00,-1.742552137176696103e-01,-3.069894126468616369e-01,7.982059200132221033e-01,-2.350042014622266695e+00,-1.823459550814342522e+00
1.000000000000000000e+00,-1.015865078393351606e+00,-4.232980102724535204e-02,3.291881866937663492e+00,7.094358006310110820e-01,2.193308113854413044e+00,1.718665866172903289e+00,2.698330933634021545e+00,1.345570459963068011e+00,-3.265803279788296543e+00,8.302423021707228123e-02,-8.772868481862381440e-01,1.467270189070932762e-01
1.000000000000000000e+00,-4.085193397505106905e-01,6.349376334693747737e+00,1.090316787808551346e+00,-2.003770747845717293e-01,-2.959629809963661540e+00,-3.055848206822019186e+00,-2.063058753884933871e+00,-5.066277908543803665e-02,2.356665584274671765e+00,-2.083078649058037524e+00,-3.183716961025168324e+00,-1.576274534381903347e+00
0.000000000000000000e+00,-2.387235422226714032e+00,4.769949397035487593e+00,1.314081157179884718e+00,-3.002455707035656118e+00,-1.089730480338226837e-01,-9.171272858624418545e-01,-5.521900209836938522e-01,-1.860804564198610400e+00,2.045879400578840546e+00,2.310544822469553061e+00,-2.018546344133250958e+00,2.730345646148646388e-02
0.000000000000000000e+00,-2.471892113645313138e-02,-2.897281151540497035e+00,2.197314386034219247e+00,-1.280105416574071731e+00,2.123908906835170640e+00,-1.889092102256379135e+00,1.833936433814122413e+00,-3.705337930644295508e+00,1.078942352381033531e+00,-1.129081383069932443e+00,-1.608786648804671593e+00,3.715045666325403229e+00
1.000000000000000000e+00,2.168973419785061196e+00,3.876685099297161763e+00,8.180881309121956768e-01,4.956931317589265085e+00,-2.008564414254139674e+00,-4.250139441330654577e+00,-1.438841099861420947e+00,-7.777814459379293055e-01,-2.869863791607170533e+00,1.931743433159761603e-01,-4.629516471458069660e+00,-2.129930098929857962e+00
1.000000000000000000e+00,2.592940650296187144e-01,3.790225603117970965e-01,1.435588818446008164e+00,6.396797863455845778e+00,-1.143191229282577215e+00,-2.169631704714249487e+00,2.016724900159982958e-02,1.118325736136344783e+00,-4.943774519095264885e+00,1.393913944536607996e+00,3.629339750912663476e-02,-1.325085421379651907e+00
1.000000000000000000e+00,-1.231205767259792694e+00,5.059472468871589079e+00,2.745256430171437501e+00,4.643821258380936179e+00,1.389250783707156600e-01,-1.866739734451720256e+00,1.631023804980501035e+00,3.325430758068338655e+00,-5.245186130196350938e-01,9.442507481728058538e-01,-6.040100164839957708e-01,-4.679661167387253684e+00
0.000000000000000000e+00,-1.501085454540436626e+00,5.168749348656016984e+00,4.438072631492188336e+00,-3.179080814535530042e+00,3.153924576946547820e+00,-1.153878620066313143e-01,7.946886051197127321e-01,-2.301155200927803790e+00,1.539219783955667165e+00,7.854100865910096374e-01,-3.978526287143394402e+00,-8.176309044916940660e-01
1.000000000000000000e+00,-1.197467619455559351e+00,3.485483936433141583e+00,-1.292537304857592773e-01,-2.172731891195184062e+00,-3.933165718590665438e-01,-1.180867868511294994e+00,1.513239942019009909e+00,1.609402229863501788e+00,1.911667512114799683e+00,-1.158706676371043631e+00,-3.286152533370592099e+00,-1.111701928439650988e+00
1.000000000000000000e+00,-4.514995865821564980e-01,1.224741297810683305e+00,2.761458130654884435e+00,-3.140961435004678393e+00,2.335526866396940626e+00,-1.476260197919242678e+00,2.669925364181876759e+00,9.678762849595601292e-01,1.085782785267843220e+00,-1.907252679283341301e+00,-4.410012325269049072e+00,7.311344095812055688e-01
1.000000000000000000e+00,-1.272138481762897566e+00,3.173831208272505311e+00,2.194242310080637193e+00,2.881802172178038024e+00,-1.517751209028650905e+00,-8.016240959158971169e-02,2.151444612149347790e+00,1.602875533152134713e+00,-6.568462618215848980e-01,-2.195163405565532244e-01,-6.240230468326819491e-01,-8.380635638865651105e-01
0.000000000000000000e+00,-4.840386964307985540e-01,-2.327095717279431264e-01,5.726130032902549960e-01,-8.948908785554592349e-01,1.275605798967077265e+00,-2.229448855193987278e-01,-1.051686777324689404e+00,-2.779479240706725474e+00,3.474311281347766123e-01,1.245083050837093808e+00,3.758814000375525488e-01,5.793716772645278734e-01
0.000000000000000000e+00,5.549802368218736959e-01,-2.859172386137684985e-01,1.166358844157092012e+00,9.335712111257159052e+00,-8.652501913401815514e-01,2.216541159038836639e+00,2.273002985241530105e+00,-3.100881794317435602e+00,-3.910854752321562877e+00,-2.326125459544563512e+00,1.615459579604078932e+00,-1.674780116868905377e+00
0.000000000000000000e+00,2.853657197135079482e+00,-1.105906835290912521e-01,1.273019223547870116e+00,-2.379360141080292035e+00,2.229770539282020181e+00,2.179425753353663175e+00,-1.927220777564187415e+00,2.381344406974311489e+00,-1.234448220175324407e+00,2.942091940257413718e+00,-3.087171751968511568e-01,-8.070870809801340418e-01
0.000000000000000000e+00,1.246358764600465685e+00,9.897806098363181038e-01,-8.739454757449567346e-01,-7.889914814681969757e-01,2.392348894677121418e+00,8.672371355729711073e-01,-3.479994265312654100e+00,-1.316249018046286690e+00,-4.257734732283601220e-01,1.433004246097161705e+00,3.980468586622738503e-01,-3.288939421435888022e+00
0.000000000000000000e+00,-1.462308181556310593e+00,-8.362125760799645757e-01,-8.149889202379163589e-01,-2.341004087063355943e+00,1.747673381206203747e+00,-2.458459804412516103e-01,8.843723984397089399e-02,-9.156753091315432691e-01,-5.179112538835148882e-01,2.849141569579570543e+00,-1.440030856296261597e-01,5.278762164530086398e-01
1.000000000000000000e+00,3.305941921449901066e+00,3.178782819755528788e+00,1.280600045513888841e+00,4.250751948136413105e+00,9.068079920437466246e-01,-1.338292103039619985e+00,1.275791438265104327e+00,-1.228836328478871032e+00,6.521258370818823202e-01,-1.341529821345143869e+00,-4.032608384875531193e+00,-3.392181553427418450e+00
0.000000000000000000e+00,-3.015653144942604502e+00,7.595097347245910457e-01,-2.586803913209677397e+00,-2.929185605929213843e+00,-9.043176772508041417e-01,-1.959187386985244306e+00,-8.174371211447652996e-01,3.175202850233298513e+00,-1.552848241465449863e+00,1.713475999831230112e+00,-6.107779407449155373e-01,-5.745524569901285794e-01
0.000000000000000000e+00,-1.638991944586202454e+00,1.195637984649358110e+00,9.590618560851498220e-01,-1.120099010663804795e-01,5.576756697764965187e-01,-1.362254947317800280e+00,1.332509660281851138e+00,-1.305225381439280685e+00,-1.872634972722432067e+00,-8.179733107531619307e-01,-3.023911320160056704e+00,4.144430111514201265e-01
1.000000000000000000e+00,3.613478868864270055e+00,-3.239655297459341499e-02,-9.043963043994843742e-01,-6.952669423704453955e+00,1.881102036129966404e+00,5.623718237472024040e-01,-4.683242307119260595e+00,2.357295513808365772e+00,-2.351142380147987598e+00,-8.325951586220817768e-01,-4.629811441325865751e+00,-3.683296002565156213e-01
1.000000000000000000e+00,7.829656183675448577e-01,3.051934484875498121e+00,-8.805417527280694490e-01,-7.429294833780366147e+00,1.029350850189254540e+00,8.346629421271465343e-01,-1.943892954014751151e+00,-2.456530488541082136e+00,3.518443444473339010e+00,-3.640296643415283029e+00,-4.973151369235639052e+00,8.747788753016294550e-02
0.000000000000000000e+00,-1.415228618727943033e+00,4.053652752984542307e-01,1.926381907712998443e-01,-8.318218146727859974e+00,2.735268919156213840e+00,2.266376023987598742e+00,-3.138793325188078853e+00,-2.933704239173799078e+00,7.669578417422102667e-01,-9.598537265605910918e-01,-1.301477623667553374e+00,1.440801007897318797e+00
1.000000000000000000e+00,-1.357862049226213674e+00,3.515893513345880184e+00,3.363936785769365390e+00,4.176416761502017572e-01,-5.046178434309767091e-01,-4.808741753115226558e+00,4.903771912814692824e-01,2.859350154598625515e+00,-9.276445821995191743e-01,6.761401886156696017e-01,-3.341504520699559944e+00,-3.762512005474631938e-01
1.000000000000000000e+00,4.034757202411043409e+00,-3.474250832963788671e+00,-1.926228063027191517e+00,3.689516503738500486e+00,1.449659601762467886e+00,-9.555437028691093904e-01,4.688867936627256761e-01,-1.449736340822726621e+00,-3.345655042188557804e+00,2.340535138206460086e+00,-1.915901067820972692e+00,-4.085291846042867769e-01
1.000000000000000000e+00,1.647406816909963823e+00,-2.424457214177596354e-01,1.098425636333153266e+00,-2.838218048931126170e+00,1.697876888305829279e+00,1.603132769694485038e+00,-3.520024247959342212e+00,1.939008079340959423e+00,3.540408169509719372e+00,1.685094433367451128e+00,4.049060765698307307e+00,-1.341814880256908094e+00
0.000000000000000000e+00,5.468671372494325666e+00,4.053805409812745175e+00,3.713181797294402120e+00,1.903601692384701005e+00,3.784905952722322775e-01,1.125855585734257147e+00,-1.269972469732401077e-01,1.737493217207592977e+00,-3.741937057705762015e-01,2.697415396419074352e+00,-3.906269241452936747e+00,-1.647707898121422154e+00
1.000000000000000000e+00,-1.534863016164603744e+00,7.485066239681456679e+00,6.179853763857789950e-01,7.680693545088672358e-02,-2.060089625995951579e+00,-1.930930939658082490e+00,-2.294053085770279665e+00,2.294013913545851491e-01,5.659451984723594675e-01,-9.891009153934849918e-01,-2.979109871391619535e+00,-3.520679327692215033e+00
0.000000000000000000e+00,1.701910002156598267e+00,-4.900395058149782934e-01,2.940681095334861439e+00,2.537410836841947237e+00,1.543493368798214638e+00,1.800293499674495923e+00,4.064149807792086122e+00,-3.571607156260218741e+00,1.272587578905601369e+00,1.247739926285601264e+00,-1.021871470419812189e+00,1.919832673797154055e+00
1.000000000000000000e+00,2.354207990820644802e-03,2.230528121050730839e+00,2.737609449983452237e+00,1.882478797975680518e+00,1.467115790815558984e+00,-2.833481910822433836e+00,-3.501083453303939219e-01,2.845426868546984789e+00,-6.137638510961727079e-01,1.413122717128017847e+00,-5.722732289477132639e-01,-2.836983181082420646e+00
0.000000000000000000e+00,-5.351053224988481238e-01,6.999905332893595400e+00,4.501555054089552144e+00,8.033043329748823513e-01,-2.131495573487224071e+00,-5.646830282033090675e-01,1.758972500056156463e+00,-4.322937000294567733e-01,4.339975285459534149e+00,-1.908639023454954398e-01,-2.241070585052050035e+00,-7.124071935981723946e-02
0.000000000000000000e+00,3.141670957142156606e+00,4.502007830359968210e+00,-2.601130208430558088e+00,-5.693989065022813989e+00,4.768442886979171735e-01,1.934970489700784668e+00,-3.754248013894205815e+00,5.151413062424882838e+00,-7.468933380331087557e-01,6.791643457697704278e+00,-3.409186155600163470e+00,-3.511157332933038333e+00
1.000000000000000000e+00,7.057067975783712921e-01,3.972330527157349245e+00,4.264812339517441986e-01,6.273630800932669338e+00,-9.294497131402619239e-01,2.210910904121516918e-01,2.507680541031305665e+00,-6.156939225154931528e-01,-1.500400410818576891e+00,-2.236699617508416615e+00,-2.672697143547614118e+00,-3.866288282433220314e+00
0.000000000000000000e+00,1.769715122573650712e+00,5.234660107347608005e+00,1.454649148422046956e+00,-5.385474247594383534e+00,1.070243259534459535e+00,1.956775437648721638e+00,-1.961986178771897293e+00,9.936336313340896620e-01,2.847583012394108160e-01,2.999197367162434347e+00,-4.628069018426968384e+00,-1.020580731469632907e+00
0.000000000000000000e+00,-2.671710287362103031e+00,6.600481859541052820e+00,2.124917235052647957e+00,-6.447482366231159112e+00,1.136996315284817927e+00,-1.561982018589746168e+00,-1.245455654223596831e+00,-4.933812848452012734e-01,2.930068096358538821e+00,2.044839269387665581e+00,-4.093182415980268551e+00,-7.028698143227167794e-01
0.000000000000000000e+00,2.142599048372082482e-01,3.851974044917892748e+00,1.066047804827136236e+00,2.187512643255221378e-01,9.298931255999027812e-01,-8.976175040291844986e-01,-7.963325957702693803e-02,5.072259971981123439e-01,-8.758732255795651511e-01,5.199762058109874907e+00,-2.436575488293477143e+00,-1.970797601444540526e+00
1.000000000000000000e+00,1.202822972395829915e+00,-3.952427547768281091e+00,3.006056469969986544e-03,-4.196777869881997414e-01,1.731637672321796995e+00,-2.575079372950688672e+00,2.664411973330479633e+00,1.072571298240157622e+00,-1.328332183857472648e+00,2.405000606957758968e+00,-2.144584149979000820e+00,2.531808463583761437e+00
0.000000000000000000e+00,-3.208098330079041993e+00,-1.525246688347860591e+00,2.843027925385132049e-01,-5.180896703411271176e+00,5.760052237163053590e+00,-1.860875097575582338e+00,-1.147122649426714158e+00,2.166748411873040681e-01,-2.947555714141209204e+00,-6.792371283683671379e-01,-1.850929593357361513e+00,-1.545807816812752034e+00
1.000000000000000000e+00,-6.134467137275501081e-02,2.422847360147899032e+00,1.790974309645309237e+00,4.559445811674920357e+00,-9.544319725522814046e-01,-2.443157457133281474e-01,3.506775014015254044e+00,6.288543875964238694e-01,-1.774797434770506666e+00,9.538548649480793618e-02,-2.193089192613290273e+00,-9.006872192746732120e-01
1.000000000000000000e+00,1.984817321647464716e+00,-7.935749986595994621e-01,2.023631483399939146e-01,2.378073062653389691e+00,-4.539606391965989030e-01,-2.823288048565360864e+00,-1.120097428928597427e+00,-5.477019785844172706e-01,-4.669154501481180830e+00,1.865307039496051811e+00,-3.120715622472358675e+00,7.961602574475739047e-01
1.000000000000000000e+00,-7.686455474737252658e-01,-4.100053789080675137e-03,-3.554871245691340498e+00,-4.670966666757188079e+00,-4.520943261602667906e-01,2.993007042517708882e+00,-4.267598626951794927e+00,-2.441098553739542876e+00,-7.569392055353507676e-01,-1.032683539920097315e+00,6.602532827310394481e-01,-1.534619385978541750e-03
0.000000000000000000e+00,-1.279637588640933910e+00,-4.122241719175987917e+00,1.204481236623553331e+00,3.991590891859584378e-01,2.987892791776928458e+00,-1.142687606537933220e+00,1.527952180932298898e+00,-4.363979086322881784e+00,-1.189076388863198108e+00,-3.442637892464885940e-01,3.640335895073472106e-01,2.531723101171024393e+00
0.000000000000000000e+00,-2.955502890486436662e+00,6.673875613506035087e-01,1.717068049825899223e+00,-4.009569507075036121e+00,4.155986402496353094e+00,-2.056713505199597503e+00,-3.711223548184754417e-01,-1.951020001520419322e+00,-2.348534755346880498e+00,-1.030007208135604202e+00,-3.641535975430017391e+00,-2.987018819726818819e-01
0.000000000000000000e+00,9.937013570057606771e-01,8.654717802662178494e-01,1.219547858797420004e+00,3.771894650167197049e+00,8.319120242174508073e-01,1.522883254899665140e+00,-1.916670019799497915e-01,3.569750266818423334e-01,-4.754094331981635335e+00,-1.053267664255896019e+00,-9.080060082962984058e-01,-2.517197928356035508e+00
0.000000000000000000e+00,6.691681908686435420e-01,-1.273515963689825670e+00,2.221723684297668200e+00,-2.064953469159119537e-01,3.229030947810435759e+00,9.061701919504656644e-01,2.628995757664333244e+00,-2.423767849906153238e+00,-7.074647642192148922e-01,-6.098469469100058493e-01,-2.258660041993054257e+00,1.041141199949939811e+00
1.000000000000000000e+00,-8.715476354960607352e-01,1.137997828135918654e+00,1.672339569605526988e+00,4.819056037070846621e+00,4.783644051136181075e-01,4.176012536922673046e-01,4.082164093147735429e+00,1.468315037346572316e+00,-3.525133861110671507e+00,7.714900553968506713e-01,-1.280980322511867664e+00,-1.539555627845260455e+00
1.000000000000000000e+00,1.082818110701891268e+00,-2.641548776798339215e+00,6.085177664582042123e-02,-2.505155105557629103e+00,2.869616422296075164e+00,4.382580442046795088e-01,7.690062163811991480e-01,1.376932405057798015e+00,1.473336614644428444e+00,1.118343225144721842e+00,5.852798378953179004e-01,2.711808252864791324e-01
1.000000000000000000e+00,-1.163418783814579305e+00,6.403677568640857576e-01,-1.858577116356688208e+00,-9.667374818536707437e+00,2.355824984745310324e+00,4.292641588528414154e-01,-3.855911644401698091e+00,-1.093958860327108651e+00,8.749378213532653659e-01,-8.753099540037920789e-01,-2.794801682722594105e+00,4.938712702116661024e-01
0.000000000000000000e+00,1.787954995006768577e+00,3.013847271360472035e+00,1.254789892783005900e+00,-4.256708134217185524e+00,2.098402276392034693e+00,4.670097236310475353e+00,-1.118405969191914817e+00,9.358629218484599832e-01,-1.124031817868621941e+00,1.345153889385916512e+00,-2.685508799934798407e+00,-1.325008762746314517e+00
0.000000000000000000e+00,3.865041666933740405e+00,1.088366088805699849e+00,-4.560432340823947772e-01,-2.465723794334687913e+00,9.002921479100706170e-01,1.146011117345058228e+00,-2.962010922513577782e+00,2.215001889543867453e+00,9.326369890967756149e-02,2.870590595593414118e+00,-1.353699620018232297e+00,-1.570902930006961684e+00
1.000000000000000000e+00,1.817672415265834118e-01,3.570000114536266089e+00,1.144687454970406915e+00,1.569231627241785221e+00,-8.453080845607509053e-01,2.562066219423152269e+00,-2.760141735494555659e-01,-5.049527842898885233e+00,3.991910560958590537e+00,-7.387003321456699911e-01,1.182385905869208109e+00,-7.434380165009490948e-01
1.000000000000000000e+00,-1.369835194664131617e+00,1.315700227488245000e+00,2.967671134112549680e+00,2.379422084925159608e-01,1.304948364337423783e-01,-4.355877811648219300e+00,9.579051095508109848e-01,3.053871971509438232e+00,1.011659606746568407e+00,-8.687181215874357765e-01,-1.059157095686706906e+00,-1.434485728955530170e-01
1.000000000000000000e+00,6.337170272735563881e-01,1.478920282813201703e-01,-4.258874293596784710e+00,2.450658463132044940e-01,-9.283964207707626759e-01,4.022351001192985720e+00,1.240329826521764822e+00,-2.393904191502661760e+00,2.383529002099216143e+00,-2.900012037929958097e+00,4.613215752649058032e-01,-1.524504421870947812e+00
0.000000000000000000e+00,-8.390329189050296232e-01,-1.699618951488662544e-01,2.179147004953888800e+00,-2.013959475139683430e+00,2.095222544772225248e+00,-1.857306694307062189e+00,6.360814755296106959e-01,-3.653689531842985172e-01,1.619820557245599701e+00,-3.244826945104091198e-01,-8.688033851515521988e-01,7.751479769291734767e-01
0.000000000000000000e+00,-2.543530631152115529e-01,-3.667052817656896169e-01,-1.175490660448870184e+00,1.256417395484806132e+00,-3.022198291947699289e+00,-6.644843119071578430e-01,1.439085905992873782e+00,6.198655486982032059e-01,1.787501728952372915e+00,2.180040245534108578e+00,1.385382890112881960e+00,2.010636076413574891e+00
0.000000000000000000e+00,-1.048702044348931439e+00,3.507460974045378599e+00,1.514692949433484870e+00,-1.107947233791898967e+00,-6.213667585911371027e-01,-6.961094841346997519e-01,1.081103921808631130e+00,-1.708192764438206224e+00,1.633147318257896385e+00,1.437478734848063322e+00,-2.491643196335592947e+00,8.714082564574499035e-01
1.000000000000000000e+00,1.235885850530020758e+00,-9.914288144796505886e-01,1.096412166382853659e+00,1.454688701077672563e+00,4.060672639992798594e+00,4.522811201876094422e+00,2.567720977807097960e+00,1.021989296326843544e+00,5.177119444709055163e-01,6.073376461806385684e-01,2.225110023153219707e+00,-3.013651910951205881e+00
1.000000000000000000e+00,2.644084761836630992e+00,-2.764770272398870965e+00,6.482299254002475974e-01,-8.722132014681260870e-01,1.832197875073975801e+00,-1.957784293499534645e+00,-2.921479726760099371e+00,1.070320471432679721e+00,2.775234106188122496e-01,1.875547249648789938e+00,1.278882846133818862e+00,1.300628681698889899e-01
1.000000000000000000e+00,6.979274876210466161e-01,1.828912107932447739e+00,-5.948662651410903113e-01,-8.807810757374475719e-01,-2.069831560524311165e+00,8.244319532215016455e-01,-1.887742118900423094e+00,1.925924583466855911e-01,-3.115685926621478696e-01,-9.099390611215764091e-01,-8.792291919416106438e-01,5.829848033557150089e-02
0.000000000000000000e+00,-1.353252779599014799e+00,-4.713538202619449891e+00,-2.617691530689407742e-01,-6.934569880687716514e-01,1.746379496684719035e+00,-2.619553948954051581e+00,1.362891757703106776e+00,-3.576125419169398523e+00,-2.880684972178078507e+00,-6.769236885381808566e-01,-1.772276840195057046e+00,3.753726960245776567e+00
1.000000000000000000e+00,-2.678327307315424566e-01,5.573682024636191779e-01,1.474505354632421161e+00,3.415451602819734145e+00,9.447485681402356672e-02,-3.197986883096644473e+00,-5.069600869701504919e-01,3.544900702840962925e+00,-8.802251180333000580e-01,2.513613163351546831e+00,1.789167722203722555e+00,-2.248069324817322467e+00
1.000000000000000000e+00,8.964911771497408033e-02,5.697870609657913477e+00,-2.609150372906761106e+00,-1.465489247867080291e-01,-3.668046811443234745e+00,3.335125796879495397e+00,-3.503103783362738977e+00,-4.004544004696257709e+00,9.924181919119616779e-01,-3.862444178406177375e+00,-1.249930191952009384e+00,-2.351849582507637315e+00
1.000000000000000000e+00,-1.527838393488753610e+00,2.524167157915175319e-01,2.779779036696296668e+00,6.018682604765187606e-03,1.965019222422215162e+00,1.865640278491167869e+00,3.222295923443306176e+00,1.329392281689585786e+00,-1.670520345177836319e+00,-1.389150035689107110e+00,-7.927834125291636225e-01,-1.119074547631759842e-02
0.000000000000000000e+00,-1.480748604893848075e+00,-1.859826866786254973e+00,3.018625679068685841e+00,-5.032423812535120611e-01,2.518310808918426069e+00,-3.291935007992114137e+00,1.070629665794129881e+00,-2.281121788431011765e+00,1.071348989235088700e+00,-1.329251507401129295e+00,-3.580000718628895129e-01,1.916235457489772198e+00
0.000000000000000000e+00,1.528674164380475542e+00,8.820421481162185051e-01,1.767770549570264471e+00,-3.061388261153796808e-01,1.757764755805515833e+00,1.291857886411317935e+00,-1.873177105953979460e+00,-1.018763357700296135e+00,-1.386853319674094642e+00,-2.950056802286940005e-01,-8.389556590000145642e-01,-1.101338291708051864e+00
0.000000000000000000e+00,-2.401190553061656630e+00,3.511248160279867303e-01,-1.036007356043687100e+00,-4.804187236742602174e+00,2.029780497688228103e+00,-4.507766572543940864e-01,-7.928490104605163680e-01,-2.138123331291197360e-02,-8.564589386710785845e-01,2.373377506135450954e+00,-1.323415631146300786e+00,6.225960554328147101e-02
0.000000000000000000e+00,-2.017153446572279574e-01,1.934202539786217256e+00,1.432944085890487385e-01,2.978783222049950385e+00,-3.312952712821080503e+00,2.681954421193741833e-01,1.556369248528603588e+00,6.101300657123149840e-01,2.642518640608689573e+00,9.063275370291705713e-01,1.821487571484433410e+00,3.017851892147119797e-01
0.000000000000000000e+00,7.116487623268457074e-01,3.529121288987497440e+00,3.017315220635531592e+00,2.813210632523154509e+00,9.752810560670033269e-01,1.332227518047571779e-01,6.055997928040464107e-01,-8.717038050731239496e-01,-1.431950232341020701e+00,2.439121022078713175e+00,-1.846917272880617578e+00,-1.798817751920332775e+00
1.000000000000000000e+00,1.571258264285749551e+00,1.432375044243265005e+00,-1.246089693787723052e+00,-1.323445895859177157e-01,-6.983927597327299619e-02,2.221617719673948166e+00,-1.868986368469351955e-01,-6.959146222740930643e-01,1.436248679145434748e+00,-1.003709361034611058e+00,-6.293851164439501211e-01,-1.654798439090428008e+00
0.000000000000000000e+00,-1.599345852397509038e+00,1.618643424266734687e+00,4.458065521557555977e-01,-9.080026342017832874e-01,7.119983036857191472e-01,-1.036600035683422405e+00,-1.500518046170955522e+00,-2.657389343422503103e+00,-1.083989398966446860e+00,2.313367215780515185e-02,-1.305490927164481674e+00,-3.448288247577017129e-01
1.000000000000000000e+00,3.819841142176143123e+00,-7.910622577223843876e+00,-2.203841109621428984e+00,3.655064895260050073e-01,3.988878505753477910e+00,1.900608318123709228e+00,3.097151936305373443e+00,-2.162875323057453336e+00,-4.085335298339791699e+00,1.970006650654136271e+00,-1.935048925649895057e+00,2.690828362711289667e+00
0.000000000000000000e+00,-2.046601761276318765e+00,3.575940915185310764e+00,1.485002149390135751e+00,-2.300173094321547484e+00,1.058994073630572741e+00,-1.657085940892148113e+00,4.353353277189495607e-01,6.193191524454633168e-01,1.666441487718138825e-01,-7.981822426937208448e-01,-3.274070244163013399e+00,-1.275329919268591183e+00
0.000000000000000000e+00,-8.469154990266252181e-01,3.473362979410889118e+00,3.187684611474649099e+00,5.653059360495067409e+00,-2.464332661497399268e-01,-1.096797821508355142e+00,1.558256427405327660e+00,-1.264406980834685168e+00,-2.680562082136202839e+00,2.731947380684220050e+00,-9.799894826313526597e-01,-1.499783671956265385e+00
1.000000000000000000e+00,-1.122538444862218654e+00,4.570481227461524298e+00,7.080354388349197059e-01,-2.414005642887675052e+00,-3.717234942081231175e-01,1.195922243851847755e+00,-1.708037429205597091e+00,-1.677874042643918040e+00,1.186177835678636994e+00,-2.686312559934760369e-01,-1.499450389695315522e+00,-1.115885189769923791e+00
1.000000000000000000e+00,-6.646093838610722671e-01,3.994072799116147987e+00,1.017448988951907829e+00,3.556401967905840511e+00,-1.841020884332888352e+00,1.646013245929977220e+00,8.061895159662526567e-01,-3.063410507071470779e+00,1.902332365933127267e+00,-4.507331674026486823e-01,7.839084338137696228e-01,-1.321974772314689295e+00
0.000000000000000000e+00,-2.915251123198399075e+00,2.438776502095036047e+00,4.720889046068354133e+00,-1.856386029063603393e+00,2.908487526125883349e+00,-1.024167635519925401e+00,8.479031290204592786e-01,-1.545603691181329342e+00,-1.996056123167288643e+00,2.655780952625256042e+00,-2.232592211403543914e+00,9.255196051043106387e-01
0.000000000000000000e+00,-4.523749602073787734e-01,-7.916278696318792552e-01,7.801408893065892025e-01,-2.839440896350184484e+00,1.629433159315549995e+00,-1.169653746449707876e+00,9.907577190536154266e-01,7.616742008025065847e-01,1.178753996589550823e+00,7.059463048722567358e-01,-1.119960932649614271e+00,1.142906502897302001e+00
0.000000000000000000e+00,4.636396156862473417e-01,1.653176440631005439e+00,-5.800738741405069288e-01,4.174509210103869439e-01,-5.417629435559101481e-02,2.661022456034208172e+00,-9.513766804762385787e-01,-2.930221556513765258e+00,-1.420220358604161515e+00,-2.206410408983218829e+00,-1.309692565819176258e+00,-1.140884336477649086e+00
0.000000000000000000e+00,-4.483887261653108913e-01,-1.558993459505759516e+00,2.603848011825596664e+00,-1.980412695468562578e+00,1.775854826722694124e+00,-2.701880797633862574e+00,1.521651235551567005e+00,-1.925291777940296711e+00,3.711193471413462008e-01,-1.845363436495405907e+00,-2.882033449871929331e+00,3.084096317766631845e+00
1.000000000000000000e+00,2.390211264012666259e+00,-2.133122635317140414e+00,-2.947820027332774817e-01,-3.929341778850232725e-01,2.590721240451160590e+00,2.346851526195538717e+00,-1.650897161474830455e+00,8.009890840544751089e-01,1.349548456955900200e-01,2.364869782131243880e+00,2.678377038242847785e+00,-1.532370022202619531e+00
1.000000000000000000e+00,-3.017851246522700315e+00,1.999570073105599421e+00,-7.166186207533566943e-01,8.901516008102842159e-01,-1.597847340812367012e+00,4.323471652409912380e+00,-6.426853733835167226e-01,-2.924529338457475980e+00,1.164050233782538912e+00,2.297141679592197949e+00,4.943148885459257791e+00,-3.304720761240450555e-01
1.000000000000000000e+00,-4.068348688289764592e-01,-2.212542810595586662e+00,-1.991458861976458827e+00,3.821001977800224214e+00,-2.958804154990670732e+00,9.342543599675616761e-01,1.330108492414836530e+00,1.044719967420477680e+00,-1.572652602304705383e+00,4.090825314029327142e-01,2.974851645820499435e+00,9.947587202369176929e-01
1.000000000000000000e+00,-2.271284022155893867e-01,4.710401838520629880e+00,2.787902751822945113e+00,-4.182586162237242888e+00,1.119153034518883594e+00,1.572941846663886700e+00,-4.164882476912065812e+00,-4.291512138049677461e+00,2.090880575541249620e+00,6.554874362004494692e-01,-1.032036379113958846e+00,-2.239204100277500942e-01
1.000000000000000000e+00,-1.489766072280778175e+00,8.106295115972212528e+00,1.399323395576331119e+00,-8.814773245940114021e-01,-6.290736664769603914e-01,1.461865009329702536e+00,-1.063236526045794106e+00,-3.988896198381712388e+00,2.751217470962801670e+00,-1.784937571381099097e+00,-2.924541694995961727e+00,-2.932098056409399245e+00
1.000000000000000000e+00,-8.533944882413559974e-01,4.454937842236568635e+00,-5.120296643472416198e-01,7.753415017669504361e-02,-2.022848402662853484e+00,1.691095496330919934e-01,-1.110556962293830052e+00,5.974424404141380762e-01,9.500467414137192534e-02,-6.535979802101045122e-01,-1.384392663024048620e+00,-2.064018735561546691e+00
0.000000000000000000e+00,-2.323452605577527308e+00,-3.571083316959582366e-01,-1.940321069061077264e+00,1.020494777989997326e+00,-9.909040795950097014e-01,-1.293434447782637609e-01,2.527082289790130165e-01,-2.434386784030626139e+00,-1.583296372307062772e+00,2.315772577782109209e+00,9.261856171347513378e-01,7.731714651661683035e-01
1.000000000000000000e+00,-3.422239700602736079e+00,3.500580699622127145e+00,8.027493039222368676e-01,-4.550972117660362137e+00,4.648796553579959134e-01,1.272200560815832437e+00,-1.505458235483970952e+00,-2.392784632252377808e+00,2.852413122770424359e+00,1.511197409563433958e+00,8.803087681566472700e-01,2.072204484704571747e-01
1.000000000000000000e+00,-3.262363935729544639e+00,7.654260409041735436e-02,-2.241851456254311259e+00,-4.119490174310649344e+00,-1.330628872842410271e+00,1.233464399707912440e+00,-9.529729139859826059e-01,-1.399963062759473686e+00,2.804098783128218919e+00,3.030205055977255313e-01,2.521642809600356472e+00,1.654473466466539033e+00
0.000000000000000000e+00,2.860273990424670565e+00,-1.366679993656892522e+00,3.937297917323269170e-01,-1.517712300778332590e+01,3.582745526334507158e+00,2.941441382892274525e+00,-5.522409229328467006e+00,2.781532675452264680e+00,3.451255043632602160e+00,4.138140231733503427e+00,-1.232502715500165991e+00,3.521261714873463511e+00
0.000000000000000000e+00,-6.748005769642104745e-01,-1.728378957705831442e-01,3.444532420302244713e+00,-1.748072653735852189e+00,2.692825829467325960e+00,-1.224867696582566667e+00,1.378076003561199414e+00,-3.943905407040403155e+00,4.546093887030393077e+00,2.603224270894668013e+00,5.672287014455603682e-01,2.401485485874330639e+00
1.000000000000000000e+00,1.701887843065922112e+00,-5.802400832882428361e+00,5.934027296413815211e-01,-7.889224345607397382e+00,6.082350829481328880e+00,3.912114852590934611e+00,-3.514707615232703919e-01,2.001788405710424268e+00,3.109330249086320386e+00,2.971320738871816580e+00,3.440386532422427202e+00,1.805583762047942464e+00
0.000000000000000000e+00,-2.433946814214118515e+00,5.241966902554966445e+00,1.613530226200828643e+00,-3.390788701880755873e+00,-7.834144682485533195e-01,-1.780877739608532240e+00,-1.509691919144682259e-01,3.248292070890852479e-01,2.245281272718089749e+00,1.789016360094252356e+00,-2.637488552842531142e+00,4.752438982668316658e-02
0.000000000000000000e+00,-3.224318610876466540e+00,6.335953919085961950e+00,-9.296617634543675734e-01,-2.251271521808582587e+00,-2.419516699847725327e+00,7.513165322180581640e-02,-1.017446185202745657e+00,-2.016025067860165443e+00,-1.790899976838371543e-01,2.006879215482290313e+00,-2.902893750760228819e+00,-5.757212671018971939e-01
1.000000000000000000e+00,-8.186669496008454061e-01,6.415364742909392959e-01,4.995465252043675974e-01,-2.791692552865152055e-01,-1.308997782836186508e-01,2.778936998071698028e+00,1.229954834358729876e+00,-8.441885458760598482e-01,-2.884087382238484931e-01,9.202621057989952558e-01,5.748721377713696956e-01,7.531001777085022386e-01
0.000000000000000000e+00,2.671815030603399421e+00,4.701853380935471782e-01,-2.244034948480060354e-01,-5.539762854812052773e+00,1.522624611318482923e+00,3.660671830540105365e+00,-2.741374098621168542e+00,-1.512782171983825696e+00,2.356885916816854554e+00,4.936236554769793949e-01,-7.057813384995978989e-01,5.774982999087856506e-01
1.000000000000000000e+00,3.843617936233329591e+00,-2.454075069753423044e+00,-4.682368896132087510e-01,4.339460824381933257e+00,4.356130872124275299e-02,-7.723925245477727408e-01,2.369446240086313660e-01,-1.716617771767289469e+00,-2.202415207111616979e+00,6.633499504610106401e-01,-1.171052077378925471e+00,2.879212790229177532e-01
0.000000000000000000e+00,-9.100286281453625614e-01,-5.298807677919136871e+00,-3.471623444055883745e+00,-2.003995250877009138e+00,-4.414375115689979090e-01,-2.170330668985089417e+00,1.181889257382431335e-01,4.332013056110938898e+00,1.087378279598429032e+00,1.677817749979410245e+00,3.575173870965119072e+00,1.495850684933658359e+00
0.000000000000000000e+00,-1.263117512640635098e+00,-4.006235011042173610e+00,8.221777888403811740e-01,-3.479838829220881724e+00,2.842825223267552825e+00,-4.229172512592755950e+00,4.446715389933677542e-01,2.441126410726554230e+00,1.605240859037155632e+00,-8.324541008378201212e-01,4.786499270614208434e-01,1.521450211160958688e+00
1.000000000000000000e+00,-1.590393802913921295e+00,1.749992273357871442e+00,1.533537722804299896e+00,-2.311398000134549768e+00,1.563627220761439673e+00,7.223506422636176705e-01,-1.327861112024977697e+00,-4.101444683436428207e+00,4.433543749831336811e+00,1.716478880076127034e+00,2.241492024928048110e+00,1.851044561555661438e-01
1.000000000000000000e+00,9.115587818627363115e-01,-2.826844866053456862e+00,-5.189466001812816920e-01,-4.017864122991182674e-01,1.986922707765480300e+00,-1.878607115077025602e-01,4.691241946560714693e-01,1.766913190616171692e+00,-6.559430154787293521e-01,2.406694053516803322e+00,9.880465203980872690e-01,-7.299310825714433459e-02
0.000000000000000000e+00,-1.129779963124505127e+00,5.903599565156490314e+00,2.997484628327311995e+00,-2.496559855547426654e+00,1.455462966740003861e+00,1.377852289733169311e+00,2.614956027379798931e-01,1.397942393593575083e+00,3.364553856971260970e+00,2.127183179875282715e+00,-7.133992711252401531e-01,-2.624587258231461551e+00
0.000000000000000000e+00,-4.036373428664750129e-01,2.474793877236916018e+00,1.844923519428133929e+00,1.205294265286051036e+01,-1.554061010339478077e+00,3.466746065189618697e-02,2.759427409105661422e+00,-2.941573299441962774e+00,-5.680947821235555750e+00,-2.034703529378544040e+00,-3.799417974462943048e-01,-3.398089081270083245e+00
0.000000000000000000e+00,-4.743916273230353031e-01,-2.165644040101152079e+00,-1.074334072769638215e+00,3.139806434614892172e+00,-3.290021162878382643e-01,-5.147133533195265009e-01,-1.243220687585877782e+00,-1.774723698396935667e+00,-3.101093360524053821e+00,-1.892167195945131386e+00,1.504761456282045273e+00,-4.110810061293487250e-01
0.000000000000000000e+00,-2.302132235524119608e+00,2.075165794423791787e+00,1.442759064013936499e-01,-1.747373672395108990e+00,-1.727213777257413430e+00,-3.142815094926356245e+00,-5.018450678053634206e-01,1.601187335068824158e+00,2.984097432535465444e+00,1.084375578282133823e+00,4.981564025590257128e-01,4.421002347754721118e-01
1.000000000000000000e+00,-5.873439853283612955e-01,2.241837865630988524e+00,2.978515817555644318e+00,3.135697345571109018e+00,-5.795118124638534152e-01,-2.214951439367971453e+00,-5.798582928020161731e-01,2.158991924970110610e+00,-2.484872334759771206e+00,9.831288377412947810e-01,-1.657408962131911023e-01,-1.320293333446833195e+00
1.000000000000000000e+00,-4.327828204344924323e+00,5.048246751141946653e+00,5.839227956001688646e+00,-3.823700128096721773e+00,2.105245333587515866e+00,-1.544609511721213746e+00,-2.066644386523691423e+00,7.770281567991456306e+00,5.286024899273865429e+00,8.310022545129428506e-01,5.151354304469172085e+00,-3.968045926933025935e+00
1.000000000000000000e+00,-8.005399658020506681e-02,5.460876612783152950e+00,-5.791570425632789343e-01,-7.242253334480153182e-01,2.227920885734659961e-01,-1.634897548120419764e-01,8.406018781261199724e-01,-1.525770666882915849e+00,2.901382751893653023e+00,-3.056072336668546718e+00,-4.327676590369401666e+00,-3.440408813959234369e+00
0.000000000000000000e+00,-2.146557180893118311e+00,2.096740074164857859e+00,2.848159107843057480e+00,8.137611286525324061e+00,2.802003588502142151e-01,-3.868211124659572064e+00,1.620519683026497848e+00,-4.028999168619415094e+00,-3.247883968441756863e+00,5.286111024386634938e-01,-7.485378414741573616e-01,-1.793582019535943317e+00
1.000000000000000000e+00,-1.593555762461664749e+00,5.682176605166707084e+00,5.587684034376038333e+00,-8.046598300121136915e-02,4.253180010124044674e-01,-3.969704573762812050e+00,4.910872066478969566e-01,2.941244165169438318e+00,1.608717155268605481e+00,-1.921180837665662278e+00,-2.981724359088888221e+00,-1.849781008952937178e+00
0.000000000000000000e+00,-1.991439543690497471e-01,-3.531115375662647882e+00,-5.519943698795801268e+00,1.801143255480095906e+00,-2.039712887569797406e+00,2.534204110939489496e+00,1.124361782446733571e+00,2.893957914356009020e+00,-2.179121274087262083e+00,1.979477660233656344e+00,3.397013217664233586e+00,-4.673371122817566725e-01
1.000000000000000000e+00,-1.892606891289922988e-01,7.196853408784738004e-01,1.760570283970773087e+00,3.120993483178579719e+00,1.146120832879135021e+00,1.303680629633494625e+00,4.202005566362124966e+00,1.310139211826277794e+00,-8.689662772126962587e-01,3.815608134327921341e-01,-6.143962162951325245e-01,-1.196793494660134405e+00
1.000000000000000000e+00,-4.326033526623573877e-02,5.605497035688429719e+00,-1.343485897120844097e-01,1.347552269163349026e+00,8.763695711541032995e-01,3.625158071398938198e+00,5.544849389795152295e-01,-2.791973263157788043e+00,-8.554659014994401289e-01,-1.516611024383420769e+00,-3.075381078892231557e+00,-4.312862205587922659e+00
0.000000000000000000e+00,-1.688439452223440274e+00,-2.166348146388739071e+00,-1.552460115489711079e+00,9.486234227137504416e-01,-1.656552131950013163e-01,-1.186147250245352502e+00,1.452184073302948075e+00,-2.530488080126923833e+00,-3.682601229537842968e+00,-3.651202471195302834e-02,-1.722463929797326987e+00,1.941337010065330437e+00
1.000000000000000000e+00,-4.422831448727091441e-01,1.510057189149702994e+00,4.798649264125918190e-01,1.399013661458515800e+00,-2.743454638717452099e+00,1.912990666224606784e+00,-2.836144393129251817e-01,-2.698760398039555586e+00,2.308993695785221512e+00,-1.510673606141496039e-01,2.325101684838378979e+00,1.402287602150927182e+00
1.000000000000000000e+00,5.325213402228385462e+00,-3.946061446974069575e+00,-1.010768396892024246e+00,1.977315473172460036e+00,2.751945950265393570e+00,7.729246520249086760e-01,1.280436537696305610e+00,-2.966603898241459092e+00,-2.900376289178445255e+00,1.820604563387368646e+00,-3.487448199384789227e+00,8.575615804201732750e-01
1.000000000000000000e+00,1.112971425621293919e+00,-1.021084173807759621e+00,1.094138534735636270e+00,1.701058760725425723e+00,1.076461658919529274e+00,1.742307836726735282e-01,1.495911649629904749e+00,1.643371039423100033e+00,-6.187889568206805802e-01,3.061426438692484098e+00,7.356191615608835832e-01,-1.396158905957971541e-01
1.000000000000000000e+00,-6.264282776632137395e-01,6.662211910317426877e+00,5.305415361421084164e-02,-4.198267393585181750e+00,-1.653772778711142255e+00,-2.931043949400149007e+00,-2.501809651153605429e+00,6.753151965394865730e-01,2.835963409801760537e+00,-2.831171320495157406e+00,-5.213614200075517680e+00,-1.920000057543537864e+00
1.000000000000000000e+00,2.964053812905234064e+00,4.991540625824632538e-01,-2.049622863083788715e-01,4.239759499465935555e+00,1.840255234993367406e+00,1.561138825726988699e+00,1.855672155512849031e+00,-1.134055526501751121e+00,-2.315204075289945429e+00,1.068715391184483554e+00,-2.261353571709500798e+00,-2.818489113047586869e+00
1.000000000000000000e+00,-2.418504274002841292e+00,9.132609574274336950e+00,1.039922201277334590e+00,1.524890570664359235e-01,-2.967764219759376765e+00,2.881479834164044629e-01,-6.531013264358034309e-01,-3.955121364424226904e+00,4.543891121633485852e+00,-2.688164434289523896e+00,-2.276398411650264020e+00,-2.433271278655723791e+00
0.000000000000000000e+00,7.967081038289038908e-01,3.286414368834680744e+00,3.973672851197702638e+00,6.193923534744206760e-01,1.717831666902981613e+00,1.528199592503820536e+00,2.792243066651609151e+00,-2.349142476565726501e+00,2.564318093669285759e+00,5.857542118241700901e-01,-2.109868028692321040e+00,-1.260312258013502884e-01
0.000000000000000000e+00,-8.087243531005076091e-01,1.436665193497816073e+00,2.689815077649328146e+00,4.992405626699307764e-01,9.225039982819338569e-02,-8.578768066166846396e-01,1.895280289302351928e+00,-1.633088469393074504e+00,2.928811218267291849e+00,1.427302971831481804e+00,1.395895140650516009e-01,1.395467118270210527e+00
1.000000000000000000e+00,-6.251359728286316475e-01,5.109008239824677666e+00,-2.318270725182308922e+00,-2.046630871001210661e+00,-1.494913073015863736e+00,1.189846413119091117e+00,-1.823753083838089317e+00,-3.362940198867620634e+00,3.185170571697979014e+00,-3.728280496814077694e+00,-2.398411284912399744e+00,-2.491243688421387770e+00
0.000000000000000000e+00,-1.287789345406138208e+00,4.510049965695275276e+00,1.466984910606134118e+00,-1.218366564211674552e+00,-6.821584217700533692e-01,-6.456461404202071819e-01,5.181193858519859141e-01,1.715807851214461000e+00,2.200432764446686118e+00,-8.531553978683437123e-03,-1.494987795506006467e+00,-1.432109683683292722e+00
0.000000000000000000e+00,1.303850431747206606e+00,1.939844083443693634e-01,-2.939187399507403597e-02,-9.501674084549154742e+00,2.266208623288440194e+00,2.827505686346970748e+00,-4.554573375067631602e+00,6.696187495833449965e-01,-5.690915256664019761e-02,-6.343478314086543612e-01,-2.124734320596010306e+00,1.055087915819254096e+00
0.000000000000000000e+00,-3.109841595815552306e-01,4.267811451807197898e+00,1.851143979290861719e+00,-8.016581498344057977e+00,2.577815576404512310e+00,1.644683424493762036e+00,-2.367660725787700926e+00,-8.145326576641606087e-01,7.905269286163194575e-01,2.321120248697271293e+00,-4.111082089205877921e+00,1.076966390780107474e-01
1.000000000000000000e+00,-2.803536646431697976e-01,1.035782889142285335e+00,-2.991077935346485805e+00,-2.797104328252565164e+00,-2.338370222065921933e-02,2.511660263291648487e-02,1.762989968646748729e-01,-5.140078114537625087e-01,-2.152863624070862070e-01,-3.545630299238351046e+00,-3.960899212239753719e+00,-1.011111056692336030e+00
1.000000000000000000e+00,-4.967126562857958616e-01,2.248799390864791192e+00,-2.011146450721789103e-01,3.624778634621368845e+00,-2.966678308126430075e+00,5.583130035526168156e-01,-1.870654095176957910e-01,3.967600064641851887e-02,-6.133873654953745369e-01,2.414630978706369113e-01,1.310648480443511232e+00,-9.132651830006319749e-01
1.000000000000000000e+00,-1.556358379442327244e+00,-1.459277601159713722e+00,-1.502574161176061018e+00,-3.398321116444151357e+00,-1.324782731757748744e-01,-1.793001552313509439e+00,-2.377597890513942325e+00,8.856983312368593708e-02,-4.525915447829338412e-01,3.221557778923558324e-01,4.347010368752581844e-01,1.327239893246823677e+00
0.000000000000000000e+00,-2.283429354069017592e+00,-3.417531527574395600e+00,-4.044232932443269313e+00,-4.173879231003677859e+00,3.113144746982054567e+00,2.740113737980331976e-01,-6.643233070862719636e-01,2.149045473539381135e+00,-3.729507838125289965e+00,3.537615371038332679e+00,4.805001028900157678e-01,-9.316332058171776787e-01
0.000000000000000000e+00,-1.472170293892191673e+00,-4.901338899305105024e+00,-1.339320623186242898e+00,-4.491317292591738841e+00,4.309774172286634730e+00,-1.302848109882837502e+00,-3.249048487226493531e-01,1.528388021039509326e+00,-5.898548168952912896e-01,2.429505539181274543e+00,1.527488662931892005e+00,6.172964462306570477e-01
0.000000000000000000e+00,-2.262081450042696673e-01,2.394229250758709016e-01,6.511794154043304417e-01,1.124429736565496635e-01,1.597336138949891682e+00,-2.918288287530488301e-01,-1.705401560148834150e+00,-3.063172261597622903e+00,-9.743476412830687217e-02,8.267668031570468701e-01,4.969471832179226389e-01,-6.292871496185875602e-01
1.000000000000000000e+00,2.740716991463104879e+00,1.879793574156663150e+00,1.081244868473935083e+00,1.602820420221557463e+00,1.157404822410827760e+00,-2.696322946078190341e+00,-5.017263453358697944e-01,-4.127232518197931910e-02,1.401272790997649675e-01,5.094931273496766666e-01,-3.424647688802255008e+00,-2.101463258632722209e+00
1.000000000000000000e+00,3.526595366865351355e+00,-3.322184140438048106e-01,-8.165355330997878802e-01,3.266718897473036787e+00,1.912431901583782512e+00,1.750773024814346268e+00,1.572738967285786771e+00,-1.378363683284554941e+00,1.395340496452059931e-01,1.108760917411562019e-01,-1.222244376114912656e+00,-2.602070450861964535e+00
1.000000000000000000e+00,5.310090407669719959e+00,-4.449929259240034796e+00,-1.976216408909632793e+00,-6.923852843814850555e-01,3.055167527446447373e+00,-1.715020701458467300e+00,3.629982627622152513e-01,-1.898879735508232969e+00,-2.773926849672019301e-01,2.174464580160936134e+00,-3.700144330528151837e+00,1.073394123143641021e+00
1.000000000000000000e+00,1.179353713867313580e+00,-2.660401359262329457e+00,1.134048938596627698e+00,-4.828158661748360281e+00,1.538687087615840943e+00,-1.965691790574301656e+00,-5.694518788197344694e-01,8.775689832772657351e-01,7.519638407698825411e-01,1.688976339613735611e+00,-1.670162308181772470e+00,3.521868460942169321e+00
0.000000000000000000e+00,-1.656418069361254464e+00,-3.303271654435574467e-01,1.499297496279522690e+00,-2.542622794943185216e+00,2.898683830859869470e+00,-8.188600200720330680e-01,5.071243162924474746e-01,-2.316166248116640070e+00,8.961673286271447658e-01,1.734793310924636289e+00,-4.857902890563124965e-01,9.542446462571673171e-01
0.000000000000000000e+00,-1.146361673522297231e+00,7.598848866417898584e+00,2.264822491690632766e+00,-3.060855544303199505e+00,-8.506628875898327724e-01,-2.792659227316725001e-01,3.845200761425163760e-01,-1.916733227285329244e+00,1.677388832534941532e+00,7.723139556745218792e-01,-5.812264261999398940e+00,-2.408692398666605339e-01
0.000000000000000000e+00,-1.214734781967128141e+00,1.778623475380543273e-01,2.725337049120573063e-01,2.518765522031791160e-01,3.089244364022981637e-01,-1.026401226342636752e+00,1.139435434479688869e+00,-1.996292001366974045e+00,1.110125253015227242e-01,6.757925839118487099e-01,-8.170735659530610207e-01,8.340537761330821809e-01
1.000000000000000000e+00,-1.626629124643140578e+00,3.753907328728413595e-01,-3.508411862512434087e+00,-5.597312165778818738e+00,-6.950950950444989562e-01,1.431945077406494571e-01,-1.273612507528341986e+00,-4.608071343881552373e-01,6.704899839456945898e-01,-2.763431928060533060e+00,-2.331442639743540823e+00,6.183486206795478779e-01
0.000000000000000000e+00,2.947116757300221046e-01,-2.231487645301982958e+00,1.603112500307170230e+00,-1.637385921577029224e+00,1.866409064891668468e+00,-6.444962582865261247e-01,1.683449221845029209e+00,-2.334212474302526097e+00,2.345077406338797577e+00,1.345929142803213630e+00,-8.627092625063415010e-02,2.960108876774095066e+00
1.000000000000000000e+00,-2.446412813858700908e+00,6.470303076338837833e+00,3.327348713603080377e+00,2.309364532243314283e+00,-1.963029881880355987e+00,-1.717551524609108871e-01,-5.736344639886741259e-01,1.705063518261868527e+00,-1.265642017086121118e+00,3.188154122886932562e+00,2.256822713174320150e-01,-2.030453691245586167e+00
0.000000000000000000e+00,3.879567681114305389e-01,-8.296633638986382620e-01,-6.453746274547726980e-01,-4.185471561861341172e+00,1.822168000148375100e+00,2.940829515242882941e+00,-2.242911300600150426e+00,-1.064455045596093496e+00,-1.468520480053518096e+00,-1.772088365406064181e+00,-7.074427036752832798e-01,1.290686120774362511e-01
0.000000000000000000e+00,3.253326285686778618e+00,3.487984890172426411e-01,7.959266438400982580e-01,1.785320427551589928e+00,-1.049819290536647465e+00,1.928541830546350866e+00,7.184595987797948169e-02,2.124271323611386375e+00,-4.012327282701643405e+00,-1.753953960806359902e+00,-2.818028484189350813e+00,-1.982028725672460023e-01
1.000000000000000000e+00,5.800598096097331346e-01,-4.868395955136395337e+00,6.647665690289399354e-01,-5.984575677144077233e+00,3.883251199632951955e+00,-2.472846629467728707e+00,1.778396867820338567e+00,1.346485250605879092e+00,-1.155636411009905995e-01,1.393384988831697147e+00,-3.078739428906023701e+00,3.863452705352449890e+00
0.000000000000000000e+00,6.512251550417502699e-01,2.109658433848970560e+00,-9.264542903240926552e-01,-8.998550058659745332e+00,1.551544164422612448e+00,2.319404159988191161e+00,-4.328120391470459793e+00,8.380395793429944451e-01,4.028164847734405640e-01,2.099756777130617813e+00,-2.350510044673518539e+00,8.048006870499424537e-02
1.000000000000000000e+00,2.801982079518407165e+00,-2.733079681202683631e+00,-1.480887212220483029e-01,2.445971412234078546e+00,1.145046056360091491e+00,-1.909883386768111979e-01,1.493255408032272191e+00,-1.213884792201675999e+00,-2.037363361832998709e+00,4.908082061812432118e-01,-1.700101475634864023e+00,7.739152212864637281e-01
1.000000000000000000e+00,2.250592047295965514e+00,2.968986878436862487e+00,5.329486030948213937e-01,2.246247405575124922e+00,-9.936887415989099637e-01,3.688575879106719135e+00,4.723156404403061615e-01,-8.593920727206563193e-01,2.036247294841260214e-01,-6.030957942934068727e-01,-8.157613447898836023e-01,-1.654489967847317278e+00
1.000000000000000000e+00,3.324048259871857702e+00,-1.765952557305751291e+00,-2.583019211782158209e-01,4.350386168770819850e+00,-5.473897153819959893e-01,-2.753928244084180132e+00,1.044316925522510431e+00,-6.155641682782864166e-02,-9.152923668455855699e-01,2.641670784956145823e+00,-1.255181410236319905e+00,4.538374705243086726e-01
1.000000000000000000e+00,1.427206255448407068e+00,-5.114713224081010701e+00,-8.571211837848766724e-01,-1.105384450346100222e-01,2.292679799112422590e+00,-2.200570476117933882e+00,2.876343343581964085e+00,6.530420246978978494e-01,-2.517616546607459593e+00,2.386406646094924255e+00,-2.307616636777475527e+00,2.442510264056349634e+00
0.000000000000000000e+00,-1.260190050663498429e+00,-1.692180646970907532e+00,-1.222099315961666655e+00,-3.956134347239008697e-01,7.827449559903481013e-01,-7.303039398745396760e-01,1.323097404463210225e+00,-2.382688543503284073e+00,-4.157795851123744946e+00,-8.639432557381785394e-01,-3.290551217825138597e+00,1.567743412439804196e+00
1.000000000000000000e+00,-2.899918399583567563e-01,-4.576560795351419131e+00,4.261977975776203298e-01,-1.356193734690902986e+00,1.757308885833848811e+00,-3.317891242538584251e-01,-7.124070601635961175e-01,2.882123039411568222e+00,-2.030726641749111216e+00,3.398898377409599991e+00,3.254355133829922586e+00,1.679171092864212067e+00
1.000000000000000000e+00,-9.739803065624836886e-01,-4.333249732806742749e+00,-4.121470841652620010e+00,-2.917349205839066428e+00,-1.729404396119748943e+00,2.239361636456532523e+00,-8.334041107665701720e-01,2.606918817126945065e+00,-4.229123856947599513e+00,2.424632319496256017e-01,1.385845246051709445e+00,2.563884730191078543e+00
0.000000000000000000e+00,2.393298584642304938e-01,1.338405051677844737e+00,2.891542147719283307e+00,2.047800213709433381e-01,9.640345166402127797e-01,1.426224706477616788e-01,2.124457868131388594e+00,-3.203576294022877580e+00,8.786992811945888437e-01,-1.722753590677572610e-01,-2.525633193784892150e+00,1.635785628255550073e+00
0.000000000000000000e+00,3.887781350786180479e+00,5.610497584633495904e-01,-5.478854474869465641e-01,-8.943752652908615985e+00,3.000587905864593008e+00,5.088591635648757716e+00,-4.573301798993161249e+00,-5.770269971393970909e-02,1.710483575093682429e+00,-8.303016245277190510e-01,-2.014925090859681411e+00,-4.104044701783794435e-01
0.000000000000000000e+00,2.655407137962580766e+00,7.204721062118981667e-01,2.990670581650607396e-01,4.693506795716333890e+00,4.185890212281218048e-03,8.369491480916233517e-01,2.201542251421739760e-01,1.010521310978450327e+00,-1.868808784575583637e+00,3.341893421563769451e+00,4.800201071820158205e-01,-2.315441971725451076e+00
0.000000000000000000e+00,-1.624388140719103202e+00,1.591147023478286515e+00,2.540136433626762003e+00,1.013017708534404315e+00,2.159504102746942600e+00,-1.703030259754416686e-01,1.581803078660362516e+00,-1.924265850609726103e+00,-1.434093787415375854e+00,-1.326594393207761957e+00,-1.825431893492880597e+00,-9.421464698826613748e-01
1.000000000000000000e+00,-1.025174659811321609e+00,-6.101941163775309596e-01,-3.875170583760398912e+00,-4.357740818821036477e+00,-2.071443530252335963e-01,2.053888610176393126e-01,-2.825417943476009164e+00,1.272085940439705354e+00,-6.187133033840233054e-01,-3.321767323737488953e-01,2.146428671558631152e-02,-7.424505372009325699e-01
1.000000000000000000e+00,-2.395471136249910593e+00,5.016101518760701872e+00,-7.293701918947137486e-02,-2.788937759920544490e+00,-5.357719475297245681e-01,3.329744169652860686e-01,-3.466988280535259648e+00,-1.965773530913182521e+00,1.351703288107813705e+00,4.707501922925563242e-01,-1.257595956102527390e-01,-1.944575342565058040e+00
1.000000000000000000e+00,1.889489660156937756e+00,3.656800772524222976e-01,1.692006598652066485e+00,3.069330901258470412e+00,2.106030652363317657e+00,2.073245924437824961e+00,1.853330246469052422e+00,7.254372691019128627e-02,1.135229049101444954e-01,-4.736198877306252442e-01,2.293021456840655947e-01,-2.372166826272051665e+00
0.000000000000000000e+00,-9.799956112700750621e-01,3.495006758955238713e+00,2.555225767992233443e+00,3.109425289916246005e+00,-2.955502662977539163e+00,-1.359901736824402185e+00,2.089191133819883639e+00,-3.243085449240372231e+00,3.431759745431125719e+00,1.253229467878514969e+00,-1.190296474102129354e-01,1.950720129786391865e+00
1.000000000000000000e+00,-4.305134758025427333e-01,2.682194408056200352e+00,-9.382699120961387473e-01,-1.583158011716405245e+00,6.166124476781738029e-01,1.994005393819703320e+00,6.769231920511491474e-01,-2.892829607073482912e+00,1.859038467070916578e+00,-2.147620735507110634e+00,-2.188201452679429337e+00,-1.324906362207184607e+00
1.000000000000000000e+00,-2.088568980945907150e+00,3.705397813247634176e+00,-1.191329247657783474e+00,-7.379247085567816278e+00,-3.759959512782095059e-01,-7.137743878749924775e-02,-3.950010562392686886e+00,-1.813196391747816216e+00,2.366714309508369141e+00,-1.470777613640750658e+00,-2.166086799939453300e+00,8.881978094031461879e-02
0.000000000000000000e+00,4.086697386419601230e+00,-2.665249395719699876e-01,1.143935818022217221e+00,-8.498797997113751279e+00,3.554626274646550677e+00,5.242098424883534058e+00,-2.654928517688938783e+00,1.267045292518290456e+00,1.753655902415708123e+00,1.089701134551277928e+00,-1.597734046350479442e+00,7.839104613388054865e-01
1.000000000000000000e+00,3.888494394429741430e+00,-4.798629155624970721e+00,-6.701299463994427885e-01,2.808553996776318673e+00,2.060876456181463201e+00,-3.585869145158023574e+00,-1.874378962924031278e+00,1.430409342306826703e+00,-3.255064605541254430e+00,6.300418281648969554e+00,7.621487568491982501e-01,-3.343960623501140983e-02
0.000000000000000000e+00,3.264884560478188646e+00,3.312174267134091021e+00,-1.505691936294448752e-01,-1.132317295384323153e+01,2.326683759936399198e+00,3.459526474111732419e+00,-4.851352098788073164e+00,-2.748292994781362353e+00,6.298305740858482160e+00,2.023150034220376092e+00,-2.950847557194919091e+00,8.911835781433368187e-01
0.000000000000000000e+00,-1.865795262701033241e-01,6.522902676155465373e-01,3.399943799838561098e+00,-5.510541968291805537e-01,3.119306457161569401e+00,4.418822675845079928e-02,2.298208898312156023e+00,-3.399820708600851837e+00,-3.392046070342304986e-01,-4.835432544847955150e-01,-3.222113072127941624e+00,1.030534203346558764e+00
1.000000000000000000e+00,-1.963552521372182502e+00,3.486707404319339787e+00,-7.477413218370934089e-01,3.083436872255798100e+00,-2.685142376016987242e+00,1.138684856308459725e+00,1.766738653631872769e+00,1.374494992670602933e-01,-3.538595856680326612e-01,-4.524951238675323228e-01,8.220241386520021898e-02,-1.601040876362820331e+00
1.000000000000000000e+00,1.159976221538686625e-01,3.400809209096374630e+00,2.268808131637977787e+00,-4.380280025337876526e-01,1.831190762084553558e+00,-4.215396473236532326e-02,3.384414275390397187e+00,1.107886214219560905e+00,1.483934711933398543e+00,-4.342421899772568317e-01,-3.858319353080237768e+00,-1.664634055378596322e+00
0.000000000000000000e+00,-2.720847329481454580e+00,1.536102100453538899e+00,-2.686075587156961930e-01,-4.578855988671346466e+00,1.574119163176546543e+00,-1.404632592572692573e+00,-1.019645925564910627e+00,-1.456351405760649920e+00,1.621502225821469523e-04,2.283878490524893223e+00,-1.906768179204654245e+00,4.385321169500012717e-01
0.000000000000000000e+00,-3.163738445049709691e-01,3.469686669153506653e-01,2.659016320563162949e+00,-1.966577767641549013e+00,2.677980037956211312e+00,-7.990454249529113095e-01,1.552681031299610659e+00,1.832729360409790509e-01,1.718982043791389858e+00,-4.021906994745583219e-03,-1.344412188381526541e+00,2.824886733077353052e-01
1.000000000000000000e+00,2.206057813513741195e+00,-6.950104088838640948e+00,-9.358405044592990052e-01,-3.340350623342063230e+00,3.545689540040569465e+00,6.172072373388683975e-01,2.056315978906674502e+00,5.404053121609883048e-01,-1.213175414026484544e+00,3.780536361769967879e+00,-3.646598309511360769e-01,3.808386357115749021e+00
0.000000000000000000e+00,2.225399837416491167e+00,1.307875573830601601e+00,1.148722293675895179e+00,-4.588000651285459419e+00,3.200679558596151164e+00,2.359308810289866720e+00,-2.787109867041664302e+00,-1.722410679528395772e+00,1.336088040195913429e+00,-3.052042292743071261e-01,-1.724006018186843292e+00,-1.065173703717190890e+00
1.000000000000000000e+00,-1.614169514891198975e+00,2.434747025557216560e+00,-7.991507124454116928e-01,-4.413869429466265260e+00,-4.957990858115374211e-01,-3.045269159957819660e+00,-1.762542865744952669e+00,1.135488133381795883e+00,2.097566893024168877e+00,-8.862070463916705831e-01,-2.302189708879809338e+00,-3.324724824681728474e-01
1.000000000000000000e+00,4.914292919741585219e-01,1.308503197208098934e+00,1.587813703601545390e+00,4.061456379143245421e+00,-2.536520610426056255e-01,-2.855474708019737573e+00,2.587374347090358739e+00,9.511070042691952553e-01,-1.675783459723908742e+00,1.818719715937330283e-01,-2.893346453734335633e+00,-8.381756814935520383e-01
1.000000000000000000e+00,-5.321676772433869829e-01,1.187135724584233776e+00,-2.715159628620429366e-01,-6.166063602057334947e+00,9.107305727551244789e-01,-1.257626493389547129e+00,-5.268510124259628391e+00,8.196452521427286531e-01,-2.466630496990377619e+00,6.582701075666506085e-01,-2.317364462582470974e+00,5.613722148534661116e-02
1.000000000000000000e+00,1.656322498110680996e+00,3.733576874400965195e+00,-1.462896153402561961e-01,-1.985293504768476103e+00,-1.480398921424071590e+00,1.364161384215673234e+00,-1.031948244061621001e+00,4.743254514965211666e-01,1.702912650599097688e+00,-1.811263611306280552e+00,-2.797708236676154314e+00,-9.250347916223270461e-01
1.000000000000000000e+00,-2.354343179773149330e+00,1.186714732312566190e+00,-6.676568122779825698e-01,8.367580407262582842e-02,-1.362874745288841005e+00,2.141687943230432545e+00,-6.407268962719756544e-01,-4.833437370362817731e+00,4.313049319032459472e+00,4.306494969262713024e-01,4.230298844594316598e+00,7.299443122711803955e-01
0.000000000000000000e+00,1.912604589495336960e+00,-4.570634785780062437e+00,1.794301066509781162e+00,-1.088323678492749469e+00,2.676790982832797816e+00,-3.519806593231559200e-01,3.191296930430448597e+00,-3.566924483910320909e-01,2.241493838408874950e+00,-5.283112949970636407e-02,-1.271858955820120984e-01,3.203903789241314470e+00
0.000000000000000000e+00,1.484913037434209215e+00,3.640220276983149317e-01,-6.516974263604700113e-01,2.826928447783970122e-01,6.352751503246594211e-01,2.000161439079104042e+00,-1.074278962636288526e+00,-1.327691661392262468e+00,-3.234108331653602342e-01,1.154081240816237974e+00,2.192096508088745566e-01,-1.060620660830054351e+00
0.000000000000000000e+00,1.537571458735201624e+00,6.058677432668242435e-01,-2.521408387541645979e-02,3.618029357933007617e+00,2.688957009946607579e-01,1.226903139975820567e+00,-8.146356339829390336e-01,-8.004465451471194370e-01,-2.814542874982889131e+00,-9.767469372200483502e-01,-2.616971475152104487e-01,-2.420139653749008968e+00
0.000000000000000000e+00,1.470137271489920572e+00,-6.843418031241303989e-01,1.931558221507631012e+00,1.050492966020703856e+00,2.540913411617480300e-01,-5.419388630923656081e-01,-1.211722434843071960e+00,-4.816593608189361220e+00,1.141330368916341875e+00,-2.570813329442596107e+00,-3.411100558873404465e-01,1.700984263038510580e+00
0.000000000000000000e+00,7.772256945921163229e-01,2.189121542133451115e+00,1.127139019781150830e+00,-9.068736137004744791e+00,2.753365431259434004e+00,3.259233724622833783e+00,-2.737657940614238505e+00,1.804792311587011255e-02,4.121153913275077407e-01,4.711069599671539043e-01,-3.455170920151107605e+00,6.984127369981276701e-01
0.000000000000000000e+00,-2.632799578997291334e-02,5.383111116734144996e-01,8.283932962135150957e-01,5.327417739719180201e-01,9.020265116160420815e-01,2.074534713582806056e+00,-5.266095900116656292e-01,-1.859597728963462204e+00,-1.345033329617036033e+00,3.989330177584764492e-01,4.075304003523054774e-01,-4.466831047139723232e-01
1.000000000000000000e+00,1.012689956007933656e+00,6.864135773418773567e+00,1.045628615171810161e+00,-1.730363113186936141e+00,-3.443540716157021953e-01,1.780094860947763813e+00,-2.003100267003256718e+00,-2.028361628095590952e+00,1.736627013774856287e+00,-1.919411470607305104e+00,-3.888214402312691220e+00,-2.894825967804488975e+00
1.000000000000000000e+00,4.049877020427125274e+00,-2.555271743025819831e+00,-1.001063075605724606e+00,5.850296754480433847e+00,3.953304697241436516e-01,-3.235366344839734065e+00,-4.948291226601333470e-01,-1.351743734495453264e+00,-4.773511860837549747e+00,2.099353671630142415e+00,-2.557141783010953073e+00,-7.296477950781485866e-01
0.000000000000000000e+00,2.206375014761249531e+00,1.528363103498004305e+00,1.845557832299471457e+00,-5.307687573253241808e+00,1.657632201928437743e+00,6.246182278982084224e-01,-2.314026971344425476e+00,2.191689138691376382e+00,9.203590840416235874e-01,5.050986625266465246e+00,-1.589669035941544406e+00,7.269621301686886028e-01
1.000000000000000000e+00,1.177460399128093194e+00,-1.065777141759053137e+00,2.089437511273920300e+00,-1.420625832690864954e+00,-2.697219210566492720e-01,-4.191864439098704764e+00,-8.570950964099990355e-01,1.144879342389863996e+00,-9.309000509412796998e-01,2.258385998005562278e+00,-2.397661750644060508e+00,3.108251505061521591e+00
0.000000000000000000e+00,-2.991600857438477590e+00,-1.019586306451713664e+00,-2.414687926192967016e+00,-5.779343640644158953e+00,4.251415708649891601e-01,-3.986512262023598652e+00,-1.796220174815837289e+00,-3.917455391693118738e-01,-5.506121728627504375e-01,1.735122773959044018e+00,-2.087458010730742330e+00,2.049107450916818784e+00
1.000000000000000000e+00,-3.531603310353090386e+00,3.381041974067384270e+00,4.619018140758731406e+00,2.885133210236713097e+00,8.421530951197071513e-01,-8.370957867419770437e-02,1.947784213523763963e+00,5.271277607037700541e+00,9.391717599385840387e-02,3.698236194387648501e-01,3.362225859755099577e+00,-3.375840424554259034e+00
0.000000000000000000e+00,2.754474524785588407e+00,1.295679919342041408e+00,7.171405171186427951e-01,3.600353000812212656e+00,-2.743326567465926846e-01,-1.148718454032472192e+00,-8.469438560889614998e-01,-6.162518271173558215e-01,-1.349724363774406743e+00,2.099884510917492397e-01,-1.779833281446422610e+00,-1.680216993942464265e+00
1.000000000000000000e+00,-2.062971759766788260e+00,1.759970127199749657e+00,2.298372332227261339e+00,2.720397970015855371e+00,-2.481181589563306034e-01,4.211265501688925550e-01,3.815393749649571120e+00,2.447245765065971579e+00,-2.500505980109587689e+00,1.416780659464885517e+00,-6.740376877027841607e-01,-3.293456949189073057e-01
1.000000000000000000e+00,-1.268520105661713693e+00,-6.800999604022076594e-01,1.758559757386347400e+00,2.735922501642200189e+00,-1.571992049098045463e-01,-2.081049700786497869e+00,2.385846379946888529e+00,2.201918398704944657e+00,-2.089760279659250930e+00,1.965206656994370471e-01,-1.247980176300923505e-01,4.309060069198227261e-01
0.000000000000000000e+00,4.738652313655414838e-01,3.768968183225602342e+00,2.052479767643329733e+00,-2.240517173945621554e+00,1.982602252366154616e+00,8.779757833581028903e-01,-5.288711625206969913e-01,-1.948173472059878675e-01,-1.066518880734539376e-01,3.876299313637137534e+00,-2.595561122154012246e+00,-1.266590440608791557e+00
0.000000000000000000e+00,1.494113247799189637e+00,1.170632543820857352e+00,1.212571518995152031e+00,-2.200087247581404171e+00,1.776882073823226937e+00,4.444130251963942513e+00,-9.631588395432665317e-01,-5.583597801203622479e-01,-2.195060358838386794e+00,-2.453664171942517402e+00,-1.973128340777352552e+00,-9.014085179899309352e-01
0.000000000000000000e+00,-1.533130295824671085e+00,-6.545444105868942763e+00,-2.800106825964701063e+00,-5.306679940158194775e+00,5.996649084904135840e+00,-1.941696657487552713e-01,1.031017896189759808e-01,1.281526849094372977e+00,-2.980359357507697649e+00,3.110923413627294298e+00,7.790376311062059411e-01,2.709742093476064095e-01
1.000000000000000000e+00,2.700153286988099532e-01,3.019468077747001544e+00,9.642533312853082128e-01,5.457044776768364081e+00,-6.949659674139272436e-01,-4.373457693532124324e+00,-3.837557182536939226e-01,2.740438370373006194e+00,-2.177398357270732721e+00,2.764213138812258830e+00,-9.875537384991964762e-01,-3.786201722660063940e+00
0.000000000000000000e+00,-1.297857030377395748e+00,1.033595823441907591e+00,2.054966389121068993e+00,4.079926052419412308e+00,1.461825989961961447e+00,-3.630448481581887599e+00,-5.689856202675562802e-01,-2.104960578533912496e+00,-1.320379692864378285e+00,3.647758672045192885e+00,8.211423291199935193e-01,-1.597447344019170767e+00
1.000000000000000000e+00,-1.535342925283246895e+00,6.702282263276054586e+00,5.975250930566694763e+00,5.873478984329544517e+00,8.501675673981063941e-01,2.246641505886661783e-01,4.541417163651368938e+00,2.378244449760934742e+00,-2.658613310069667612e+00,2.844115293603747263e-01,-2.972721810859014546e+00,-3.856583775705844097e+00
1.000000000000000000e+00,1.068222204598119340e+00,2.463727158122200667e+00,1.205061837619234577e+00,4.373339756782931076e+00,5.947328199834338580e-01,-2.491600190617814237e-01,2.169569098383062666e+00,-4.208505834007492119e-02,-1.379047428248274976e+00,-1.013990816111568272e+00,-2.537316822544173789e+00,-2.898520145915103097e+00
0.000000000000000000e+00,-3.170423232199448105e+00,-5.631937811547373052e+00,-4.147293182409766743e+00,-5.486509946834813078e+00,3.713765090111698086e+00,-1.667335218740152669e+00,-1.645586171900657035e+00,4.312648325514629732e-01,-2.726146200464117264e+00,4.480111251542894024e+00,1.820580698583079471e+00,9.611777492618718277e-01
1.000000000000000000e+00,2.386786052419460624e+00,3.306538262193095434e+00,1.561712855927317900e+00,3.452668659263793849e+00,-9.693580043703675653e-01,-2.592087832886918797e+00,-2.846768606404382229e+00,8.157403998563125258e-01,-3.066197802544712303e-02,1.782142628787358074e+00,-5.438000775439154610e-01,-2.804847261812469572e+00
1.000000000000000000e+00,-4.196848699753283896e-01,3.407132728926637100e+00,9.904255354389990273e-02,2.269143053379313990e+00,-6.845543567803851204e-01,-1.276298388178827015e-01,2.063986736601446825e+00,4.197678723037903126e-01,9.069262453021134096e-01,-7.316712082977749887e-01,-1.684657372363900230e+00,-2.369163096961156789e+00
1.000000000000000000e+00,2.228601664181411479e+00,-5.661356337279910278e+00,-2.147690443024520945e+00,2.664241279639561810e+00,2.649943275078973093e-01,-1.769290261965530853e+00,-2.469203994484936437e-01,3.432961664111122690e-02,-3.251269360522238028e+00,2.088165648556013387e+00,9.733581859570956674e-01,1.523342399037645123e+00
0.000000000000000000e+00,1.856242316753834665e+00,-1.096024517968246625e+00,2.041994591075415588e+00,-2.852674249374458348e-01,1.519724465327825014e+00,1.975540579374774897e+00,-1.020810716255125872e+00,-1.762394709737315601e+00,-4.470982085297315889e-01,-7.639569405955783932e-01,3.902562678433791898e-01,8.338363013137970459e-01
1.000000000000000000e+00,-2.079501416831251337e+00,4.989198044726440351e+00,4.422449714180862301e+00,2.340216693813297777e+00,-3.148217615565591654e-01,5.003214374961559852e-01,2.551813901507348881e+00,3.067696548959546021e+00,1.290880400038071585e+00,-5.910606549516206343e-01,4.459348173080304178e-01,-2.308850853467538045e+00
1.000000000000000000e+00,1.769017300278608928e+00,-2.759840084408925476e-01,1.367316456472730479e+00,4.340907628427582488e+00,3.301333219929424079e+00,2.384838898325356116e+00,2.037070925502844077e+00,1.627849902168315044e+00,8.901997410674336031e-01,8.741688873073099053e-01,2.815937074662731021e+00,-4.409748204526804827e+00
1.000000000000000000e+00,1.767725490753996542e+00,2.122095139900363581e+00,8.849680891901352542e-01,4.936631068606898154e+00,1.348829417137934694e+00,2.298657412763596142e-01,3.146817820802334520e+00,2.466305023856258938e-01,-1.618493234744667886e-01,-1.017630283643464750e-01,-1.993622718067308952e+00,-3.629703939415918956e+00
1.000000000000000000e+00,-1.962023665596570154e+00,5.900759529391228497e+00,-2.245623217518342152e-01,9.117058964570423640e-01,-1.720374874955396205e+00,-6.251953897614646039e-01,-1.632957639094078317e+00,-4.721052660576301463e+00,1.149196899217299395e+00,-3.079359620798193919e+00,-2.403740635199908660e+00,-2.282170030373502634e+00
1.000000000000000000e+00,4.045928742412392864e+00,-6.239241336464271370e+00,-1.823751607746596282e+00,-1.242334313492807096e+00,1.874087538262474428e+00,-1.897763294310972793e+00,-2.630223046361907180e+00,-1.736179633396761623e-01,-1.239058234589309082e+00,3.475049945421866404e+00,6.789937071217682085e-01,2.155367102616875474e+00
0.000000000000000000e+00,-7.940165920405021227e-01,1.707989162476250877e+00,-5.113873627676313038e-01,-4.352566727544886938e+00,8.454878919965669315e-01,-2.502837558935260276e-01,5.578260325131361164e-01,1.020178372504359388e+00,-8.867256129898870576e-02,1.346966707010064379e+00,-3.527633397274388738e+00,3.220382600699582820e-01
1.000000000000000000e+00,-1.373811836371535255e+00,-8.517476060361168777e-01,-1.547500850169533315e+00,-1.065704260780459212e+00,-2.548946154130034003e+00,2.233786133340175173e+00,-2.004130261778100497e+00,7.921007303197669103e-04,-2.052617571329147239e+00,1.002230678429899768e+00,2.579140760926009968e+00,1.920811978365045469e+00
0.000000000000000000e+00,2.715493224677139938e+00,-5.410802120027015105e-01,4.444334616462006782e-01,1.841567490481738067e+00,1.856002094749292120e+00,6.972171506262070384e-01,-2.472371846635768033e+00,-1.921789762419912950e+00,-1.012035994558330598e+00,-2.157902934431305653e+00,4.637977314770602710e-02,-2.311465463224624539e+00
1.000000000000000000e+00,-1.830735330839739827e+00,2.023097510336077320e+00,1.603861561752890186e+00,-2.436177833706894447e+00,1.678937344356880690e+00,2.244938408486843340e+00,4.199794487327294767e+00,1.974142482570756751e+00,2.231346369076467440e+00,-9.796673906717652258e-01,-1.312064333933355975e+00,-5.259424305735993510e-01
0.000000000000000000e+00,-1.889577566303556111e+00,3.156496702518666542e+00,6.597479879220842225e-01,-1.668653399214475641e+00,-1.079899784634698268e+00,-1.352189026621673618e+00,1.419798386953051716e-01,1.941094356389978515e-01,2.039887724464137353e+00,1.916346094077279405e+00,-7.797544156244575753e-01,2.998900784438688349e-01
0.000000000000000000e+00,-3.813473794752317847e-01,3.358751977023117341e+00,2.604203383355216950e+00,3.593617823409157808e+00,8.953777076551749925e-02,-4.749452773225633084e-01,2.436789701856295842e+00,1.659065532946297328e+00,-2.995510532564665596e+00,5.921131443465929678e+00,-1.706271719807469944e+00,-1.175029205831395140e+00
0.000000000000000000e+00,-1.420339940116327249e+00,6.932290872467350429e-01,1.638879543847323594e+00,4.649248549239533013e-01,8.901936726590277127e-01,-6.793757823400550233e-01,1.064050262191965190e+00,-1.341163733684914261e+00,-2.268875525166231810e-01,-8.965332030134938179e-01,-7.097961380968444978e-01,1.359737631550668180e-01
0.000000000000000000e+00,3.716415464925446610e-01,-3.003050815541245200e+00,-6.848274331701933448e-01,1.826679440917752473e+00,4.248895820270476298e-01,1.534854175196920245e+00,2.547093359196296536e+00,-1.621392658141063814e+00,-9.537423731257377302e-01,1.105073752672889764e+00,9.223023250411974683e-01,1.732013272774803436e+00
1.000000000000000000e+00,-1.298599113307952857e+00,5.081882121581487333e+00,-1.182306550423168456e+00,-1.068417625544636484e+00,-2.700070077385096745e+00,-2.538650480521595920e+00,-1.441947395156361944e+00,3.816845464892757445e-01,2.850680568531072545e+00,-2.282306510484717332e+00,-2.279718808700972765e+00,-1.991801409877841600e+00
1.000000000000000000e+00,3.391374341076451859e-01,2.222269635190113224e+00,-2.854584287541266807e+00,-8.664808793343290461e-01,-2.497954384003282957e+00,4.171341549483078559e-01,1.005315729279815162e+00,3.244025101962747293e+00,-2.276223644997654727e+00,-3.241612224666319708e+00,-4.536122416658919576e+00,-1.267231295457152074e+00
0.000000000000000000e+00,-8.743776915923027193e-01,8.160076741719238802e-01,-2.996573832984156027e+00,-3.856865997833735182e+00,-1.832630880555426334e+00,-6.325078526057170691e-01,4.253554032688977582e-02,1.603815696615600306e+00,1.703173573989330780e+00,4.028626033153934749e+00,-8.642475279876498107e-01,1.408728885990248259e+00
0.000000000000000000e+00,-3.265673744813198276e+00,3.313263216946068290e+00,4.255046755870350861e-02,3.037466027263793222e-01,1.105040890886057614e-01,-1.424915097571064049e+00,-2.937823059230582068e-01,-2.385342708849765181e+00,-3.968140167020842712e-01,4.976569497051574587e+00,-6.352922700364727060e-02,-8.995446335252532677e-01
0.000000000000000000e+00,-8.083018169841200695e-01,-1.998425419372385492e-01,1.571087650943995939e+00,2.572901294579967857e-01,2.619294531630672829e+00,9.351029092040878954e-01,1.877495006819768886e+00,-6.494110496095349738e+00,-1.840918967930939676e+00,9.573646055319090520e-01,-2.665595989615366701e+00,1.772057827083448167e+00
0.000000000000000000e+00,4.912011623117522596e-01,-7.002372356120903696e+00,1.431970542072034336e+00,2.479061569241311602e+00,3.916062515052622484e+00,-4.587544797018622278e-01,3.393269734000051496e+00,-4.514657220449940667e+00,-1.778943337266620350e+00,1.006522513570937694e-01,9.345319806887142366e-01,3.385048912743417571e+00
0.000000000000000000e+00,-1.289008708955822424e+00,1.679979045884637534e-01,2.088849687809171130e+00,2.148058241535874657e+00,8.735531509879721490e-01,2.390976323219230482e-01,1.180010958075419225e-01,1.795347613258753139e-01,-5.059559056553456280e+00,-3.479237902029419516e-02,-4.811797217862709974e-01,-4.442242303310802720e-01
0.000000000000000000e+00,-2.507468732775355758e+00,2.001628826923044890e+00,2.553143909086720065e+00,1.426118669873205347e+00,1.436757955808766862e+00,-3.177094469063311166e+00,-1.010763253901738157e+00,-3.057769788013535273e+00,-1.620374312722320465e+00,1.470648715392258055e+00,-7.972340740974646067e-01,-6.376160747557102493e-01
0.000000000000000000e+00,1.491670889985064363e+00,-1.846537255643782904e+00,-2.237357935874797032e+00,-3.182140212790913303e+00,4.295771103597405549e-01,2.402447660850787869e+00,-2.769667807947017835e+00,-4.990569972394336418e-01,-9.963570668510663975e-01,-1.042941892398195236e+00,2.014261557194254593e-01,3.542519307413158902e-01
0.000000000000000000e+00,-9.015180274622788259e-01,2.040819161874457333e+00,3.305067171230639200e+00,-1.451816133812123155e+00,1.965243009539597185e+00,-3.467655845242068047e-02,1.000526839072996887e+00,-4.593325433221933984e+00,1.476011024076744560e+00,3.109997642834293474e-01,-2.269689087858807852e+00,1.478918116195479415e+00
1.000000000000000000e+00,3.806063685908656513e+00,6.991212990863697740e-01,4.099768090895766770e-01,-6.478249678318459548e-02,2.089828776745369154e+00,2.502651127312982116e+00,7.356578011101545522e-01,-1.059896340539436377e+00,6.714623080452695181e-01,2.361644346852751930e+00,-2.132106560353140168e+00,-1.023996029482771686e+00
1.000000000000000000e+00,-5.140823775489300473e+00,2.357306753929134580e+00,-1.800957925864403286e+00,-1.557577431856338013e+00,-1.050091840875737814e+00,1.507215316861736820e+00,-1.890762838408106550e+00,-2.194408198584813618e+00,1.223266929308862716e-01,1.869824641622443107e+00,3.413476869312669137e+00,-8.646219526185596749e-01
1.000000000000000000e+00,-1.887428111032933842e-01,-2.254181353963272905e+00,6.513934214712470139e-01,1.252890338554815963e-01,1.067993446151111581e+00,-3.741383685780311996e+00,1.891032500410245287e+00,2.811399903831416580e+00,-8.148922357867405264e-02,1.989575685163213370e+00,-5.670126066789145103e-01,9.907028645457347515e-01
1.000000000000000000e+00,-1.367162798537366220e+00,5.021325316184499066e+00,2.684983162787071276e-01,-5.632126870632114368e+00,-8.204620960329004342e-01,6.667312375124123669e-01,-2.625348778057727372e+00,-6.095922716680074460e-01,1.194543029039303983e+00,-1.138803994205017656e+00,-3.211569748512717482e+00,-2.486650202561787593e-01
1.000000000000000000e+00,-5.538250454691457936e-01,9.003540868273688602e+00,-2.744333995657499692e+00,1.649224626123590776e+00,-2.515518512556163433e+00,-2.312987096902108242e-01,5.711696638345218346e-01,-2.090320361879887567e+00,4.601281775706048904e+00,-5.514870044816759354e+00,-4.650296558744516418e+00,-6.208536099421654519e+00
1.000000000000000000e+00,3.439455499674055616e-01,1.099541461958469357e+00,-1.680488997254516281e+00,2.664779273816832106e+00,-2.069999322495980287e+00,4.443697211143168957e+00,7.338443126595768362e-01,-2.382447198213228035e+00,1.221894628304154740e+00,-6.412710317343998101e-01,2.410347574676130034e+00,-7.434107717653521963e-01
0.000000000000000000e+00,1.363862891127157972e+00,1.594491781085602966e+00,4.849570114790134667e+00,2.895391354674498707e+00,4.079818618557654597e-01,5.978514687579252751e-01,2.360585154821192688e+00,1.737288495465046267e+00,-3.248067144379210180e+00,2.891239063329083869e+00,-2.000458062691140348e+00,8.816239845637900974e-01
1.000000000000000000e+00,3.483906217281806939e-01,-2.113172505955955849e-01,-2.633217168044033052e-01,-1.339589420905449302e-01,1.251934745414286176e+00,-2.163465318584149255e+00,7.638283241910474031e-01,1.617667423963404350e+00,2.987225337040233519e-02,7.391056936091449092e-01,-1.513981441685163798e+00,-1.065976397223530769e+00
1.000000000000000000e+00,2.822369131144664145e-02,-1.510058559487703622e+00,-3.305258444534960649e+00,-4.574618119157849883e+00,4.562477072361832420e-01,-9.611535647215245781e-01,-2.660179897394749915e+00,2.885735199046057797e-01,8.861084585219741738e-01,-1.112997353236024667e+00,-5.686841268468428856e-01,-2.463865987379387779e-02
0.000000000000000000e+00,1.955754050301976577e+00,1.196131639715979134e+00,1.328721828966326513e+00,3.647853412399551853e+00,1.590323061018758199e+00,2.732731794486658039e+00,-7.478828761288207616e-01,-3.372061383664637368e-02,-4.577275809525112038e+00,-2.532383906368585791e+00,-1.155102628551579524e+00,-3.596009362035506030e+00
1.000000000000000000e+00,-2.375891191113149059e+00,3.842466604657918117e-01,3.400598455127431752e+00,-2.892437489814528306e-01,9.952338741802957411e-01,-1.573998187665217596e+00,1.538200517010987145e+00,3.578000911761722858e+00,-1.768529769564090470e+00,1.181792479518522176e+00,1.373672481107119925e-01,5.085659249687735084e-01
0.000000000000000000e+00,-2.400709004131651003e+00,9.376889479882716261e-01,-7.535665461964415890e-01,-3.658329982811595382e+00,8.359409908502788422e-01,-1.821898053870420142e+00,-8.693485758533361363e-01,1.649113149207346307e-01,5.199249022385410424e-01,1.831532575253127737e+00,-8.528706136101247282e-01,7.503606619649039189e-02
1.000000000000000000e+00,-2.083901616419985281e-01,1.949714291535966648e+00,1.413511392587960103e+00,5.730668353102296164e-01,-1.567492045875917839e-01,-2.600755139213083211e+00,-2.537737925403349859e+00,4.358993265424468966e+00,4.108491012559277067e+00,1.615856355856847282e+00,4.133473092113116643e+00,-3.157168951215739039e+00
0.000000000000000000e+00,1.150447902973001923e+00,2.072177139521724776e+00,2.563061297098586877e+00,-6.636449710721809225e+00,2.772288510419128826e+00,6.804310229766599161e-01,-2.790396627793258588e+00,2.087385651651760821e-01,9.700279211985634031e-01,2.603333585399265182e+00,-2.510943185948874223e+00,6.266999737392833225e-01
1.000000000000000000e+00,4.884585652179554316e+00,1.350485238793704301e+00,1.883743810659976869e-01,3.735667157558783202e+00,1.371971374250666509e+00,1.443151690154484967e-01,-1.014876744983127299e+00,-2.072126656368727282e+00,5.902855062639578154e-01,-6.153641212799714211e-01,-2.061797874685325827e+00,-3.400221525737538109e+00
0.000000000000000000e+00,-1.367502892362192357e+00,-1.285735551939092280e+00,4.664582935254687257e+00,-6.026300311832432754e+00,6.120667531061879885e+00,-4.187265559568530193e+00,2.058666547757327381e-01,-1.459031749045583970e+00,2.840957357767665670e+00,2.744686124844974984e-01,-2.339711289241342307e+00,1.827905483298540190e+00
1.000000000000000000e+00,-1.780633810212841173e+00,4.602371043345820922e+00,2.430639000168797637e+00,1.055633086061926074e+00,-3.254132429073011146e-01,-1.377217468103695719e+00,2.130933735897178494e+00,2.161322365207496432e+00,1.431931945051553523e+00,-2.127582931470661354e+00,-1.993000215879689119e+00,-2.326647487019777749e+00
0.000000000000000000e+00,-6.729743681662250232e-01,5.981303308102566829e-01,5.253718328824628081e-01,1.919913012145184616e+00,-1.035611288052240120e+00,-6.513350705549643127e-01,1.128143555349052418e+00,-1.016266495055123231e+00,4.153854918588482548e+00,1.504474785044725760e+00,2.887239778681052638e+00,2.554310517449398521e-01
0.000000000000000000e+00,1.050221111449370248e+00,-7.438275878352166970e+00,-1.586016709238083244e+00,-2.798818393072140864e+00,2.118652106115400890e+00,-1.725400050915737449e+00,1.776422153251778324e+00,2.099790453873763063e+00,3.224001928505084269e+00,4.062296754027842738e+00,3.406557881474936877e+00,3.641428199384925790e+00
0.000000000000000000e+00,-1.598656578780237147e+00,1.606214301761099472e+00,4.843290143603494746e-01,-6.006947776199365485e+00,2.334519186069352603e+00,-1.324878319607134536e+00,-3.688653811605373534e-01,-7.994359459119049216e-01,1.460398085334648099e+00,2.246454165043387796e+00,-3.005055385275594126e+00,8.302231848476571141e-01
0.000000000000000000e+00,2.306762324904558792e-01,2.138044956694627796e+00,1.472275435287809797e+00,2.521130604781411044e+00,5.166945256937907072e-01,2.714320810129812411e+00,2.671646841937260319e+00,-1.009535547587068649e+00,2.363488667194355575e-01,5.299146211475478374e-01,-3.283592080708614969e-01,-1.227858737536335898e+00
0.000000000000000000e+00,-1.219466294735032097e+00,-4.986065251964149070e-01,-2.482393378728104949e-01,3.692263924607893655e-01,1.055472725231478615e+00,-1.298130296239328629e+00,-8.272473481308051380e-01,-7.966485952677831994e-01,-2.121269178774900066e+00,1.599140638449096929e+00,1.114584812961150195e-01,-4.858841993768675538e-01
0.000000000000000000e+00,-1.653514832216733232e+00,2.265204113014483323e+00,7.378258013268145232e-01,-1.849316596901654286e+00,7.135197193176624486e-01,-1.034084045411532538e+00,8.134811554357134211e-01,-6.539773003319730993e-01,-6.914112217862595777e-01,8.173816113824909912e-01,-3.046345875031797767e+00,9.908936432870418809e-02
0.000000000000000000e+00,2.460848689190426875e+00,1.291905028783276455e-01,-1.568059148278937887e+00,6.946802273709341335e+00,-1.335969703556283417e+00,8.827695278481004770e-01,8.855074223341530271e-02,-1.423652560364483621e+00,-1.626274383084841846e+00,9.172826868579081472e-01,1.265230492127567441e+00,-2.622313956169402882e+00
0.000000000000000000e+00,9.203198173943561988e-01,3.128305681318043430e+00,2.748620504426184219e+00,5.377078975274276473e+00,6.437895051597084528e-01,-3.202984227179372922e-01,1.309218927383947406e+00,-1.369240345102945566e-01,-3.213603074541998783e+00,1.692708616940660438e+00,-2.013884241102763983e+00,-2.687511970714583143e+00
1.000000000000000000e+00,2.528072323580082159e+00,3.437943976748544017e+00,-2.429377394216008845e+00,-3.226109609162813197e+00,1.250060050518775334e-02,4.008251563038031762e+00,-3.176239179891136910e+00,-4.158672359320055634e+00,2.224296487960304436e+00,-3.905079720902606688e+00,-2.786735979401959717e+00,-2.291319073276058660e+00
1.000000000000000000e+00,8.964500668377339831e-02,-2.135001675273602739e+00,-1.328230310361202093e+00,2.079982290534779565e+00,-2.537472616956837346e-01,-2.819968957372045892e+00,-8.087655780722058374e-01,2.680551738442162435e+00,-1.149377299724184676e-01,1.661759310011900803e+00,2.570317805614920292e+00,-1.125304769345585765e+00
1.000000000000000000e+00,1.508772822006425596e+00,2.226276824810548227e+00,1.197642280523973923e-01,2.639425555557734615e+00,9.199816155251873129e-01,1.148039348174390462e+00,4.330998258962326375e-04,2.080970831703105040e-01,5.232780356221857776e-01,-5.663105393775154095e-01,-1.377769110380355766e-01,-3.819138302740822777e+00
0.000000000000000000e+00,1.132983517239684490e+00,2.162907602633906912e+00,-1.602740951810740277e+00,-8.430626964507457188e+00,2.068486826042879922e+00,2.102664995927760572e+00,-3.770165623469037719e+00,-3.419801957541102055e-01,2.070082219334911766e+00,2.429597064508570270e+00,-2.326462371785756211e+00,-5.904779454303483721e-01
1.000000000000000000e+00,-1.394536190627389205e+00,1.589184569777023048e+00,-9.253157275378810498e-01,-6.973496280116947332e+00,2.024384634438128661e+00,6.780285716883591718e-01,-3.194063367123043840e+00,-1.660277609809964972e+00,-1.679942811087475896e-01,-4.686502366706797318e-01,-2.497124997119647638e+00,-1.832468234752183678e-01
0.000000000000000000e+00,1.209290776840167059e+00,2.978997176363320065e+00,-1.925747399387502945e-01,7.146513216425253390e+00,-1.112783732316868779e+00,-4.265066208444623364e-01,-2.885952020959051678e-01,1.979707168683046969e-01,-3.302625587428476006e+00,3.086217457439103029e+00,3.915318503782794224e-03,-4.106247580081715753e+00
0.000000000000000000e+00,-2.218970862051422799e+00,3.225890640108199037e+00,1.016739155281373597e+00,-4.318817726761416509e+00,2.771735876337467097e+00,5.094542009526903392e-02,-4.078639531583960753e-01,-2.758571323165333045e+00,1.197152317288677326e+00,3.937701404254626336e+00,-2.042038225949115215e+00,-4.064687117189400567e-01
1.000000000000000000e+00,2.213171559166946967e+00,8.570627308735196959e-01,3.611873048885696491e+00,-1.609582762842726611e+00,2.583369086015871563e+00,-1.049339797804938357e+00,-4.335551841658251693e-01,-2.178510903723360759e-01,-2.362876246989374929e-01,3.040089307205130487e-01,-3.322709145428821564e+00,3.846394741768766057e-01
0.000000000000000000e+00,1.954871654453179008e+00,-3.950999768075835750e-01,9.288897263413347094e-01,4.426688829014726601e+00,-1.079374517509288367e-01,1.755485464653056216e+00,3.896443417502515327e-01,-2.813804690926087204e+00,-1.651896505212590682e+00,-2.157959407767168436e+00,8.099029416857117525e-02,-5.360446291657894324e-01
0.000000000000000000e+00,-3.399480278390274890e+00,3.534780968405321744e+00,8.128350091491732821e-01,-5.197272842928025938e+00,2.048815380602132308e+00,-2.932987218781593519e+00,-1.698508330261767174e+00,1.894929106867770052e+00,1.722410144388524467e+00,2.060216991093259953e+00,-1.275112319100217828e+00,-1.914307248913825088e+00
1.000000000000000000e+00,1.759023334282961981e+00,3.898021660830940593e+00,2.463142260301738329e-01,4.201740271665121540e+00,-1.409784400946411331e+00,-1.893859597950253271e+00,-2.297499993859306144e+00,3.091278233068890380e-01,7.821551806210336188e-01,-1.032067253200336321e+00,-3.879418545855448652e-01,-4.196318502316934484e+00
0.000000000000000000e+00,4.532568501437550523e-01,-2.264536309705584838e+00,1.718665026022478060e+00,1.627513509278160631e-01,2.225286123208060296e+00,-2.363012658087860762e-01,2.332989200408132291e+00,-4.746961532727159705e-01,1.857798297991344327e-01,-9.277444319318242094e-01,-5.580526147913027479e-01,1.170570972477473770e+00
1.000000000000000000e+00,-1.608803297366096841e+00,1.957900751985390153e+00,-1.689835233201317344e+00,-7.313076750990792796e+00,-4.652055688884735307e-01,-6.459291516150345025e-01,-5.297136156365573889e+00,1.126955583842940811e+00,-9.961244450904453984e-01,9.659335953533965125e-02,-1.626497225717055350e+00,1.203237556206284697e-01
0.000000000000000000e+00,-3.530329074915625753e+00,2.264023897571024513e+00,-4.188074054758326170e-01,-1.190988235411950091e+00,-1.116649647321837691e+00,-2.296200719175867544e+00,-1.213786123120937699e+00,2.844284374033922980e-01,1.012323302107113854e+00,8.289617200309392642e-01,9.601503330450043006e-01,-6.071157109459421886e-01
1.000000000000000000e+00,-2.060030089758605687e+00,4.432535356279809768e+00,-3.113650914506872480e-01,3.233316700769038654e+00,-2.295618349343565789e+00,7.610906039624847352e-01,-6.421994082912225732e-01,-3.926462223601586476e+00,2.784377218352195982e+00,-5.117777932019351717e-01,2.078241533468835112e+00,-2.118499796102174315e+00
0.000000000000000000e+00,-2.089187872725821293e+00,-2.397400031706359069e+00,1.245442657662314545e-01,-1.861736777636214368e+00,4.851960172156052353e-01,-2.975072077450070296e+00,1.996316658356311891e-01,-1.943114298376888316e+00,1.354219500385612118e+00,2.236545321828325328e+00,1.031574490327991533e+00,3.183854544499507444e+00
1.000000000000000000e+00,8.989799886411319330e-01,9.817684274118466947e-02,1.124259896854367780e+00,1.656748391136183107e+00,1.539102826643959698e+00,-1.237526966445104293e+00,-1.462641786762564067e-02,1.223104507193499835e+00,-7.287989983629725721e-01,1.042444160548816612e-01,-3.711040009450109478e-01,-1.901907264782543239e+00
1.000000000000000000e+00,-3.320107047158953328e-01,4.506572592453520265e+00,-1.469609350125686165e+00,2.697946272863574801e+00,-2.010007834086608547e+00,3.050053371619632525e+00,3.275333402524759130e+00,-1.580588315908150854e+00,6.499382454109559060e-01,-3.437516685426759366e+00,-2.874613790033519134e+00,-2.458506188106627022e+00
1.000000000000000000e+00,-9.347762386256097678e-01,2.044813317639158523e+00,-7.039182925364981802e-01,-2.951542763967911487e+00,-1.585769068146819505e+00,-5.103956235832456390e-01,-1.550461807251402035e+00,1.140670902471104142e+00,-2.285551101348568537e-01,-6.880040069593179597e-01,-1.720538109968374085e+00,3.555981514047994452e-01
0.000000000000000000e+00,2.848444854384794667e+00,1.165215004935477916e+00,1.368341797553349615e+00,-5.632270679437159089e+00,2.385061902262793687e+00,2.243195895048981203e+00,-2.852641370784066766e+00,-1.010721521712642179e+00,1.836592553326104937e+00,8.781889115387508937e-01,-2.001491627118681116e+00,3.682611286479047230e-01
0.000000000000000000e+00,-9.847361707111628171e-01,-4.788712984181796584e-01,1.578335286116836045e+00,-6.811782242376357432e-01,1.161538925910840625e+00,-8.680797319173628734e-01,4.082212066354604652e-01,3.307636565397927164e+00,3.295610331719868391e+00,1.501041741060057388e-01,3.302580255982541679e+00,-9.630234632503495984e-01
1.000000000000000000e+00,2.102695717478524351e-01,1.037071825686149085e+00,-1.093811908287178003e+00,-7.272683957715374348e+00,-2.105349602707035084e-01,6.273428825150348942e-01,-4.766681042486766273e+00,1.053819610837037235e+00,-1.457146746940319204e+00,-3.831346213501336528e-01,-2.414796434753109899e+00,1.026302055369213928e+00
0.000000000000000000e+00,-4.124900367674154467e+00,4.777031184754142679e+00,-2.244548498983910623e+00,-4.130270305501034578e+00,5.811762241834136367e-01,3.244806607936372433e-01,-1.421526507419153429e+00,-2.013375198791090170e+00,-2.976527840157946248e+00,3.964859081461109991e+00,-3.499478601171347236e+00,-1.631817039978096240e+00
0.000000000000000000e+00,5.447131416783033142e-01,-7.949936756014756023e-01,1.505438512546091179e+00,6.283968114529684179e+00,3.543219436465715466e-01,-2.326396110421092178e+00,-4.164234419543527688e-01,-3.906826775622361581e+00,-7.949308069415961242e-04,1.537400725278639690e+00,2.480669768488819038e+00,-7.292308362652938358e-01
0.000000000000000000e+00,1.378872771831221034e-01,-1.363030403302925242e+00,8.804797452754320464e-01,-2.793493526632663926e+00,1.179419923740359089e+00,-1.194570778692657376e+00,1.206837411293461004e+00,3.975452090617421774e-01,2.327194128504341819e+00,1.044207285824781728e+00,-6.323979347195393119e-01,2.105908633556893506e+00
1.000000000000000000e+00,7.864261841498754180e-02,3.734277207235429774e+00,-6.190922876831727040e-01,-3.223687256105010057e+00,-8.431606995709669539e-01,2.654887883654215130e+00,-5.112316199717775511e+00,-2.659799313163103474e+00,-2.483028152876937344e+00,-1.171204177603371255e+00,-1.982721967062717638e+00,-1.011145700058526442e+00
0.000000000000000000e+00,2.191436264134526635e+00,-6.625728366356571364e-01,-2.119847127394036690e-01,-9.131078561776631020e+00,2.262340805837031787e+00,2.454555889432329163e+00,-4.168447720932770828e+00,5.118746234487236979e-01,6.988587894591322680e-01,-5.824155945977964599e-01,-2.115110935198114994e+00,1.497933134740565553e+00
1.000000000000000000e+00,1.627769848301285904e+00,1.360995356560274150e+00,-8.740191677363244871e-01,2.659899834634967153e+00,1.111178415429820099e+00,-1.156597313882848033e+00,-4.774047927293800786e-01,8.096973374792781897e-01,-1.157055961025190705e-01,6.749562201718307675e-01,-7.738079255949597002e-01,-3.937587223042222195e+00
1.000000000000000000e+00,-4.178553833915891191e-01,2.828326264348864250e+00,-1.101850178559740101e+00,4.973509103429525346e+00,-3.729314933502925200e-02,4.439831989016941094e+00,2.351835403076246056e+00,-4.578588054505335236e+00,9.508270602824984152e-01,-1.013951751569178716e+00,1.197881898928736977e+00,-3.328212476072879955e+00
1.000000000000000000e+00,1.381918069129485227e+00,1.249456258102819017e+00,1.396447842488144353e+00,9.043884174242751151e-01,7.438842004140440167e-01,1.794113873539960213e+00,7.707798603393407610e-01,-2.761589409469362710e-01,-8.144482706280007367e-01,3.521576988921619744e-01,-1.273249218047963760e+00,-6.682829276025716858e-01
1.000000000000000000e+00,-9.907223698632673381e-01,2.711392749988453588e+00,-1.390434423310674905e+00,5.401692909942703430e-02,-2.378203966524642610e+00,-3.859251234372029771e-01,-1.860218854635469432e+00,-1.045211523619897331e+00,-6.283092849113067757e-01,-1.784705355375070246e+00,-1.143782836472937658e+00,-8.491136379077268703e-01
0.000000000000000000e+00,-5.690995517758577371e+00,2.125117240229255078e-01,-2.630730965782932529e+00,-8.329208718924782318e+00,-9.635482231143166487e-02,-7.814579409054728920e+00,-4.031389889798643544e+00,3.848853165499891205e+00,3.093878725564942478e+00,3.280577278703607824e+00,9.941357852451369048e-01,5.829714992681607200e-01
0.000000000000000000e+00,1.176048822164517116e-01,-2.161209321762748825e+00,4.940463325362935088e+00,-1.000425120244618604e+00,4.418544370012118527e+00,-2.092217767005966955e+00,3.290977858995423500e+00,-5.010363751613438943e+00,-8.757741587896221702e-01,-2.742535773643024033e+00,-4.852663288052248447e+00,3.622651148864889592e+00
1.000000000000000000e+00,1.012404774125123419e+00,1.997784822970819274e+00,2.861504201315741014e+00,2.871704215529383486e+00,2.742131159700996523e+00,6.672610960040794570e-01,-4.481366362717771334e-01,1.508784214029877280e+00,-1.076298865416883244e+00,1.790667321966431524e-01,6.126470264675707433e-01,-4.233590742677470153e+00
1.000000000000000000e+00,3.541695516405821920e+00,-5.476188725547086023e+00,-1.280145766489741987e-01,2.914435603535895147e+00,1.429428664473952004e+00,-3.040823096789224689e-02,3.200847653754427258e-01,-1.203336358115859372e+00,-3.178217119182431549e+00,1.646507586154770886e+00,4.380877890861962776e-01,1.901601690791100197e+00
0.000000000000000000e+00,-3.558590610266056942e-01,1.072292924928847979e+00,1.065899230133474651e-01,-1.864974152443374722e+00,2.290583014422981067e-01,2.781768340604946488e+00,-1.662422571855057374e+00,-5.664956719174270017e-01,-2.188643806400159875e+00,-1.111758453124234158e-01,-3.121794886466234820e-01,-1.706125629938515242e-01
1.000000000000000000e+00,-2.265334703327837929e+00,7.148970806437140446e+00,3.929384728008005201e-01,-2.898520118017697822e-01,-1.484075622284562357e+00,-3.160973829479423181e-01,-1.846085570056249514e+00,-4.844745403939995088e-01,2.185739534480932278e+00,3.162322183250263485e-01,-7.195215293060248651e-01,-3.566133424570878674e+00
1.000000000000000000e+00,3.552892697620303686e+00,-2.420604256041987590e+00,-2.146285695976169361e+00,1.028474252251641685e+00,9.021132391972300768e-01,1.730822889039609347e-01,6.359798052648671929e-01,-7.599766546965869285e-01,1.411500137686317213e+00,1.656668980220583398e+00,-3.247411967505172692e-01,-2.405151054654484089e-01
0.000000000000000000e+00,-3.308637556602095575e+00,-4.016610146360509503e+00,-4.599275965078935435e+00,-5.095192375690610120e+00,1.471225724300898152e+00,-2.830774681383903868e+00,-1.519439227835746475e+00,8.477980771278152972e-01,-4.715189203325895750e-01,4.689963247009103497e+00,1.830486930401407530e+00,1.253402157586579913e+00
1.000000000000000000e+00,5.940073424882509334e-01,2.972140747650839021e+00,1.170148903542144181e+00,2.592874549009739127e+00,-6.224723286797033683e-01,-3.582732770885119322e+00,-5.330121821751163669e-01,1.489370232786501491e+00,1.040697755445405548e-01,2.234012140424060933e-01,-1.863527273890181579e+00,-2.395251083749293741e+00
0.000000000000000000e+00,-7.863875967305475889e-01,2.813773304562813826e-01,1.377165023619869366e+00,1.694945668462713106e+00,8.627988604345687706e-01,-1.138907800363964107e-01,-4.660447891059490422e-01,-9.950208878798004752e-01,-3.604790040282070951e+00,-4.895310047012564336e-01,-6.612616691385457823e-01,-6.021007503019325524e-01
0.000000000000000000e+00,-1.099621361839501210e+00,-3.524754713092251190e+00,4.510068591240216085e-01,-2.988180480522808047e+00,2.547774119819655514e+00,-2.160194015649203880e+00,6.683786467602774728e-01,-3.224086595585370585e+00,1.371967712890077351e+00,4.243637269415984292e+00,4.561887137660745051e-01,3.775049372104885670e+00
1.000000000000000000e+00,1.278850220884148570e+00,-6.553585144693455655e-01,1.698996873720219458e+00,1.537361325582035976e+00,1.717305759213772598e+00,-2.671042157464731392e+00,1.215602212138047422e+00,1.848734077382734320e+00,-1.006698716640894942e+00,2.599522327214842221e+00,-1.429649448300068570e+00,-4.263421036328460811e-01
1.000000000000000000e+00,-1.111811810494200969e-02,4.097098586751757310e+00,-2.569306933782448787e+00,-4.358957698103088418e+00,-3.789924930675299120e-01,2.081127199776239500e+00,7.719890420573287670e-01,-2.878868455421926820e-01,2.029049245986672911e+00,-4.056697180701067218e+00,-5.099344318972966583e+00,-1.855954364119871469e+00
1.000000000000000000e+00,-3.283849800397766749e-01,8.879232416206255252e+00,2.900467683686771103e+00,7.662781053183992164e+00,-2.138798884256913002e+00,-1.543454322998693229e+00,1.347273928762497963e+00,6.896876269249354596e-01,-1.155269869324735632e+00,-2.016377709088586379e+00,-3.430874770621934022e+00,-6.010343571830454756e+00
1.000000000000000000e+00,-1.447356921990420098e+00,2.529371874512980956e+00,3.647232575292771894e+00,-1.558131114069545742e+00,1.430855857830149347e+00,-1.467023203713462731e+00,6.993560892429446785e-01,3.805073934020085868e+00,9.426001788372500023e-01,1.788678456876752199e+00,-2.751522978935003749e-01,-9.190661992354207666e-01
0.000000000000000000e+00,-2.294383352192364445e+00,-8.203236031044487675e-02,-4.083375014693466643e-01,-5.678385303558792785e+00,3.414522754349381017e+00,2.705999716348302719e+00,-2.274490689154159639e+00,-3.318196932425916401e+00,3.065313221559038404e-01,9.683035949039933143e-01,9.185027598796808856e-01,-3.068579066373078312e-02
0.000000000000000000e+00,-2.973503285203814350e+00,5.224278358992387794e+00,-5.920502841298163066e-01,-2.206156069784821927e+00,-1.459123076417152998e+00,-1.898889120428438604e-01,-5.516134588053502874e-01,4.531035980180808664e-02,-3.327490499726335482e-01,1.822889438558592534e+00,-2.275849926340582474e+00,-1.149523260408013225e+00
1.000000000000000000e+00,3.793002863785670531e-01,5.127504329569707586e+00,1.312283723918743483e-01,-4.423462135582361121e+00,-6.352474245394670316e-01,-2.784290860388293876e+00,-2.766341069328907665e+00,-2.902347736201504880e-01,3.200000789366929776e+00,-2.859453856232560209e+00,-4.875841513728291332e+00,-1.436980435646673326e+00
0.000000000000000000e+00,-2.560397469353482780e+00,-6.783642431631156100e-01,-1.790904527782098299e+00,-3.659692938036490428e+00,2.639200913216731337e+00,-5.404910443984345392e-01,-6.826317234389409627e-01,1.983601328670395958e+00,-1.260397252416852520e+00,2.212032269393801265e+00,3.124180904426825389e-01,-1.607195382018733465e+00
0.000000000000000000e+00,2.013038460861921841e+00,-6.926299027608089354e-01,-1.408651895479116067e-01,9.313349498166711982e+00,-1.588703616081769798e+00,-1.240665936177076656e+00,8.351949116298684750e-02,-1.881216284052450671e+00,-3.216292252114758998e+00,-1.584895106246114960e+00,1.071440925585275039e+00,-2.251664843911639124e+00
1.000000000000000000e+00,-3.849303094857636776e-02,7.826351277578212695e+00,8.986113727103259841e-01,-1.391990423333947235e-01,-2.466899750942292968e-01,3.155445828731186619e+00,2.065149745839712114e+00,-1.221936121359268990e+00,-4.103905779983629820e-02,-2.945584848709690728e+00,-6.145814349634552087e+00,-3.550569410738539933e+00
1.000000000000000000e+00,-5.335720074004257629e-01,1.381033946990295913e+00,1.724042991704205718e+00,2.586473921181657420e+00,-8.505009410625317123e-01,-1.939200648630838186e+00,1.426631746179896520e+00,5.530620453506456258e-01,-3.576208128914726281e+00,-3.043141062692025223e-01,-3.015630432980251907e+00,2.904599241837853008e-01
0.000000000000000000e+00,4.732443175004275027e-01,6.927566503967144129e-01,7.035180577458917117e-01,2.076152493491854045e+00,-1.589226780363308222e+00,2.403602710521890451e-02,2.256456879831968187e+00,9.094371626406141385e-01,2.454870437076117629e+00,3.087510447578885042e-01,7.950389399767072707e-01,4.888142543682278962e-01
0.000000000000000000e+00,2.986806449994927171e+00,2.173780817974943602e+00,6.197208946514178862e-01,1.171190245289174747e+01,-2.244047290538431216e+00,-1.426838005573585200e-01,2.401525907128047699e+00,6.561449583964451548e-01,-4.371736671803596153e+00,2.114990776408971485e+00,-4.460454338901073124e-01,-3.770257726501194284e+00
0.000000000000000000e+00,-1.912465035368767552e+00,7.410698283708525014e-02,3.498177061194640558e-02,-6.783545545106474395e-02,-2.399918350658271304e+00,-3.768250609978471388e+00,5.184312482149566748e-01,-1.514658452243745623e-01,1.842555007591278438e+00,2.289191147354069367e-01,6.263583487194290811e-02,2.402702202462250192e+00
0.000000000000000000e+00,-2.534670261470016506e+00,1.059618727811117544e+01,4.542950394032729378e+00,-1.764456898669647611e+00,-1.231108404576644944e+00,-8.716155520053907590e-01,-4.411519722191004078e-03,-4.268722591099052721e+00,2.607605213309674319e+00,2.116048217216778271e-01,-5.825776027611374808e+00,-7.263721032961116819e-01
1.000000000000000000e+00,1.296934698096961380e+00,-6.341618230346363072e-01,2.828296456180486862e-01,3.104912554340720110e+00,-4.939275595020176102e-01,-3.458379566100341140e+00,3.193525600452000290e+00,-1.418204042364213713e+00,-3.140208258986570744e+00,-1.480805825419498678e+00,-5.855422401640632657e+00,1.537369748594386909e+00
0.000000000000000000e+00,-2.259350693396577903e-02,2.814666154158644851e+00,-2.098517254681024902e-01,-5.197107743625589471e+00,2.231725738799978487e+00,2.455633216194528678e+00,-2.398147935286943255e+00,1.659822224320779416e+00,-2.488181715921540693e+00,2.149653840702616669e+00,-2.746256480173836501e+00,-2.017166187805215838e+00
0.000000000000000000e+00,-8.497006257288683972e-01,3.292834286209235017e+00,3.119428182380714620e+00,4.345609015557958088e+00,3.435156114849632347e-01,4.206055214930585207e-01,2.025885594840254100e+00,-5.227370250106849747e-01,-3.907519990687696065e+00,1.557552478963142750e+00,-1.972837873909572881e+00,-1.490859853033622340e+00
0.000000000000000000e+00,1.802472335497893319e-01,1.898063651978977751e+00,1.841279056171532647e+00,4.071545847812895857e+00,-4.073469588756983839e-03,2.284938028373387109e+00,3.577128247368619451e+00,-3.932530768167842972e+00,-3.061884095754745516e+00,-1.412330964476503414e+00,-3.409403049465908886e+00,3.003335792034150797e-01
0.000000000000000000e+00,-1.286516524445668219e+00,-2.107065514133626305e+00,-1.430934960819341129e+00,-2.418235195573988250e+00,1.038199194091267819e+00,-1.273520659416059742e+00,1.387295199900236975e-01,-3.248630733605847309e-01,2.124360914732484673e+00,4.207077473800788781e+00,1.968192314405347254e+00,1.423503739318418670e+00
1.000000000000000000e+00,-1.009354669031472085e+00,2.832765494593507238e+00,-1.147362171722030588e+00,1.418743876052926067e+00,-2.253732170290701831e+00,-9.964739021629975824e-03,-7.117416907032851903e-01,-1.863072339759319629e+00,2.343497283106747986e+00,-1.145419545133290251e+00,8.371013597930665462e-01,-1.277714318694558537e+00
0.000000000000000000e+00,-3.909423338696891292e-01,4.278769433902113173e-01,3.868311820226325359e+00,-1.256517117478843426e+00,2.450735500503943953e+00,-1.932488369224548919e+00,1.939125055744520765e+00,-3.518641246023316516e+00,3.199797273216365756e+00,1.641287838849955438e+00,-1.485525586292689271e+00,2.379929747745813451e+00
1.000000000000000000e+00,-4.078681167922270090e-01,3.109165785512035374e+00,-1.036860829945343898e+00,3.882454435429710582e+00,-2.521072813075188712e+00,8.333291662773798514e-01,8.543370521700273112e-01,1.994360388941147644e-01,-1.545245019951293486e+00,-1.189663408750966989e+00,-8.426756611570216382e-01,-2.263992896622377238e+00
1.000000000000000000e+00,9.716112293917381626e-01,8.857864968268146511e-01,-4.905289620770989512e-01,2.970856338602239077e-01,2.665333866141593511e+00,1.056183048056752227e+00,-3.797972818460111366e-01,1.205947163042742520e+00,2.248852609799978364e-01,3.991592273099121568e-01,1.522161433290829535e-01,-3.968823264180965094e+00
0.000000000000000000e+00,-1.950159180966370087e+00,1.665222640678247323e+00,1.171603217949443998e+00,-5.110159586470349069e+00,2.741784226068042951e+00,-1.453018756392974176e+00,-2.008306182770229764e-01,-1.591716059989027432e+00,1.021549965070400523e+00,2.515502559638510327e+00,-2.741121641553077026e+00,7.367355948752263295e-01
1.000000000000000000e+00,-1.118896384297392688e+00,6.129256723159831388e+00,-6.266456175289827346e-01,-1.585179123130296075e+00,-7.088779887640608290e-01,-5.492410558231370921e-01,-6.155958091242178520e-01,-1.431248486122951302e+00,2.254802230755101888e+00,-2.716842966757723410e+00,-3.914776488745174365e+00,-3.031038537130859911e+00
0.000000000000000000e+00,-6.743713454297259879e-01,4.438626301994649914e+00,2.061747956080067112e+00,1.142032876411095721e+01,-1.854659554318295989e+00,-6.000252107327597173e-01,3.134000898209673203e+00,-1.747297683593847628e+00,-5.348916371331795538e+00,2.104560108551750686e-01,-1.555715598990806470e+00,-3.841145659353768060e+00
1.000000000000000000e+00,2.336560238217879615e+00,-1.980473223730250920e+00,-6.186841020646884903e-01,-7.657341930902645810e-01,3.933457586029470043e+00,7.594874862921268122e-01,2.056688211416528134e+00,1.340520313682347364e-01,4.061755572637280043e-01,8.651478551595548350e-01,-1.856549599880955359e+00,-1.363968696321692597e+00
0.000000000000000000e+00,3.489664052117940951e+00,1.210592312485786248e+00,2.891453773676695427e-01,3.551231518282892186e+00,2.147852491223053439e-01,1.887837981524857378e+00,-1.207459567280937618e+00,-4.426624562857377487e-01,-1.684023644763636307e+00,-7.193606106350252105e-01,-6.973866154228212100e-01,-2.787632961841457924e+00
0.000000000000000000e+00,-7.628066731693076141e-01,3.689557900809257607e+00,1.918794433204426664e+00,-3.352084102348021233e+00,2.365224876308223756e+00,5.412224014131665761e-01,9.013052992697537791e-01,-3.588449603891432194e+00,-9.460954741729092898e-01,3.655403357274923382e-01,-5.854852053026001535e+00,2.532783305142263242e-01
0.000000000000000000e+00,-2.506738098998131825e+00,4.657941609189746757e+00,1.177783133209507893e+00,-3.106453705632458373e+00,3.133636619119060107e+00,1.601217176452578661e+00,-5.595377442609468233e-01,-3.153653933103068407e+00,-5.767291556169495959e-01,1.913893399063710810e+00,-2.640329970410245863e+00,-2.359233262332017578e+00
0.000000000000000000e+00,5.423186351092883939e+00,2.578409570866365907e+00,2.171800156131324044e+00,-1.035943899160681303e+00,7.739822562963722952e-01,2.816278312420396279e+00,-2.309346854787045267e+00,1.419785657247213173e+00,-3.008992584771289502e-01,6.547734074434052864e-02,-2.872297267334240622e+00,-1.536864547245979651e+00
1.000000000000000000e+00,-7.635223366920560473e-01,5.392266439769898279e-01,-3.514736824443255081e+00,-8.457697193435263827e+00,-1.075362972409932283e-02,7.426147530848600242e-01,-4.231813215985607002e+00,2.600009286450102319e-01,1.183786593207724946e+00,-1.400114472067721438e+00,-1.541066894656426545e+00,3.410308225445255470e-01
0.000000000000000000e+00,5.430385156157219173e-01,3.001498518229807733e+00,4.841003078830458328e+00,5.802408185058196111e+00,-1.100236919369141919e-01,1.944954182903031903e+00,2.084782778850284846e+00,-1.464362796313999349e+00,-4.984150302593054249e+00,-3.051048243957303896e+00,-2.702157540711575656e+00,-9.293550215866196451e-01
1.000000000000000000e+00,2.072070446021582413e+00,-1.018719995118271049e+00,7.697116154650058828e-01,1.029872689508378514e+00,9.968596802976925630e-01,-1.491406343318791849e-01,5.337788081625463033e-01,7.954848618213138378e-01,1.372001921441949879e+00,1.370572435501079100e+00,6.961343795384413724e-01,-2.907430272897760792e-01
1.000000000000000000e+00,-3.794440899674622614e-01,-6.127739789540365134e-01,2.251839289886881090e+00,-2.519377495878136752e+00,2.244253605156516063e+00,1.132866346882326791e+00,1.638367342542529359e+00,8.758852910491699006e-01,-1.769273080108102469e-01,-1.018091712165914764e+00,-1.163157579207034553e+00,1.030627061491263596e+00
0.000000000000000000e+00,-3.399909324884363926e+00,3.704103359643086790e+00,-1.682978413015658870e-01,-4.933043946983258543e+00,-3.066686590032627890e-01,-3.198540393782008717e+00,-2.040224758299802321e+00,2.583477712922225500e+00,4.384043565862457470e+00,4.085063536699303555e+00,1.078666440236836443e+00,-9.790947190424641455e-01
1.000000000000000000e+00,-2.650513790286987970e+00,7.372683961154177013e+00,1.913590458898262625e+00,2.929757678030597834e-01,-6.925797680526009081e-01,1.216834539925502057e+00,-5.298815457112401317e-01,-3.757032994474422072e+00,4.306428300515866781e+00,4.887752369559046350e-01,3.706812490702338092e-01,-2.634439767664781495e+00
0.000000000000000000e+00,2.661362202455912040e+00,-3.149068536108197702e-01,2.560552755314719597e+00,-2.119698438315550604e+00,1.750765107940098098e+00,1.446631999624419240e-01,-1.786366060171004744e+00,-1.769929003685520197e+00,7.353566296052538309e-01,-1.098008426678232841e+00,-1.727653929458078608e+00,1.242869941101859332e+00
0.000000000000000000e+00,3.846655875013540893e+00,-8.233834144634849528e-01,-3.146658113048223626e+00,2.859345591631912847e-02,-1.602812857012590353e+00,1.888522253999906475e+00,-2.634372420965584105e+00,1.672414151087237677e+00,-2.021636461162036325e-01,2.452645043589433804e+00,9.396015003765163520e-01,-8.288361165720676826e-01
1.000000000000000000e+00,-1.102148712466774594e+00,1.033105817330408627e+00,3.938880540463378210e+00,1.286536197795295600e+00,-1.136259422056560275e-01,-3.056112637011868305e+00,4.127705185143715205e-02,2.709282609251396856e+00,-3.362579620568060257e+00,2.169082125759671076e+00,-1.062525143900571400e+00,9.238344535681022318e-01
0.000000000000000000e+00,-5.960760343121220828e-01,-1.367485450127753577e+00,2.629944384784186795e+00,-2.689701439465318256e+00,2.998755334659692018e+00,2.258428348237903727e+00,-1.752340826396011630e+00,-3.179239888445223094e+00,-1.225575592291958005e+00,-3.018758567530658077e+00,4.852304047150430844e-01,1.121983891706944014e+00
1.000000000000000000e+00,1.307591350528217289e+00,2.953105091032661278e+00,7.776895001733334922e-01,-6.108954467889657902e-01,-6.110062484474179101e-01,-4.309063195513479272e+00,-2.254330140148858241e+00,1.319694346184967504e+00,1.271078437153207119e+00,8.568823108744219041e-01,-2.845825167182823634e+00,-1.287346290066252896e+00
0.000000000000000000e+00,1.437933456812418020e-01,-2.183222575849992797e+00,-3.063828362526452409e+00,-5.454209589645585332e+00,1.160929941247591968e+00,5.588862076521986744e+00,-3.646996766991010830e+00,-1.435777734469655620e+00,-1.898941495436305527e+00,-3.957314284591332942e+00,1.059763422005748357e+00,6.170312010110201584e-03
1.000000000000000000e+00,-5.083798877003000705e-01,4.884589461625349571e+00,3.508132229406971891e+00,5.027666395093753238e+00,-6.462250857870075471e-01,-5.506832764198169805e+00,1.653679038893811404e+00,1.263038512837603378e+00,-2.782460157344510243e+00,-1.394809565259374828e+00,-5.424648738893806943e+00,-2.526053772884710114e+00
0.000000000000000000e+00,5.194589716824866699e-01,-3.243743400881373251e+00,3.988533128408355832e-02,-4.720697503324494115e-01,8.321494278062850913e-01,-4.330663463454461626e-01,1.756546515471386627e+00,-9.357584602839933430e-01,4.186608959736554780e+00,4.019380399490401601e+00,3.156307644585171879e+00,2.650311157618487012e+00
1.000000000000000000e+00,-8.406621318124167797e-01,1.882955771688495039e+00,1.956742035192140516e-01,-4.466882462288139344e+00,-3.208736167305997755e-01,-2.568542855535025371e+00,-2.205763886901708215e+00,1.440490013969071281e-01,2.309990694739785688e+00,-6.398158161194309468e-01,-1.898292461855187518e+00,6.870343431200161000e-01
0.000000000000000000e+00,-1.154353566657288832e+00,1.747076192128955929e+00,-6.060736513216966603e-01,-8.230079730084048917e-01,-2.534138088799612554e+00,-1.201088550979170666e+00,1.223106123068206097e+00,2.477511367309107371e+00,-1.117368425858833447e-01,-2.448434204887770527e-01,-1.915390549625003214e+00,8.479448000777687344e-01
0.000000000000000000e+00,3.977864180333383626e-01,-4.489513405156198012e+00,-3.317743458518862099e+00,1.047356464562676059e+00,-1.136205343188760875e+00,9.189071026286226296e-01,1.534455600528413122e+00,2.303806094284309047e+00,3.158232370722784399e-01,2.278206852860301446e+00,3.679165183740817469e+00,1.271528827323333832e+00
0.000000000000000000e+00,-1.111469740370686132e+00,-4.080069269511028551e+00,-4.916870480176882552e-01,-3.430248869529292310e+00,2.776763263724482567e+00,-2.263386771483330229e+00,-1.791089421672051873e-01,9.106685346156282446e-01,1.873039685956571665e+00,1.925841603564414140e+00,2.121299714925825697e+00,1.399372789887884494e+00
0.000000000000000000e+00,1.797579941320487151e+00,3.613645865259168311e+00,1.858476809001351260e+00,3.464341930002826420e+00,-1.857218225855550298e-01,1.519865605551886212e+00,-6.758698075311181386e-01,-1.033984028588789572e+00,-3.214019190469366460e+00,-1.917435595133529347e+00,-2.815998621619741016e+00,-2.661669213971302739e+00
1.000000000000000000e+00,-1.972808271493680543e+00,7.280949871971517773e+00,3.296792265155549906e+00,2.203730350342564037e+00,-1.950523912182131392e+00,-3.522255637428860275e+00,-4.809587072126907392e-01,-3.103182236900155822e+00,5.939603521288673527e+00,-4.072596859715466033e-01,-4.175040806099876711e-01,-1.789062358580611356e+00
0.000000000000000000e+00,4.498766996522844508e+00,1.643770762565157639e+00,1.257818725168477147e+00,-4.797824649404107689e+00,1.145774415979931682e+00,8.610203914920173673e-01,-2.908610944425332967e+00,3.450599749645578918e+00,1.465184436107673793e+00,5.828839319925899431e+00,-1.835290345906723575e+00,5.814162696541846920e-02
1.000000000000000000e+00,-1.940611232126293162e+00,4.631967254608308160e+00,1.971107980725358644e+00,1.495491338184324226e+00,-2.565194209777289736e+00,-1.157500965773732293e+00,-2.041214984894626827e+00,2.288314157868911458e-01,1.903894058299286929e-01,1.899501294143191910e+00,1.138397522027098763e+00,-8.791542537378354005e-01
0.000000000000000000e+00,2.828329651152717616e+00,4.765570692065294600e-01,4.729607421722065164e-01,-4.728496324981493082e+00,2.001324563619729435e+00,4.091129034602402292e+00,-1.663776155364145470e+00,1.189668773184141326e+00,-2.298880363407874716e-01,1.527425282815096264e+00,-1.418773299741793670e+00,-7.663735195560628100e-02
1.000000000000000000e+00,8.675116552056824082e-01,-1.556829046689248153e-01,6.892717260657236222e-01,-7.646921302385113750e-02,2.311863386312261959e+00,2.633925466006499239e+00,4.668301278723598458e+00,-7.061716964837456700e-01,-1.052754847669281624e-01,-1.122054156445425388e+00,-3.127450164803896371e+00,4.136402819866691338e-02
1.000000000000000000e+00,8.209359733899448397e-01,3.200512213334753220e+00,-5.510514495936893464e-01,4.722163019740678536e+00,-4.262629585655531628e+00,-1.212288599464736549e+00,-2.748893207392512084e-01,6.174403257339031725e-01,8.023848591093243332e-01,-1.592858081288477390e+00,-4.793577619191113914e-02,-1.549875361048919764e+00
0.000000000000000000e+00,1.885675279202879473e+00,4.120551593167199877e-01,-1.012388165288128139e+00,6.552662388951800976e-01,1.251912068291969549e+00,-1.124357677232314501e+00,-3.057476620281960766e+00,-9.344172749501773456e-01,1.017989737201555389e+00,3.850579495670235275e+00,1.220437606860827362e+00,-2.363638814454740444e+00
1.000000000000000000e+00,-4.041671632921176593e-01,1.057528811304170757e+00,-1.724680688858685640e+00,-8.166381832833284449e+00,-9.227128848407074591e-01,7.743072541918307738e-01,-5.834510208922260688e+00,1.282306948000808688e-01,-1.155451542219767092e+00,-8.091039866944671477e-01,-1.855744442275318207e+00,1.593824517619637948e+00
0.000000000000000000e+00,2.270469885685253431e+00,4.045095454676565616e+00,3.355055543434187104e+00,-7.279565047118923715e+00,3.846682223564477088e+00,3.501230455133839126e+00,-1.440088896142291075e+00,1.143566050555255398e+00,-8.728694958554031880e-01,3.162415623017340582e-01,-5.850083965242550477e+00,-8.764251873711665919e-01
1.000000000000000000e+00,-1.890372472609302523e+00,6.389971984074446887e+00,2.407010385810921971e+00,1.011155668915575845e+00,-1.799342476604757879e+00,-1.513954420184611571e+00,-7.348488052221711087e-01,1.378069666067466947e+00,1.997948144341566978e-01,1.312649401172239383e+00,-1.383200766532967529e+00,-2.145783250419018628e+00
1.000000000000000000e+00,8.129743870988455079e-01,5.505739650354233738e+00,3.683149279343652438e+00,3.895577351289171375e+00,3.859841080612339548e-01,-1.616771455935839708e+00,5.375552619740666671e+00,-4.609893979112142937e-01,-1.329914517799131168e+00,-9.472193174768506196e-01,-7.736073663510176779e+00,-1.504445282014037044e+00
1.000000000000000000e+00,1.332620758547095940e+00,-2.232015848688661652e+00,-9.272697475094635600e-01,5.853830060269126001e+00,1.268563315811701786e+00,2.784597604723544784e+00,1.284734867106975820e+00,-2.218833568370095488e-01,-4.287134261295788562e+00,6.043807756711617740e-01,2.027893138465488576e+00,-2.554851068304283324e+00
0.000000000000000000e+00,3.586849951247127244e+00,1.057062759873926172e+00,2.409069969839165992e+00,9.180423961924773835e+00,1.082089433343580431e-02,-6.312173002799177368e-01,8.894783686400431488e-01,5.643205489775229289e-01,-3.078798077353325890e+00,2.120645666414040509e+00,1.856450708790577941e-01,-3.257209354248556288e+00
1.000000000000000000e+00,-4.314531245136992155e-01,5.847303126669503470e+00,3.671997495019842628e+00,7.211399882495722835e+00,-6.681771837065189068e-01,-2.135307509242501123e-01,2.142040664766822644e+00,9.296610643457332568e-01,-2.381465438744773788e+00,-1.540424528480255795e+00,-1.823096476810264654e+00,-4.495164666713963086e+00
0.000000000000000000e+00,7.084670306165732345e-01,3.182850782875215501e+00,-2.016938235318364026e+00,-5.473002627014929899e+00,2.322153517016297908e+00,4.160684465963839784e+00,-3.303010677799950390e+00,-1.064788808840149814e+00,-1.038082950836786589e+00,-1.300395283338477093e+00,-2.972270266068965938e+00,-3.298881717910732814e+00
1.000000000000000000e+00,-5.258853796021544236e-01,3.504642469611577216e+00,-2.779981396250186254e+00,1.631853400479340355e+00,-2.344731301379119337e+00,-3.478301335962665775e-01,3.445671277795532284e-01,-2.305229237542220311e+00,3.659999600824483501e+00,-3.621915259576522939e+00,-9.874842350273943525e-01,-2.573056216618426983e+00
0.000000000000000000e+00,-1.222565827062307431e+00,1.378313113673136581e+00,-7.438434759338694580e-01,-2.940626546245674877e+00,2.536692116335598879e+00,8.469864229093848618e-01,-2.759680025782667911e+00,-2.979311077396905816e+00,4.974337755659392624e-01,1.455549877830268457e+00,3.130836369812954878e-01,-1.844839897363928394e+00
1.000000000000000000e+00,2.343795842159914322e+00,5.719162891127221870e-01,-1.609433905838245416e+00,3.896996834339663707e+00,-3.898402680003076881e-03,8.665723346304377017e-02,6.476178792224489555e-01,-6.745739367159069300e-01,-1.128061930399750779e+00,5.903337612845622751e-01,-1.373067814043181123e+00,-2.536635500672723698e+00
0.000000000000000000e+00,-4.420841188040744996e-01,-3.526055853514685978e+00,-3.371255267659112320e+00,1.888964093936633670e+00,-2.384158403821796224e+00,-4.470564706202142524e-01,1.368280696341364733e+00,1.903172421810528370e+00,-6.593369680701377522e-01,1.559144551927754696e+00,2.661547645378091076e+00,1.462333946570026022e+00
1.000000000000000000e+00,8.223687302496471840e-01,4.569962910497827324e-01,1.002927350584859933e+00,3.259899888594792294e+00,1.078727137305071970e+00,7.978904374187743009e-01,3.170857534786858167e+00,1.246066309184781673e+00,-3.121449378145823017e-01,1.559640919811560833e+00,-2.321510908068487034e-01,-1.583195992958962295e+00
0.000000000000000000e+00,2.136473479217488425e+00,7.948834083672585704e-01,9.567335515284817182e-01,1.708259068103958889e+00,1.866618503644069893e+00,1.554863359555210156e+00,-3.630379005545500970e-01,-1.754828479464032309e+00,-8.052096943699461606e-01,4.657644834181514648e-01,-8.349475283317884244e-01,-1.860737829806163202e+00
0.000000000000000000e+00,-5.546443689809306132e-01,5.196242320079463184e+00,5.297069634185739950e+00,2.646399357517806639e+00,-6.927309801672634215e-01,-4.168822411855722665e-01,2.679093884100359979e+00,-4.096582807825015493e+00,1.406246847925766819e+00,-2.830937711085625974e+00,-3.803631998302628769e+00,7.983403005097989835e-01
0.000000000000000000e+00,1.612061713400061436e+00,9.335942625418917062e-01,8.687857383853327953e-01,1.064309998880306418e+00,4.638766638118945185e-01,2.375704897952187977e+00,-1.698560958574344415e+00,-4.709977514091628237e+00,-7.923543758989669561e-01,-5.442767163574614209e+00,-1.456155860480560005e+00,-7.445366287669487049e-01
0.000000000000000000e+00,1.443905687653659120e+00,-5.638403467940911185e-01,1.556218225524375054e+00,1.899843661878374279e+00,1.151273250367894629e+00,1.927281030149398333e+00,-5.243531825766896137e-01,-6.910266735891484879e-01,-2.624045865222250029e+00,-1.019929225095640213e+00,1.404192050612174114e-01,-6.765692318688995011e-01
0.000000000000000000e+00,1.580920346116347908e+00,9.397380187786243122e-02,1.653143263171640065e+00,3.018688667929992353e-01,1.239637457003842425e+00,1.209805575507068243e+00,-1.544232309299685468e+00,-8.823360242120501518e-01,-1.772448449921115721e+00,-1.014194026965284934e+00,-5.985874751874754596e-01,-5.298710735557600193e-01
0.000000000000000000e+00,-1.490697518378583775e+00,-2.185850808172337956e-01,7.394354979095743019e-01,-1.840904155614507376e+00,2.437306041899233389e+00,-4.523427797731979227e-01,4.753682579933851127e-01,-1.413398096497690659e+00,3.921549490553885020e-01,1.071920764701209894e+00,-3.145144930583494425e-01,8.169219120514814581e-02
0.000000000000000000e+00,-1.903991156992214329e+00,-3.972607607796037055e+00,-1.150818889928267641e+00,-6.520697925667116035e-01,1.999733477821905581e+00,-2.302939620279844668e+00,1.105962401241444626e+00,-2.274847441137139548e+00,-1.477500749400508795e+00,1.116629990911396364e+00,7.192158767754563975e-02,1.972853462478474373e+00
0.000000000000000000e+00,-1.035405804215170367e-01,-9.436528095250344972e-01,-3.614387349217589307e-01,9.528681234487613949e+00,-9.654736272279682563e-01,5.340393094804707363e-01,1.904202663702996290e-01,-4.502002963297362825e+00,-3.943837388873327576e+00,-4.355499189139432126e+00,2.239427326092933157e+00,-2.579655266024439175e+00
0.000000000000000000e+00,2.955549966916908744e+00,8.722948438007189775e-01,2.698865044640594402e+00,1.009638313519536723e+01,2.789902476196447489e-01,1.711072794064903979e-01,2.198167644448670188e+00,1.542439893644286908e+00,-4.511381538811253478e+00,2.843740332015880057e+00,4.565535995777001421e-01,-3.474726230519272541e+00
1.000000000000000000e+00,-3.359114169998189681e+00,7.096352306963178869e+00,4.494074532607417183e+00,-2.323984464701741859e-01,1.102377584386927234e+00,-1.649149822663992904e+00,-1.119418706059363888e+00,5.799083073758297679e+00,2.988263878415557073e+00,-1.304586623024666103e-01,1.925014652770182355e+00,-5.789570564906688865e+00
1.000000000000000000e+00,-1.366305604688597963e-01,5.957133878537307359e-01,-1.663886233169854512e+00,7.874430220752723031e+00,-2.692398613824350306e+00,2.056223020256791045e+00,3.288829611208663017e+00,2.401405958998690249e-01,-1.629671964872815959e+00,-1.012134994779896324e-01,2.198750944025337883e+00,-2.225444631243946869e+00
1.000000000000000000e+00,1.571095118573975213e-01,-1.541141236791610192e+00,-6.320993304705411209e-01,3.072543425100333181e+00,-1.763892079237229016e+00,4.729690490094853317e+00,5.287063753510820696e+00,1.192511383715071371e-01,1.193962520120591675e-01,-4.351209700001268388e-02,1.685960860826770880e+00,1.858868819465176347e+00
1.000000000000000000e+00,-2.261295321984855278e-01,3.100073346351847725e+00,2.842515168064945641e+00,3.720669537691885242e+00,-1.520864274652869774e+00,-4.660890765876168906e+00,-7.144724479911914727e-01,1.458449768140049674e+00,-1.475243813947671345e+00,-1.052801987154927232e+00,-2.026744616922161235e+00,-1.360030411144891316e+00
0.000000000000000000e+00,-1.136521060282709161e+00,-5.181950455140270861e+00,-8.062586190596270352e-01,-6.858955611629301785e+00,5.717964001255354312e+00,-1.610437462426202782e+00,-2.698298436056025817e-01,1.171602315257134652e+00,3.627729261056211740e-02,2.117171496299147915e+00,-3.617025050075550752e-04,1.232054973381430329e+00
1.000000000000000000e+00,-2.281913682356527806e-01,5.869440947650588214e+00,5.232935611480362681e-01,-2.597493576265358595e+00,-3.234879789437540287e-01,-7.997041293363702508e-01,-3.062030191057712347e+00,-1.746244860948255928e+00,2.876510223260814403e+00,-1.264141695312830382e+00,-2.577683570755223030e+00,-2.514754076359368540e+00
0.000000000000000000e+00,-3.008378124954906863e-01,9.823145928963572526e-01,7.818583171311230817e-01,-1.381582315727934329e+00,3.833096013013429504e-01,-5.378274607416322350e-02,9.822695312878474416e-01,1.275490345190615216e-01,3.749981476752331400e+00,2.433261330185321647e+00,9.432297045222295395e-01,4.281812342064000854e-01
1.000000000000000000e+00,4.161116235040018818e-01,5.584514489831008177e+00,4.829257027168720739e-02,-3.763934282157606948e+00,1.213206273360950771e+00,-8.611112576064225976e-01,-2.007773219593933511e-01,5.166248438865508330e-01,4.154804835724914547e+00,-1.755832991343537763e+00,-4.608405772571405379e+00,-3.331097483958649352e+00
0.000000000000000000e+00,-1.162359247790810457e+00,-3.983448575702166927e+00,1.689401715757910427e+00,6.654475992486088565e+00,1.209511718110658052e+00,1.583631124490578745e-01,1.172015124464323321e+00,-5.267854668993693146e+00,-3.632589639409639748e+00,-5.263653721077479197e+00,2.538129506292588822e+00,4.979084575500014598e-01
0.000000000000000000e+00,-1.334492576653545592e+00,5.753016898213474395e-01,3.061291957394705054e+00,8.233940613506183226e-01,2.519588762525168502e+00,-5.943430254552611869e-01,1.829982531222792641e+00,-5.450300979053859685e+00,-1.313224767533628601e+00,-1.759542386471588671e+00,-2.910235286952657319e+00,1.135257046514563495e+00
0.000000000000000000e+00,-1.126444791250220678e+00,2.490541414280763810e+00,2.189210961599182603e+00,5.413270047020902531e+00,-9.057562365578197827e-03,2.115017084511467971e-01,1.276869717875550592e+00,-5.289028461469927223e+00,-2.327960898358814923e+00,-2.337434909059819432e+00,-1.400629905230000194e+00,-1.096696113502722891e+00
0.000000000000000000e+00,-1.408490857952364506e+00,-1.197307241528792865e+00,2.125696240432124462e+00,-1.782350480553614114e+00,3.351186990311763481e+00,-2.294699209439040821e+00,7.607741296034975509e-01,-3.194372456059163312e+00,-1.435973233203038379e+00,-1.782240921558238878e+00,-3.034858427385780377e+00,1.359037178532577883e+00
0.000000000000000000e+00,-2.127168721589042022e+00,6.316511062995366466e+00,5.095352216561424008e+00,-2.568371681018544184e+00,2.111668738838685666e-01,-3.083931735083909054e+00,2.596004757827108378e-01,1.542913098916923964e+00,5.963746264439727440e+00,1.031327966094985671e+00,-9.980699696988678538e-01,-7.448478473869590832e-01
0.000000000000000000e+00,2.324825547521434110e-01,3.411676500471428897e-01,2.318024859801931292e+00,8.681416003873256848e-01,-1.140932569086680282e+00,-1.873693528768170857e+00,2.171652089379365158e+00,-3.611916125962564283e-01,4.450362700374158820e+00,4.758776658461091325e-01,6.079100696618335853e-01,2.256620949783175512e+00
1.000000000000000000e+00,-6.184794114887006700e-01,2.175920499574372169e+00,-1.544729766573059049e+00,3.579722222659899256e+00,-2.050721280469674390e+00,-9.870229201613909265e-01,4.994706664925308015e-01,-7.842691288592399390e-01,6.442083992711468143e-01,-1.528614470182902529e+00,-6.571877679361670666e-02,-2.177301467047032535e+00
1.000000000000000000e+00,-2.116868728442387493e+00,5.639266902933663950e+00,1.176246373047516780e+00,1.472729319167796813e+00,-3.043830622453165269e-01,-1.798425638640777091e+00,9.154905058902649273e-01,3.984838274601387731e-01,-5.029292297386511734e-01,-2.718124583903561708e-01,-3.126398089519308421e+00,-3.186258424737685502e+00
1.000000000000000000e+00,2.689592422280523643e+00,-2.459358257741709686e+00,-1.449257610330557888e+00,8.356407261843643575e-01,1.485881609046300067e+00,6.723646405157941430e-01,-1.855581033671775071e+00,7.171680538277694916e-01,3.241984593490405686e-01,2.534193726442722117e+00,2.559278100965515890e+00,-1.533508652335459299e+00
1.000000000000000000e+00,5.483194549950654029e-02,2.479899820532241783e+00,-2.501935372074465924e+00,7.016799686728261154e-01,-1.241550840204292516e+00,3.249550828123889179e+00,1.341080950041177555e+00,-3.476678799680203547e+00,3.028376301757071509e+00,-3.203015048253383679e+00,-6.170962036327952704e-01,-1.611519117159816883e+00
1.000000000000000000e+00,4.154264518319396027e-01,-4.848284404565250671e-01,2.235502490625438821e+00,3.274088413493949634e+00,1.512228226851458857e+00,-8.306993956239745458e-01,3.673000809604440864e-01,2.297007258573286581e+00,-2.523023394628245875e+00,2.426514500099987259e+00,1.260628799456091187e+00,-1.568495867957603096e+00
1.000000000000000000e+00,-4.958137519137794103e-01,2.479240611965183305e+00,1.902087619998187318e-01,5.381237506911954460e-01,-2.927323704136663984e+00,3.063448420960485086e-01,-7.749834650865690122e-01,1.020502172643401373e+00,-9.125551820566846217e-02,1.404072846006332309e-01,1.442781102932260140e-01,2.387521970361332624e-01
0.000000000000000000e+00,1.431251738757391312e+00,2.404939395854108763e+00,4.885126331354024742e+00,2.743348878782584155e+00,1.462788051673979961e+00,1.708101911393221428e+00,3.774833722527192403e+00,-1.099273015488625216e+00,1.300563839753656969e+00,-1.238922755597423819e+00,-1.927078586914630964e+00,-2.055651469559378608e-01
1.000000000000000000e+00,-1.667201813964552581e+00,-2.473100531345203412e-01,-2.838045721061924098e+00,-1.274374010305135974e+00,-2.463225097711738254e+00,-1.691340789993043270e-01,-1.140897292860659995e+00,-7.080651092082850262e-01,1.761857258979145691e+00,-9.897484226348505221e-01,1.773581811492910276e+00,8.399573465249092763e-01
0.000000000000000000e+00,-1.683050163246953446e+00,2.395840821632260642e+00,1.218087319614190589e-01,2.192853842143022813e+00,2.350866820362556009e-01,-1.786433502340010637e+00,-1.072190998292188890e+00,-3.201396926282432442e+00,-9.930341701835564416e-01,1.765856388670273613e+00,-3.738909749832147744e-01,-1.659726591790283035e+00
1.000000000000000000e+00,-2.931379993784531734e+00,1.234515325461328805e+00,-4.168095615841906465e+00,1.824621171203758552e+00,-1.465779196388233396e+00,2.274343375019448388e+00,3.866976623938264801e+00,-1.184779173611213432e+00,1.433191296358791611e+00,-2.171879322446113925e+00,4.952889998010407968e-01,-1.991033743578568549e+00
1.000000000000000000e+00,4.777445660052750398e-01,3.832902868193730050e+00,-3.693366307613358934e+00,-3.431142424178233785e+00,-1.116864750632021952e+00,2.230167642809472994e+00,4.202815019028267596e-01,-7.444437521494458032e-01,1.325744271351659398e+00,-5.260092122870823950e+00,-5.374758242010745590e+00,-2.196881211273041146e+00
1.000000000000000000e+00,1.730095259217063752e+00,9.002709085097898578e-01,6.712481177812947841e-01,4.947486669277998850e+00,-1.549007940981966591e+00,3.888398003444457185e+00,1.458803279633628325e+00,-3.744909226621955245e-01,-1.979621332267451628e+00,7.282077128440536118e-01,1.213869699872146768e+00,-7.354904428520013804e-01
0.000000000000000000e+00,-2.286653795046328597e+00,1.633835401419205802e+00,-7.270653667876825210e-02,4.771248803090853308e+00,-2.041576824041320126e-01,-2.437305941690617317e+00,4.929688538970351530e-01,-2.439812761097608806e+00,-7.471570606441388929e-01,5.400011241029299747e+00,1.814260136319801653e+00,-1.566425568835949633e+00
1.000000000000000000e+00,-3.203712366316042282e+00,4.823748232649309742e+00,-7.180174856268837225e-01,-2.833764926553261621e+00,-1.342244967185283411e+00,-9.897143495298370564e-01,-2.772921327044121087e-01,5.547780577940413238e-01,1.071212120232487131e+00,-9.302166663530266888e-01,-2.409913523479672470e+00,-1.349090863516581029e+00
0.000000000000000000e+00,1.305955187394377104e+00,2.530202670858794800e+00,2.498999511986173427e+00,4.758785383703501459e+00,8.820206155282663829e-01,-2.445158960920845725e-01,1.182193169106273700e+00,-7.630934682265363422e-01,-2.453924716771223480e+00,1.335193655986066652e+00,-1.983388763960030499e+00,-2.264248432971808445e+00
0.000000000000000000e+00,-1.345756650262751819e+00,1.979321655888199860e+00,1.000974413136602070e+00,-3.055452838856256736e+00,1.723465632751907339e+00,1.168486447628069858e-02,-1.039653332452274537e+00,-1.108021052069278367e+00,-1.187539203085851813e+00,1.896132316879012514e+00,-2.026834380340195807e+00,-1.528998792164280029e-01
1.000000000000000000e+00,1.526484047315534998e+00,5.744319360950596032e-01,-4.853884628458853268e-01,1.978510528661221679e+00,1.215061669580722592e+00,3.772565253320266265e+00,3.004281111870213739e+00,-1.053394755816231321e+00,-8.039008882198500627e-01,-2.074887993554326293e-01,-1.454878732046217760e+00,-1.522817287161200905e+00
0.000000000000000000e+00,-3.391796288925595260e+00,4.535603215736695226e+00,-6.869279730113244664e-01,-2.052055583173672204e+00,-1.312609331759174935e+00,-1.537445306570413006e+00,-8.847362504592040100e-01,-5.768252355117301500e-01,-4.374571575641850174e-01,2.000276217022407543e+00,-2.130134461980368599e+00,-7.619815101170119842e-01
1.000000000000000000e+00,-2.115908747002519963e+00,7.015908902944835823e+00,8.058570497045407510e-01,1.835234581277417343e+00,-2.140278068118910859e+00,-2.700231596083773056e-01,2.829059357643310513e+00,-6.566916971143021975e-02,3.635405126005906595e+00,-1.327137586708603489e+00,-2.158816711209880168e+00,-2.755023141239131501e+00
0.000000000000000000e+00,2.166051984106386552e+00,4.050375627496955566e+00,-1.654471888262667445e+00,-4.571619072349211166e+00,3.087017473554173330e-01,-8.425846805990242494e-01,-3.928303786026472899e+00,8.038004423222269157e-01,1.494368788122867553e+00,4.426453035186247220e+00,-3.264097851641461823e+00,-2.100857130080241220e+00
1.000000000000000000e+00,-3.057291230090278589e+00,4.153922562178170352e+00,5.219224325171514245e-01,4.228058023364797968e+00,-3.368075197505788765e+00,3.102225751756978678e+00,2.033852542534368091e+00,-7.305201794630746814e-01,1.421686533197108471e-01,1.574094247004141245e+00,2.909975155213505804e+00,-9.486704825452427770e-01
0.000000000000000000e+00,-1.789585165644733245e+00,-9.522884575738896018e+00,-4.648409588194152064e+00,-3.791588757212416727e+00,3.710217646354634358e+00,-1.809147130314072704e+00,-3.030630534388594199e-01,2.145566030395410273e+00,-2.100503458071672824e+00,3.536742001879565667e+00,4.055106062993611538e+00,1.893030377674252751e+00
0.000000000000000000e+00,-1.373526533203994759e-02,4.300233456205238447e+00,3.601084215086092222e+00,5.677262398611538252e+00,3.522469631051470262e-01,-9.914358697565646139e-01,1.802714249324621765e+00,-1.226111176069467401e+00,-2.237188715734764966e+00,3.527317929272700603e+00,-1.843813088463656991e+00,-2.131123859513377017e+00
1.000000000000000000e+00,2.425562999363009453e+00,1.580344886761224643e+00,1.800066481772815585e+00,3.894334049027395661e+00,7.130230352992440457e-01,2.160099450750483818e+00,2.022634712152636904e+00,-1.609283063283957205e+00,-1.943517394019085298e+00,-3.756603915237857194e-01,-2.400117147917859128e+00,-1.260750875933688731e+00
0.000000000000000000e+00,2.434434095645697571e+00,-1.701938387937177666e+00,1.188201432586326822e+00,-1.454484688128921199e+01,3.371864945372868405e+00,4.728924396623936488e+00,-4.677670867592485848e+00,2.966153528561101815e-01,4.247591413898719637e+00,2.016073377840217340e+00,-3.483950174843546410e-01,4.612254124473330386e+00
0.000000000000000000e+00,3.416381293135544173e-01,-4.697330337511724352e+00,2.403443466636940862e-01,-1.171474130408695302e+00,4.194713760315179840e+00,1.542194041292990647e+00,1.880840776473335474e+00,-3.449094879786462897e+00,9.137180725503524226e-02,3.510017432270130744e+00,1.434654645437671405e+00,2.221584117167151540e+00
0.000000000000000000e+00,2.347138197194335696e+00,-4.328851119216556853e+00,1.765293975745739097e+00,3.428295769730382858e+00,1.685181051349717851e+00,1.771541487460923658e+00,4.738246585976501279e+00,-2.171372063949839948e+00,1.685265651269625131e-01,1.239483014636238556e+00,7.028576844030618442e-01,2.915480917677792494e+00
0.000000000000000000e+00,-1.819147477244143829e+00,4.570259650094562254e+00,1.236944588539225620e+00,4.879028291500103087e+00,2.989851431328194309e-01,-2.524693616257336348e-01,1.067993629223982222e+00,-3.630984995350424516e+00,-1.951287991033020530e+00,1.701511207852498764e+00,-1.379733627627807824e+00,-3.057418267386323940e+00
1.000000000000000000e+00,-2.246535909300325429e+00,5.075806652478449976e+00,-1.906987107739630538e+00,1.676324189692868893e+00,-2.997113983304481533e+00,4.200446980399899388e+00,1.020602517042037860e+00,-2.283162504983872854e+00,9.750390473401816527e-01,-1.566882002615353153e+00,3.854123865926160075e-01,-2.181022728484292461e+00
0.000000000000000000e+00,1.628672854835837125e+00,1.462013598250520019e-01,-8.679397570639162396e-01,-6.703887936315397589e+00,8.281516507614148370e-01,1.935814991533541640e+00,-2.754844529295834565e+00,1.027485360001603176e+00,8.057343380042545355e-01,2.285774443524669408e+00,-1.357811493100130829e+00,1.282096394252483229e+00
0.000000000000000000e+00,-3.520796344871879313e-02,2.056336244635632138e+00,-4.102165040117806694e-01,-2.672762438624765036e+00,-1.072797777611360637e+00,-8.001699609897516829e-02,9.578141243685289741e-01,2.056480041267814141e+00,3.163350932491618916e+00,2.819505000252984228e+00,-7.676290607482136874e-01,5.766262145957461449e-01
1.000000000000000000e+00,2.864528053478354597e-01,1.616320599081812137e+00,1.689284483738758613e+00,2.393026025750740526e+00,-3.210049159385675033e-01,-3.248013022386680326e+00,3.685975292015711835e-01,8.045123503349549399e-01,-2.652647768546279039e+00,2.693392215014862590e-01,-3.170580594214901460e+00,-5.524302909713383336e-01
1.000000000000000000e+00,4.919302941676995111e-01,3.791995260053176442e-01,6.528202218960662551e-01,3.449927758155775681e+00,2.922376423530295142e-01,-2.509905016735924477e+00,2.560137299554578139e+00,4.958999735694783473e-01,-2.560036636997881310e+00,4.716638510135395812e-02,-3.312905580918265702e+00,-7.278400110152039026e-01
1.000000000000000000e+00,-1.312374606999175297e+00,6.031291877518554223e+00,-1.916857743938935155e+00,-6.311614600051509427e-01,-3.028893401556545406e+00,2.693292761258654799e+00,-3.920174926603157139e-01,-1.750294244140448541e+00,3.913176190268566890e-01,-3.438091082888964145e+00,-2.943747068236957531e+00,-2.123798635378794764e+00
0.000000000000000000e+00,1.196251251581066377e-01,-5.771352514022495939e+00,7.762600282297434928e-01,-7.882074897577362460e-01,2.307525069674276619e+00,-1.636792563333655082e+00,1.915508052738090550e+00,-2.407748147677108541e+00,2.285785183408433507e+00,3.641114964320890213e+00,2.586138184304272780e+00,4.326581733979681488e+00
1.000000000000000000e+00,1.149119028554885791e-01,-1.126898724468748503e+00,-2.508221483514872396e+00,-2.796441415673382114e+00,-3.883939138443134320e-01,3.784985272212438634e+00,-1.026337387717106475e+00,-4.160561762057417567e-01,-1.111182064834012717e+00,-2.521154086049401943e-01,6.225115430414538409e-01,7.494400023136202904e-01
0.000000000000000000e+00,2.467413883023394927e-01,2.123244749265132736e+00,3.478786753716466507e+00,9.328173773232876442e+00,4.837484847615459715e-01,-1.158206329570095505e+00,2.530097791988774603e+00,-1.240088795768141905e+00,-5.131949701529660679e+00,-4.785484661812129392e-01,-1.520078546929365171e+00,-2.949362645362449520e+00
1.000000000000000000e+00,-1.152931880002830756e+00,-7.991172417820180396e-01,2.297345601473329779e+00,-2.682312739071070484e-01,3.310096888949312977e+00,3.954857687625592533e-01,3.056779725954534843e+00,3.077647124043776827e+00,-1.542906325852514637e+00,2.021929309461699464e+00,-9.282831939154545520e-02,-7.492281990353398813e-01
1.000000000000000000e+00,-7.966619418019460497e-03,-3.714331742427173788e-01,2.058984642972892409e+00,-2.758372255264078365e+00,1.895212823025161919e+00,-2.305082401280976079e+00,-3.132853269391195461e+00,2.412036068070619432e+00,6.081232463070103123e-01,3.244071477677890059e-02,1.012481526001261400e+00,-6.368751836833166369e-01
0.000000000000000000e+00,-1.219634949440289606e+00,3.707379650161280793e+00,2.689534269480724049e+00,-3.008675898719064712e+00,6.500147189171820994e-01,-1.551483966153483163e+00,7.352712316603355891e-01,-7.978874760869936189e-01,2.654273383692483890e+00,2.119553391450474500e+00,-2.701211867035227865e+00,9.054656598519923438e-01
1.000000000000000000e+00,5.017161869448361067e-01,2.074552431796131469e+00,-1.048436744201255211e+00,9.308218138813019182e-01,-1.406566886357146773e+00,2.036985650995873698e+00,1.101834327835873761e+00,-3.203171913918464453e-01,4.979861534391799571e-01,-1.522315440230672223e+00,-1.164859785562285088e+00,-1.040740677219255561e+00
0.000000000000000000e+00,-3.381485417461449483e-01,9.944927606567492973e-01,-9.845799746553860476e-01,2.899646009398975544e+00,8.588870652782871762e-01,3.207460262550586805e+00,4.646288633517814404e-02,-1.564498519538903398e+00,-3.446112684376055668e+00,-8.487069181633546400e-01,2.664219642075498218e-01,-3.003443272046481205e+00
1.000000000000000000e+00,4.618347013185722938e-01,-4.352628985071614665e+00,2.774149876749623100e-01,-1.663321128296362028e+00,2.249093708399375835e+00,7.546858125277511320e-01,1.862401986649449004e+00,1.148317500802287228e+00,-2.183209914724184575e+00,2.495311436444921149e+00,8.624193688508863254e-02,2.595845131405274842e+00
0.000000000000000000e+00,-3.494264962471490321e+00,-5.619640773320946359e+00,-1.865081539197701144e+00,-5.980747038741278665e+00,5.476853864320537113e+00,-2.406319471261590071e+00,-1.732392727248871278e+00,-5.735818626201225623e-01,2.156736319277641201e-02,6.124684952070292177e+00,3.556781623505391288e+00,1.196458179068190297e+00
0.000000000000000000e+00,1.320786113117107030e+00,7.654746864219893476e-01,2.342174415276079280e+00,-1.457782374712801809e+00,1.281116685444516623e+00,3.649191316292687004e-01,-7.016098064532645395e-01,-1.522001385831691866e+00,3.608778361202342744e-01,1.325006753837495443e+00,-1.383739216713629538e+00,1.063065670438210208e+00
1.000000000000000000e+00,-4.734446375300793708e-01,3.269623797482626326e+00,-2.750506980933896450e+00,-7.591904179179350010e+00,9.999613699420861757e-01,2.076672747557925192e+00,-5.551759889438693918e+00,-2.591073290440237820e+00,2.626454041946797435e-01,-2.023538961571930805e+00,-2.804219031909193749e+00,-1.803849415790285349e+00
0.000000000000000000e+00,-7.109616330742452028e-01,-1.873162961956228889e+00,-1.663563528516131651e+00,-1.325580362221045361e+00,2.037992356039084463e-01,-3.246536278760103755e-02,1.298248143401345089e+00,-1.207489052699513898e+00,-3.075686609772245728e-01,3.649976641100818764e+00,-1.039821153220351624e-01,2.195034741793014277e+00
1.000000000000000000e+00,-7.190019093478687839e-01,5.353399528978747490e+00,1.631859265313252205e+00,-8.304126810709941964e-01,-7.928065768568608451e-01,-9.180302755319273977e-01,7.883868796648265675e-01,-1.064938670619937966e+00,2.548664780616371139e+00,-1.775738349253467963e+00,-3.628361020251808622e+00,-1.081872729191123872e+00
0.000000000000000000e+00,-2.684604330629528857e+00,3.319659123344341545e+00,3.145154618567165272e+00,-4.719727898214913786e+00,2.313592270750878477e+00,-5.419749628463641500e-01,-5.582104921460040448e-02,-1.003623970948203104e+00,-1.486300651100579184e+00,2.242781062136533166e+00,-3.762965136016485079e+00,9.681921434905971235e-01
0.000000000000000000e+00,-1.244664836582288103e+00,1.456822167953095049e+00,-2.237791283776005002e-01,-1.279917548851677189e+00,-1.165472764559814856e+00,-2.202892463399263256e+00,5.898412271585644628e-01,2.620646924009378154e+00,1.515069127759963719e+00,-9.482530717014303612e-02,-8.671059755749648268e-01,-1.208318452731382830e-01
0.000000000000000000e+00,1.609094428827235523e+00,1.693256558284850666e+00,8.816008037184371871e-01,-1.515991700903135619e+00,1.545916093014017001e+00,2.325546317727579027e+00,-8.431004788632527891e-01,1.620623158652228835e+00,-1.845897078000108715e+00,2.286634357495290093e+00,-1.572467430363391427e+00,-1.486154359088369903e+00
0.000000000000000000e+00,-6.032926865906238501e-01,1.064717095339451497e-01,1.653997571352538998e-01,7.710328206977838938e+00,-1.255853155104755814e+00,-2.026400844224850228e+00,9.697396948039040954e-01,-2.669599796036298489e+00,-3.238397553691178210e+00,-5.568075058268615596e-01,4.712861491646016532e-01,-1.377541640108189913e+00
1.000000000000000000e+00,-7.442346843557150482e-01,-4.909707649151400233e+00,1.690418629480335833e-01,-1.241080245389089898e+00,1.677338012580740667e+00,1.330509755553004769e+00,1.593681621857954145e+00,1.934560908652518618e+00,-3.908323769971383310e+00,3.216881087802099248e+00,1.560432356015379440e+00,2.935266967105406799e+00
1.000000000000000000e+00,1.626829046389974165e+00,-4.657422255391097998e+00,1.803338570287705167e+00,-4.543398937254692349e+00,2.566194227357538438e+00,-3.755503066985058425e+00,-3.077005956723875002e+00,1.703631276847612952e+00,-3.553348833461547063e+00,4.858617331053030064e+00,-1.355216861779481752e+00,4.065268415500753463e+00
0.000000000000000000e+00,-1.154143876549235781e+00,-7.304426088442075304e-01,6.316824166643475458e-01,-2.348293757604901000e+00,2.030275430751320442e+00,-8.537919093374060076e-01,1.170658179618796702e+00,-2.887571930459619907e+00,-1.730897930445815636e+00,2.152565211426068492e-01,-3.339664008362285053e+00,1.995769247610711616e+00
1.000000000000000000e+00,-1.543723477945488476e+00,-4.427134782276366809e-01,-3.792859562465102474e+00,-5.802194528626077208e+00,-2.046016432603450230e-01,1.027479661641476305e+00,-2.733552994654936619e+00,9.682942883954939184e-01,-1.269810707665011140e+00,-6.445311612402486734e-01,-7.434108782450373765e-01,6.949065947057131432e-02
1.000000000000000000e+00,-2.183760591023519382e+00,3.143641379073734754e+00,2.828007916309339898e+00,3.855214600547268056e+00,2.272648915307262651e-02,-3.142662115608205742e-01,1.832669463655162367e+00,2.862346164762536560e+00,-3.664730438629294706e+00,1.321653464652542631e+00,-2.767913119887149831e-01,-2.434878064244516693e+00
1.000000000000000000e+00,3.584474630997638300e-01,3.835025037597263875e+00,1.126902172596811358e+00,2.565688259876092392e+00,3.415418054883163634e-01,5.038468196560745849e-01,4.750441773193521122e-01,-1.982488462649372174e+00,2.197787295035456445e+00,1.625770713810559265e-02,-4.128139100916153881e-01,-2.870221520464838250e+00
1.000000000000000000e+00,4.660807297634060875e-01,5.169730732816804064e-01,8.858965029921391787e-01,4.305593445919688733e+00,-1.781671230985758747e+00,-4.653340755304561149e+00,1.784150486805240021e+00,5.276950326307199290e-01,-3.016879646100777412e-01,-1.806224948949382458e+00,-2.342795726648825294e+00,6.629944467107917738e-02
1.000000000000000000e+00,2.682591603363416510e+00,1.176438829873111658e+00,2.364516883417692839e+00,2.983919846158497258e+00,1.420264256013570758e+00,-2.042768383846191860e+00,3.317485725156675835e-01,4.166371234097900889e-01,-1.411001304422784264e-01,9.150310342629867089e-01,-1.982402273848878238e+00,-1.797434020979059577e+00
1.000000000000000000e+00,3.955623407535346470e+00,-5.236435189418876313e+00,-2.670570675464253974e+00,-8.754147812070709467e-01,1.689340552450186106e+00,-2.066321728587647844e-01,-6.820554173670088094e-01,-8.623364283010610531e-01,-4.813623656067759216e-01,2.953627607018320056e+00,-1.941155635221332165e-01,1.627873484042473784e+00
0.000000000000000000e+00,1.654906360251817699e-02,9.992077452899558732e-02,-1.345944236166886299e+00,-3.736532454796957392e+00,1.147461575638136555e+00,3.691264140385932535e-01,-3.616593691467173244e+00,-5.680568839814523763e+00,2.461331476645986172e+00,-2.551745889245396359e+00,-3.779571149425179355e-01,3.177821482089138172e-01
1.000000000000000000e+00,8.026761798633419431e-02,8.939910589840490696e-01,-5.375874077397277961e-01,-5.713736094253984987e+00,-6.497519004396936637e-01,-2.452907376743480583e-01,-4.765449251859175561e+00,-1.550410520130512060e+00,2.400196119087317781e-01,-1.081762752875202516e+00,-1.454600146535589111e+00,1.661243737448722779e+00
0.000000000000000000e+00,-1.617641143648777646e+00,-5.504409229736327624e+00,-1.434982996648577647e+00,-4.289673120747132806e+00,2.721047792361445339e+00,-3.459816017834734136e+00,-2.293311615528559333e-01,3.147643180885588698e-01,4.723898574342546564e-01,2.036963319191341881e+00,1.088723859436187436e+00,2.737836683344994526e+00
0.000000000000000000e+00,-7.994972480249424862e-01,2.453472220195342501e+00,2.287568289107494657e+00,1.105528488902274553e+01,-8.643328916884418511e-01,-1.120415590504037162e+00,3.596725134517407163e+00,-1.506973178128721447e+00,-4.377862805046961014e+00,2.920791612670800230e+00,3.138011501959316885e-01,-2.793826288719194473e+00
1.000000000000000000e+00,-8.329735085752240087e-01,1.921156312654242138e+00,1.289394151504041464e+00,1.174936017496250429e+00,-6.479039280576111004e-01,-1.796185677802246250e+00,-1.229587064364682458e+00,6.374789480041633816e-01,4.601081476671924353e-01,1.963176339691202532e+00,1.088031199604445387e+00,-8.792382377658320980e-01
1.000000000000000000e+00,-2.099543976725003480e-01,8.629801351714384339e+00,4.558071727419439334e-01,7.316369767053702233e+00,-3.176919910435763494e+00,-9.238781691473016977e-01,2.254288442676152471e+00,-4.549140690009234600e-01,1.564232343038439499e+00,-2.670045446533745981e+00,-3.048839758903651553e+00,-5.851239626821057804e+00
0.000000000000000000e+00,5.076621288505172025e+00,9.614818952041686018e-01,1.433521440547328663e+00,-1.468597943051061705e+01,3.055517325373975801e+00,4.904781635996897649e+00,-5.354231981408385188e+00,1.296484948255603342e+00,4.929353443950166280e+00,1.898565802252076828e+00,-3.105475559768638316e+00,2.989008739966855899e+00
0.000000000000000000e+00,-1.700558298179790206e+00,2.828843333591917197e+00,1.816275973115230924e+00,1.795632508550946804e+00,1.007717884736375691e+00,-1.236213819291367422e-01,6.498222858128688273e-01,-9.035778412470361065e-01,-1.785532100084068929e+00,4.442695150268177073e+00,-2.562028519547043803e-01,-1.335918016166612432e+00
0.000000000000000000e+00,4.634501296570981310e+00,-2.007744631807630409e+00,-1.541163435859780328e+00,8.866862807775506283e+00,-2.015647757824415631e+00,3.392127761076896508e+00,3.292536628568885071e-01,-1.458758491241440858e-03,-3.615604722046014352e+00,-2.598752748964570092e+00,1.999171930259603158e+00,-2.488675346468870231e+00
1.000000000000000000e+00,3.972425098798205712e-01,4.216896042332347605e+00,2.078452606824001681e+00,3.620418067366327097e+00,1.401260155951831621e+00,1.058695559092417859e+00,-1.168118167584424327e-01,1.976766491630969291e+00,1.222454161993256072e+00,-5.411625664933767954e-01,1.373515169575314943e+00,-5.797594027355987834e+00
1.000000000000000000e+00,7.233963020867015814e-01,3.580889125174201992e-01,-3.360286556174287842e-01,-2.886703465692457726e+00,2.292345577253612987e+00,1.126068999071049515e+00,1.784403378553382158e+00,1.457772886222373554e+00,2.455350389059404392e+00,1.512677239390969319e+00,-1.190453870759878408e+00,-8.964007231717028290e-01
0.000000000000000000e+00,5.676894225343555256e+00,1.193367526647339139e+00,1.240937853022527460e+00,-8.615091483052147225e+00,2.862797390531189201e+00,7.936367662444502535e+00,-3.595903996284790072e+00,1.333135817141944290e+00,1.614844610814248238e+00,-6.211222415422483767e-01,-2.063403830453662380e+00,-6.548641309952196732e-02
0.000000000000000000e+00,-3.316677358899702721e+00,-2.612666341943030157e-01,-2.045446614652227879e+00,-6.849097587786481256e+00,3.237526727923274006e+00,-1.325831819097567532e+00,-1.855670406210916390e+00,-2.461321712390211580e+00,-2.168580484313588297e+00,3.931617534492100496e+00,-2.628826107381078359e+00,8.364939735308639657e-01
0.000000000000000000e+00,1.265205072843218925e+00,1.836712003465472476e+00,2.107038974032919842e+00,1.385732878061993523e+00,1.207367839417608391e+00,6.395290191484019893e-01,-8.570877707169503035e-01,-2.234704550356709341e+00,-2.202564381933643789e-01,7.024949265223403572e-01,-7.335155137954769700e-01,-1.105014526115730922e+00
1.000000000000000000e+00,1.534880930327112036e+00,3.214856658445338411e+00,-7.099301931896662143e-01,-2.241707182403022802e+00,-8.603967965160885800e-01,-1.267507274750935942e+00,-2.697307751399378617e+00,8.063654176877896873e-01,-3.159757218947012447e-01,-2.326777914508999956e+00,-4.187745130824028550e+00,-1.645138110522392783e+00
0.000000000000000000e+00,2.405016293984716391e+00,1.062157433385150673e+00,-3.761378850334846646e-01,-3.957127895949207996e+00,9.813952304578099639e-01,3.085086291779882028e+00,-2.740740918088777622e+00,-3.690232474223853476e-02,5.789454090896943850e-01,1.118451997051894908e+00,-8.184436881384091755e-01,-4.691393904145423344e-01
1.000000000000000000e+00,7.288618449902675156e-01,3.511445068078166365e+00,-7.097488319100822007e-01,1.160350636453854056e-01,-1.122145445669576080e+00,4.619647696807499537e-01,-1.990277941513918680e+00,-9.794707921238302584e-01,1.330132689834464088e+00,-1.123339033026905298e+00,-9.651756320514972565e-01,-2.274207607893467653e+00
1.000000000000000000e+00,-1.202692844517954773e+00,3.869433823592441701e+00,-2.044701510535119393e+00,3.147599243113134104e+00,-2.386943446992374707e+00,3.277671209503623118e+00,4.767785874241485367e+00,-1.181191092127824582e+00,2.054940617083580889e+00,-3.012511312842938604e+00,-1.419365829384472644e+00,-2.136146252629405495e+00
0.000000000000000000e+00,-3.162878434613620726e-01,2.407263937263986464e-01,1.129835204343678789e-01,1.822237957817625098e-01,4.796295004011638108e-01,-7.413734287920992205e-01,-6.687676109857114692e-01,-1.537967139292006458e+00,-3.696487545501481176e-01,2.436566274001099597e+00,7.599815742095716864e-02,1.524151224426488760e-01
0.000000000000000000e+00,-1.725055471696817166e+00,-7.235109839095819062e-01,6.938587155979388799e-01,-1.289948365438572386e+00,1.146148160260767046e+00,-1.313700045039356556e+00,1.396797047626119337e+00,-1.522911530822942838e+00,-1.136248044875170837e+00,4.007837235585998137e-01,-1.778674179797085753e+00,1.752352267233775907e+00
1.000000000000000000e+00,1.314730358184609482e+00,-6.819905998505423339e-01,-4.386133160583644219e+00,-8.115866125762249084e+00,2.528744141260043321e+00,5.934883696789883700e+00,-3.163426028808213886e+00,-4.042161110953230718e+00,3.995669156399429767e+00,-1.791224788779846477e+00,3.315259213631394086e-01,-6.368683691585126372e-01
1.000000000000000000e+00,3.504251944792315943e+00,1.571795803760525745e+00,-1.607683579835996746e-01,2.460360121127445510e+00,5.379985985317619068e-01,-3.343654127875412385e+00,-2.996841994990471658e+00,5.775782452616310403e-01,1.111522747879993833e+00,1.677614756315082278e+00,-8.931639246014403399e-01,-3.476457851301490987e+00
1.000000000000000000e+00,-2.709105535477178694e+00,5.947266588048769620e-01,4.269586033380896595e+00,-3.618708080075786482e-01,1.917374969673375507e+00,-3.477829903887583729e+00,1.022278499286414455e+00,4.321252934292137304e+00,-1.218981905882599026e+00,1.259533025842376475e-01,-1.021784959262372894e-02,-4.621344461566172512e-01
1.000000000000000000e+00,2.518433475580036607e+00,-6.173117779064888344e-01,4.227502285763932166e-01,5.281128962770629265e-01,1.387897655716035850e+00,-1.297997503740328185e+00,-1.485742199271466557e+00,-3.196385499500076222e-03,-6.672833041285242128e-01,9.525235539089439429e-01,-1.109206223180115192e+00,-8.868577518669119586e-01
1.000000000000000000e+00,-4.125980267039160987e-01,-8.829530373017980827e-01,-3.403111872054103149e+00,3.849806157980188021e-02,-2.251827366254378404e+00,8.484056085571363148e-01,-9.684425192906563895e-01,3.142769399721756507e-02,5.871562078174004107e-01,-8.608227964435624102e-01,1.899964555945303335e+00,-4.041331055121766269e-02
0.000000000000000000e+00,-1.197698599656175755e+00,1.631841369606272574e+00,1.599253276313061800e-02,6.332657085899014326e+00,8.504821522144629942e-01,1.045191701099051240e+00,1.009531549702134878e+00,-1.430572339460706610e+00,-4.171422982674148905e+00,1.869943020390968824e+00,9.945709733745875525e-01,-3.844336926555863787e+00
0.000000000000000000e+00,1.707718940957940745e+00,1.026694506331189416e+00,2.792908698028023551e+00,5.407044625741624699e+00,-2.438986654754962125e-01,-1.910097272848737759e+00,4.568440188431350801e-01,-1.117060958443310215e+00,-1.470017849699088108e+00,1.627886924889823117e+00,-6.072855858902699300e-01,-5.328589115443223001e-01
1.000000000000000000e+00,-2.016149011269164681e+00,2.042548317361391419e+00,-1.611132400818448662e+00,-4.478849225333474959e-01,-1.023093746806456705e+00,1.311812574739791959e+00,-1.528943163502336500e+00,-1.451381694591571403e-01,-2.259553637299001050e+00,3.955194604180010121e-01,2.044041305244541640e-01,-1.445386055652507995e+00
0.000000000000000000e+00,6.236447885121934043e-01,-8.343901825186582855e+00,2.603717642095838336e+00,5.598955082905707314e+00,2.697270276088546304e+00,-5.297574816116825680e-01,4.340567352040433313e+00,-5.782799837840906676e+00,-6.248518426931630732e-01,-5.321503689700548545e-01,3.469798128728734277e+00,4.810675106843323334e+00
1.000000000000000000e+00,2.132509437797136087e+00,4.619030739425986076e-01,7.748499368757482131e-01,2.899933443289473445e+00,7.942111830682531126e-01,-6.211471669594634815e-01,1.470664034273744036e+00,-6.034874954671070046e-01,-4.762828920760564522e-01,-8.281551406651987968e-01,-2.258382837727635817e+00,-1.257864242455363213e+00
0.000000000000000000e+00,-1.579620906001598435e+00,2.041551796422213183e+00,-1.364930088025179344e+00,-2.812964766935214023e+00,-7.122711852344461025e-01,-9.496983991352523358e-01,1.460833936426074731e-01,2.247313590182910215e+00,9.849175771383150702e-01,2.245951061014171302e+00,-1.099488376365409081e+00,-4.322550522790413741e-01
1.000000000000000000e+00,1.851583318220376695e+00,-1.074331194865686401e+00,-8.740894393664990769e-01,5.152844880693314700e+00,-1.959246000600214366e-01,3.997653503093472338e-01,-4.406131368583001695e-01,1.705262922709824824e-01,-2.246345433061115227e+00,9.994125565783400500e-01,1.791245773405051089e+00,-2.208214746207445955e+00
1.000000000000000000e+00,2.133562396457064914e-01,-4.835831878911323045e-02,-1.991875574010629979e+00,-5.840700816830850961e+00,7.031552897225545884e-02,3.113673565047739178e+00,-2.910818251379843957e+00,5.637101836484710304e-01,-1.586845755330889673e+00,-9.531438553431204053e-02,-1.019111497751147066e+00,7.963772670249735786e-01
0.000000000000000000e+00,1.745491810989869164e+00,3.592942085876360547e+00,8.121952441904124465e-01,-4.918343070175302145e+00,1.894151962191226168e+00,2.163869335561301899e+00,-2.145347395818995029e+00,7.046040221002520809e-01,-5.499642036269443146e-01,1.445937774836701273e+00,-3.941175857808554728e+00,-1.486313501242672031e+00
1.000000000000000000e+00,4.129284008806574313e+00,-9.364226810161335735e-01,-7.651417919584739824e-01,6.399334753328388636e+00,4.466261068218124741e-01,-2.393004126385394947e+00,2.809767171187420143e+00,-2.932090915485401794e+00,-4.788984318496144255e+00,2.266809075203792823e-01,-6.301498180206158040e+00,-5.327112488023050263e-01
1.000000000000000000e+00,-1.316368745444976396e+00,2.222871932378681359e-01,-2.785130378773566839e+00,-4.516441517820537044e+00,-1.064660370653140120e+00,1.111515604173036298e+00,-4.661645255798428922e-01,2.432248186674683677e+00,-1.505652933889997769e+00,-9.004086317892957547e-01,-1.847003888021965023e+00,5.627335478047250650e-01
1.000000000000000000e+00,2.295829057330012635e+00,-6.635110478618480023e-01,1.022155734269587946e+00,2.940678036125637718e+00,6.400498284538600480e-01,-3.316120443679221541e+00,-2.488547758112053199e+00,2.094385053594291612e+00,-5.992316818736901363e-01,3.151477400285090269e+00,1.478424972133041138e+00,-1.846469338831580931e+00
1.000000000000000000e+00,1.691587892460768350e+00,1.902217767531692250e+00,2.063597394637940674e+00,4.806893095286768336e+00,2.005900258875771947e+00,1.266846904995923229e+00,4.133663414194706398e+00,-7.286135920965739476e-01,-2.509427015444722908e+00,-2.692720559848404971e-01,-3.654227643222254240e+00,-2.465159247698355927e+00
0.000000000000000000e+00,4.609099801071703251e-02,1.680522381174961666e+00,9.479526547028872541e-01,-1.747527558787602464e+00,2.765116518878415475e-01,3.252262104193541781e-01,-8.449030272876344450e-01,3.012110563754646364e-01,-5.484193251027278393e-01,3.748956364911811612e+00,-8.573146523945114339e-01,4.188117510956974598e-01
1.000000000000000000e+00,-3.776444787725008467e-01,1.736187355513127528e+00,-2.928549351036698223e+00,-3.878177317299131843e+00,-3.047304856651035232e-01,1.015864388059544376e+00,7.781569499593647965e-01,-2.092217121719012418e+00,2.710306920395878727e+00,-4.392254776535643224e+00,-3.696910416720671222e+00,-3.462895266881309553e-01
0.000000000000000000e+00,2.640071416641629476e-01,-7.556918263001065339e-02,-5.141714117923774641e-01,2.297367007783299275e+00,-1.980619798318775437e+00,7.175582021980573266e-01,2.964195554109779085e+00,-9.574400315026870834e-01,8.112323663945606445e-01,2.919326644057496978e+00,2.017821858639068378e-01,1.954155404560314668e+00
0.000000000000000000e+00,-1.089012792052608702e+00,1.246013145257463428e+00,3.231149263101515956e+00,-2.159946917877737516e+00,2.090878343482957202e+00,-2.453857120150258364e+00,-9.715604636477080946e-01,-3.033916636541240663e+00,1.294281759810043564e+00,3.020909772467843091e+00,-1.038258968294083928e+00,1.562815733381452965e+00
0.000000000000000000e+00,-8.084132858631685181e-01,4.129429140708726909e-01,1.309508895676856355e+00,-2.835836812389511241e+00,1.731737466253850055e+00,-9.904788648116070737e-01,2.167084327760493423e-01,-1.549841700401742628e+00,2.871675031222137076e+00,2.182917334160349387e+00,-1.949158144105768153e-01,1.134133468086148344e+00
1.000000000000000000e+00,-2.363339268072959687e+00,-7.151202761168908850e-01,4.790719304916315480e+00,5.583962064740206621e-01,2.689340453968632527e+00,-5.088039412771776515e-01,3.391485310433930422e+00,3.566511083369361845e+00,-4.106471126083709677e+00,2.313861406635606688e+00,-4.174581473194071135e-01,9.936583249378234672e-01
1.000000000000000000e+00,-3.872390745261431455e-01,-1.991649572144979841e+00,2.571897886006848655e-01,-5.577754391479247786e+00,2.006104598868125422e+00,-6.754964701091739077e-01,-2.634768282692161012e+00,4.097746812547898188e+00,4.134178681610237938e+00,2.559534876154851979e+00,4.213589364546083793e+00,1.179186008132102614e-01
1.000000000000000000e+00,3.402126098066120541e-01,9.095616897891797281e-01,-2.108659268063068026e+00,9.538138593919690544e-01,-2.304416200754910271e+00,6.373783999995730198e-02,-4.892434472641330467e-01,1.698352075399462535e+00,-5.583091519474936426e-01,-9.185082640211500449e-01,-2.532149772193849069e-01,-1.042123639226986143e+00
1.000000000000000000e+00,-2.728558310234794337e-01,2.382594404234984697e+00,2.371554786294002959e+00,4.363968194598307981e+00,7.905249062525555592e-01,1.566089501373015835e-01,4.774017817160808086e+00,1.565725088939719623e+00,-8.893401669846882074e-01,6.496996482957839714e-01,-1.817598060127669779e+00,-2.001492007885332214e+00
0.000000000000000000e+00,4.192993253351779970e+00,2.203945403547042492e+00,-5.565645849154214897e-01,-5.649257898407671341e+00,1.345855013233396846e+00,3.904398970027219473e+00,-4.110271280473735800e+00,-1.110657339736465188e+00,3.030138963200908364e+00,1.097310438679247380e+00,-1.429451936703275639e+00,-9.736113918193334271e-01
0.000000000000000000e+00,6.322349405773437514e-01,3.706500087822232725e+00,3.222540101391994316e+00,-2.045684396896344293e+00,2.169390743977638092e+00,-2.204237432857665269e-01,-8.987391177820267529e-01,-2.018388465602455994e+00,1.870087935112548116e+00,3.802490915564408436e+00,-2.015942384195727577e+00,-4.496899478254426930e-01
0.000000000000000000e+00,-2.516973345016245478e+00,-8.390071532957853184e-02,1.733372029626409461e+00,-3.229986558626015469e+00,2.378405708871938362e+00,-1.936039555578765725e-01,-1.365253681399985153e+00,-2.119528793233019570e+00,-9.659305921018250807e-01,1.495514642232238955e+00,2.915613675439800989e-01,1.118956022610054557e+00
1.000000000000000000e+00,2.045603363021064602e-02,-1.755539290022630095e+00,-3.504836015170367691e+00,-7.605965656149871190e-01,-8.669061745359332161e-01,4.956248962108677603e+00,6.885992514815135745e-01,-6.835522955185571181e-01,-2.704445763748560161e+00,-1.202347552899640570e+00,3.600472725986092470e-01,5.163108590909657458e-01
1.000000000000000000e+00,4.058038966118091562e-01,1.832661301831371103e+00,2.439090464181075113e-01,-3.772982737387438501e+00,3.851045743145076194e-02,-1.486949119979124045e-01,2.412420341988463779e-01,1.257342348999806347e+00,2.538571182199955700e-02,-1.537277803345733496e+00,-4.209122588389879738e+00,5.409981489805357757e-01
0.000000000000000000e+00,-1.239328293293369354e+00,-2.434556135854033077e+00,-9.254250484866974880e-01,-2.996291617990050060e+00,2.436609281252289705e+00,-7.345777294380015920e-01,6.809193753566666896e-01,1.364594064446644772e-01,-1.717415541121749989e+00,1.567459492374345897e+00,-1.109927876845371086e+00,1.047660557257170666e+00
0.000000000000000000e+00,-5.825898896457128995e-01,8.931435843758697146e+00,7.905754628824762875e+00,1.996867877873687913e+00,1.683972263618138676e-01,-2.163038888333723708e-01,2.131205050698417480e+00,-3.185257543460382035e+00,3.738536886838742301e+00,-3.113735605122624150e+00,-4.127140800381575048e+00,-1.332183692992793489e+00
1.000000000000000000e+00,2.197419402123435894e+00,-3.661021773834834736e+00,1.363356618966715894e+00,-2.469829254543397745e+00,2.247111683126904680e+00,2.017151675251995790e-01,1.778022017650005004e-02,-1.533288852882821462e-01,-9.459708157659858507e-01,1.436285499036230373e+00,-8.723219709279201872e-01,2.960609936291177302e+00
1.000000000000000000e+00,4.894969092371566965e+00,1.404319798662041041e+00,-4.457620491510905225e-02,6.634602960291068996e+00,1.145502274377635077e+00,-1.114632528907270714e+00,-1.248891473975227928e+00,-2.669954193588148783e-01,1.961536550805125234e+00,9.465058749553746376e-01,9.029774717955980634e-01,-5.567896263304815463e+00
0.000000000000000000e+00,1.132284681708257468e+00,1.381724453904096039e+00,-1.090319559341828448e+00,4.959528641871156829e+00,-8.414667329184915001e-01,1.038479909014539126e-01,-3.090677389056778468e-01,-3.960473141224696736e+00,-6.262245368457628469e-01,-1.337406254278010298e+00,-4.669881514696120339e-01,-2.170408971735411363e+00
1.000000000000000000e+00,3.721085360529428065e-01,3.161054078910972898e+00,-6.955854053150689609e-01,-5.541873585046771744e+00,-1.423564561138317863e+00,-1.341003348743396995e-01,-3.609058677167654494e+00,5.885968872585105593e-01,-4.979593224294949216e-01,-2.163918283999329617e+00,-4.077109758333870460e+00,3.546266325906657357e-01
1.000000000000000000e+00,3.417876565848819936e+00,-3.397123450595829208e+00,-1.666116603691793152e+00,1.777834379525838893e+00,1.364586475937782373e+00,-2.665843665354656888e-01,2.176827779358199599e+00,-1.744919161741884661e+00,-3.649663973041780807e+00,2.405416687317548430e+00,-3.836128450185950722e+00,1.490324429922046612e+00
0.000000000000000000e+00,6.172892020258597956e-01,1.387601292862613023e-01,-1.084108654045110587e-01,3.414444259293949013e+00,9.130157128731553051e-03,1.233324493553119794e+00,-3.446926986954710337e-01,-2.805875628360095853e+00,-8.730257153342513288e-01,5.233947613959866185e-02,1.172488247902782721e+00,-1.103672902668635381e+00
1.000000000000000000e+00,-1.043295489839228374e+00,-3.946755000427629945e+00,1.709691790388616184e+00,8.747325063516074861e-01,1.204823958115577298e+00,1.725284877199521727e+00,3.052908827160701666e+00,2.776813412073805942e+00,-2.048880098885727197e+00,2.848119539476919648e+00,3.256635766954161681e+00,2.307716481926872731e+00
0.000000000000000000e+00,1.502152157273239919e+00,-1.024848158503609108e+00,2.100735037423366869e+00,5.024557620216913989e+00,3.299196063834795023e-01,2.572453028090106120e+00,1.613124662534381137e+00,-3.495310386544214332e+00,-2.085971165307368480e+00,-3.804178859392839840e+00,2.076478634554952407e-01,1.661801598117584877e-01
1.000000000000000000e+00,6.209964656724762389e-01,1.110971600585235253e+00,2.485578403723950558e+00,3.569792958940210426e+00,1.945719837044304512e+00,2.751343626205544624e-01,6.206140787581202467e-01,2.250755901924019309e+00,-2.112380041446118462e+00,2.569923332826209439e+00,9.319204815888435522e-01,-2.977695684901719986e+00
0.000000000000000000e+00,-1.898235917353047864e+00,-2.756074235447269594e+00,-8.483619253105381119e-01,-5.309405767862454439e+00,4.131728547532084406e+00,-1.081767872481482762e+00,-7.546052571935997211e-01,-2.101498289360099747e+00,-6.866300091034065467e-01,2.951391237626823649e+00,-6.788432614891823924e-01,1.410101832278105149e+00
0.000000000000000000e+00,1.570105526329806711e+00,2.938147354298883407e+00,2.033194509023486862e+00,-6.169897088501317128e+00,1.780385397556188742e+00,2.169990511323070859e+00,-1.661281295004443326e+00,-5.461820983331531210e-01,1.123444679216016873e+00,1.847936207371658535e+00,-3.516439711064781815e+00,8.804913223128347788e-01
1.000000000000000000e+00,-1.922887784399649913e+00,-6.227190334289641749e-01,-4.189337908596558968e+00,-1.469192191292288063e+00,-9.976290055362813103e-01,4.020920401790183618e+00,8.627013968843015856e-01,-6.803843755234804114e-01,-1.868197496788795320e+00,-1.259655552409450152e+00,4.203159367746465147e-01,-1.997328308703791855e-01
0.000000000000000000e+00,-9.092180844352419911e-01,1.055289248341107378e+00,5.111350972326090591e+00,-1.451433024518966386e+00,4.188584297473706641e+00,-1.680617042943316264e+00,1.963886869108862676e+00,-1.887576493398827715e+00,1.153544099549413282e+00,-1.015332396168135976e+00,-2.659122299812913148e+00,4.369995027828637024e-01
1.000000000000000000e+00,1.494630535189006793e+00,-1.416112300115361267e+00,-9.635562778423187869e-01,1.688181001712398377e+00,-6.449296804960713558e-01,-1.001149691716531898e+00,-2.072540994441265383e-01,9.744526267738584657e-03,-3.984343378834399818e+00,3.160015677577811655e+00,-1.674076372695322723e+00,1.089202372699912935e+00
0.000000000000000000e+00,-1.251259391157053535e-01,2.311910950125743991e+00,3.594161848790446090e+00,-1.383765821107975524e+00,-9.364234552432448844e-02,-2.711302994490088825e+00,1.554285941018407780e+00,-2.785661918425891281e-01,4.650156641578845118e+00,-4.186558790802508145e-01,-1.783244710992239135e+00,1.719483781993125460e+00
0.000000000000000000e+00,-2.193444884698929620e+00,1.678937773454892035e+00,6.947237170201753242e-01,1.944939667032241637e+00,-2.365873361828767507e-01,-4.049073538498472402e+00,-1.277401386584449128e+00,-3.830002569555740255e+00,-1.004523522796916923e+00,8.565827235718697086e-01,-1.068352878321849664e+00,-1.362777903588349160e-01
1.000000000000000000e+00,-2.147836969435203081e+00,1.937558510339566942e+00,9.927239465132913221e-01,-3.804893115397018910e+00,-1.236489414751064331e+00,1.397904798489743694e+00,-4.877817779499332929e+00,-1.079697876373441279e+00,3.229116534165694663e-01,3.222552709104464341e+00,3.279609803825500158e+00,1.396717162397036915e+00
0.000000000000000000e+00,3.175164839307040410e+00,4.997200808082063794e+00,1.683639198680313864e+00,-2.666092709673057559e+00,1.287920338975373946e+00,3.368329048649862933e+00,-3.306029230867388868e-01,2.792524662413529590e+00,-7.547685897287296219e-01,3.947827791666592923e+00,-4.183273102148849176e+00,-2.282488311355384436e+00
1.000000000000000000e+00,3.791024188257030580e-02,-2.721749065767775644e+00,-4.285060712598990129e+00,-5.206506115225034925e+00,1.068461328001540256e+00,1.266729566724674294e+00,-1.708689530972541171e+00,-1.745360920673239224e+00,2.410636163631501017e+00,-1.677323982424283599e+00,5.334958404187302161e-01,5.721640266117864471e-01
1.000000000000000000e+00,-2.009497876084620493e+00,3.773162777469609264e+00,-4.173354757266921622e-01,3.599756984698198714e+00,-3.197671305707564304e+00,1.705931066394266837e+00,-1.316190966934902118e+00,-3.644456812261091638e+00,1.538382579045195264e+00,1.006448319793744606e-01,3.226522163000545618e+00,-1.337753734992841892e+00
1.000000000000000000e+00,-4.584724277733455144e-01,3.643357639758878719e+00,1.557835095849835483e-01,-4.114305152342680572e+00,1.104330227760395022e-01,-2.498090696614899464e+00,-1.149571782042248413e+00,1.234253301471153641e+00,8.038690423650729500e-02,-1.996976908875224943e+00,-5.401871839961506438e+00,-9.225462792546462731e-01
0.000000000000000000e+00,1.529550076164166050e+00,2.397251119030190392e+00,3.200780058964682873e+00,4.926471269329709024e+00,5.416605107906691252e-02,3.668972127158231178e+00,8.818456711310933560e-01,-1.853608286881072820e+00,-3.404360378038611135e+00,-2.240367307529094631e+00,-9.200177423640667485e-01,-1.580298302707956459e+00
0.000000000000000000e+00,-1.987752234618768377e+00,4.727677218872116671e-01,7.198485067634048384e-01,-4.952303150292403089e+00,9.553526904716723722e-01,-2.921351776228548580e+00,-1.144533110781727370e+00,2.651338162160658651e+00,5.100283729681872380e+00,3.066069071401695378e+00,2.077015519626770335e+00,5.396986550710674013e-01
0.000000000000000000e+00,-2.302381674262776734e-01,-9.845936721429977556e-01,4.794617561252031201e+00,2.844528914244954354e+00,2.544991202673029917e+00,-1.639618096351894261e+00,3.397220435083329715e+00,-6.069690471632604556e+00,-1.149571022293971900e+00,-2.880248040922946284e+00,-3.252945467932125911e+00,2.719903388490557461e+00
1.000000000000000000e+00,5.166841210228256820e-01,3.752638177237882733e+00,-1.657641954147123453e+00,2.314688117721162453e+00,-2.993204144456472093e+00,1.105272759735004051e+00,1.004985279272148979e+00,-1.000078622296821873e+00,2.174218639066524128e-01,-3.795753011884878791e+00,-2.878151805401103491e+00,-1.755250348977535069e+00
1.000000000000000000e+00,1.198378814644032619e+00,-1.093894232253248278e-01,-1.807858884761844642e+00,-1.858558399421498031e+00,-6.956276599664839022e-01,3.128444339396506457e+00,-6.866597185697213002e-01,9.540816910652609728e-01,-3.125799021872599504e+00,-1.094588750102228003e+00,-1.964149218704093425e+00,1.803805739775221628e-01
1.000000000000000000e+00,-1.061062046315380591e+00,-3.003337813625258423e+00,2.372334967580409071e+00,7.716631003241072317e-01,2.837150271659388601e+00,-5.169603366607934403e-01,5.159427830384728075e+00,2.391864693734213176e+00,-2.095834205574067965e+00,1.222101624585016921e+00,-8.173026869512487469e-01,1.544785514782018421e+00
0.000000000000000000e+00,1.193873891246109320e+00,2.235839246071479991e+00,2.612279452810867042e+00,5.602419308882510940e+00,2.472524343905353472e-01,7.778099454678676361e-01,1.841749249682813172e+00,-1.461809389591810504e+00,-2.391909888719389254e+00,8.485701755109782418e-01,-1.279823464470129624e+00,-1.609180739607576127e+00
0.000000000000000000e+00,-3.481253505241021173e+00,3.466073338673763438e+00,-1.052756541038354143e+00,-6.808895648755414420e+00,2.335237701161345214e+00,-7.853691326607729062e-01,-1.438062547601324237e+00,-1.126398054114829961e-02,-1.635042891746027127e+00,4.154329015026512195e+00,-3.783599534808019804e+00,-9.568883441432578518e-01
0.000000000000000000e+00,-2.366960883117640968e+00,8.489805116820396957e-01,-1.384567183899832798e+00,2.348434052400190541e+00,-3.564808027997957041e+00,-2.241951553387487195e+00,6.841844576349553897e-01,-2.247360023330932099e-01,9.362850920572074465e-01,1.833210922037892043e+00,1.711550107949061150e+00,1.071637518670152112e+00
0.000000000000000000e+00,1.169406492683227494e+00,-5.153385682848425908e+00,1.161576416571756143e+00,-2.838937633760606261e+00,4.068917179172287568e+00,-4.791104031271528063e-01,2.249883280515464712e+00,-1.797774370443261160e+00,1.240652148691938628e-01,1.395840688913815297e+00,-1.227148765435869482e+00,3.548843051030582174e+00
0.000000000000000000e+00,-9.357327688684387024e-01,2.502210013185519055e-01,6.611747826131992856e-01,-2.348101335362890119e+00,3.433840164112621274e+00,7.534005629828528505e-01,1.214177592843030284e+00,-2.236375061051873558e+00,-5.785679790771380837e-01,3.016064820380464973e+00,-1.804190912386721912e+00,4.625901377553776062e-02
1.000000000000000000e+00,1.422295030936540083e+00,-2.901452619666150756e+00,5.096908587183104355e-01,-9.142008744416181276e-01,7.077199788954657844e-01,-2.765956425046743661e+00,1.353247937013814406e+00,8.685208249006755032e-01,-1.509191388968872394e-01,1.780024830488486254e+00,-1.807225650504730829e+00,2.781968198509957801e+00
0.000000000000000000e+00,-2.093287389040715318e+00,2.490673373648221389e+00,-5.369951589918982027e-01,-4.918453901395728245e+00,1.309327442050978174e+00,8.899203817759002710e-01,-1.781472959238019182e+00,-4.814810942033089791e-01,-1.230893153307013765e+00,2.276249506438045245e+00,-1.901285061351501326e+00,-5.008782775931399645e-01
0.000000000000000000e+00,-9.930225389110503009e-02,3.266231489276327227e-01,1.703968445754583394e+00,-3.542355257098579457e+00,3.030207521697462880e+00,2.203437588817417137e+00,-1.912424094316697243e+00,1.236477057109905964e-01,-2.276289975815211086e+00,-9.272214406084433591e-02,-8.341850382537501218e-01,-6.550092029669656313e-01
1.000000000000000000e+00,3.713754031931336907e+00,7.945975767146000457e-02,-7.110707650281462566e-01,2.043801596788370478e+00,1.434542476868746919e+00,1.664990073767482759e+00,8.934637683135450148e-01,-1.639893369810398571e+00,2.150036533771240599e+00,-1.045765331971862278e+00,-9.686120270722164971e-01,-2.221932811689752540e+00
1.000000000000000000e+00,4.958567399692493938e-01,1.646531007429719917e+00,2.259980226246530499e+00,5.187268866359361574e+00,1.370277530142012701e+00,1.494322839189317520e+00,2.629059161829197855e+00,7.374568274728248163e-01,-1.982170304763753776e+00,-2.989784929322327756e-01,-1.120603267831404848e-01,-3.113730131978958759e+00
0.000000000000000000e+00,-7.251398126555291812e-01,3.478919221737467038e-02,3.910471190033300015e+00,-8.984441740233176654e-01,2.605326467623170217e+00,-1.629897698896490610e+00,2.080021713331093203e+00,-2.533102121410323981e+00,2.910326829358342859e+00,1.267283778305866138e+00,-5.851246240570332491e-01,1.914150757271707803e+00
0.000000000000000000e+00,-3.903976493060162811e-01,4.227085371764666144e-01,2.401814039516917632e+00,-2.825716213557701861e-01,9.195783597296374179e-01,-1.538516896200892159e+00,1.820693886737089873e+00,-7.205538843416692263e-01,2.252906845499012878e+00,4.788540280665981586e-01,-7.514678045115642524e-01,1.231466661269724483e+00
1.000000000000000000e+00,1.851230680529170058e-03,3.625802201907653899e+00,1.820715442959426333e+00,3.590808484206392537e-01,-1.717768576868295760e+00,2.738710508797809418e+00,-3.070355229152651244e+00,-2.436182909423898479e+00,-6.047060335645069173e-01,1.152369343575009086e+00,1.124387145380856712e+00,-4.896354361523058696e-02
0.000000000000000000e+00,5.196459474091730257e-02,6.997771336106254347e-01,1.726676591268558436e+00,6.307059745620986480e-01,-6.617920961299419425e-01,-1.164482523245764956e+00,1.982280588466712068e+00,1.561553479815873668e+00,2.270919614664470565e+00,-1.866965351134899365e+00,-4.804787005473164507e-01,4.728257041853886067e-01
1.000000000000000000e+00,-8.298783670395439849e-01,-3.175522393003312960e+00,8.611431521335486394e-01,-4.609584429541009776e+00,2.738558193987865597e+00,5.459216503154464828e-01,3.865002269791754763e+00,2.122265516385271056e+00,-4.553613496061350574e-01,2.718326089831407444e+00,-1.710725540746783846e+00,3.483114105538054339e+00
0.000000000000000000e+00,3.084552483056311356e+00,7.193041810417364346e-01,1.071786428301895411e+00,4.867059913339846666e+00,-2.831860395991299129e-01,1.333759096658775345e+00,3.029843628477675299e-01,1.140932180480253244e+00,-3.678148032439135573e+00,-1.730684291819575282e-01,-1.217965210982964175e+00,-2.025283125395606731e+00
1.000000000000000000e+00,2.961782918557980260e+00,-3.857098984752926896e+00,-1.208345068871786054e+00,3.456039909980736180e+00,1.199400017886686154e+00,-1.598371880036816295e-01,6.016843310100769004e-01,4.323305346436923102e-02,-1.176561795056148663e+00,2.270176186588307665e+00,1.433019250083383600e+00,-3.699461050095319559e-01
0.000000000000000000e+00,-3.456429980095441223e-01,-7.620540419897552376e-01,-3.904788085952186627e-01,9.230618157602779039e-01,1.754995716146512175e+00,1.579288483348575634e+00,-1.823033000259166148e+00,-3.594925445034245826e+00,-1.642929538454117599e+00,-2.565633100655964505e+00,1.012647804365669923e+00,-1.535438475137131276e+00
1.000000000000000000e+00,4.725635584530639477e+00,-1.386736915262539283e+00,-1.412659289028924903e+00,4.072293172853482801e+00,5.080766011069373089e-01,-1.973657256693624351e+00,4.556591066309121363e-01,-1.669134131814347555e+00,-1.098029199429428004e+00,1.648012803505076285e+00,-2.963527702986896273e+00,-9.197255793648779765e-01
1.000000000000000000e+00,8.963161482054964324e-01,5.712662056731361737e+00,-8.008696867419549115e-01,5.879949176186273496e-02,-3.097929906779620435e+00,-9.823282658405019241e-01,-3.787879064450405675e+00,-5.618377896842957631e-01,1.447205287236164484e+00,-2.434359461392158863e+00,-2.210199447507042336e+00,-2.711611297476072657e+00
1.000000000000000000e+00,-1.575765212378746227e+00,3.576563141014498015e+00,-1.952420586710278183e+00,-2.409525274724795718e+00,-8.729130964095921374e-01,1.706229464403962837e+00,-1.286733760514175984e+00,-1.622977514694909251e+00,9.429066453150262150e-01,-1.569300552146926764e+00,-1.302701586357627672e+00,-1.680181566195313447e+00
1.000000000000000000e+00,4.106714509457982665e-01,9.171355968845521289e+00,2.175201123079979926e+00,4.018202630518284413e-01,-2.764498644764825652e+00,-2.045954401826170610e+00,-2.973584345505228210e+00,-9.907072270076133780e-02,1.360663727454522798e+00,-1.981058610691577293e+00,-4.609046582872483810e+00,-3.399203862047465829e+00
0.000000000000000000e+00,-1.994499597177566752e+00,6.690868613736295600e+00,2.649839367476996443e+00,-4.684984675529442200e+00,8.149082100295887976e-01,-2.038954212660045728e-01,-5.191892309934977856e-01,-3.024621298910357137e-02,1.978160141973689390e+00,1.058401658083517161e+00,-3.903624134286944436e+00,-1.159511615104601212e+00
0.000000000000000000e+00,-1.411244231602673871e+00,3.742129912554669868e+00,1.809205885242668677e+00,-2.011439085704937568e+00,1.174429259113700663e+00,-1.424064620877536047e+00,-1.076567256742110290e+00,-5.453589488528498563e-01,-1.136657134547013115e+00,3.628578303218688461e+00,-2.674050650940463569e+00,-7.149685324146370924e-01
0.000000000000000000e+00,-1.719748281896396502e+00,-1.275092405789656436e+00,7.717865747286467570e-01,-5.182458518782619095e+00,3.239504811225047298e+00,-2.907619057978247934e+00,-2.461529306949370444e-01,3.006310275188308623e-01,2.513082982918583674e+00,3.313603661331839145e+00,-1.074293350050760099e-01,1.280881838655090199e+00
0.000000000000000000e+00,1.999512398812098635e+00,1.717557573627240153e+00,1.108353847936823344e+00,-2.107483504242079475e-01,4.694013989917401597e-01,5.860088678025056064e-01,-5.661594300637966537e-01,-1.457454992977860186e-01,5.031360622133140836e-02,3.219838868650338082e+00,-1.393456348919907661e+00,-2.872651711419283993e-01
1.000000000000000000e+00,9.626800905445525025e-01,3.095233112723538405e+00,8.330559584831696007e-01,5.469895622277508807e+00,1.624959076496350185e+00,4.131387344811570550e+00,5.631445361906962432e+00,-1.043173378513592375e+00,-2.300130896185147433e-01,-2.662096963429219976e+00,-2.236534147810766093e+00,-4.252784904902457086e+00
1.000000000000000000e+00,-6.070842494174422121e-01,1.827499020150487263e+00,-3.612088970231209561e+00,-6.186232760935792108e+00,-1.412787500292924880e+00,3.855009517098643368e+00,-3.079989569211496914e+00,-1.672559062077615843e+00,-2.343887356416753942e-01,-2.796679715789963439e+00,-1.931331514139791761e+00,3.099657370265551659e-01
0.000000000000000000e+00,-2.878345838996986039e+00,2.600711550976352537e+00,-1.471695303057596327e-02,-9.292290918727736937e-01,-6.998473886243914421e-01,-1.960567013861198360e+00,4.399283065635664070e-01,7.555384682730867940e-01,-3.311616011502660495e-01,1.298579754232030536e+00,-1.295082357335782586e+00,-4.250098075917441154e-01
1.000000000000000000e+00,1.656981230623615353e+00,5.144131202380719081e+00,-1.792647373402123989e+00,-5.088209547647895015e+00,1.438304836973241407e+00,5.544278924288807975e-01,-1.434742418840302847e+00,-1.477504776078807369e+00,1.636901181772130176e+00,-4.969843800773411147e+00,-7.575716781065420236e+00,-3.437071759785926606e+00
1.000000000000000000e+00,-1.062280678441700932e+00,1.797993697844165961e+00,1.173334572391810937e-01,-7.957356900561064483e-01,-1.282834256683051288e+00,9.851371221288502955e-01,-3.246343412080306301e+00,-1.513187756987000920e+00,-6.560547377228609367e-01,1.173397647979227187e+00,1.586390073159052783e+00,3.762479164247745089e-02
1.000000000000000000e+00,7.563288072449547705e-01,1.168222862461662181e+00,1.325626813470772936e+00,3.868075956433456142e+00,1.141587368730875074e+00,-2.113565592966327067e+00,2.059154250677954767e-01,2.193208383551758622e+00,-1.213916245688305695e+00,1.793444253693381230e+00,8.395043564482129739e-02,-3.231119080728754422e+00
1.000000000000000000e+00,-1.679147645428209046e+00,3.512831613686373089e+00,-2.818758213397891232e+00,-3.524122352945088466e+00,-1.021443582253686699e+00,-2.471305312857929426e+00,1.016369293018917208e+00,7.100232491360278786e-01,2.048996068138216664e+00,-4.429922901760624754e+00,-5.468545595282772176e+00,-1.594038683298105941e+00
0.000000000000000000e+00,-2.739269758039570402e+00,6.675003940598505991e+00,1.190179567019651552e+00,-4.655770608066140070e+00,-5.772358709738252269e-01,-1.557415241095146285e+00,-1.092206315498016167e+00,-1.470841781710973128e+00,1.093618378184818107e+00,1.330659598198572269e+00,-4.813773125201088909e+00,-1.942359417716224002e-01
0.000000000000000000e+00,3.007229965415098016e-01,-5.470355702359286365e-01,6.081649556580031035e-01,-4.317587464451793977e+00,2.773189478143885722e+00,4.718034040961035736e+00,-1.480138163377300753e+00,-2.590038947296922522e+00,-2.515613882639347043e-01,-1.675755591235045028e+00,9.348454875671530218e-02,3.979093539648390632e-01
0.000000000000000000e+00,3.645294444128682532e+00,1.718800770352597151e+00,2.090820140276645311e+00,-4.129020667002083478e+00,1.917855889753667942e+00,2.411283702522881711e+00,-2.838345323686800370e+00,1.251340949788066759e+00,5.555935186097196166e-01,2.130617204697194289e+00,-1.743427882397623030e+00,-4.080409667930602335e-01
1.000000000000000000e+00,-1.909200384662152139e+00,6.936036865078362368e+00,7.424642977560440560e-01,-6.661523747580516464e+00,-9.377197980690320511e-01,1.050430096013371228e+00,-4.179591285427047609e+00,-3.012780977835644691e+00,1.783446470037224785e+00,-1.904265137765362326e+00,-3.770095780137987074e+00,-4.161761543718998091e-01
0.000000000000000000e+00,-2.700199928923173953e+00,-6.863209525913608333e-01,-1.606189935358416587e+00,-1.607246350919393052e+00,-4.671402748433930441e-01,-2.884580005640417610e+00,-1.938613770350128274e-01,5.758410251570469374e-01,-2.619955601612897755e-01,1.874617135196368967e+00,2.093469369653069290e-01,8.871415013476097178e-01
0.000000000000000000e+00,-1.233428711960238067e+00,1.666335450990991784e+00,1.501618590576221823e+00,-2.497704254723982498e+00,3.580623643407717438e+00,1.224152008052214136e+00,2.016778116396590326e-01,1.065498834529159389e+00,4.138675769336239707e-01,8.730228310050851537e-01,-2.263183537259183531e-01,-2.491305320889981800e+00
1.000000000000000000e+00,2.538884333568960372e+00,-2.270227885864370077e+00,1.092927289608757624e+00,1.678709108962866736e+00,2.317610989869305804e+00,-2.369629853469959802e+00,-7.986638143280362367e-01,1.502655479430766494e+00,1.646880247395454688e-03,2.213762451116764396e+00,8.611035896196612693e-01,-1.087339446856555147e+00
1.000000000000000000e+00,2.436556596467519320e+00,3.420741214156730603e+00,-1.993792011303776812e+00,4.303044224861118039e+00,-3.890665478801018207e+00,1.226014088120695789e+00,9.052364533926875456e-01,-7.645976098905163942e-01,2.164887806409054871e+00,-4.013508062638223350e+00,-1.553367951200057551e+00,-2.283390319990629802e+00
0.000000000000000000e+00,-4.709516142407352834e-01,-1.027672527597161656e+00,-6.590482005822617673e-02,7.767948033521099305e+00,-8.081110681975702814e-01,-2.431306517845460036e+00,-3.441465066182802790e-01,-3.388086611627526779e+00,-2.737305666806982174e+00,-8.744833059591230473e-01,1.973712698662360765e+00,-1.513177462618571223e+00
0.000000000000000000e+00,-2.967850063297703400e-01,2.586927983411404064e+00,4.577747467821049021e+00,-5.398600097880968285e+00,5.369722340314428521e+00,-3.429309196561537432e-01,1.274786852422210348e+00,-3.102544437474773709e+00,1.375074293937009529e+00,1.433797529552677030e+00,-5.315190193157335763e+00,8.070208213307444867e-01
0.000000000000000000e+00,1.556743949713461639e-01,1.628554089364958157e+00,3.582058845926725965e+00,1.507658362389006523e+00,1.239968292740215361e+00,-6.174134797058674629e-01,7.560001079838383209e-01,-1.579873879846672269e+00,-2.069439713374557899e-01,3.434703693720924988e+00,-5.806288445951801602e-01,5.112984915385345719e-01
0.000000000000000000e+00,2.200209942894892912e-01,-3.260595570622717432e+00,1.451650959845603328e+00,4.122555415045627392e+00,6.084820950382198168e-01,-4.447164068946386495e-01,3.143866392730084058e+00,-2.018157275433082987e+00,1.035250402179580309e+00,4.391233290040806869e-01,2.471328850932638765e+00,1.820891929885350535e+00
0.000000000000000000e+00,-6.609617030798147219e-01,2.619955883013610265e+00,-7.884734273971947260e-01,-5.449195002886455974e+00,1.922328470903714059e+00,-8.208042818454557299e-01,-4.009711882710242037e+00,-3.659888571894904352e+00,2.910396569987095727e+00,2.560135965550769832e+00,-1.101865397870053442e+00,-7.999235274989597855e-01
1.000000000000000000e+00,-1.939383545813452958e+00,5.425182170961067918e+00,5.586473552108224272e-01,-4.113764579753684814e+00,-1.794995142358772000e+00,-8.752001660425088314e-01,-4.495974738300496654e+00,-2.748093680021452379e+00,3.027081362969449518e+00,-8.262054041940377624e-01,-8.542997192056607236e-01,-2.795615971321042670e-01
1.000000000000000000e+00,7.308552033365747214e-01,1.895749569302093818e+00,8.145705329874148859e-01,3.314933856852302352e+00,-2.044527699788777131e+00,-4.215948915925340046e+00,-4.281858495346169136e-01,6.968180040777540718e-01,-2.696933605005428891e+00,1.355459608988936360e+00,-3.070993228125524777e+00,-1.237378720099285845e-01
0.000000000000000000e+00,9.308434881351435042e-01,9.687811302710097605e-01,2.554098248854627329e+00,2.146088322662672354e+00,1.977656038031040397e-01,1.126613216768667769e+00,3.245961260199869081e+00,-4.035009038154425909e+00,3.059110509258254229e+00,1.909537339507464626e+00,-3.420185613287515247e-01,1.982496445319585909e+00
1.000000000000000000e+00,3.769507378707916079e+00,-1.014825728295592810e+00,-1.242639424590931352e+00,4.198089015598391427e+00,1.577417245655535316e+00,7.357750151162112395e-02,2.190391258931679630e+00,-1.935189505713887037e+00,-9.894176945969678227e-01,-3.991279296872440874e-01,-2.888247567061526855e+00,-1.970594746279542564e+00
0.000000000000000000e+00,1.912719908108396538e+00,-2.143717825580654601e+00,1.462587539932710179e+00,1.083844462664821684e+01,-4.976471018149146719e-01,6.284459498412549028e-01,2.151187989608676077e+00,-4.188159600934973525e+00,-3.531039862172951072e+00,-4.687287292293581764e+00,1.417106125632140223e+00,-1.307379119009573376e+00
1.000000000000000000e+00,7.970838184526005676e-01,8.744086088810770763e-01,4.427417767327024301e-01,4.094809369643857444e+00,4.742475316909411376e-02,-2.347454120379306453e+00,1.319401695405009844e+00,1.109509739485574187e+00,-1.736947088620867774e+00,1.011652876410913615e+00,-1.561542116194701180e+00,-1.911806610731016320e+00
1.000000000000000000e+00,3.203482582856432170e+00,-5.572655235400127971e+00,8.425588639064929275e-02,2.683092167257316696e+00,2.906122176703433535e+00,-2.401593932551534749e+00,8.104960934476876933e-01,7.529790204822206512e-01,-3.617162636538078679e+00,4.219566176267642632e+00,-3.183765540448245668e-01,9.492806465476946176e-01
0.000000000000000000e+00,-1.505997100999328486e+00,-6.172096565891786568e+00,-3.703236602801851518e-01,-4.029943699686324265e+00,4.528234927038646163e+00,-2.834585166184147020e+00,4.340885495665857130e-01,-2.027375125741985862e+00,-2.177907480700523646e+00,2.421419516461216226e-01,-1.128124479504827748e+00,3.093775223839863031e+00
0.000000000000000000e+00,-3.007889141924680043e-02,-7.795324321510902266e+00,2.309632643745478386e-01,-3.017660572905158656e+00,4.491389840425675573e+00,-2.343242277893796466e+00,1.725867846262341576e+00,-2.708278688569071946e+00,-1.050265188901229774e+00,3.516687876962311110e-01,-6.026602594012137049e-01,4.573831810241959062e+00
1.000000000000000000e+00,-1.674190021507762083e+00,1.281706994699418845e+00,1.366514498998350646e+00,7.094392858664871904e-01,-1.526618487997545071e+00,-2.120650523614407312e+00,-1.471880807192771368e-01,2.519169364514048048e+00,-2.306830577410581284e+00,1.562860752768169048e+00,-3.641033980594261532e-01,5.572694571618328485e-01
0.000000000000000000e+00,-2.188920235603805331e+00,4.029316763369604537e+00,-7.728254993883756363e-01,-2.058031992093643847e+00,1.336154679591980532e+00,-2.761927544223837572e+00,-3.088255581570995112e+00,-3.332888974971967233e+00,-4.957094945240583250e-01,1.257185037355686763e+00,-2.871197199955330071e+00,-2.546357681179110877e+00
1.000000000000000000e+00,-8.154272388256711412e-01,4.545412287147902575e+00,2.632839689303709818e-01,-1.386939943616050552e+00,1.668315963751552111e-01,8.812560416944157371e-01,-1.692373745639474736e+00,-9.056691977858134512e-01,-5.886331916160572053e-01,-2.647924083001402806e-01,-2.268168949157401304e+00,-2.414013778121956832e+00
1.000000000000000000e+00,-1.886572842803046157e+00,5.516816655795915292e-01,-2.745060928417923929e+00,-2.942386535468707098e+00,-4.871755094144194498e-01,1.139015031655427501e+00,2.951338956636162525e-01,2.944601333599452531e-01,1.184674071313331689e+00,-6.375346557620988897e-01,-3.310249728338099384e-02,-3.277025304570181374e-01
0.000000000000000000e+00,1.855976937956090644e+00,-8.642495196508804822e-01,-1.388679839035550145e+00,-8.254942321687614992e+00,2.342084347934989985e+00,5.205366142939516827e+00,-3.372348213944333928e+00,-4.807701409499759437e-01,1.014292780716243403e+00,-1.007491914866126770e+00,-4.990204970792406769e-01,6.500567963787122761e-01
0.000000000000000000e+00,-2.193031305812879195e-01,-4.554719685111162875e+00,-7.233105348525179501e-01,2.631997570682006238e+00,9.135929814669242477e-01,7.755771524105181669e-01,2.482328365691174987e+00,-2.485431793048780591e+00,6.899089752515519258e-01,3.772324701550264781e+00,3.941339557397232518e+00,2.264675921572272266e+00
1.000000000000000000e+00,-6.602349744251918562e-01,1.495837750640224950e+00,-2.877286876474746347e+00,2.437445822296234521e+00,-4.628095229573210290e+00,1.389264076407365378e+00,-3.033224363762840881e-01,1.718862429359992117e+00,-3.017915639170237085e+00,-1.606098038776949899e+00,-5.659092059764314619e-02,-5.096382101019250044e-01
0.000000000000000000e+00,3.013172072559972214e+00,9.731615699398390440e-01,2.641825093371876321e+00,-4.116542290572752449e+00,2.635102478276246440e+00,3.574473494993902545e+00,-1.324595981119017774e+00,-3.387700972669891453e-01,1.117101792192594534e+00,1.230166256873515218e+00,-1.382689242227064685e+00,4.619848650951268176e-01
1.000000000000000000e+00,1.364039262608315983e+00,4.839006798979552215e+00,2.780020245260223177e+00,7.998112949853434017e+00,6.173687717518954177e-01,1.803678696646083157e+00,3.717212519973297713e+00,-1.091151020112175907e+00,-2.353886533561906802e+00,-2.400958298961169302e+00,-3.048180120284223804e+00,-4.834034374050322214e+00
1.000000000000000000e+00,1.057002756686302947e+00,-2.857100088219779011e+00,5.428333539000838037e-01,3.337493494483854573e+00,2.644982532370264039e+00,1.229158762964866369e+00,4.469100182241739105e+00,6.610911477881916687e-01,-3.031939895675651364e+00,1.737777726133222345e+00,-7.823582956673775790e-01,-2.322898282702413608e-01
0.000000000000000000e+00,-1.741490478680853382e+00,-1.022771532968230063e-01,2.422858248532271830e+00,-6.587387054879446424e+00,5.294360839606244262e+00,-2.467735418169854533e+00,-3.930658907241335598e-02,-1.273763844538575274e+00,-1.653367700030435650e+00,-1.543612521945677329e+00,-5.605242507499191618e+00,8.482377953748373445e-01
0.000000000000000000e+00,4.625307276141616519e+00,3.987759277313208117e-01,-4.502822057762259078e-01,-3.423550398732647659e-01,5.959901931269651065e-01,2.653557252262403132e+00,-2.736735979635332328e+00,-2.920848712282662518e+00,2.067349264262509756e+00,-2.101366021211906965e+00,-6.754367417442459498e-01,-1.142065773217591174e+00
0.000000000000000000e+00,4.320079063299417932e-01,2.152712275417249799e-02,4.774865887069593029e+00,2.706883057840923534e+00,2.213783633745033175e+00,2.474072932932409596e-01,3.071307277290827642e+00,-6.536598692598894367e+00,1.490738564865045079e-01,-2.679703348850275724e+00,-2.483993140330782445e+00,2.272159936220051080e+00
1.000000000000000000e+00,-6.925191807491546392e-01,3.132763948520251418e+00,-1.326418447438054926e+00,-4.102882956366869394e+00,-1.489030785013245595e-02,-1.339353220331834571e+00,-1.229557523921357642e+00,2.518036044778947158e+00,-6.765712663321170606e-01,-1.313257033350342162e+00,-4.306447498157655929e+00,-1.775020217119863686e+00
1.000000000000000000e+00,4.199242728158299798e+00,-3.071532094587716255e+00,-9.225116170946545679e-02,-2.945293771266763727e+00,4.038124344759619788e+00,1.956554915475090528e+00,2.978731288278759770e-01,-4.279872328935094838e-01,-2.711670568261170811e-02,4.470163619435803426e+00,-1.587712217814318150e+00,9.664066289349466654e-01
1.000000000000000000e+00,-3.688819524684205930e-01,2.167448812336552066e+00,-9.542262902690894499e-01,-1.717767531220562915e+00,-2.107874163961057867e+00,-2.328343766158573747e-01,-1.816698317214579195e+00,7.151026887464564386e-01,-9.917615295306607681e-01,-1.296319518347352151e+00,-1.885215619413544985e+00,1.357715409427950881e-02
1.000000000000000000e+00,-1.945846863078562361e+00,2.507999080752293164e+00,-1.869256330240361974e-01,5.726053547363584295e-01,-2.073599524193975974e+00,2.222867132101816745e-01,-1.281003252570563911e-01,1.425193475749606531e+00,-1.413863125938576104e+00,8.482928971538372664e-01,1.210466266622041154e-01,-5.582870258034511313e-01
1.000000000000000000e+00,-8.173946797972242440e-01,1.907213405773170667e+00,-1.795578030565645467e+00,-4.144011172716456137e+00,-1.422890579610117445e+00,7.741323090717879829e-01,-2.281672293773900240e+00,-3.650112380610173179e-01,1.157969204174027267e+00,-1.320593677164519475e+00,-1.041298756207434728e+00,2.600720560966574002e-01
0.000000000000000000e+00,1.194458382007030917e-01,-1.410569547244167055e+00,-1.074215921808634455e-01,-3.894889957054758489e-01,7.672945930078272081e-01,2.906024259439909940e-01,1.908175514315218146e+00,6.509602898906117208e-01,1.911679106718724430e+00,2.529786329349569041e+00,1.248294961345786991e+00,8.849508679658398824e-01
1.000000000000000000e+00,-1.147065044824548519e+00,3.043903591022300237e+00,1.474657467967410263e+00,2.601648641795448302e+00,-1.502165898220898299e+00,-4.812266642529339222e-01,3.690428198354966938e-02,2.707152187279125766e+00,-1.111438937301158392e+00,1.991631819237148271e+00,9.431741465611822584e-01,-1.751446837514170074e+00
0.000000000000000000e+00,1.800155500040843126e+00,2.280960112844019783e+00,7.063652569603711129e-01,-2.669620740263618952e+00,1.134394097260574163e+00,-5.575464317278313597e-01,-2.888154536943202899e+00,-2.745861000774258986e-01,-2.487949818346560926e-01,1.011153394171912856e+00,-2.850643148446803998e+00,-1.062684865780354704e+00
0.000000000000000000e+00,-1.436018319992044656e+00,3.049972719859430637e+00,1.936588836832968896e+00,-2.391947505839908672e+00,6.098537049053838199e-01,-1.628349219655874869e+00,4.098608901360211165e-01,-2.385466781943768488e+00,1.131527296972883789e+00,5.444589291937440567e-01,-3.365942534700687716e+00,9.916244880126102723e-01
1.000000000000000000e+00,1.452462919426443122e+00,7.171503180149573220e-01,1.667089975813915270e+00,-7.071218024283996151e-01,2.991066946538219806e+00,7.934845420470848509e-02,1.105292922468725791e-01,1.001111270117648111e+00,1.262501111503036455e+00,4.146983672176107749e-02,-8.252148578287732406e-01,-2.170874409352506973e+00
0.000000000000000000e+00,4.164787830872369589e+00,2.061641895436466587e+00,1.890397134662485934e-01,-2.066973313108956045e+00,2.659269787010297703e-01,1.904634551651101626e+00,-1.434046566869285222e+00,3.049800364322020840e+00,1.118678231170588067e+00,6.733976742697969087e+00,-9.542997395355281576e-01,-8.205786508464111284e-01
0.000000000000000000e+00,-1.932089630423519999e+00,3.634159333704233497e+00,1.044249216450515938e+00,4.150206050022752891e+00,1.638057221704407596e+00,-7.075817531525609994e-01,7.253385435844872386e-01,-1.516288392811380170e+00,-3.650944527782714388e+00,2.311440105356385999e+00,-1.485251886566237411e+00,-3.957932914879931818e+00
0.000000000000000000e+00,-1.429456122251842487e+00,1.313053564915106053e+00,6.765669985511788553e-01,-9.572591714547638020e+00,3.486058255846539389e+00,1.178652718084754802e+00,-4.029582997163775993e+00,-2.258735404372574251e+00,1.415221969842845873e+00,1.036361684961054186e+00,-1.603828442571323398e+00,9.248993774622684683e-01
1.000000000000000000e+00,-2.051863978218449347e+00,7.169857581690761705e-01,-1.472068156616484380e+00,-1.802825582474595789e+00,3.923016329850483874e-01,-6.818705823373916175e-02,7.918641394466487959e-01,-2.056854226561217747e-01,1.904842428070641080e-02,-4.913884519674766027e-01,-1.048969609578608964e+00,-5.180615764504366005e-01
0.000000000000000000e+00,1.643935142781063341e+00,-2.525166760981794489e+00,9.517520344553382916e-01,-1.602382437118782921e+00,1.939289698074083024e+00,3.508888165899054723e+00,-1.206841806307266562e+00,-3.755839868786867708e+00,-3.082512822042904332e-01,-4.381461605487698030e+00,3.473069142511957530e-01,1.412684771956517427e+00
0.000000000000000000e+00,3.126346650837012575e+00,1.842493976233183561e+00,2.938302261994398812e+00,1.182623989580818602e+01,-2.390341487007762389e+00,-3.946520212262942806e-01,2.727912065162424682e+00,1.912685429133316184e-01,-5.275014875191011754e+00,-1.291777103706544416e+00,-1.649983759312801723e+00,-2.244786131402119800e+00
0.000000000000000000e+00,-7.755905292976905674e-01,3.922341102410059843e+00,4.206124335276800075e+00,4.864194735854820095e+00,1.538948691953478054e+00,-2.994238698252960074e+00,7.301119142757457325e-01,-1.262382809738634037e+00,-3.511899128391510416e+00,1.193537290811741647e+00,-3.047223028235245934e+00,-2.609119827050284890e+00
1.000000000000000000e+00,-1.035382007415525774e+00,2.516755819577423559e+00,-1.009533219272318538e+00,-1.759298147611288110e+00,-1.820797493306613113e+00,1.867039004349098308e+00,1.588163484944773440e+00,-3.290398315219281944e+00,4.795583911967018054e+00,-2.975709610433709074e+00,-8.342660837044092448e-01,9.783150031237313193e-01
0.000000000000000000e+00,-5.575294469821745480e-01,2.751666376097370303e+00,2.156139151388452024e+00,2.063281294695495927e+00,7.826936737363214824e-01,-5.371676866462595790e-01,2.312711232551172280e-01,-2.562749784096387096e+00,-1.155538041782687042e+00,1.532191649799368616e+00,-1.510359430084058818e+00,-9.451442434773436041e-01
1.000000000000000000e+00,1.466607373707980999e+00,2.060129898259432490e+00,-2.286816301844292187e-01,2.309984747435212427e+00,-1.394854908919906933e+00,-2.511336293759467431e+00,2.528741525792247202e+00,-6.739084513835678081e-01,-2.566777065170599670e+00,1.640791907142149952e+00,-6.191554892934601817e+00,6.543452703273691107e-01
0.000000000000000000e+00,-5.793608824127221002e-01,2.494238429647146038e+00,2.695005545708855088e-01,2.641794588521527154e-01,-1.909854832988330919e+00,-8.811795590085914620e-01,1.522679844050223386e+00,-2.235366950033181865e+00,1.051537517457412640e+00,1.424048970433580585e+00,-2.466687418901917006e+00,1.671185636717841483e+00
1.000000000000000000e+00,1.171326310558477246e+00,5.935586878080854945e+00,1.227044774744936895e+00,-1.847750991559131029e+00,-4.107194525626103321e-01,1.339322481774095408e+00,-2.349405502006491453e+00,1.845499334744498121e-01,4.377726495079475866e-01,-5.029743973291616044e-01,-3.279215727434944494e+00,-2.602502392601164338e+00
1.000000000000000000e+00,-4.361596881619913546e+00,6.713117510878096716e+00,1.004991984724867837e-01,1.448064276487534441e+00,-1.774099153734883583e+00,6.617850757596880351e-01,1.486166568393076926e+00,-2.021504926063266261e+00,1.412011339985032699e+00,-5.437170130110644539e-01,-7.491357029401510825e-01,-2.734920157022471265e+00
1.000000000000000000e+00,-1.966706703023875402e+00,5.092413290334060427e+00,-9.217774819562785105e-01,-3.840845736192421978e-01,1.009500909733845653e+00,7.099684100085035254e-01,2.686540568257272277e+00,-2.964435863923241321e+00,4.657741668703405225e+00,-2.292647523062857129e+00,-2.427698155547318493e+00,-3.490890958560104451e+00
1.000000000000000000e+00,-5.424758327709413575e-01,4.708885216548766017e+00,8.899345778725653577e-01,5.522165328638340753e+00,-2.098876971776847178e+00,9.277313121433550247e-01,2.476366616143830690e+00,-2.180347490865751858e+00,6.289720546003676471e-01,-1.527274884014701239e+00,-1.064927075704309667e+00,-2.355404274838601708e+00
0.000000000000000000e+00,-1.293047125019233690e+00,2.955667815678972854e-01,5.149726810300065960e-01,-1.131266743665215513e+00,9.405088703657062954e-01,-1.060080221174492188e+00,6.781946904439416501e-01,-2.369822438428560218e+00,8.791183595087432856e-01,9.769365599426776958e-01,-9.160208393639078794e-01,1.019763774694376179e+00
1.000000000000000000e+00,-9.337065921560432358e-01,6.189760974529511239e-01,1.809117392196825103e+00,-6.638404223363171541e-02,1.625480327974659911e+00,2.192020249200445914e-01,2.161630386573755391e+00,2.702023431484452232e+00,2.592542979103775735e-01,1.205350946932477019e+00,2.676323262533026881e-01,-9.799954027792973088e-01
1.000000000000000000e+00,-1.032210099929316449e+00,-1.745052521065791895e-01,2.701312002667886070e-01,-6.020382677833621798e+00,4.142404659472718187e-01,2.273282194515487298e+00,-1.699863993516454563e+00,7.393170616929132244e-01,-1.535996684152153957e+00,1.383930915417232121e+00,-6.842906937870831818e-01,2.488488058853491225e+00
1.000000000000000000e+00,3.568450579906323750e-01,-3.042596366342829928e+00,9.519129311136278471e-01,-6.020131796236689592e-01,1.065488105950473718e+00,-1.481640298697368685e+00,-2.147768424172520341e+00,3.612867097454568910e+00,-1.514829431148336569e+00,5.153649989041907631e+00,3.558713203023141425e+00,8.128430110412705467e-01
1.000000000000000000e+00,-1.741509701095426799e+00,-1.941232376053831477e+00,-3.193738528489543427e+00,-4.084590618090627068e+00,-1.231459050421253476e+00,1.976135512445782227e+00,-1.218683140619418959e+00,-1.212364134316449293e-01,-6.581653297751854925e-01,-3.592216139197175195e-01,1.221829431304453983e+00,2.098208939240172377e+00
0.000000000000000000e+00,1.358189545626693029e+00,-4.058467762443354054e+00,1.046761389833084310e+00,2.773737650636860064e+00,-3.086112580451512155e-01,-1.025728228905642858e+00,3.392671028670179556e+00,-1.797349054753415665e+00,5.204611101322322853e-01,-6.892674439909423079e-01,1.399260389929515291e-01,3.740029110478439556e+00
0.000000000000000000e+00,2.068505004919397816e+00,-5.445855174124308862e-01,1.577030511675900026e+00,-6.118361005378982753e+00,2.757284916644791917e+00,1.304217149149798027e+00,-2.337184728228304920e+00,-1.066609543431353391e+00,2.221249327543206586e+00,1.562163547837665423e+00,-1.022551936788372862e+00,1.747840684164740033e+00
0.000000000000000000e+00,3.456059694568286433e-01,1.787657966322104386e+00,2.218399350970398309e+00,2.040683722965807245e+00,7.288847728825766925e-01,3.382527212115255200e+00,9.129396859879244097e-01,-6.174820513070680139e-01,-3.069132272561781338e+00,-1.266430117162278268e-01,-7.383558567240773307e-01,-1.008592215514266810e+00
1.000000000000000000e+00,3.372681973819304346e+00,2.842674396710137330e+00,1.288017918442629473e+00,1.669889402403899270e+00,4.459461574563025055e-01,-2.089990926893995349e-01,2.517260111972812187e-01,-2.059563982750938660e+00,3.697644201179826062e-01,-1.168244312696057996e+00,-4.439426030738605533e+00,-1.405923392067570887e+00
1.000000000000000000e+00,6.093804364898203207e-02,-2.455134224316263616e-02,2.704989054818168981e+00,2.801641923983093641e+00,-3.920213449229947855e-02,-4.293952025161514641e+00,1.254405177069256361e+00,2.254585010246729304e+00,-1.939639096107149019e+00,1.775653237058987255e+00,-1.492296591822242169e+00,5.381974681584049680e-01
0.000000000000000000e+00,-7.873373247016788312e-01,-1.178561027976369413e+00,2.028182087506905873e+00,-3.072432307385451367e+00,2.225170319428335208e+00,-2.419364503763689278e+00,8.758924989233140002e-01,-2.056464533485999446e+00,1.543365038157486602e+00,8.630728034651447000e-02,-1.913441522892087576e+00,2.625394724757102782e+00
1.000000000000000000e+00,-1.198214536996651036e+00,-8.854177814671163604e-01,-5.213205296570578184e+00,-5.021356263637028583e+00,-9.081797914342165656e-01,1.687119382312126437e+00,-2.520865677584787079e+00,-6.510538978182696113e-01,-1.520474774965368869e+00,-2.721373552452743816e+00,-1.291901201300327262e+00,1.050344418115294332e-01
0.000000000000000000e+00,9.780136936801548941e-01,-6.792889312379577493e-01,1.946476115196659196e+00,2.963565955348318681e+00,-7.087364623060277147e-01,4.207739798007936738e-01,3.390521747203124381e+00,-2.375723018580689239e+00,2.792185733539353620e+00,7.463571391314068881e-01,7.890795171069338032e-01,2.388441689781992672e+00
0.000000000000000000e+00,-1.467378309033430694e+00,1.577188707590544192e+00,3.565912774200727497e+00,-6.384712987833270681e+00,3.812935876053174855e+00,-2.476722237686806771e+00,3.311917165318829515e-01,-2.079976459704601099e-01,4.505908879628027996e+00,2.867983818648289773e+00,-1.776644432124252049e+00,1.320836738953883982e+00
1.000000000000000000e+00,2.024291480730162629e-01,2.158197647241908435e+00,1.242926211331945918e+00,5.824463107592092292e+00,-1.791956658487798393e+00,1.625243275107902008e+00,5.304051630243213911e-01,-8.753332918112388672e-02,-1.898407205142145227e+00,1.811691178764450072e+00,1.979800330796350316e+00,-1.678261119659878453e+00
0.000000000000000000e+00,1.692277943087820979e+00,2.025967525709793549e+00,2.050151411975359661e+00,2.309718862482992296e+00,-1.909576162278669997e-02,2.979244534277767364e+00,8.771888818836135471e-01,2.253832387762938261e+00,-4.526234419793117247e+00,4.802106092873261733e-01,-2.018885474003244251e+00,-1.357963739006944115e+00
1.000000000000000000e+00,-1.846212067816869196e+00,8.358683745483666883e+00,3.086959749569420097e-01,4.517858747299364985e+00,-3.147198249818238924e+00,1.650720814659326185e+00,2.074924746771964923e+00,-4.202095304168681267e+00,3.569825727304319241e+00,-3.099496022947440643e+00,-1.598405694107897457e+00,-3.610881110349623224e+00
0.000000000000000000e+00,2.197062252935189530e+00,3.344554907534022181e+00,5.030581601631813449e+00,2.181250145225265280e-01,1.643353275240527545e+00,-1.345150544649621693e+00,-6.914985452117616838e-01,2.050589936037501282e+00,-2.696783535811735799e+00,1.872164981816031748e+00,-4.186102399439620037e+00,-8.765586763979493767e-01
0.000000000000000000e+00,-1.894899823097494718e+00,2.548001739229043050e+00,2.863810571911962199e-02,-4.124916064314584574e+00,4.397907254081200312e-01,-7.434766825736820461e-01,-9.790165772893868468e-01,6.410561834283889926e-01,2.571455865643264005e+00,2.047342402132764860e+00,-3.265096413155182953e-01,-3.499808086907121307e-01
0.000000000000000000e+00,-3.538304147539255595e+00,2.931612936186754226e+00,-1.207617317757264885e+00,-5.999717823754501467e+00,2.812563644964887200e-01,-3.289728783615460728e+00,-1.803337184096607260e+00,2.500746163738955641e+00,7.316119400186715804e-01,2.320487218829541121e+00,-2.114501783678713220e+00,-7.087725123555539408e-01
1.000000000000000000e+00,2.684116523418758060e-01,4.386705733801043117e+00,8.220042817073265340e-01,5.169660569585837528e+00,-8.770614124119382460e-01,-2.151151753855056192e+00,7.877870312571352285e-01,8.883637738136839213e-01,-1.447897072139503249e+00,-5.035125094880126273e-01,-2.491677420832353551e+00,-4.063093781854937525e+00
1.000000000000000000e+00,-5.148610289231208004e-01,4.207970304220471469e+00,2.084176721221950856e-01,5.036708613060366879e+00,-2.938497852737151916e+00,1.240812039087360708e+00,4.892012776877023850e-01,-2.425360809961126130e+00,7.543000826859077579e-01,-1.013650336388182138e+00,6.843142687974992366e-01,-1.983380825598648034e+00
0.000000000000000000e+00,-6.570049050394810575e-01,9.232719667776976280e-01,3.821862731628844045e+00,-3.256866841570135840e+00,2.316095516643935426e+00,-2.816632094785530782e+00,1.396994528314703166e+00,-2.715988062427332039e+00,3.509957876695714241e+00,1.451232487212372746e+00,-2.614325219040435133e+00,2.796723802342933496e+00
1.000000000000000000e+00,2.361359655692473858e+00,-1.989006936878142007e+00,-7.858371375191479657e-01,-5.939956193222274416e-01,2.452725223569523827e+00,-2.348558294490588949e+00,-1.153358585667452640e+00,1.493480971613994512e+00,8.792791447290451146e-01,2.473965549746294013e+00,-8.893632290524078332e-02,-1.385397504017968018e+00
1.000000000000000000e+00,-1.158985867167226402e+00,5.586709455898342114e+00,4.535174507450474124e+00,7.380969758730466346e+00,1.064204699411487764e+00,-2.519746748262932101e+00,2.243928769788058553e+00,3.818966670729240676e+00,-1.657825064636993417e+00,9.650311857957398765e-01,-4.109733901985543891e-01,-6.117641089938632426e+00
0.000000000000000000e+00,1.502196525728882737e+00,-4.079822530087245269e+00,2.029911547329616983e-01,4.659612644699635098e+00,1.711974705014462028e+00,3.180136176606151999e+00,3.861219467349299439e+00,-6.478841946759883452e-01,2.188328694248867778e-01,2.872749577494539963e+00,4.086419724876663828e+00,3.093118042516710409e-01
0.000000000000000000e+00,-2.924028433520621029e+00,3.247630558186313188e+00,1.783359978994353057e+00,4.109646872919379135e-01,-3.808036066404838493e-01,-1.222913064694565621e+00,1.726463606124941652e-01,-3.105987344977518827e+00,-3.291745175993332495e-01,-7.139554803886194456e-01,-1.468522900875933512e+00,1.115918457140772091e-01
1.000000000000000000e+00,2.209548724071459525e-01,-7.350114217584986509e-01,-4.706598702719182903e+00,-3.966572278895288406e-01,-2.367918848156538747e+00,1.997771190520230666e+00,-6.676161542430009144e-01,-9.336218112390187729e-01,-4.699943775834045656e-01,-3.205284337217680690e+00,-2.286706602263720578e-01,-3.165795181423520788e-01
1.000000000000000000e+00,3.245005372565197277e+00,-2.188957192965974130e+00,-8.398538766330254646e-01,4.197041641863398453e+00,8.911072473476855382e-02,5.021129977100819985e-01,1.658649503143495130e+00,-1.271908914242181332e+00,-1.620959086399065718e+00,1.308134753114669202e+00,-7.264133101310573659e-01,1.429529314055517641e-01
0.000000000000000000e+00,5.030592306442813744e-01,1.364978507163486565e+00,-1.984383981425730248e-01,6.362304925342806561e-01,1.079654462346266497e+00,1.486365766181410697e+00,-1.167905443127538634e+00,-1.290247680146943354e+00,-1.972561818186447935e+00,5.373602579442224858e-01,-7.888868432805882236e-01,-1.993141279299224689e+00
0.000000000000000000e+00,4.004675770049718864e+00,3.224530713013518124e+00,1.283344241307678768e+00,1.586449964704523152e+00,1.029369380021876168e+00,5.236715807586771909e+00,-9.279566244461883162e-01,7.024302736118233081e-01,-2.454656594399208913e+00,-8.907665500194248409e-01,-2.055282417617936286e+00,-3.610998792922624823e+00
1.000000000000000000e+00,-4.173410654463423075e-01,6.995988148619246338e+00,2.002337503199494773e+00,-9.697015863706399674e-01,7.199058574294789903e-01,-1.088545709626215441e+00,-1.237259061534419446e+00,-7.857663063269065828e-01,-1.882368019533333658e-01,-1.116377973328162909e+00,-5.168447660946099198e+00,-3.513807896368947858e+00
1.000000000000000000e+00,-2.172289607084972651e+00,1.952125162952839554e+00,4.838909215405435837e-01,-7.308742261595754242e-01,3.007245617055682718e-01,-1.707212055973061915e-01,8.243264173800173289e-01,-1.917492241993578705e+00,2.201713698705662914e+00,2.970280288187454598e-01,1.719757292903765222e-01,-2.111954413674043129e-01
1.000000000000000000e+00,1.374701934885080412e+00,-6.380786920516403615e-01,-1.030593347185241537e+00,3.615112974807173529e+00,-3.806452144995962072e-01,1.180431423576315808e-01,-9.993629863466013674e-01,1.148213417149271942e-01,-2.682659542646404383e+00,9.777642143885610926e-01,8.207306337900390769e-01,-1.676920512636539407e+00
0.000000000000000000e+00,-2.092837426333006290e-01,-5.291392807605364901e+00,-7.451760779949034852e-01,-2.862094116873636018e+00,4.396500083287502747e+00,-1.479376255291037223e-01,9.717627955767120795e-01,1.445691040758668500e+00,1.392081069555978212e-01,3.415328849812232725e+00,2.242563387431113053e+00,7.537588511603380281e-01
1.000000000000000000e+00,7.351067698144198026e-02,4.169295885293773929e-01,-9.722961507948446602e-02,-3.782819189168109997e+00,-6.485086388235067334e-01,1.698457095171026499e+00,-3.168934937903431059e+00,-1.580896917243118871e+00,-3.385875930352599816e-02,8.501408651119501947e-02,1.809628957659688009e-01,1.724060104279600658e+00
0.000000000000000000e+00,1.982163327063819702e+00,-7.622658784926341635e-01,-1.676844229358151583e+00,-5.950135368177470241e+00,1.568459607452410420e-02,1.438023300913631175e+00,-3.939308822377827646e+00,2.041749425398691198e+00,-7.530723150132703214e-01,9.193513826072037265e-01,-9.969084908118421851e-01,9.761714465034381227e-01
1.000000000000000000e+00,-1.211864706395259894e+00,2.449252285424413866e+00,-8.435669737205886420e-01,-6.756852158325418189e-01,-2.519865442385564869e+00,-8.492272940167673312e-01,-5.048361097048477131e-01,2.568571525477818529e+00,1.613444430872554847e+00,5.817835153210464405e-01,5.449084761603018023e-01,-6.018925925394680299e-01
0.000000000000000000e+00,-1.473660102657643467e+00,1.712055171004781329e+00,-1.113299262920586230e-03,-2.199982429691901942e+00,2.238149847067197662e+00,2.384086135210032431e+00,-6.222604935290179107e-01,-6.122306700548818537e-01,-2.335508092213447462e+00,1.713413172894971748e+00,-8.991200446632332532e-01,-1.651423960532783397e+00
0.000000000000000000e+00,-1.137407046313756664e+00,-5.130825304806863052e-01,8.322826658007765888e-01,-2.909429786389083450e+00,2.570809678343396243e+00,-9.610369283813259278e-01,5.758791914686772762e-01,-2.936434711927688568e+00,-2.286471508785717255e+00,-1.064565791656523430e+00,-4.074240436769148488e+00,1.500521432513001407e+00
1.000000000000000000e+00,-2.474834849541766024e-01,-5.865465378412857422e-01,-9.826896271269346395e-01,-2.621939602766925947e+00,4.808080005660193557e-01,2.177934645039231398e+00,-8.019485489076606521e-01,-1.108892513683668035e-01,-7.779035434029490936e-02,9.071483675681688563e-01,7.652001043538141367e-01,5.169893688971931578e-01
1.000000000000000000e+00,2.071504014472669297e-01,6.844908028066392980e+00,-2.821506057274769663e-02,-5.269036118752935122e-02,-1.170857901650693034e+00,-2.086307310684715866e+00,5.875933261978127931e-02,-6.529695482471131740e-01,4.426135262035451490e+00,-3.222009057983795888e+00,-4.315867347917672348e+00,-3.709257124294056851e+00
0.000000000000000000e+00,5.682805720517786874e+00,1.315483807354277390e+00,-6.475507144793457570e-01,2.818634179895907810e+00,-1.130050945466017698e+00,3.535836387710419082e+00,-1.287346369605585350e+00,-2.350824816818880780e+00,1.664819071232765957e+00,-1.710303822554156472e+00,-7.702351695401974396e-01,-1.600256642443232291e+00
0.000000000000000000e+00,-6.909043187846393153e-01,2.516498138033870458e+00,2.292794956977395771e+00,6.175268905814076392e-01,-5.048338049195588706e-01,-8.302917219401455551e-01,1.718124568704484822e+00,-8.450324200924563822e-02,2.398798018620305506e+00,1.484870694681149406e+00,-4.112542469430255920e-01,4.300684752571040104e-01
0.000000000000000000e+00,-1.568030210335983998e+00,3.153985845604561522e+00,4.231421909915098034e+00,1.013912345760914846e+01,1.553955456224548337e-01,-3.770036295701657547e-01,3.145537280636117927e+00,-5.942186949977565469e+00,-1.954836699953455437e+00,1.745006706573777322e-01,6.440903240965314414e-01,-1.912092162377300841e+00
1.000000000000000000e+00,3.132332948291267183e+00,-3.685381937472694158e+00,-3.418895366300642724e-01,7.222320145586619944e+00,1.017922932943737369e+00,-1.643072605543104192e+00,2.366436506671815820e+00,-1.158690064215977866e+00,-5.960469241861670042e+00,1.930651982966728131e+00,-2.018866611840355318e+00,-1.523476902505473962e-01
1.000000000000000000e+00,1.830883220034937420e+00,-2.201840880876259732e+00,-1.284282009478981301e+00,1.478306315056223008e+00,1.216947249273007792e+00,-1.281855075460800464e-01,-9.206744817933529834e-01,5.237367814788311815e-01,-1.895293245957936801e+00,1.852516108479177914e+00,7.023996686172444548e-01,-1.133458792241145208e+00
1.000000000000000000e+00,3.753251299472821767e+00,1.336994450992976535e+00,-2.003544467427715858e-01,5.557063636286918573e+00,8.445960318680441059e-01,1.694143904092277886e+00,1.150838943291033978e+00,-9.515645149598876973e-01,1.368043909993747143e+00,1.991055034831670234e-01,2.468180997204576510e-01,-4.027041564210898983e+00
1.000000000000000000e+00,2.265330962021445682e+00,-8.464956604187524603e-01,3.859961765295272240e-02,4.344285291475048716e+00,9.884213643517787418e-01,2.345440665988522966e-01,2.428674922209293818e+00,-6.684588970853715395e-01,-3.279544906296435691e+00,1.608636941260520370e+00,-2.217134144396128992e+00,-8.424519288952703189e-01
0.000000000000000000e+00,1.149462952378246694e+00,-3.588625864599995996e+00,5.451801569839085815e+00,1.450056021022020913e-01,4.521551699294667159e+00,-2.051660877906672731e+00,3.373228791583970931e+00,2.492798703681708972e-02,2.917642729946535507e+00,-2.678394263570387235e+00,9.217717608578568367e-02,1.843625941252952316e+00
0.000000000000000000e+00,2.171236882306578853e+00,1.062157853453759682e+00,4.476166657290325812e-01,1.095047970072071664e+00,-2.941040337223221890e-01,6.285294304513984187e-01,-1.339347221330221327e+00,1.309522884815827126e+00,-2.199221042774946344e+00,1.765461043977266664e+00,-1.005808215535572314e+00,-1.027812659173723553e+00
1.000000000000000000e+00,-1.304947365647247892e+00,1.363294002498166124e+00,4.433090765669864819e-01,4.010788338624050375e+00,-2.329061068236790710e-01,-3.111159910040178556e+00,1.137347126712765943e+00,2.459114561968376744e+00,-2.451016432397482792e+00,-2.176963941437362049e-01,-8.332757636040906135e-01,-2.686788743086589548e+00
0.000000000000000000e+00,-1.146216203100043796e+00,2.937337225379569983e+00,-2.502876153192215014e-01,-1.340422695287202437e+01,3.952770243680968409e+00,3.024745149903817598e+00,-4.630077728328816811e+00,-2.652033004831729546e+00,4.351160847240885587e+00,3.513774896620699195e+00,-1.794794323624155252e+00,9.066283061272015775e-01
0.000000000000000000e+00,3.801571670282739568e+00,2.222108636240347490e+00,6.347810718498694271e-01,-2.278390160682771448e+00,9.965314807705905054e-03,3.614458141210968201e+00,-9.908309345802170931e-01,3.411857266361074004e+00,-6.387003633622800880e-01,4.350729424453080973e+00,-1.645616675239731652e+00,-6.096962162849274280e-01
0.000000000000000000e+00,1.741384171584223761e-01,-6.791147228279830195e-01,1.742594296163753276e+00,3.056272692983152517e+00,-7.871333825068622669e-01,-6.690746184094478188e-01,2.661750864809746986e+00,-3.068769125732742076e+00,1.753980839582167217e+00,-6.475279905299022865e-01,2.324865281470029910e-01,2.241296279323431229e+00
1.000000000000000000e+00,3.119026979472971917e+00,-1.936986808280973360e+00,1.561624772675375139e-01,-9.700092356375399349e-01,8.013407901709510561e-01,-2.056298038749825530e+00,-1.065054959858452222e+00,-7.374950425548330024e-01,-8.624850858705488399e-01,1.610834297149703609e+00,-2.672158888751447137e+00,1.819419597248073117e+00
0.000000000000000000e+00,-1.607547139115685475e+00,2.359180841193003086e+00,-1.260774820171646216e+00,2.326047176308321252e+00,-3.375402071007817639e+00,-5.625706225008400008e-01,9.711116222228824979e-01,1.442900240625074382e+00,-5.843827252900664071e-01,-6.839791762674323206e-01,-1.762148878808624808e-01,-7.235738621325942255e-01
0.000000000000000000e+00,2.054712805983762713e-01,2.075492447468342494e+00,1.275660985511456014e+00,-1.102020531987441210e+01,3.649159917627254668e+00,3.828332707843177474e+00,-2.979071429312767805e+00,3.079533652169264002e-01,1.444895479758120160e+00,2.858645308967803000e+00,-2.392059132583338688e+00,1.059648197774556433e+00
0.000000000000000000e+00,-3.087727031445725245e+00,7.275502142681118833e+00,7.617644225199636798e-01,-4.394902319548716463e+00,-1.015998759313253785e+00,-1.888407896368028194e+00,-1.481624414342574969e+00,3.911275324325573344e+00,1.782567141351313555e+00,8.471269442034801145e-02,-2.910521343867247701e+00,-2.952719027461223167e+00
1.000000000000000000e+00,4.328837695870697555e-01,5.800569169644063550e+00,-8.991843529864731455e-01,-1.242220808156654144e+00,-3.069489996272327659e-01,-5.425516617865311364e-01,-1.327703262229198211e+00,-1.654678183726879137e+00,2.898534625064766779e+00,-3.087627658117555463e+00,-3.964856459094625585e+00,-3.706843591891730849e+00
0.000000000000000000e+00,-1.214058009877076572e+00,4.064883369722131157e+00,1.268313063561406828e+00,-7.444829183659661176e+00,2.992415778697151030e+00,2.695894430943948983e+00,-2.580578035433477524e+00,-3.720912624718180073e+00,1.359996785050464396e+00,-1.498008732515712094e-01,-3.182187014459905150e+00,-4.179711384945387076e-01
1.000000000000000000e+00,2.254218994975655921e+00,-8.705222074068935667e-01,-1.882424607176829134e-01,1.043875789027358225e+00,1.271164422310893105e+00,-1.069293123365029796e+00,3.116624101541389802e-01,5.629333551385855561e-01,2.078728599557733148e-02,2.051585768001714438e+00,-9.071264261333757961e-01,-8.008496789532488780e-01
0.000000000000000000e+00,-1.700001314156218690e-01,-6.702817106078090559e-01,5.236052834739395312e-01,8.027201807362922992e+00,-2.010253923042921720e-01,1.370182945563168442e+00,1.157863184713244120e+00,-1.929840804745597271e+00,-5.677518944682268476e+00,-3.326027983022701306e+00,8.944820807265421170e-01,-2.408571005413941535e+00
0.000000000000000000e+00,-3.316894404440878574e+00,-6.977206140513800836e-01,1.965296681682560109e+00,4.329550201448380875e+00,1.571620108979627783e+00,-1.570691057432058724e+00,6.377578306962661259e-01,-2.213475539163318295e+00,-5.180516982766716794e+00,-1.028940473554643908e+00,6.904709255141014967e-01,-9.243862722334096338e-01
1.000000000000000000e+00,7.369775626042889272e-01,-5.459341948779942305e-02,-3.065716026621426948e+00,-2.225843176319173278e+00,-1.266318570406914867e+00,1.999747130399455397e+00,-1.382746065236817756e+00,5.782005319239269525e-01,-1.432417846295575892e+00,-1.854153406287731620e+00,-1.379142134505434658e+00,-2.182576109861564806e-01
1.000000000000000000e+00,-2.824719049232430557e+00,2.226657014230535581e-01,-2.542882662888056977e+00,-3.878307586567456777e+00,-1.911875352725453947e+00,1.344639843220236664e+00,-2.206432953161841404e+00,-4.872952840382112072e-01,4.101820038028580750e-02,1.550732571913493452e-01,1.673252682236088695e+00,1.362785731246085597e+00
0.000000000000000000e+00,-7.366230571449046138e-01,-5.230142821473211967e+00,2.687871603375963092e-01,-3.376125027855465532e+00,4.349812416387001335e+00,-1.936102652327775342e+00,9.070934044077534342e-01,-1.187538720854053320e+00,3.364173783002528673e-01,1.549230729047753385e+00,4.168182940230387157e-01,2.387894423918391240e+00
0.000000000000000000e+00,1.954899073702503820e+00,1.156222977819260533e+00,1.258095229512578683e+00,1.013749510814085042e+01,-9.575569223543900499e-01,-3.626737079383506313e-01,5.189296367864457693e-01,-2.668638007676920942e+00,-3.322574733636935118e+00,-1.862851738037754501e+00,4.006812113428734889e-01,-3.302800405977678100e+00
1.000000000000000000e+00,-1.633338324758439208e+00,-1.890315591150780739e+00,-3.423999962388204032e+00,-5.505331896762861277e+00,-3.103082455445229648e-01,9.514939568067007913e-01,-7.802615390317144684e-01,2.895142166746587087e-01,1.808023955804918703e+00,-5.250263579996201635e-01,8.565519804314261076e-01,1.670402435144965114e+00
1.000000000000000000e+00,-7.568115269786190868e-01,-8.912463683412134019e-01,2.155812470366177624e+00,-3.104714352249011267e+00,1.165642399501147786e+00,-2.113343366006018798e+00,-5.119325749052336949e-01,3.012302268644055481e+00,6.776770480529450413e-01,1.666082163097622137e+00,4.378714192994390686e-01,1.454169877743056727e+00
0.000000000000000000e+00,-2.546723098918257655e-02,3.527146960360473038e+00,2.017525418956210181e+00,1.602038872839107064e+00,5.882088515648177252e-01,4.609884787889098057e-01,5.637386553426853020e-01,-7.060078163092857739e-01,-1.611992057769923825e+00,2.419312651600548314e+00,-2.031328049807827441e+00,-1.486276478255108335e+00
1.000000000000000000e+00,-3.351091785613959040e+00,6.888294654557799213e+00,-3.086840399857969652e-01,-3.604868777865640084e+00,-2.504017474726930814e+00,-1.225666778131326851e+00,-3.640048912514667112e+00,-2.363144545241375738e+00,3.358300181301763221e+00,-1.376741238079206786e+00,-1.191821795238819259e+00,-1.374385543013512123e+00
0.000000000000000000e+00,9.065841185879107700e-01,-3.115196218140281470e+00,9.834954632167273170e-01,2.831879540237050907e+00,5.449717348519051985e-01,-5.002432728004262419e-01,-1.191229495157210216e+00,-2.169621434288739437e+00,-1.135991403298356683e+00,-5.555181682656842312e-01,2.572087025969078677e+00,9.583270753782544560e-01
0.000000000000000000e+00,-4.252886861400109186e-01,2.756248290872529427e+00,1.606434201800717165e+00,-2.668673680741863841e+00,-6.881951719224017605e-01,-1.635400225212458203e+00,8.737992923690580671e-01,9.900426699353006565e-01,5.001064635985732920e+00,2.196238575677488036e+00,-7.156884242529304441e-01,1.083101002863479545e+00
0.000000000000000000e+00,-1.056166156529249722e+00,4.531143145001143013e-01,3.626112653603913438e-01,-4.605087835315634592e+00,2.977994692243325581e+00,2.038510897949579181e+00,-2.929528654472722593e+00,-5.383723637976781440e+00,1.529337147261530916e+00,-1.778373885270258636e+00,7.502278951318785971e-02,1.197754048323229625e-02
0.000000000000000000e+00,1.328570982105891751e+00,9.066099948038934819e-01,2.305003486821835423e+00,-5.025976581097176599e+00,2.723119633418464858e+00,1.870260446822160638e+00,-2.647062548634853130e+00,-2.412218292423001564e+00,1.010968977053563478e+00,-1.377189277569828896e+00,-1.806109453251347752e+00,6.686467058648879469e-01
1.000000000000000000e+00,1.433530509240664053e+00,3.709872032395010066e+00,-1.685069358174515308e+00,2.439468866984692286e-01,-8.897047278546474924e-01,4.157673757738520770e+00,5.811027646820059456e-01,-3.939517854903795691e+00,2.446946461651315463e+00,-3.824061055269047049e+00,-2.290965641334834935e+00,-2.042749210045126329e+00
1.000000000000000000e+00,1.128272341088736308e+00,2.200890925930226949e+00,1.625826559578807728e+00,5.882187436036362627e+00,9.804198620674968723e-01,-4.248790798013057923e-02,4.806465462273587619e+00,-3.997869005273664289e-01,-1.546315253904164688e+00,-1.815835374001918634e+00,-3.658556136247004265e+00,-2.734967331764089238e+00
0.000000000000000000e+00,-2.105925974494086361e+00,2.322156579851497593e+00,1.931935061524956421e+00,-4.994880482457619841e+00,2.688935964236343068e+00,1.977587574383007141e+00,-1.004312754590388490e+00,-1.565152394681866177e+00,-1.403584775978858668e+00,9.717717162257026864e-01,-2.063268873443532936e+00,1.994097484926158348e-01
0.000000000000000000e+00,-1.805896138941603724e+00,-1.899731466927811141e+00,-1.291627264210054360e+00,-3.242225956039635371e+00,1.823423131722632373e+00,-1.103004892585380592e+00,3.838741502333352651e-01,-1.032918891641863457e+00,-1.595143685520487686e+00,1.879904228073217443e+00,-1.439770296711750497e+00,1.542673270895379201e+00
0.000000000000000000e+00,1.366205251483208816e+00,2.748315197454579639e+00,1.099988054093541834e+00,3.227016987658932301e+00,1.016815707229318910e+00,1.533137961565719687e+00,-3.611726844345604093e-01,-1.732036697388210200e+00,-1.518964983376253741e+00,3.168179416579859353e-01,-1.062124310097477542e+00,-3.074825136117218527e+00
0.000000000000000000e+00,-1.616922660157207314e+00,3.372148215356755241e+00,1.574350685829741359e+00,-3.854144621738511578e+00,1.436241559225542641e+00,8.781543143457253286e-01,-9.502249721063334986e-01,7.504047162323110864e-01,-2.179196032406956363e+00,3.152413750639381451e+00,-2.574569845279551572e+00,-4.229306649365628390e-01
1.000000000000000000e+00,-8.580488630155571617e-01,-4.634046595042883299e-01,7.665601161100470406e-01,3.999696487048176152e+00,-4.468899875131171484e-02,1.335115163861251286e-01,1.927186714819576707e+00,1.951884256594917044e+00,-4.369924806035710318e+00,2.269120130685835068e+00,5.656044786944423031e-01,-7.212092669203953310e-01
0.000000000000000000e+00,-1.577069974665035179e+00,-5.132850310676501104e-02,-3.311862660742099784e-01,1.142877822815062672e+00,1.145242762584091967e+00,1.778812652525419757e+00,-6.546930999183032673e-01,-3.834786746703329641e+00,-2.365540919545998655e+00,-2.488638230349555336e+00,3.750460099050911822e-01,-1.033533681462677212e+00
0.000000000000000000e+00,-1.547444071506527408e+00,5.712374614078864488e-01,-1.546529012563720773e+00,-1.010117657616389275e+00,-1.795791317288804034e-01,3.917196630764741005e-01,8.072507460822864189e-02,1.088413072742039578e+00,1.041073723342488044e+00,2.955982943436960664e+00,1.714712453010203141e+00,-7.469696530517067057e-01
0.000000000000000000e+00,3.183167588068389620e+00,-1.402073933379054171e+00,1.942688468258093826e+00,3.974462953939582377e+00,1.752036649091713860e-01,2.897349359665306601e+00,6.339428842865117986e-01,-3.239696348858629449e+00,-7.537806806795710468e-02,-2.268507075757813407e+00,1.021141116955450290e+00,6.914335358337524440e-01
0.000000000000000000e+00,3.803168731664560820e+00,8.695005666115004916e-02,4.751695895769459943e-01,1.591507609101298293e+00,7.356528483186282052e-01,-6.100263730916366534e-02,-1.825179173843094027e+00,-4.884508620701020210e-01,4.949845495188136546e-01,1.438425131033545856e+00,-2.607999461589771695e-01,-1.313072240400346757e+00
1.000000000000000000e+00,4.043641490278677697e-01,3.934844488495074177e+00,1.439746526770772750e+00,1.363667582255613464e+00,2.669332973902234230e-01,3.024671498152596172e+00,7.305646924032995759e-01,-2.187583461742950597e+00,1.695367831079283238e+00,3.773313360840098163e-01,-2.496690146666772359e-01,-1.955454157709222596e+00
1.000000000000000000e+00,1.290743060932092234e+00,-2.653885098541584053e+00,6.580232933537397688e-01,2.744598889995815583e+00,3.145461571896990716e+00,3.429302684820851876e-01,3.590857949064518717e+00,-2.915138988792254082e-03,-2.838495939102620547e+00,-1.361731108939538970e-01,-1.788451476492936676e+00,-6.783027736125322171e-01
1.000000000000000000e+00,1.605958542474744455e+00,-3.722627826156978958e-01,-3.884192736560465598e-02,3.154593231866126946e+00,5.509095751680477271e-01,-6.334020292612738690e-01,-9.600049887790513825e-01,1.738454296220764306e+00,-2.060460118796459739e+00,3.774728283829910769e+00,1.280939631570799708e+00,-2.025048455434658834e+00
0.000000000000000000e+00,-5.249709665121327085e-01,-4.957087248543502467e-01,1.866332854730768487e+00,6.248553319865589595e-01,7.916536298194588595e-01,-1.540317206204781630e+00,2.171693255094794939e+00,-3.246010384201755805e+00,-9.403443020763635474e-01,-9.272729340395173825e-01,-2.881936899842504562e+00,2.343884002737472994e+00
0.000000000000000000e+00,5.328125077139356236e-02,3.825600853536250234e+00,1.786464423429466652e+00,1.756518569431323007e+00,4.427749806612082395e-01,1.439645001607896546e+00,1.217351894356815567e+00,5.078862407326421025e-01,-2.815652486951242928e+00,2.684873810970257679e+00,-2.523401224871377302e+00,-1.861452809493407301e+00
0.000000000000000000e+00,2.405665582533220714e+00,3.714565741867572601e+00,5.186213372139225619e-01,-8.111036878231450586e+00,2.530447018644251145e+00,3.618812003990352189e+00,-3.242628090446242783e+00,2.328153593135302568e+00,-3.731095186818705889e-01,2.209326325673050651e+00,-4.213271139697281953e+00,-1.482586223530585556e+00
1.000000000000000000e+00,1.541855716542858801e+00,1.078131036160016709e+00,4.373437571160931903e-03,4.150479990895262539e+00,5.256728517943709544e-01,1.131634828519918923e+00,-3.207258412115670865e+00,1.227174382050816970e+00,-1.596357178311194502e+00,1.537550781107679398e+00,3.451575364996059214e+00,-4.604011243953799237e+00
0.000000000000000000e+00,-1.370697983347372029e-01,-3.785307209585403676e+00,-2.511322019367323577e-01,-9.055255429295676339e-02,1.389023194775507175e-01,-1.015290482392833704e+00,1.636405848847048317e+00,2.760666116171832662e-01,4.038147098199168283e+00,4.033354797069628184e+00,4.309406159862699148e+00,2.758227107282983592e+00
0.000000000000000000e+00,-2.366999343399422973e+00,-2.664757022411487153e+00,2.528001461582141118e-01,-2.536271230947627853e+00,1.447476504886071602e+00,-3.530243168185061009e+00,-1.973495983472499660e-01,-2.018718534217733840e-02,-1.466339751125122604e+00,-1.765626362910492464e+00,-1.034504412587504474e+00,1.873278475205520266e+00
0.000000000000000000e+00,1.020280467412283176e+00,1.494106259797827185e+00,3.172418534636666010e+00,-6.033765075132207834e+00,2.721673869292898118e+00,-3.614601465438727068e-02,-2.451996759667044667e+00,-4.512614967958751278e-01,1.127468490021786618e+00,2.866990129089959982e+00,-2.233966647357291446e+00,1.472842761068421602e+00
0.000000000000000000e+00,-2.492817329738405085e+00,2.998127584181476402e-01,1.524666895618105311e+00,-3.011800194753899707e+00,2.276081203587344781e+00,-2.718540228091851585e+00,3.212763333842615365e-01,-7.054456313736171547e-01,4.639031575779870575e-01,1.375815040388216115e+00,-1.379942894771115869e+00,8.504146010600980299e-01
0.000000000000000000e+00,8.135064663093789505e-01,-1.264230742038098931e+00,1.601857647151572639e+00,4.181452479352167906e+00,-2.450169067164074121e+00,-1.011034440463541184e+00,3.660407870423699084e+00,-4.484743919914360610e+00,8.344346747824724631e-01,-4.120182342092453265e-01,-1.110013688884255556e+00,4.519265721695362004e+00
1.000000000000000000e+00,-6.728591321412176196e-01,-3.518503586004180672e+00,1.536626135032099327e+00,-2.596953072899672144e+00,2.115728012946967773e+00,7.193182044391011054e-01,3.418051526058373035e+00,1.974774446278682927e+00,8.360232576996029508e-03,1.344987685269182887e+00,2.613244571987980436e-01,3.141980925949657610e+00
1.000000000000000000e+00,-1.743917541901928159e+00,4.392551425792554198e+00,1.039303747475856632e+00,2.138576826097853711e+00,-4.391325429648775369e+00,8.601027427303404860e-01,-8.177227480078939070e-01,1.071973486178388058e+00,-2.312611836889451933e+00,5.247357790167350711e-01,4.670848278857131497e-02,1.085174303306841725e-01
0.000000000000000000e+00,1.117796827820286776e+00,2.726898060217369579e+00,3.967022594645158051e+00,1.471125249620106157e+00,9.815650602575410888e-01,9.181046618939505688e-01,3.274900142189068220e+00,5.602010154845167289e-01,3.075615962128489311e+00,-6.072943199481519727e-01,-1.177999760059665668e+00,-6.516652470792847485e-01
0.000000000000000000e+00,2.631534364660026437e-01,2.717664832424821597e+00,3.411360108470649521e+00,4.750492818488742941e+00,-2.058231641694613590e+00,5.601481580426883600e-01,3.122381828935850034e+00,8.425422649717462242e-01,3.636876302104466330e+00,-1.805931434500430033e+00,1.713810094408169782e+00,-5.008084554671428101e-01
0.000000000000000000e+00,-3.668859966081361446e-01,2.513002910160823777e+00,-4.158477675217588931e-01,-4.369899857735537907e+00,2.412482827251464457e+00,2.037708857006141905e+00,-2.326073526667216118e+00,4.816594075475553183e-01,-1.857943979079143659e+00,2.025764087838972216e+00,-2.036303658326773292e+00,-2.209287790302100873e+00
1.000000000000000000e+00,9.843654529500187600e-01,5.298294278871658491e+00,2.076003819296091013e+00,1.748210515289564615e+00,-1.348930096449599603e+00,-2.955463307223650915e+00,-1.598867608830347065e+00,-1.141896383917088587e+00,1.740389560316951911e+00,-1.649422170641695828e+00,-3.125702586949062223e+00,-2.097756890562699539e+00
1.000000000000000000e+00,1.489494398530699648e+00,-1.460590361691191275e+00,1.670000242184630945e+00,6.361371007496622321e-01,3.423187341637257575e+00,1.549108264708548344e+00,2.320807915960842127e+00,5.357704348838516761e-01,9.179997755689242034e-01,-8.623856543591730262e-01,1.647280491999696395e-01,-1.237065155599574418e+00
0.000000000000000000e+00,-1.344870667713480517e+00,-5.397945712889884007e+00,-3.048710298267073071e+00,-7.136569744832060636e+00,4.622959360034002430e+00,-1.210050494495881424e+00,-8.592090217993728629e-01,2.068396333986333158e+00,-3.463732422375687126e-01,4.700462399495183519e+00,1.005384347112231236e+00,1.075197298929353007e+00
0.000000000000000000e+00,1.149735165415199045e+00,-3.559771143530425785e+00,2.980216167954468531e+00,-3.329591120162768370e+00,4.604813698945143585e+00,-5.557707997826495383e-01,1.438714100943791596e+00,-2.724417796562003335e+00,4.267493676341608477e+00,2.382044978665091239e+00,8.285516258965903713e-01,3.062040713462196972e+00
0.000000000000000000e+00,-2.683265877502702512e+00,2.100829974658553478e+00,-1.088427558479345247e+00,-2.481403346501141360e+00,8.263695178394727670e-01,-3.982901274393791935e-01,-1.047538889422342301e+00,3.933866152543469497e+00,1.404645180314851416e+00,1.906474089406224426e+00,1.980079387661788370e+00,-3.199086896804575808e+00
0.000000000000000000e+00,4.773736023649265192e+00,3.384862455322852792e+00,5.476643813088761803e-01,-5.557635714605949850e+00,3.026935950134300501e+00,3.649455148056408582e+00,-3.623974556523422930e+00,1.284531647284410383e+00,1.000393454042123764e+00,1.721105832069165453e+00,-3.502069865473876664e+00,-2.933587698268228294e+00
1.000000000000000000e+00,2.116797239087874871e+00,-3.970034973951231283e+00,3.612974415777107096e-01,-1.784967109244374628e+00,2.456852832023111333e+00,-1.134317535803957444e+00,2.275701408793925573e+00,2.920362913162566354e-02,1.022097152000069009e+00,1.179866657425144849e-01,-1.811711296941806548e+00,2.415659615437667274e+00
0.000000000000000000e+00,3.792591852159863386e+00,8.112527600702520436e-01,1.671412570956865018e-01,8.351700701213219391e-01,1.107688541909747748e+00,2.562546275508728044e+00,-2.706739102861355661e+00,1.831341308488483310e-01,-1.031421184827714166e+00,-7.934566734312187286e-02,-1.473354897999706870e-01,-2.681532224279256305e+00
0.000000000000000000e+00,-7.393709146650888631e-01,-3.569645832382187134e+00,4.451486543468370360e-01,-3.566671803170611721e+00,2.136987218968386948e+00,-3.549313681896330230e+00,2.545902902344139296e-01,4.666348601188898826e-01,1.805298991914583429e+00,5.884167590433992956e-01,-9.959640518129586617e-03,2.557207388793919733e+00
0.000000000000000000e+00,-1.427500734126636583e-01,-1.767948214862310685e+00,-1.247504670515997560e-01,2.320810085806133571e+00,2.818552757445565993e-01,-3.435933581876262632e-01,-8.506195498031433599e-01,-2.149435722940443938e+00,-2.241038229854507513e+00,-6.841105700350360586e-01,1.058356047105943443e+00,1.503126437313353492e-01
0.000000000000000000e+00,-8.863850499167527097e-01,-1.937392410451617586e+00,1.724392179638874811e+00,-4.833358253299604446e-01,3.669668364313830589e-01,-2.616273292503062287e+00,9.786703512636006907e-01,-5.308686844215138034e-02,4.616566111672536721e+00,5.074991806035449304e-01,2.833898551838102797e+00,2.126638534473078046e+00
0.000000000000000000e+00,-1.096851869524795520e+00,2.183153497678976596e+00,1.342469601258264866e+00,-3.029338400156272648e+00,1.137875988439352781e+00,-1.737278990603909890e+00,8.538358440945678085e-01,3.624676475391310326e+00,5.016987440160275424e-01,-1.494671617806179409e+00,-2.947121177378656753e+00,-1.168135216916392327e+00
0.000000000000000000e+00,-4.520391582148945986e-01,-7.364058037120987388e-01,-2.270855921934934685e+00,2.892362120539775372e-01,-1.565512995719830602e+00,7.994622949882106422e-01,1.508282295140865426e+00,7.473280678601048610e-01,-1.069759748221459805e+00,1.383080453640859631e+00,-1.747689476548374143e-01,9.104825886643309607e-01
1.000000000000000000e+00,1.647924804775519059e-01,-5.190754925954029986e+00,2.708177477931489330e-01,-3.198523082744060275e+00,2.951705408746519765e+00,-2.813414678376489952e+00,2.646299547735722513e+00,2.495457410335179205e+00,-7.981235796123876680e-01,3.382274445109247019e+00,-1.334138479677319022e+00,3.375529365081511024e+00
1.000000000000000000e+00,-3.013015374734409058e+00,3.813959491187187023e+00,-9.434408115837568110e-01,-6.112234718864884897e+00,-1.572267272402976257e+00,1.117215494046327917e+00,-2.136236720934836075e+00,-5.985593181154211795e-01,2.209612514836454267e+00,-4.959693926007155973e-01,-8.347727521014297603e-01,7.024183767647684817e-01
0.000000000000000000e+00,1.324745651609137376e+00,3.255425679221571222e+00,2.912266065351130973e+00,-5.166749581068128094e+00,1.740064121066781322e+00,5.298769103661578050e-01,-1.613479238853482656e+00,1.571649089233328578e+00,-2.485207404043110468e-01,3.854544466242963541e+00,-3.590499618617840838e+00,4.923308245312949527e-01
1.000000000000000000e+00,1.073436867992312971e+00,1.941008088086611405e+00,1.527318216509138349e+00,6.444215813123812531e-01,1.083381836480784344e+00,-1.137987003067383540e+00,-7.917261054624427086e-01,1.329802494050161599e+00,9.848965986383895199e-01,2.226438047070710136e-01,-5.707641371744505143e-01,-2.336990373634366236e+00
1.000000000000000000e+00,3.706583040731890488e+00,-5.678053800324012634e+00,-1.686785647156940904e-02,-1.423251788349482627e+00,3.653754422605904661e+00,1.030251214565822249e+00,-1.887850063536721912e+00,-2.679080322466205200e-01,5.359042987790541002e-01,1.200338280567199378e+00,2.569330506093080224e+00,7.560967254085728673e-01
0.000000000000000000e+00,2.530658699510556886e+00,1.109789820624718537e+00,1.136054482691298606e+00,-1.423299754454893540e+00,1.151471660133076558e+00,3.288932283000278733e+00,-1.173211270204658208e+00,-9.348853745987946162e-01,8.950569559035104206e-02,5.297128337238580231e-01,-8.580207628488913940e-01,-3.622644806282686591e-01
1.000000000000000000e+00,-1.452572578667119974e+00,5.329167419639852632e+00,-3.395884095732307539e+00,-4.813218164273471267e+00,-2.468316708084627997e-02,1.483352707564138395e+00,1.294040672575862416e-01,-3.502258849118307538e+00,5.847684807510519001e+00,-4.801129995164213682e+00,-3.749804535680001827e+00,-2.869189709788969367e+00
0.000000000000000000e+00,-2.797335208771958293e+00,2.711028760497230294e+00,2.352510555054192043e+00,-3.306749738798599569e+00,1.998030028316305717e+00,-3.070147510872769381e+00,-2.145395006428039153e-01,-2.460736140716166531e+00,-5.594957536291023104e-03,1.512633365162462384e-01,-3.753353366128792334e+00,5.921496146406679539e-01
0.000000000000000000e+00,4.545285164472061545e-01,1.335633381549388821e+00,2.725823800410626774e+00,2.763271080623962650e+00,-3.693422030715809434e-01,6.933921015221458095e-01,3.606511359257914329e+00,-2.212204727378905389e+00,6.228534143912439758e-01,4.137522348136729589e-01,-1.625133185074903786e+00,1.564444180597947653e+00
0.000000000000000000e+00,-1.012071430976017039e+00,-4.635969510160556695e+00,8.484450103839014101e-02,-2.293996563142192802e+00,3.034652084229170654e+00,-2.740046861458583116e+00,7.913456042400470736e-01,5.955463789903903127e-02,1.120100779652330125e+00,1.523437615744184903e+00,1.400861274867563733e+00,1.945865288386269931e+00
0.000000000000000000e+00,-3.618478317598071703e-01,2.762344672036381454e-01,2.837519842135320935e+00,-2.096898283511527961e+00,8.336130917612136759e-01,-3.067603268288568330e+00,1.214190869765494396e+00,3.115865544606142290e-01,2.793714584565810455e+00,-9.154871892343645623e-01,-1.820785779623301792e+00,1.941093176717784363e+00
0.000000000000000000e+00,-2.840392096133218303e+00,-3.726892171245803076e-01,1.085897827694811690e-01,-4.900841074999751079e+00,2.371120947043123373e+00,-1.934982671882753413e+00,-1.493703541884131347e+00,-2.467060503828821805e-01,1.392736318185183730e+00,2.908307098054521589e+00,8.336969201627195680e-01,6.244301262310411049e-01
0.000000000000000000e+00,1.088967929293633841e+00,1.419946347654262420e+00,2.796692262715144039e+00,8.009058635012268335e-01,8.841699312155062440e-01,1.660731401158753506e+00,2.977349871220661193e+00,-3.019613562672470497e+00,2.527750131407088929e+00,1.271311969973921041e+00,-1.261981080368383523e+00,1.444788211364886443e+00
1.000000000000000000e+00,4.913208129617440134e-01,4.811155633477349092e+00,2.278582835765808667e+00,7.335461735309936948e+00,1.002303160797592740e+00,2.811850055113950475e+00,5.422577867232589277e+00,-6.423868068136553422e-01,-2.061486300673087690e+00,-2.235686011475954249e+00,-3.194176714448845544e+00,-4.821910143548819860e+00
0.000000000000000000e+00,1.944255771878452776e+00,9.647840357214418905e-01,2.374421863959009116e+00,-8.627838526839132216e-01,1.289685812721266922e+00,8.161239604415828630e-01,-1.490742664978917276e+00,-1.191537006836656198e+00,5.031148003969305726e-01,1.777499109939397304e+00,-4.849044305588217085e-01,2.766766049018729579e-01
1.000000000000000000e+00,1.182639424392272876e+00,2.670854981652464044e-01,-3.550231915526315341e+00,-5.659197476031499363e+00,6.665783766838884183e-01,1.337371531270769021e+00,-2.694113849573055663e+00,1.156730644051865209e+00,-3.029192262046296769e+00,-2.822341634637992147e+00,-4.731955951210229827e+00,-1.030579402755583907e+00
1.000000000000000000e+00,-1.524744581361636486e+00,3.543877620512304816e+00,-1.112079808022315097e+00,4.250692781565368783e+00,-2.936963029738416608e+00,1.942972424005430021e+00,5.703472633800079628e-01,-6.034703415958806438e+00,3.398461280064756007e+00,-2.488307471915357727e+00,1.915000394078577806e+00,-1.235730623788197091e+00
0.000000000000000000e+00,9.992198073822584625e-01,7.229788372692006471e-01,-4.115568738733159648e-01,-7.460582145594313097e+00,1.388374475961162258e+00,6.084168980821735850e-01,-3.925299446607914078e+00,-6.729256257848406086e-01,2.490884535939267952e+00,3.398736076532342665e+00,-7.563005759467206213e-01,1.326409582256502517e+00
0.000000000000000000e+00,-3.782799703251645607e+00,4.315265844672009798e+00,-1.740563719605926263e+00,-4.351429445135024388e-01,-1.266889840219663110e+00,-2.001941957905889469e-01,-6.461337867283276637e-01,-1.669032844187928522e+00,-2.169469042339267073e+00,2.082245259303979523e+00,-1.616113144299021975e+00,-1.614509578249988309e+00
0.000000000000000000e+00,-7.993020750965906807e-02,3.925009793740325659e+00,3.893377137975543301e-01,6.350356575911604295e+00,-1.112154853019378997e+00,-9.498534037095884841e-02,1.829615883510817831e+00,-2.311034542300044237e+00,-1.092708583712130643e+00,3.638055127770551955e+00,-6.884687236819724276e-01,-2.581505922925662055e+00
1.000000000000000000e+00,-2.238623794209277929e-01,2.187828630370512339e+00,-1.764255093749334424e+00,-5.909069007853241295e+00,1.134971820470723536e+00,-5.249644406748372738e-01,-2.867405046306458427e+00,-6.025957191640509691e-01,2.952695610949656047e+00,-1.217548145945974936e+00,-2.117777188890740625e+00,-1.383109018118972688e+00
1.000000000000000000e+00,2.895621089573067408e+00,5.384802006115502415e+00,7.057205764911083090e-01,-1.352439485906274053e+00,4.133386099630602661e-01,1.549588542206815855e+00,-1.738265886162781770e+00,-3.901044374677891113e+00,3.553978339675105236e+00,-3.521775411196634842e+00,-4.282236977733860250e+00,-2.564329636677338264e+00
1.000000000000000000e+00,1.980190710830101564e+00,-3.211016276297370631e+00,1.805201192675596200e-01,-1.104029670354704562e+00,3.062480722413725154e+00,-8.693628936977826349e-02,2.857956368223029564e+00,-6.517572510987266199e-01,-1.476825557884615447e+00,2.760139477249248241e-01,-3.454271111705932817e+00,1.603768360545657856e+00
1.000000000000000000e+00,1.363536399021612056e-01,7.905862918150295959e-01,3.584713499928969149e+00,2.222706590598561238e+00,1.043288383436573818e+00,-3.591698383135705885e+00,2.262642777441503661e-01,2.366895355743180218e+00,-2.030924078829395185e+00,1.452683182006425433e+00,-1.239601020813712262e+00,-6.239673831564945816e-01
1.000000000000000000e+00,8.619594137626199748e-01,9.619745435863744643e-01,1.137637665560135236e+00,8.893320827614807911e-01,-7.960286096007016532e-01,-4.341258626354888683e+00,-2.067792427842919167e+00,1.467525342121789089e+00,-1.939197405761682980e+00,2.057588886022059249e+00,-1.984325593092910012e+00,2.878207666028154144e-02
0.000000000000000000e+00,-2.049547470188748832e+00,2.312102491742471067e+00,-4.648331312424984763e-01,3.396242702454786766e+00,8.072179932450733730e-01,2.217698668264808104e-01,-3.237033337035367664e-01,-1.101943197607823555e+00,-4.380447105167895927e+00,7.758129528649646556e-01,-4.743907262562164773e-01,-3.578074737182307175e+00
1.000000000000000000e+00,-2.495870254735140570e+00,2.294543856486590983e+00,-3.034170751791532838e-01,-3.730723621836929293e+00,-8.503825892410716847e-01,-1.139127938187007416e+00,-1.102907682392807232e+00,-8.079537721113843052e-01,2.097383272802129106e+00,-4.907888839543644854e-01,-8.297540723962197884e-01,7.246353223785069186e-01
0.000000000000000000e+00,-2.312869362328340728e+00,3.154187402104970506e+00,2.977003470829119092e+00,-4.421735975888024583e+00,2.696240922700900544e+00,-1.962472480738051361e+00,-1.276800439748335680e-01,-4.474936568031082196e+00,6.133484776699540397e-01,1.964190686961849730e-01,-4.699335757681512682e+00,1.310442042540588048e+00
1.000000000000000000e+00,-1.051245847289763891e+00,2.684361679250662380e+00,3.208317898416936487e+00,-1.343710403089312388e-01,7.684847817344252485e-01,-1.820007943364126080e+00,-3.392743498403785196e-01,2.958484014542036356e+00,6.327341841879614570e-01,1.438840715059045428e-01,-5.075675056051665024e-02,-1.655799372262302116e+00
0.000000000000000000e+00,-1.760413858456540082e+00,2.954390325492311398e+00,3.430393772788655760e-01,-4.219979238134049737e+00,7.347952713397905011e-01,-7.858828836442455223e-01,-1.134118599667268690e-01,1.211970183708717119e+00,5.585164940579041559e-01,8.421595061748589073e-01,-2.798667245709976825e+00,-4.423343534189954074e-01
1.000000000000000000e+00,9.306636798397929233e-01,3.243362193364274670e+00,-1.947822238814377993e+00,-3.223242345705459755e+00,-2.277977628610092786e-01,2.117085507645489528e+00,1.657047504347521905e-01,2.506989041298142151e-01,-3.646703519772662716e-01,-3.448079950005941807e+00,-5.198293131313294957e+00,-1.689377429327300728e+00
1.000000000000000000e+00,2.168312310845218693e+00,-9.193077442077369765e-01,8.748739808449814692e-01,2.314807924812055440e+00,1.076559337901427549e+00,-1.166190238721066086e+00,2.127225454962132556e+00,-1.161402878914741255e+00,-2.542671966718984322e+00,-2.288215839519283090e-01,-3.893054528690046645e+00,5.694668815187438060e-01
0.000000000000000000e+00,6.336839052708311826e-01,2.457566016391593333e+00,2.134019052592927235e+00,-1.406062094169105103e+00,1.278865976542054472e+00,1.357392005871992380e+00,-3.497288129355481390e-01,-2.573747211076391928e+00,8.047964991138363278e-01,8.446603958771755627e-01,-1.829700658070628094e+00,1.051841761201435244e-01
0.000000000000000000e+00,-6.161899714723864108e-01,3.470769772459066704e+00,1.339162708386635092e+00,-1.148460564708634113e+00,-1.310571863790455982e+00,3.066586537080429054e-02,3.163536516489461325e-01,2.349718088234122870e+00,5.998837761260246815e+00,3.108163944236882692e+00,2.547119314743365948e+00,-6.651828301904088026e-01
1.000000000000000000e+00,-6.980243025000554269e-02,-3.675480204531914818e+00,4.434197653426200647e-01,-5.988692059152071145e+00,2.017951564275680010e+00,-3.719804156540361451e+00,-2.720604817369761896e+00,3.969821344932313867e+00,3.372147886819989893e+00,2.298743925520499332e+00,2.578794352297691272e+00,1.869240377629865613e+00
1.000000000000000000e+00,1.732859859258736090e+00,-9.774620065185292139e-01,1.384681159127382433e+00,3.945814395607484926e+00,7.360543128738450402e-01,-2.529629946164398291e+00,-1.270198105237910546e+00,1.348639608171517956e+00,-3.867864785502691749e+00,3.106129111975800772e+00,5.413818875353326732e-02,-1.104631409234269723e+00
0.000000000000000000e+00,-4.389002064880958009e-01,-9.354302723346751280e-01,-6.542884657164376172e-01,-5.004113565959999121e+00,1.332436116753044519e+00,1.479567019009384587e+00,-2.788953041115401987e+00,-1.753172261333043158e+00,9.265378767055376663e-02,5.989231512741000074e-02,2.422792501504316132e-01,1.283560744546504040e+00
0.000000000000000000e+00,-4.415549818216938149e+00,2.474637527648127389e+00,-1.717427050235469377e-01,-9.909343238526895803e+00,3.912960098680408283e+00,-3.734083615556028857e+00,-2.912367448647683599e+00,4.821832856096801567e-01,-1.322147964738884518e-02,3.444256663032785326e+00,-3.741736831988971446e+00,-3.648565976953168644e-01
1.000000000000000000e+00,-1.292348714106346996e+00,-6.495624869105741661e-01,1.356051759107566479e+00,4.911150378652253679e-01,1.439123922002387257e+00,-1.259041706647061831e+00,2.304049647273464618e+00,2.997838754299915642e+00,-1.245302719483446952e+00,1.643931117873507652e+00,-4.121844934174956343e-02,-2.971472018942576954e-01
0.000000000000000000e+00,-1.190609676094710245e+00,3.076503509649400669e+00,1.281295778333246371e+00,-6.138346881321346871e+00,2.346968259123005662e+00,2.418513303329059561e-01,-2.503501560343521337e+00,-2.795083014826235335e+00,2.331050401528260707e+00,3.413038986505341210e+00,-1.549456204880361065e+00,3.662195275482615919e-01
1.000000000000000000e+00,8.592790615594517734e-01,-4.789020419153414920e+00,-4.945989132260288912e-01,-5.738857200466369157e+00,3.292528625795627217e+00,-3.054555344896653146e+00,-2.158567244224908421e+00,4.409745555610506962e+00,3.126033392489691032e+00,4.935761304482952028e+00,3.039700170041840899e+00,1.208530337336178206e+00
1.000000000000000000e+00,1.838268314007841742e+00,-3.357978308097253173e+00,-5.655985285945062113e-01,2.922472887122946172e+00,1.766586061336536950e+00,6.148168872095540749e-01,1.710252213147256173e+00,1.073478232337699678e+00,-1.681365306628739287e+00,3.010207397771192728e+00,1.504225287174525416e+00,-5.137343839227099807e-01
1.000000000000000000e+00,1.355687323184847859e+00,2.935078660601275757e-01,1.885847978813484982e+00,1.089421756751017822e+00,3.334222977853375625e+00,-9.441467762352306892e-02,2.328374471130203460e-01,2.150299495689233176e+00,1.272327831459056036e+00,1.150396445004004509e+00,1.127156113919166813e+00,-3.318864713664157140e+00
1.000000000000000000e+00,-2.883547183741492326e+00,7.218281433986376783e+00,-3.623961634517089969e-01,-1.921776527449695848e+00,-1.665363443078492045e+00,-1.967020206414955563e-01,-1.202872513441088032e+00,-1.183860018901062627e+00,1.524496631410186875e+00,-1.677373316586677987e+00,-2.908652684995500337e+00,-2.744625204278864139e+00
1.000000000000000000e+00,1.000822792431057096e+00,-1.468849336436222286e+00,5.621324432653125314e-01,7.517136482482613680e-01,2.111340874305855930e-02,-1.290100881606210503e+00,-3.499784400411896534e+00,1.619256714948112297e+00,-1.671702164266537727e+00,2.097042759041626070e+00,2.578513662801152240e+00,-3.286753133990073517e-01
0.000000000000000000e+00,-4.472118677662970665e-01,-3.777172190326145151e-01,9.281517452007290725e-01,-9.271237840127049878e+00,2.546235424875675335e+00,1.797946326061196309e+00,-3.385974555244765760e+00,-2.018616784306914269e+00,2.135250553806157470e+00,9.568613083598526137e-01,-5.705120588321035413e-01,2.863739728973352605e+00
1.000000000000000000e+00,2.712152482841724055e+00,2.429784173359633925e+00,-1.102114554388267109e-02,5.074417849877271181e+00,-1.277785720176665141e-01,-1.028906765890243991e-01,2.701480311343070984e+00,-1.680266440069203338e+00,-2.366718928264502697e+00,3.759834837772276783e-01,-4.804613960936316985e+00,-2.043658168175475076e+00
0.000000000000000000e+00,2.172139900878492291e+00,3.319535332084690094e+00,2.790156928445910900e+00,2.379740322942334618e+00,1.076478782114887567e+00,2.071564148481656709e+00,1.470733828733164827e+00,2.148233818602998113e-01,-2.413828310853788572e+00,4.496170039395246398e-01,-3.438897305904794255e+00,-1.951423931415511515e+00
0.000000000000000000e+00,-4.370769526822255280e+00,-7.224580766419858691e+00,-5.297964785667913290e+00,-4.284318540476092174e+00,3.682306228788261304e+00,-2.085721914965594781e+00,-1.842489291398719420e+00,-1.464846856183702473e+00,-4.449297145287420818e+00,5.079617508729652009e+00,2.844707357331738962e+00,1.507486339032194422e+00
1.000000000000000000e+00,2.749008492479709354e+00,-4.828536022904327041e+00,-2.275411472594670581e+00,2.574179447864137771e+00,1.851870401461710891e+00,-1.681105503503361742e+00,1.783877487794235828e+00,-5.941590971319730130e-01,-1.998147176331374508e+00,6.894744398162573340e-01,-1.336705820811278311e+00,1.777835456127554448e-01
0.000000000000000000e+00,-6.467107508864144982e-02,5.020122469340894789e+00,1.125864745063513972e+00,-1.120053207861105804e+01,3.273800856422429906e+00,1.339100907781134442e+00,-3.361401310647567975e+00,1.199042974147106477e+00,2.930219928411993635e+00,7.832073873404725717e+00,-3.357139400726627976e+00,-1.139914729448798791e-01
0.000000000000000000e+00,-1.268255400475414074e+00,-2.145709165862758727e+00,9.859524867560953698e-01,-3.946188057148567019e+00,1.786983830192813372e+00,-3.333252621200429644e+00,3.663657762671875817e-01,-6.186356771989502956e-01,3.940157042161380740e+00,2.728548484355603598e+00,7.901868060176362452e-01,2.931565811863301008e+00
0.000000000000000000e+00,-2.428266752964318709e+00,2.038152570376629669e+00,-4.094395671202417653e-01,-7.333407469472278173e+00,2.322600457228769955e+00,-1.769791141899272668e+00,-1.911243871315390752e+00,9.772257678165385819e-01,2.214086473946093037e-01,1.144838680960233335e+00,-3.187147695719686702e+00,-4.304865519696010612e-01
0.000000000000000000e+00,-1.489869142745723796e+00,1.266620279459693021e+00,-2.887770312497153213e-01,4.330703612340385256e-01,1.113243842805775152e+00,2.281770218131495831e-02,-5.085392705893378995e-01,-2.290578268305593745e+00,-1.549290194929102693e+00,1.277502054351140615e+00,-4.922249459872097832e-01,-1.288822600642512750e+00
0.000000000000000000e+00,-1.313666346753894487e-01,3.530874781251295835e-01,3.082837353851619611e+00,-2.844555963347606298e+00,1.190150046990896104e+00,-3.302508304294007324e+00,9.305885669438268559e-01,9.998288692956767143e-01,5.064730368632322843e+00,1.803353586529182762e-01,-5.358987071840184413e-01,1.689763521868540286e+00
1.000000000000000000e+00,3.965216222245478761e+00,2.664893387842473427e+00,-1.131571277638387940e-01,5.237903323157942381e+00,7.630652334169086837e-01,9.608649991829576464e-02,1.832706825426351882e+00,-2.658249696632515313e+00,-4.458028925333741288e-01,-1.782711818602543019e+00,-4.627513247002163155e+00,-3.562713411966301535e+00
1.000000000000000000e+00,1.128101763445889194e+00,-2.132146412771043220e+00,-5.890844933193635224e-01,2.763876310858155438e+00,4.272688326277392923e-01,5.593554103701969815e-02,9.850759089446989858e-01,9.817653434003049684e-01,-2.468062323183756845e+00,2.623270185914488906e+00,7.524263860405833171e-01,-1.731047937338663356e-01
1.000000000000000000e+00,-6.023416784527279022e-01,-1.440794939701271593e+00,-1.825031904923660298e+00,4.634735409797945849e+00,-1.148062539071981858e+00,6.183659717456846394e+00,4.159401083668466725e+00,-2.809627583341294699e+00,-3.280516687563046485e-01,1.514249864685011104e-01,3.629478012537267873e+00,2.407289880676808380e-01
1.000000000000000000e+00,-4.485074855721060683e-01,1.724882818973573428e+00,-3.843327647032708239e+00,-8.667363128459660615e+00,2.625058165908969787e+00,3.398146803666705296e+00,-2.531122786104032851e+00,-2.644284053790022071e+00,1.544821493621984843e+00,-2.829868237164924416e+00,-3.548365195936676209e+00,-1.646946613895616363e+00
1.000000000000000000e+00,-1.327687396424789945e+00,3.198912875775583586e+00,-8.901513099694383646e-01,-6.667763783951866863e+00,-5.533564734224394321e-01,1.367280788488256293e+00,-3.865882176220074573e+00,-2.255671927572033386e+00,2.048996810208056907e-01,-1.795401838421317287e+00,-2.721492898304178176e+00,6.905620669659129351e-01
1.000000000000000000e+00,-1.627371577980800676e+00,1.412299986987249234e+00,-2.494243365373766785e+00,-4.328991095049651960e+00,-1.751123422999187662e+00,-1.199787522629803593e+00,-6.475916334350869441e+00,1.429881133981428576e+00,-2.788308951668228008e+00,6.786470208526891312e-01,2.159474957031235487e-01,-6.801297754350472680e-01
0.000000000000000000e+00,1.134708332671517272e+00,3.119140856385274496e+00,2.718640773426061141e+00,-5.899259796910991227e+00,3.985764527735929263e+00,7.435835810266030466e-01,-2.391269865021047103e+00,5.465076029339526187e-01,2.932564753552990844e-02,3.339512541278540692e+00,-3.384462753640747668e+00,-1.207428207243987472e+00
1.000000000000000000e+00,-3.848050698415496296e+00,3.549582893297928976e+00,-5.594787572628908690e-01,-2.600692687534776670e+00,-6.698584072269309075e-01,-4.470703387229062464e-01,8.990089617627794460e-01,-5.511683361199803954e-02,2.147625305301734677e+00,5.955358233364882459e-02,-6.906920242402693200e-01,-6.718772834662074533e-01
1.000000000000000000e+00,-5.662238662959333535e-01,-9.022305479044079313e-01,1.805015566686232198e+00,1.758003086520735711e-02,6.525805765965456695e-01,1.421795491600429617e+00,2.518488940613904603e+00,2.193972890593813840e-01,-2.971069468309467609e+00,-1.530954763434759780e-01,-1.561693794139149993e+00,1.968457410558426268e+00
0.000000000000000000e+00,-5.100053784321123551e-02,5.419184230911056055e+00,1.816463872164327142e+00,2.797771601602675684e+00,-3.267120875429672999e+00,9.849075348037557021e-01,2.609850754974655906e+00,-8.417338455290237498e-01,3.241794353762359915e+00,8.472538218936932486e-01,-1.051035882634518748e+00,-6.361397600836382615e-02
0.000000000000000000e+00,-2.392106452903145275e+00,1.806222286056802795e-01,1.073929926247617850e+00,-2.550864873711220060e+00,1.138321110759501487e+00,-3.654622078464729640e+00,3.822967096401945764e-01,3.887517240528826079e-01,7.884745547551696987e-04,-5.709296835544779292e-01,-2.102697162334083103e+00,9.278355455229863047e-01
0.000000000000000000e+00,2.867117645887485189e+00,1.980166052316923109e+00,-6.029970948813692111e-01,-4.893186031512241740e+00,4.729485012335312710e-01,1.156684525019410881e+00,-3.358353260381243821e+00,1.021191233457112268e+00,7.529473139585276531e-01,2.194324424926005879e+00,-2.507852417101351428e+00,-4.281143452527425008e-01
0.000000000000000000e+00,4.603591120276060433e-01,-3.179911493157709046e+00,2.243430220838950717e+00,3.248058283678608937e+00,1.527709104802091211e+00,7.220017037485340072e-01,2.992452592454688975e+00,-4.325740355511733526e+00,3.150070155198920752e-01,3.751389858688316536e-01,1.409241115287435786e+00,2.671761809373250696e+00
1.000000000000000000e+00,-2.019076251203501648e+00,3.782486007984161791e+00,-9.905493001008164322e-01,-2.039156981896741883e+00,-9.643690084494047632e-01,3.978661618742437955e+00,9.463314079064111262e-02,-3.101760552069578569e+00,1.997321621453175045e+00,-9.887848607720586269e-01,-4.296373330178737682e-02,-6.495483853446624156e-01
0.000000000000000000e+00,8.640316860408114863e-03,4.667262480926003931e+00,2.205031281005613408e+00,1.831247717943579323e-01,2.784401353439724947e-02,1.846388399201187802e+00,2.235310631551895355e+00,-1.534888863431707495e+00,7.981582849478758845e-01,4.885069412969839098e-01,-3.294148522647195598e+00,-5.914697279344949266e-01
0.000000000000000000e+00,2.399005839706669363e+00,1.023784855963681073e+00,1.036091721985729297e+00,-4.646642575141560094e+00,1.075527923928994767e+00,7.792227094861410297e-01,-3.062453371632924526e+00,-4.130718303416880399e-02,2.894712729247816974e+00,4.894576628791935669e+00,1.372662612985469099e-01,1.019584142094962065e+00
0.000000000000000000e+00,4.865660952360388869e-01,-9.988609416181772060e-02,-1.206867705753595921e+00,-6.255379196742750558e+00,7.811832457927057050e-01,1.283757012390096985e+00,-2.700433816476858873e+00,-1.901033747771048166e-01,9.811346784822316813e-01,2.062418760211927271e+00,-7.450410477728297565e-01,1.399899349257031744e+00
1.000000000000000000e+00,-2.266086397223873838e+00,1.688560015838646011e+00,-2.702372294691448573e+00,-4.834873567836475594e+00,-1.014464902544320868e-01,-1.013558510179812355e+00,9.688853090534177426e-01,1.384115528938380635e+00,1.153121173389340726e+00,-2.291847867711701348e+00,-3.571432962511972509e+00,-5.258578330599374961e-01
0.000000000000000000e+00,3.255577774521570822e-01,3.000753342336161200e+00,2.952992377198084384e+00,-4.667926206629219976e+00,2.714956733010731149e+00,-2.170537111961825527e-01,-1.791804564156436630e+00,1.328979877110278540e+00,-1.383286706769876417e+00,3.302598053375923826e+00,-3.496127256818116535e+00,-4.264710635478371481e-01
1.000000000000000000e+00,1.366671267821242708e+00,-4.545329888842249977e-01,-3.727657292590189630e+00,-1.992687764134467354e+00,5.641747152585117053e-01,2.479178043003106957e+00,-1.519576949683966172e+00,-8.755896354280738869e-01,-7.954270020127793828e-01,-2.055914909382367206e+00,-1.290308372918379076e+00,-1.749956764841852586e+00
0.000000000000000000e+00,9.930193255357391280e-01,-1.936055351331900987e+00,2.773316053029840411e+00,2.294986127653924068e+00,1.324883892470105184e+00,-4.156241479931627181e-01,3.847933718469458864e+00,-5.351041872232037200e+00,4.279340833849546444e-01,7.179240296131246257e-01,-1.943675448364973413e+00,3.800087440211529000e+00
1.000000000000000000e+00,-9.899358556245770879e-01,5.954179829292336912e+00,-2.866298289133653032e-01,-2.991510045153549679e+00,-1.737075184116643189e+00,1.402048432397826172e+00,8.556081219940270266e-02,-3.688195094920585504e-01,4.338579293654394320e+00,-1.711535930035326114e+00,-2.238895264665708318e+00,-1.434248757376942462e+00
0.000000000000000000e+00,-2.425956612779211152e+00,2.131512476607094975e+00,1.006612343228129314e-01,-8.871677641718855867e+00,3.238674069931561483e+00,-1.799599803769942996e+00,-1.730394683275668477e+00,-1.127583761779187954e+00,2.716144831514708535e+00,5.224327991467647259e+00,-2.547617268900943532e+00,9.621924700264528063e-01
0.000000000000000000e+00,2.503719167469953710e+00,-1.067713141270981936e+00,1.108733996586704462e+00,-4.250402796128988747e+00,3.227022397963517086e+00,2.390338548694874277e+00,-2.944955384256280340e+00,-2.166260466725312916e+00,2.245886798590120748e+00,5.944269179075289955e-02,6.052488477102206943e-01,2.303992942530406207e-01
1.000000000000000000e+00,2.972086237549943277e+00,-2.806092606727166316e+00,-1.873931318964028314e-01,3.234481386858449881e+00,7.038598973488714439e-01,-2.850897062348118904e-01,1.809806245035466166e+00,-7.833876462647040295e-01,-3.857509265923320996e+00,3.272329682656544225e+00,-2.069614097587856527e+00,1.374266053676267418e+00
0.000000000000000000e+00,3.285760727090182964e+00,-1.099544316299086999e-01,3.986292403449620547e-01,2.404583961694819472e+00,-2.792582941984460554e-01,1.551437191688861850e+00,-1.585778815149673893e+00,2.261477448747043262e+00,-2.501839234301408421e+00,1.511410921391353801e+00,5.278419422720486143e-01,-1.504114726539435676e+00
1.000000000000000000e+00,-2.146852016255496487e+00,2.442354523543054934e-01,-5.823036753993319437e+00,-7.591963484267635565e+00,-2.138408827007524105e-01,5.332356914212690313e-01,-2.801676509186479258e-01,4.184531947932703666e-01,3.635855005753947378e+00,-3.338991456628981336e+00,-1.984090120738016161e+00,-4.457882772284587070e-01
1.000000000000000000e+00,3.992448028730352316e+00,-8.132047292414312789e-01,-8.947641165885016346e-01,2.328997470171272066e-01,3.299457394819618639e+00,3.324689653455382476e+00,1.025493376725593597e+00,-1.535561557122240739e+00,1.275580292882122269e+00,5.772515026866167354e-01,-1.117443830287209838e+00,-2.217790208567214538e+00
1.000000000000000000e+00,8.157076592858558683e-02,2.940761524434951646e+00,2.100791986902565078e+00,2.021755635368146731e+00,4.628303067352476097e-01,-2.072234890343653380e+00,1.058479111599565536e+00,1.782221951797837711e+00,-1.004838300571671450e+00,1.411092522609243005e+00,-2.363128265427733687e+00,-1.922317045116851197e+00
1.000000000000000000e+00,1.984847287581682718e+00,-4.368451048131494652e+00,-2.068092282967708861e+00,-8.001755742964803408e-01,2.286319171239192816e+00,4.092250310777056921e-01,2.855783679583857371e+00,-5.775660336196146716e-01,-3.104634498779673901e+00,2.660791503454076334e+00,-3.080770365837846025e+00,2.060452372180934244e+00
0.000000000000000000e+00,-2.469234232374945659e+00,1.882026903159245368e+00,1.049016094825121481e+00,3.727594833695296872e-01,1.506069930819699421e+00,-3.760412266239194778e-01,-2.792848880735685491e-01,-1.982534072389059654e+00,-3.229694121847898280e+00,-2.242352019265443364e-01,-1.635950621066027733e+00,-1.323571198182566855e+00
0.000000000000000000e+00,1.993031655312016204e+00,3.375206393409583505e+00,2.468262089253645097e+00,2.948616001142781773e+00,-4.683641315232538460e-01,-3.871291683230668745e-01,6.216904053023437626e-01,-4.889513216089969028e-01,-5.462192109201811085e-01,3.584381251538022006e+00,-2.187447541846424315e+00,-6.948080075664925248e-01
1.000000000000000000e+00,5.148203797430151774e+00,-1.293909257468667251e+00,-6.149345079084869159e-01,2.656587990354367435e+00,1.216103142192690445e+00,-5.087772636020625461e-01,4.606185647631438895e-01,-4.245674324138365208e+00,-4.076167448687112227e+00,-1.142009805483763518e-01,-6.351398841962899056e+00,6.054191861064315283e-01
0.000000000000000000e+00,-2.020070815080189153e+00,5.451130451366588581e+00,1.693550845309437225e+00,4.778463598913642585e-01,-1.414755508979491871e+00,-5.320919274509261498e-01,6.699302457854363624e-01,-3.254089657929670309e+00,1.374226298031935301e+00,5.331772652818717040e-01,-2.401535533566628189e+00,-1.794890763019001412e-01
0.000000000000000000e+00,-5.336506728312218062e-01,7.264537950183014292e-01,1.399694093796633565e+00,-9.528864295432223352e-01,2.041726329139030849e-01,-9.450037939614244209e-01,1.606503387605877187e+00,-1.203141114150085622e+00,1.234418586096155401e+00,1.269662714652805890e+00,-1.572955633781582652e+00,1.782035952267332579e+00
1.000000000000000000e+00,1.371467642456116298e+00,1.133856253074994047e+00,-2.024922588575228666e-02,5.673736018913972501e+00,-8.592680193879638217e-01,1.436469245766066827e+00,1.064699172834922880e+00,-2.150812399947925613e-01,-4.265871630060670938e+00,2.257824179068246728e+00,-5.987824431205877040e-01,-1.794084483489872373e+00
0.000000000000000000e+00,3.292246037801901171e+00,2.698978332897634669e+00,6.200369239611833727e-01,-5.877748193661857634e+00,2.101767227949180583e+00,5.604144704633852392e+00,-2.780128740043396718e+00,4.500279750197342388e-01,3.725173304247750838e-01,6.345767401642277150e-02,-2.452827861904089968e+00,-1.323325847186095139e+00
0.000000000000000000e+00,1.045179720264511225e+00,-2.392525285347354425e-01,6.340780620407440171e-01,-7.317323064673953326e+00,1.908865082491624676e+00,8.766889236864567891e-01,-3.315907244515078123e+00,-3.885454439646275349e-01,2.524157352106346508e+00,3.769298231863222437e+00,2.548639615580738926e-02,2.102149283464082696e+00
0.000000000000000000e+00,6.868444723998734514e-01,2.489228865087113718e+00,1.941933836188851625e+00,1.358166493475041037e+00,-1.173740722551078974e+00,4.872408891790540597e-01,2.546774801622992079e+00,-1.960758349238043818e+00,2.276932084868350525e+00,1.790780098417011024e+00,-1.547939533523087885e+00,1.490906747224541862e+00
0.000000000000000000e+00,8.141384528257370468e-01,-4.576084604716249338e+00,1.046188686147164759e-02,-3.971381124207403079e+00,2.010640514645635868e+00,8.199376101060744659e-01,-3.184725902440903589e+00,-9.590061482316115660e-01,-6.823494105123317777e-02,-3.519991565226328056e-01,2.530313447613732780e+00,2.410912225012598054e+00
0.000000000000000000e+00,3.478000651595380965e-02,-2.825582851169725629e+00,3.244409976277091712e+00,1.379089024291473953e+00,2.091250014168235971e+00,-1.859648097398661992e+00,2.182645829253995196e+00,-1.727314733386499102e+00,3.109560093876571951e+00,-3.485168927503481395e-01,2.009791041203096817e+00,2.051461526456938689e+00
1.000000000000000000e+00,-1.147225689014983896e+00,-8.293309784382323357e-01,-2.590181806335496884e+00,-1.096285104541656175e+01,5.113229407845483188e-01,2.343078466431785412e+00,-1.659792942881565203e+00,6.182048637394443880e-01,8.146141514019826779e-01,-1.672942727627491522e+00,-2.941945292343064011e+00,3.253915018032526696e+00
1.000000000000000000e+00,-1.191092431962569087e+00,3.205828984697765893e+00,7.375252428248961767e-01,-7.549116768087716700e+00,1.480630957483143995e+00,2.544094795586592905e+00,-4.933783421441952477e+00,-1.257221759308008391e+00,-1.694951240197965170e+00,1.243429128046576349e+00,-1.936824321725308051e+00,1.049540466266722927e-01
0.000000000000000000e+00,-1.496259950695104202e+00,4.944495701819328737e+00,4.956258882433825619e+00,2.543945135358639309e+00,6.745508003378368755e-01,-3.360157202226377038e-01,1.634426893493025279e+00,-3.263630072594492226e-01,-3.154341131067131876e+00,2.986108649593903763e+00,-2.770100357813824132e+00,-8.402985210023906637e-01
0.000000000000000000e+00,-1.400539928638937726e+00,-9.433947674320066756e-01,1.323574824347438783e+00,-1.385268903517115291e+00,1.709493785147184308e+00,-2.251375099596463869e+00,1.046922337366702926e+00,2.649652660019246042e-01,1.057114129254884238e+00,1.471685840077403329e+00,3.672982882905473367e-02,9.982178297030203096e-01
1.000000000000000000e+00,4.994531513631708108e+00,4.064996091250196453e-01,4.087702569192254165e-01,6.642714619014644661e+00,3.888794242922681832e-01,-9.951304630739289392e-01,2.528346522605528168e+00,-4.043226752690796566e+00,-3.963975370034713563e+00,-7.928015085984903010e-01,-6.558422284522348988e+00,-7.752446960933047082e-01
0.000000000000000000e+00,2.841154391030806359e+00,3.017383928751468325e+00,1.835924518920182713e+00,-1.177865698520352922e+01,1.140360377550053039e+00,3.997200123447992581e+00,-4.094011846431373058e+00,3.219628850010436416e+00,3.595007545153650064e-02,7.399336910597285044e-01,-5.063108323200805394e+00,2.124212885254106453e+00
0.000000000000000000e+00,1.896502616124133844e+00,3.694947885518951480e+00,1.533477880337689392e+00,-6.404140592185123104e+00,2.456875861695563934e+00,4.608595837672353923e+00,-1.111083363521271572e+00,1.664055084266329310e+00,-5.304840545441662503e-01,2.361871411171905688e+00,-3.834417625052049416e+00,-8.795532090956007520e-01
0.000000000000000000e+00,-1.090787668933529186e+00,-1.333495543687536866e+00,-1.609919330577432195e+00,-1.957817314572346090e+00,4.569630051167316021e-01,-2.196271599046611955e-01,7.212280185422562662e-01,1.960616909857919588e+00,-7.633672532084667672e-01,1.670368282964241224e+00,3.689913708536396442e-02,3.935864883110149481e-01
1.000000000000000000e+00,-5.298355655520206042e-01,6.832215670475795477e+00,-1.242575705724424218e+00,-3.278849031856557961e+00,-1.796114117575154712e+00,2.663016089589154589e+00,-1.818797309822901997e+00,-1.777131229565650949e+00,1.960927456374410571e-01,-3.638590731010070467e+00,-4.851103989920030557e+00,-2.292211263579551073e+00
0.000000000000000000e+00,1.200462931805932776e+00,1.074024895425639503e+00,1.350088100112850409e+00,-7.651792114997396643e-01,8.891512051709902220e-01,4.491960473246008334e-01,-7.487590579612530828e-01,1.193935954563520863e+00,-2.529127550987637640e+00,8.674408706222292986e-01,-2.266605726480500849e+00,-4.597402138227968393e-01
1.000000000000000000e+00,3.140496653265780758e+00,1.469609157375990849e+00,-1.048692752034608322e+00,5.349945501689271410e+00,-1.948649604725205542e-02,-1.064471762092175089e+00,1.424213093853268663e+00,-1.497273806351828274e+00,-6.248858293834775868e-01,-7.900686639655334353e-01,-3.120143773269647092e+00,-3.082589240323721835e+00
1.000000000000000000e+00,1.317275240013911164e+00,1.291173266847031487e+00,4.012382755271479695e-01,3.179572237173336369e+00,-1.421217477223155612e-01,-1.907970876438927821e+00,-2.334594075486349229e-01,4.224291835475717516e-01,-5.574298107488001586e-01,-5.807238908216525441e-01,-1.179749057839841297e+00,-2.183856039795820436e+00
0.000000000000000000e+00,2.420142955727206946e+00,2.047391732409864495e+00,2.279315857262824263e+00,1.171082131216724775e+01,-1.588630029229558982e+00,1.899869820530707187e+00,2.997531248108105117e+00,-2.736481549309517369e+00,-3.254914737894854859e+00,-1.141625057424798584e+00,1.852367224028048653e-01,-2.745688330459404192e+00
1.000000000000000000e+00,2.965742123678274389e+00,1.617438317348546484e+00,1.163388574086879235e+00,6.259974851085313929e+00,7.082772146327465101e-01,-8.493681599199159882e-01,1.062403133273215561e+00,-9.598182547829656741e-01,-3.372010813870175649e+00,8.241391560103986658e-01,-2.992209829862005677e+00,-2.865741136455500104e+00
1.000000000000000000e+00,3.994359279815665520e+00,4.122635784915895107e-01,-8.442752405665898685e-02,2.908320149751792538e+00,4.433105088140422145e-01,-2.404060656219327186e+00,1.890381421214624602e+00,-2.387075447164343611e+00,-1.519414696066734516e+00,-1.579804771276565045e-01,-6.372380461178883237e+00,-2.462126415388565803e-02
0.000000000000000000e+00,-1.479409137599101420e+00,6.667983721596558055e+00,1.503375266443445879e+00,-7.848610297766593469e+00,1.091947121939803589e-01,-2.652879869356540077e+00,-6.004552697310501230e-01,1.685008647993880615e+00,3.628096250007308399e+00,3.088309657335121639e+00,-5.950826471622721492e+00,3.268220910892433162e-01
0.000000000000000000e+00,3.059465384556979028e+00,1.867937242786364971e+00,1.644047882510139225e+00,-8.806741239881235472e+00,2.847656961826635857e+00,1.755532234085495080e+00,-4.803037845749979162e+00,-1.307602587599560051e+00,2.909959166492928517e+00,2.955408244697361742e-01,-2.972668083558458907e+00,7.138541859668676715e-01
1.000000000000000000e+00,3.759216953304937103e+00,-3.244990192022350062e+00,-1.776276375090631632e+00,1.376237540126110881e+00,2.039823540579050132e+00,-1.660929114693208142e+00,1.025074576443462337e+00,2.098035129917015240e-01,1.363775805496394433e+00,2.408825029766578751e+00,-6.204257497162646295e-01,-6.632609858321206753e-01
1.000000000000000000e+00,-2.795360737752770941e+00,4.912615078550432557e+00,1.839393702014311405e-01,-5.560211076380657147e+00,-1.558367409080489985e-01,2.885505136131641946e-01,-1.480449296430023098e+00,-2.099594427122232876e+00,3.155368561522855497e+00,-1.005452074484196379e+00,-2.211780758249748402e+00,-2.428319975640105266e-01
0.000000000000000000e+00,7.395372777377162699e-02,-2.240796636198679193e-01,-6.033963518519875890e-01,2.115737630167155547e+00,-5.350535200233965671e-01,1.889683405893618495e+00,2.234025046995438579e+00,-1.806138254404244803e-01,-1.812288984489737853e+00,-1.149909179542062176e+00,-6.949249028313524423e-01,-1.525165870682747560e-01
1.000000000000000000e+00,1.225546963281995527e+00,2.874246838984850783e+00,-9.155766592466922926e-01,2.658422662521130686e+00,-7.019587567934248984e-01,5.848393594306021015e+00,5.084717156415123895e-01,-3.772774855568688412e+00,5.648522833409204136e-01,-1.171023027281668849e+00,5.950119100857724774e-01,-2.252280673609599049e+00
0.000000000000000000e+00,1.197396982448815317e+00,-1.351686077552907594e+00,-6.606945465760594161e-01,-2.401353901393015189e+00,1.115103747845977988e+00,1.162046299044991793e+00,-1.925343507284674072e+00,-3.367020806898466390e-01,4.578561411081993882e-01,2.651841216134604107e+00,1.195538905835605625e+00,5.703971177698006212e-01
0.000000000000000000e+00,-8.439784516824964111e-01,4.200718639078077743e+00,-8.438805913130518199e-01,-7.040866290473931643e-01,3.858481208223064618e-01,1.312618542621373230e+00,-1.466535178397702310e+00,9.437544647098357053e-01,-3.934354084407167829e+00,1.515315296423467295e+00,-2.916449002960101566e+00,-3.367193291869763350e+00
1.000000000000000000e+00,4.249821297127864828e-02,-1.747253419904242433e+00,3.921805630727309699e-01,1.574793186291875979e-01,2.964948731607401911e-01,-1.990056221804551662e+00,7.052427493002533243e-01,1.301146284219755866e+00,-2.618004478893880105e+00,1.768502630381592278e+00,-1.306097101269179106e+00,1.497270144579275541e+00
0.000000000000000000e+00,-1.879180676674991890e+00,-2.864332973459420839e-01,1.832383738430065634e+00,-3.392299832431584949e+00,1.890738799094360267e+00,-3.444041878453738548e+00,-1.081282409709760639e-01,-1.135700532190908385e+00,1.686669117864302514e+00,-5.174017012103671043e-01,-1.475803925332555888e+00,1.644411531584888841e+00
0.000000000000000000e+00,-2.666673997024963771e+00,2.705350081633925541e+00,7.614390068990952720e-01,-2.095177417406365983e+00,6.624448270823806162e-01,-1.846880741016860172e+00,-4.017125085443458143e-01,-1.232157821467077419e+00,1.686686305937211916e+00,2.539236717146601041e+00,-5.157853889780062984e-01,-2.623011274453364017e-01
0.000000000000000000e+00,4.940375099347404930e-01,-2.464118486079674764e+00,1.974241411308571115e+00,1.518992332431865933e+00,1.355435615419779749e+00,1.444098062179013375e-01,2.742367086805534981e+00,-3.169991555269549899e+00,2.833819629191228096e+00,3.187434390562654318e+00,2.102585217762420022e+00,2.841462523911681970e+00
0.000000000000000000e+00,-1.921455803798620021e+00,1.881866640940413227e+00,1.028859251570725775e+00,-2.111820634861662160e+00,1.164649112197736924e+00,-1.977677272930050023e+00,8.037973192910814468e-01,-2.248045963790795021e+00,-1.033150969731738922e+00,3.986211560811230292e-01,-4.024820123124200677e+00,8.679492827196491067e-01
1.000000000000000000e+00,1.598767460524120221e+00,3.883851729348642756e+00,1.750359384452800260e+00,4.045456993355029063e+00,1.489406259365731788e+00,-6.869282113370189791e-01,1.270216465584137699e+00,1.480923419103298277e+00,4.110453593641427705e-01,1.424925364378933246e+00,-1.566809027189162595e+00,-4.753901492413127983e+00
0.000000000000000000e+00,-1.062747220090942690e+00,3.198696359475405870e+00,2.568465290151473290e+00,-1.637360581722219210e-01,-1.253840747679983991e+00,-2.063541204908970528e+00,1.536824836721236931e+00,-1.861148383301023390e+00,3.808893690920393205e+00,2.136710774339438235e+00,-1.128340654663720244e+00,1.871945713489453045e+00
0.000000000000000000e+00,-2.839809177819407005e+00,-3.313335615209266116e+00,-1.169040562857535104e+00,-2.805701674477429464e+00,8.749558488322397576e-01,-4.532679175015815964e+00,-6.383013983680769776e-01,-3.396412765750758123e-01,1.313869739708014350e+00,2.373307442401144662e+00,1.666564831874438823e+00,2.402506526783922070e+00
1.000000000000000000e+00,1.618811332904047440e+00,-1.652298229860356571e+00,2.782303754639777749e-01,-2.697935540684409883e+00,2.072506168787333181e+00,-2.040621461947378368e+00,-5.545794816668010441e-01,1.058600698472163648e+00,1.490791924488975351e+00,7.201238383016381750e-01,-1.248497763964878216e+00,4.802757287114065576e-01
1.000000000000000000e+00,-7.344761340323100463e-01,6.836092770525753481e-01,3.073386335539358249e+00,2.885143874063022640e+00,-8.375682221190761112e-01,-5.966509078242180131e+00,-1.774610070549513807e+00,2.943922161855908382e+00,-2.991670949991870998e+00,1.125921760299244845e+00,-4.525646290842251229e-01,-2.260611731258052037e-01
1.000000000000000000e+00,1.434761047014593505e+00,-8.753892125248297074e-01,1.534023449369332326e+00,7.994994627960380074e-01,3.009841922386323532e+00,1.083990199368393359e+00,2.350484808170612894e+00,8.021539471189177428e-01,-1.154689292536639433e+00,1.761592203364945153e+00,-1.149893635684309023e+00,-7.898523457826751581e-01
0.000000000000000000e+00,1.855329019479436514e+00,-5.175667941036599551e+00,6.595502293332154986e-01,7.269983425177458658e-01,7.678756822247403413e-01,-5.243645441848692190e-01,3.217519543815490213e+00,-8.495128259961427508e-01,1.947992669050558678e+00,-9.739186038966707315e-02,8.784151942715068273e-01,3.876368720112348232e+00
0.000000000000000000e+00,3.385643107104926219e+00,3.658910936902087574e+00,8.966791248535189718e-01,3.961370325661468517e+00,8.255366822257834691e-01,3.753029851551625384e+00,2.403012736943057615e-01,3.552849293597910574e+00,-5.034794365914538439e+00,1.741316386594589316e+00,-2.447011102607255850e+00,-5.086161634511541685e+00
1.000000000000000000e+00,4.043740422584333416e+00,-9.430185797240557832e-01,-4.340183788222478078e-01,3.314289799744289944e+00,2.087582953660863438e+00,3.191772368364476087e+00,3.004109884015924159e+00,-2.535878544666950063e+00,-4.803637779273464137e-01,-4.567240255208531163e-01,-2.237897368477631321e+00,-1.347309131440917795e+00
1.000000000000000000e+00,-7.546190669482978342e-01,3.276816725318383305e+00,-1.425643991435827651e-01,2.323321141061104322e-01,-2.136839964958715754e+00,8.446663796268476521e-01,-4.208352336923543158e-01,2.771039438666089705e-01,1.553878328410527310e+00,1.353631452852026573e-01,4.049012875584492299e-01,-8.712066734050395445e-01
0.000000000000000000e+00,-2.743739563714867380e+00,7.011187277930822859e+00,-8.400048250738039179e-01,-5.921700215269187773e+00,-3.232642015698102611e+00,-3.237983636909932628e+00,-1.024196345256925156e+00,3.321823001104791118e+00,1.030257708564356278e+00,1.110768291185626699e+00,-5.861173908107750741e+00,-4.292962966443347739e-02
0.000000000000000000e+00,6.061866263034489943e-01,3.085902262114830652e+00,4.104185612898262114e+00,-6.295907230627617590e-01,1.125256203256762788e+00,6.971525323722196354e-01,2.175244518680703898e+00,-4.823984153118855422e-01,5.691368770504442232e+00,1.556280966774333141e+00,1.794953846421596388e-01,2.071777106487447950e-01
0.000000000000000000e+00,5.898033906926998249e-01,1.037381930936194685e+00,4.018520758131503001e-01,-5.534137285458746724e+00,2.278844743835100051e+00,9.250173486924073707e-02,-3.904383915652669401e+00,-1.911275342445605929e+00,1.590311218487447054e+00,1.133112551121277622e+00,-1.003523833549648137e+00,-4.301391903250817439e-02
1.000000000000000000e+00,-4.408409004411215637e-01,-9.659167863589077641e-01,1.659052835921534852e+00,-3.347265226347771350e+00,2.036252706640294452e+00,-6.255302270679768961e-01,5.484001500247492888e-02,3.033305583658403304e+00,4.110426562526918737e-01,2.793795685758772684e+00,4.797992268186164200e-01,8.505945410848827493e-01
1.000000000000000000e+00,-1.466428274287606470e+00,2.752904217416812571e+00,1.415353477749819566e+00,1.895416316151755431e+00,-7.596413712628498072e-01,-1.079925856658583649e+00,-5.301885619987809495e-01,2.770227854498380715e+00,-2.664063430046023084e-01,2.982878310264140964e-01,1.243981394371696858e+00,-2.439055793052051335e+00
1.000000000000000000e+00,3.068094690321222284e+00,-8.821444900600208250e-01,-1.893427878192194491e+00,3.173168928660972110e+00,7.659537117265499129e-01,-1.149791864536201302e+00,7.519756918049121941e-01,-1.201989429737165160e+00,-1.674803078430192382e+00,5.605869740424656023e-01,-2.808460246533773574e+00,-1.614032025436951567e+00
0.000000000000000000e+00,-2.816012737198564153e+00,4.919959650531986028e+00,2.805090453570274533e+00,-3.574608854826749393e+00,3.058064773858855112e+00,-9.663243783449757540e-01,6.457840290938510197e-02,-4.312272277403877752e+00,-3.009403487314512127e+00,4.719647265605120268e-02,-6.897440755241589727e+00,-3.703357845625518951e-01
0.000000000000000000e+00,-1.296795346094898882e-01,4.243033583116160301e-01,2.839691395725237655e+00,1.027150230130243314e+00,7.167376854018776555e-01,-3.594654224674009857e-01,2.344722435784144743e+00,-2.364793508376569875e+00,5.699032369713653567e-01,-1.358751177858249282e+00,-1.699284777192623608e+00,1.577812055043358086e+00
1.000000000000000000e+00,-1.402942201109881326e-01,5.732996492804233846e+00,5.043483548383156378e-01,-5.717958428392046599e+00,-3.939272329731193789e-01,-1.289449382841287850e+00,-4.243579913600374454e+00,-1.839411611594322427e+00,8.827816695272481251e-01,-2.950109798997504029e+00,-5.597431286593077537e+00,-9.486728288630502659e-01
1.000000000000000000e+00,2.285254059236663249e-01,5.657264895240355251e+00,1.254492475529187079e+00,2.402726172213482947e+00,-8.305729269633121969e-01,-5.022009255487827062e-01,-1.002384803140945024e+00,-2.715922131103161163e+00,3.917195876711825786e+00,-6.463556013128672895e-01,-3.606095051827480358e-01,-3.258212730764912024e+00
1.000000000000000000e+00,-1.012687061275866274e+00,4.263883234814959344e+00,3.679856825828193845e+00,9.789732959314921823e-01,3.241469737009325947e-01,-1.513414793239319156e+00,2.705656426306007667e+00,1.937017447516326207e+00,-4.621356092836566010e-01,3.514074476045019324e-01,-3.549074486357558733e+00,-9.770258870491095315e-01
0.000000000000000000e+00,5.043681963663448897e-02,-1.783383060443922252e+00,-7.357690188250354257e-01,-1.174254788047257136e+00,7.876809740681900429e-02,-7.983534171424139236e-01,1.342468246296785850e+00,4.706449606067382163e-01,2.855712381338875172e+00,3.258146163933901551e+00,1.451569269409029861e+00,1.770937407140090292e+00
0.000000000000000000e+00,3.372720894943393777e+00,-1.535078760502133433e+00,2.011021345547543859e+00,2.604698092923289021e+00,8.144748085866241327e-01,4.409500126247412055e-01,-1.156640511426386686e+00,5.174939631121195927e-01,-1.551331394880941295e+00,9.261530353710859531e-01,8.312237829575890302e-01,-1.163779813787529926e-01
1.000000000000000000e+00,-1.296942633936989164e+00,2.576425249868092404e+00,3.089970862072402902e+00,2.240224467035063949e+00,-1.127828625565521659e+00,-3.760489492480029394e+00,-8.401568019529468412e-01,4.110390139391161490e+00,3.128548632083010261e-01,2.261878781824012918e+00,1.568487211923073943e+00,-1.364976241755604613e+00
0.000000000000000000e+00,1.425979049860700343e+00,-4.038920969708456044e-01,-2.536499216761145536e-01,1.459877953014112961e+01,-2.778054438720016783e+00,1.802648010240881504e+00,3.012297126695067995e+00,-3.195661409128249364e+00,-5.529515448923308263e+00,-3.843183381355665063e+00,1.960422116936955561e+00,-3.233616802049902095e+00
1.000000000000000000e+00,-2.186725889945506651e+00,5.005648302722914167e+00,-9.725343639011789776e-01,-2.696502339602229181e+00,-1.874608842517915264e+00,1.375249133401981849e+00,-3.084502485866769117e-02,-1.950339368612616031e+00,3.653094918602314944e+00,-2.041103544362796285e+00,-1.424515699160772808e+00,-8.072031642751039682e-01
1.000000000000000000e+00,-1.180135094152815478e+00,3.021446147139287497e+00,-1.400453020183657138e+00,-1.495786078761104365e+00,-3.131271222160839862e+00,-2.215701129422346760e+00,-2.692408458111835934e+00,3.291031483880418662e+00,-3.044498311231407683e+00,-9.963702436714083621e-01,-2.723773605375147788e+00,-8.089880538343807714e-01
1.000000000000000000e+00,3.517647722559296142e+00,-3.032239863188817441e+00,-2.185651418897554432e+00,-9.106099096968793827e-01,1.562829660292414768e+00,-2.438760536301182169e-01,-8.321106251348864280e-01,-3.545574152372190646e-01,2.515147333410606922e+00,8.662587649925865829e-01,4.370282335887043512e-01,-2.892340327419040680e-01
1.000000000000000000e+00,-3.709004593740861111e-01,3.750337214896442450e+00,3.322013967873580498e+00,4.797437380238662286e+00,-5.995915279999639580e-01,-1.972122083339114873e+00,4.887481457802151041e+00,1.488695898930573192e-01,-3.850070383672663965e+00,-3.986877390979495228e-01,-6.146859544778643603e+00,-3.128684334950677659e-01
1.000000000000000000e+00,-6.925532841910959636e-01,-6.194429330405580858e-01,4.780028179661618415e-01,-3.307677915376658340e-02,1.104491084697225123e+00,2.154135540790134140e-01,2.908341361856732643e+00,1.933665972394954302e+00,-8.813177481863087026e-01,1.487931150445444883e+00,-7.550007907445160926e-01,2.417956076457163928e-01
1.000000000000000000e+00,-1.326615177113676491e+00,2.736660728232171103e+00,-1.181785437422823826e+00,1.127118792307628903e+00,-8.000175033717951134e-01,3.576413561355128667e+00,4.702790492547272994e-01,-4.884083865495027155e+00,4.448895757986761623e+00,-6.109501201874963927e-01,2.717187065506998511e+00,-1.409569161326466702e+00
0.000000000000000000e+00,-3.365432330311258546e+00,1.450764115540151167e+00,-2.206782065272272497e-02,-3.758540263179835250e+00,1.471296163632702880e+00,-2.082172942583903730e+00,-1.375460169605389638e+00,5.991904120966162761e-01,-9.083263593382540080e-02,1.746655169538124941e+00,-4.075540838498706853e-01,-6.863902795395124823e-01
0.000000000000000000e+00,7.007283301342921433e-01,1.818134953300599488e+00,2.637321084039119690e+00,3.187215823560181516e+00,2.112759927731953091e-01,-3.537034049966938376e+00,-7.721258757074160872e-01,-1.879790770770678909e+00,1.065018132201840828e+00,5.180267974701140865e+00,2.909232929136509327e-01,-1.718980813532066110e-01
1.000000000000000000e+00,-2.222601214886740451e+00,7.386785192028187952e-01,-2.649339302334150936e+00,2.468770628870674777e+00,-1.068351080005963460e+00,1.203320737869665535e+00,1.662487789107080616e+00,8.146693035978369579e-02,-6.585288158680031589e-01,1.398495472993530608e-01,1.508622679422386703e+00,-2.027475724487720399e+00
1.000000000000000000e+00,2.482786805386480111e+00,-1.055417254852156539e+00,-5.628887723007498955e+00,1.497017954221352198e+00,-1.243834192315623310e+00,3.607878611679010028e+00,1.259497934989095569e+00,-3.444279554311872715e+00,3.565055991665759816e+00,-4.985184924125107386e+00,1.238199280980880612e-01,-1.833578609317544572e+00
0.000000000000000000e+00,-9.555889404106128193e-01,-2.475326086936042280e+00,2.142169712950773075e+00,-4.146816219322518871e-01,3.318650754980275064e+00,-1.152330800980851055e+00,1.274416785120789264e+00,-1.931724642594339070e+00,1.616404803282629032e+00,2.118182491924757382e+00,1.800199550890788647e+00,1.254580844480794211e+00
0.000000000000000000e+00,4.198722722634377069e-01,2.457431852606131617e+00,4.031852703474575250e+00,2.955031905404382098e+00,5.187443992728779651e-01,-1.020997146513766385e+00,1.071085294600718996e+00,7.649991493110319674e-01,-2.441113738140003431e+00,3.784321562642337433e+00,-1.503255778275673915e+00,-2.581515957473443645e-01
0.000000000000000000e+00,-5.906006355170005939e-01,-8.638689004059479926e-01,1.149140175299329103e+00,3.186049671678273576e+00,1.140755526745532489e+00,9.518547483981526502e-01,6.333559906888173163e-01,-2.203834211418628009e+00,-2.770950131149235052e+00,-6.972446537058345495e-01,8.174178588006268953e-01,-4.969808093205385635e-01
0.000000000000000000e+00,1.595555068423850198e+00,-8.455191372207850400e-03,6.275203476336176145e+00,1.112462899223429114e+00,2.351268570882060871e+00,-1.425921442959804386e+00,3.705244118188633529e+00,-2.810360466940152513e+00,3.344063407133321064e+00,-3.535195507499831358e+00,-2.652187299398686804e+00,2.495077414069774679e+00
1.000000000000000000e+00,-2.933275723162890980e+00,2.672642972138613793e+00,-1.431405888418225691e+00,-9.744557500137499773e+00,4.591733677867988472e-01,2.682104207326427847e-01,-2.557825878617610904e+00,1.448274683904554827e+00,1.333393718875752532e+00,-3.552008453308264091e-02,-2.584008425185505775e+00,6.906870091829084846e-01
1.000000000000000000e+00,-8.201021048714383088e-01,-2.366847505126942419e+00,1.008084153000629701e+00,-4.027539038010589323e+00,2.205224012026142599e+00,-2.403104503875407083e+00,6.602443040325794987e-01,3.433919162745231457e+00,2.332113195431167352e+00,1.111541169828754505e+00,7.238056544237383427e-01,1.279217041657054299e+00
0.000000000000000000e+00,1.487056416376528301e+00,-1.344949023747976868e+00,-2.011502531971453234e+00,-3.058824284165730045e+00,6.727932295556846576e-01,1.072501993269267206e+00,-4.269923834169645716e+00,-3.643259455778505185e+00,2.383181335017934721e+00,-9.096718728632646744e-01,1.585484987890389608e+00,2.183057793437921390e-01
0.000000000000000000e+00,1.767971957197651101e+00,2.108743338262124123e+00,1.512684461363586141e+00,-9.656952021680381693e-01,1.764010761998203280e+00,9.460064253175396454e-01,-5.330457485745342394e-01,-3.417879844703503034e-01,5.786453017527337650e-02,2.555750447016343241e+00,-1.914275303387674931e+00,-1.118470228662209465e+00
1.000000000000000000e+00,-2.483936812300738595e+00,1.615939208680124084e+00,-3.449564694973584089e+00,-1.613608415030330367e-01,-1.465710686568423515e+00,1.049328847348834692e+00,2.546038630297720484e+00,-1.736669649163421481e+00,1.816223506925804587e+00,-3.111715016143881574e+00,-1.113831643620177170e+00,-1.001003226895578413e+00
1.000000000000000000e+00,-3.192994478829558780e+00,2.517692732102531306e+00,-2.977698190000341860e-01,-2.605965849138358603e+00,-1.906433737753433721e+00,3.137159735451722220e+00,-2.387557897924330597e+00,-8.273338911560768061e-02,-1.053864382113799181e+00,2.590316758533959707e+00,2.681988574562963024e+00,5.856112847829724188e-01
1.000000000000000000e+00,-9.325979544031209878e-01,2.229939502511326666e+00,-4.335646775091928085e-02,-1.173506700451175888e+00,-2.834082428516838004e+00,2.612322774076391241e+00,-3.455730733957237621e+00,-1.207588007936732044e+00,-1.325747052409362858e+00,8.025449758645379905e-01,1.646011454279229014e+00,1.005065412153378190e+00
1.000000000000000000e+00,-1.317894269338417690e+00,5.351650807815802047e+00,2.131713702264952381e+00,5.799482836152845877e+00,-3.127962708404726566e+00,2.093537492070821848e+00,1.111311496635498663e-01,-2.207253861031053255e+00,-1.005784463587959809e+00,9.767710702885226137e-01,1.501420225811202158e+00,-1.704748234942471630e+00
1.000000000000000000e+00,1.718273076040245817e+00,-4.699478660843609545e-01,6.950799867510331076e-01,5.542235786515957718e-01,2.156196713786867392e+00,8.102425129679047267e-02,3.795207726953488514e+00,-6.438875118472120462e-02,1.115517895462516229e+00,-2.211319971549898789e-01,-2.878305498698622955e+00,-2.312221357472944439e-01
0.000000000000000000e+00,-2.492340800501693376e+00,-1.896849997439943536e+00,-2.584324788101981518e-01,-6.895246834828080651e+00,4.537357407236283890e+00,-1.489223096050828810e+00,-1.264524766392839172e+00,-3.889501320472938950e-01,1.104182549315428696e+00,4.222253675303081266e+00,3.608742291332689422e-01,8.678683296614281284e-01
0.000000000000000000e+00,-3.314053389003706940e+00,1.990001360316954848e+00,-1.818235209634266880e-02,-4.511031702931123100e+00,2.490023392465959162e+00,-1.243894190233294283e+00,-9.942124676141601558e-01,-1.979898120537962214e+00,-1.004602387370479466e+00,2.859775027259672697e+00,-2.282390609813525373e+00,-2.228392890445807240e-01
1.000000000000000000e+00,-9.082814388291029495e-01,3.116477750849554695e+00,2.400415901887461789e+00,5.858474470190455641e+00,-3.435942126768265492e-01,-1.844091267717986593e+00,3.041310299682215224e+00,2.137100787466524210e+00,-2.335725214446545905e+00,4.480506252213501961e-01,-1.474608873545106391e+00,-2.796215443139532741e+00
0.000000000000000000e+00,-1.301400995457103082e+00,1.176124856799655394e+00,2.373552811769584991e+00,5.748975954297286944e-03,2.204333064206408732e+00,-5.391312474090106388e-01,-7.420325208537836836e-01,-2.656482648964834326e+00,-1.762188593334157005e+00,-2.528541377684969671e-01,-1.115548870418828109e+00,-5.493306810834015508e-01
1.000000000000000000e+00,-1.613680386004855416e-01,-2.552496458227986320e+00,-3.080334405977858570e+00,1.393190254027576735e-01,-7.261983860951667369e-01,5.608799803685730723e+00,-4.331071712091264514e-01,-5.439150753324284437e-01,-3.545512420334621773e+00,9.991476784713315684e-01,2.927289685652863849e+00,5.173080361082391665e-01
1.000000000000000000e+00,-1.358152784360598719e+00,2.428917454136600540e+00,1.357930027040702647e+00,-1.225194543945476028e-01,-6.278898949063832502e-01,-3.123305421256870051e-01,-6.433656826960801878e-01,-4.518592355455377518e-01,2.735611323853475163e+00,2.010489405560874854e+00,1.912363061875276937e+00,-3.002021730226501761e-01
0.000000000000000000e+00,-4.299225248803780763e-01,9.325858389815835370e-01,1.505922973477562099e+00,-3.066221813080741043e+00,3.179935619957234838e+00,3.339560299523285369e-01,1.235343035000009859e+00,-1.767730590157380099e+00,9.233466203754833179e-01,1.335259631461132912e+00,-2.505292060303503376e+00,2.202489775496047075e-01
1.000000000000000000e+00,-6.841337470062773818e-01,2.116118688652384616e+00,1.447490062634191776e+00,3.432386865573306078e+00,-1.781624765598669446e+00,-1.335113502265169227e+00,-6.189813389791354314e-01,4.706601042489697573e-01,-1.582120555202922496e+00,1.333074858179257749e+00,6.366324298814238780e-01,-7.332103032440290269e-01
1.000000000000000000e+00,-4.343249637815731479e-01,1.753695006681421642e-01,2.882595793626680170e+00,3.481018861933532715e+00,1.930835364848672242e+00,-6.138829986497882363e-01,4.096792667994515469e+00,1.890155302469437748e+00,-3.336277821050114945e+00,1.734129291491275371e+00,-1.816963226965693012e+00,-7.210173560865933418e-01
1.000000000000000000e+00,-3.886283449587918382e-01,3.393921926338077988e+00,-2.210690826428236111e+00,5.476438652766494997e+00,-3.326325492602891565e+00,2.154150524130533206e+00,1.439411472117055446e+00,1.105323890911183327e+00,-3.123363742091060047e+00,-1.372300741220108034e+00,-6.703962602005220095e-01,-3.343407136433270921e+00
1.000000000000000000e+00,2.559404237186658104e+00,-2.395492026709073574e+00,3.538376891882011321e-02,9.793599868559529353e-01,2.151404241772526316e+00,8.572364173878541660e-01,-1.910416743844632670e+00,1.727677744184686670e+00,1.572488244605347862e-01,3.625016975968846644e+00,3.536701202147837009e+00,-1.654549957003534910e+00
0.000000000000000000e+00,2.415595848872724716e+00,-5.001825834307158658e-01,-4.872832967935201154e-01,-4.859470266263942406e+00,9.002208168810633682e-01,7.845150246895407076e-01,-3.761159746746195687e+00,-3.068820552022755166e+00,3.279665819241921909e+00,-9.157955933727635056e-02,-3.252578322096405516e-01,1.457559755484791442e+00
1.000000000000000000e+00,-1.687219031886503462e+00,6.801832228006568393e+00,4.237609911866928591e-01,-2.226627392206427025e+00,-1.746803085304683645e+00,-2.650489123433506844e+00,-3.198433190555985739e+00,1.944079486608299323e+00,-1.216304424634089276e+00,-7.420623259855758658e-01,-4.201504956189356932e+00,-2.835714980213757563e+00
0.000000000000000000e+00,1.327159139881953775e+00,3.227707010831117884e+00,3.147402645497404006e+00,2.812880044379698852e+00,1.070212690001377753e+00,2.133349998516322898e+00,2.382671553921693608e+00,3.263604739500950203e+00,-4.216535954285717480e+00,4.476098091616815822e+00,-2.435048250218045496e+00,-1.989014366343173190e+00
0.000000000000000000e+00,-1.552508404870916792e+00,2.563602891813446583e+00,1.921756717487209887e+00,-1.388134114110641359e+00,6.811790513142671477e-01,-5.724907014827749219e-01,-2.327793316119108891e-02,2.330826651295958563e-01,-1.910145878555478571e+00,4.062370332568772113e+00,-1.777318738361949091e+00,3.316050246247499445e-01
1.000000000000000000e+00,-1.353848438755656414e+00,-1.479716330231989119e+00,-4.747818933554612819e+00,-4.596644185256987925e+00,-5.578635027014356984e-01,4.005288831022786766e+00,-5.011614896619223991e+00,-4.694126631474672351e+00,7.713923834051250594e-01,-7.765176883063887869e-01,3.559384939620872323e+00,5.454950914114586880e-01
0.000000000000000000e+00,-3.118690566173142997e+00,3.574257155712958323e+00,1.573415567898377443e+00,2.619878571168604342e+00,9.108926349971112613e-01,-9.134010198761870480e-01,3.136048079359918805e-01,-5.843551224574548897e+00,-8.548218785706951373e-01,1.043591401856526213e-01,-1.105884583351771644e+00,-1.423535907893800134e+00
0.000000000000000000e+00,3.423410328767224620e+00,2.465440438787018351e+00,6.973907820801470425e-01,2.716939409939178596e+00,-6.739084085895874487e-02,-6.837423792278727319e-01,-1.607692853587349813e+00,6.852686295833343433e-01,-7.975241523894152085e-01,2.242146401704900427e+00,-1.710234451401792644e+00,-2.606818705545906667e+00
1.000000000000000000e+00,-4.683730874038597669e+00,3.073757357567448167e+00,3.948441494571681254e+00,-2.732845536656121066e+00,2.428473447646900540e-01,-4.538169080831067959e+00,-1.280564702305454272e+00,5.983026004946149889e+00,1.827872114540076698e-01,6.903403605916036412e-02,8.558753212286605017e-01,-1.023816117836609640e+00
0.000000000000000000e+00,-1.854977419460056787e+00,2.008816673834599165e+00,-2.033989311054777982e-01,-2.924512028477868064e+00,-1.305516146858290760e+00,-2.736442908510558158e+00,5.393927831599498735e-02,3.862214337187559465e+00,2.286630448949732219e+00,1.030074261034171546e+00,-6.119588747132885809e-01,1.468701565889818372e-02
0.000000000000000000e+00,1.224271720436559185e+00,8.058136378607829720e-01,1.000452567316433061e+00,-2.043716757417188001e-01,7.270104537513498721e-01,-2.743477815734050029e-01,-1.523245968537969564e+00,-1.838592935524326677e+00,-2.326079488569888776e-01,4.534335074766455698e-01,-1.149100937426870361e+00,-1.043264413326515649e-01
1.000000000000000000e+00,6.130688759423448264e-01,4.183448972854518111e+00,1.590717401629347494e+00,6.258263588543084843e+00,-1.213565351699126271e+00,-1.523822174450181421e+00,1.938860384985419349e+00,5.629661950992600472e-01,-3.481438209704580178e+00,1.331111688364176704e+00,-3.352628348736321318e+00,-2.774627487799158576e+00
0.000000000000000000e+00,3.625058243863279461e-01,-3.316664053199084083e+00,1.345479942746371060e+00,3.389163245400359958e+00,-3.886915556075010159e-04,-1.585591820326318624e-01,2.716973397868438056e+00,-1.210638863421563904e+00,1.695407484403008702e+00,5.506316048502417626e-01,3.107522051300830590e+00,2.229234080018859920e+00
0.000000000000000000e+00,1.160862873995872624e-01,1.911279026663843084e+00,2.801108978073407307e+00,-2.737149446368279726e+00,1.827649256780906839e+00,-3.373237291072395116e-01,-3.621304493229540178e-01,6.968544595957946175e-01,7.671116478577566511e-02,5.402932118491955649e+00,-1.330369706174648670e+00,7.355730634801469492e-01
1.000000000000000000e+00,-1.056871365735350565e+00,3.209627251400584136e+00,-1.115452324814447893e+00,-2.209552903866204066e+00,-2.608607781935501357e-03,1.756563005614335760e+00,1.223043155928489778e+00,-1.163028963998087306e+00,2.287100802648910580e+00,-1.713376741504506917e+00,-2.146199050046946333e+00,-1.305513705050373341e+00
0.000000000000000000e+00,-1.962573013149171430e+00,1.500930070545454242e+00,1.325959251693230367e+00,3.546983237560046742e+00,8.099705182872480869e-01,-9.881744844041675524e-01,-3.843855596493436222e-01,-3.771574083520812692e+00,-2.714488975972777496e+00,-1.122974894059630468e+00,-3.511076772793138012e-01,-1.558889249026593316e+00
0.000000000000000000e+00,-1.090000591811389530e+00,-7.560869465408568413e-01,2.640904022858975297e-01,2.203852864386743882e+00,-3.590292527776068887e-01,-3.546750717734635794e-01,1.805382832749887756e+00,-2.057033016241785361e+00,-1.555738139313477042e+00,-1.231110010702344937e+00,-5.803839681711323584e-01,1.053458249743730146e+00
1.000000000000000000e+00,6.218074784439338032e-01,5.016450471245778253e+00,7.928597370215273443e-02,-3.175734207887030980e-01,-2.076169060375243181e+00,3.632571163374576528e+00,-3.139459080997587748e+00,-1.998200243627416439e+00,-8.512946275718507039e-01,-8.019697730333712471e-01,-9.391531402504469384e-01,-1.656750551727670384e+00
1.000000000000000000e+00,1.963910640789150008e+00,-2.519599661099508836e+00,-1.130792832957718819e-01,-3.106272163179358836e-01,2.557432916592628835e+00,1.313857207648161385e+00,1.313620787945473545e+00,6.652432415919418141e-02,-9.143781516437992085e-01,1.446579684504799346e+00,-6.121333715373225015e-01,1.762903562309743322e-01
1.000000000000000000e+00,-2.988771327373459741e+00,3.746212662825083139e+00,-3.132655353822555444e-01,-4.770228149467598655e+00,-3.365680199509595294e-01,1.892304015928931271e+00,-4.213013192490049352e-01,-1.227935892913814442e+00,1.449655952791477631e-01,-7.294459791438210328e-01,-2.288091951919958067e+00,2.284048651671586327e-01
1.000000000000000000e+00,1.853805434912419781e+00,2.295587131947888437e+00,-9.522602917493911967e-01,6.871659716687744890e+00,-1.886022594168728084e+00,1.666823246856843355e-01,-3.081349792223786466e-01,-5.289321947091840670e-02,-3.290568016042526356e+00,2.418664872150862344e+00,-1.757642554717668837e-01,-3.269582983106165575e+00
1.000000000000000000e+00,-6.512513231498977540e-01,2.555465635705746585e+00,3.908436718798383058e+00,4.308080819841937803e+00,-8.775938221817070062e-01,-5.001931040466664591e+00,2.513301604343430862e-01,1.722013134336757734e+00,-4.507628017381438035e+00,5.116631915653535589e-01,-3.250719832307604307e+00,-4.762512947543944275e-01
0.000000000000000000e+00,1.137048362766152731e+00,-6.363805232513406906e+00,2.102969505529105554e+00,4.373418655795255461e+00,2.498270021286499887e+00,-5.900510876541031902e-01,4.181515311549824254e+00,-1.699974318583160393e+00,6.790551862482812062e-01,3.397490800843213643e-01,3.115468964971611854e+00,2.628968328818777955e+00
0.000000000000000000e+00,-3.900144065873006882e-01,-2.819158814678902836e+00,-1.796685890406756858e+00,-6.310237565424630102e-01,-1.069259299609960134e+00,-4.379382890856466926e-01,1.194031476196040886e+00,-3.589786059016947029e+00,1.588118082716546198e+00,4.272874785567260858e+00,1.206751540427400737e+00,4.225280670339061295e+00
1.000000000000000000e+00,4.982216005993380659e-01,-9.934772487935737972e-01,1.061338558303216439e+00,3.506637524465287648e+00,6.765856698470964492e-01,1.176861192313896076e+00,3.516429112637954990e+00,1.447329446558738297e-01,-1.552640543747493274e+00,-6.255948030343152499e-01,-3.763817148487559328e-01,-1.291907042518873894e-01
0.000000000000000000e+00,5.092484484737935801e-01,2.932810478862437176e+00,-4.713031323480785240e-01,4.562201059346056020e+00,1.387738087799017528e-01,-1.214432224599940380e+00,-1.725672063277119417e+00,-1.953709187060965302e+00,-1.766101215280194481e+00,1.007639060230711703e+00,-5.574415087926118950e-01,-4.130509612789909468e+00
0.000000000000000000e+00,-1.880418736291516124e+00,3.225367040674732344e+00,-1.171292155401804091e+00,-1.338121717856157744e+00,-1.310202738628538199e+00,4.602580502208144519e-01,9.399993805267581326e-02,8.708623045803125517e-01,1.521053176326449652e+00,3.657543676899523533e+00,3.958095693549164018e-01,-8.695586168167150909e-01
1.000000000000000000e+00,-1.872961362416179387e+00,5.797248625229720176e+00,-5.667041573927753539e-01,-4.757236121631794212e+00,9.839617310610466738e-01,1.657696193903861026e+00,-1.128395029182931442e+00,-3.872109230538030467e+00,4.853722582375492145e+00,-1.853125482998258189e+00,-2.300708862695730161e+00,-2.305033205960820730e+00
1.000000000000000000e+00,-1.304488854703946377e+00,6.423934085304420449e+00,3.908021477993190995e-01,1.859598812256737510e+00,-1.704604796688777846e+00,4.770740072011163679e-01,1.152986971060241395e-01,-5.839960667146995021e-01,1.234338417179313252e+00,-6.583111378949996206e-01,-1.495555119368577213e+00,-3.400818064351180503e+00
1.000000000000000000e+00,8.533134326259506075e-02,4.819498912522306000e+00,6.223093663393370889e-01,-1.938950800854314094e-01,-3.808405233376868093e-01,-3.823617901134376496e+00,-2.769350522290106031e+00,-2.227122947117762486e+00,4.175314357437141410e+00,-1.658650929514440264e+00,-1.941335116611958567e+00,-2.744964298796469748e+00
1.000000000000000000e+00,1.103520973919883019e+00,1.237418281732305170e+00,-2.632701186052294862e+00,-1.987811050339735930e+00,-1.361051914853707911e+00,-6.711222021933238580e-02,-1.412857264274275160e+00,1.676131201551764427e+00,-1.133008099392291967e-01,-2.173202606233223921e+00,-2.452609777004017388e+00,-1.222589375219614194e+00
0.000000000000000000e+00,-1.191129454647544161e+00,3.438427020099668052e+00,9.456359624253239948e-01,5.206967921026707025e+00,5.920612996418816998e-01,-1.260154579543026898e-01,-1.647100604289345460e-01,-4.249138787097413328e+00,-2.229080679646500140e+00,-8.241899981068476766e-01,-7.803575957319726086e-01,-3.477938978746652587e+00
0.000000000000000000e+00,4.367296774735114795e+00,8.688910760427746016e-01,1.062354099472412994e+00,4.072683459124142313e-01,-5.268795102079788517e-01,-9.103643727858397039e-01,-2.077100795180166770e+00,3.710108516233606935e+00,-1.352993500685985007e+00,3.667420721132288008e+00,-1.699943421013449196e+00,-5.922947817241388524e-01
1.000000000000000000e+00,-3.307612089250804743e+00,2.101246405307072074e+00,-3.137176817158658926e-01,-1.771713568267948347e+00,-2.953709776943265197e+00,1.361580976380226016e+00,-5.785915422049787704e-01,6.741426323156263223e-02,-7.618639150524437742e-01,6.612045790364873277e-01,1.009318262693831070e+00,1.736539274926003795e+00
0.000000000000000000e+00,-8.873767791951563400e-01,-1.924555720552038940e+00,1.363546537628954614e+00,-1.953053312302997613e+00,4.868899700866787805e-01,-3.298137460757305295e+00,1.033412943261824202e+00,-1.338406026085987133e+00,1.471014827756543575e+00,-5.571362098129042373e-01,-1.272826498473560441e+00,3.433744262301755779e+00
0.000000000000000000e+00,-1.381429144462148484e-01,-4.053134247357327524e+00,5.659288057942535310e-01,-4.255180386690720518e+00,4.561546068043823787e+00,-1.132040044398401335e+00,1.184799503196986681e+00,1.041024319650046159e+00,-4.174880416436033137e-01,8.226225204014869785e-02,-1.264566899372170816e+00,1.271459034635617602e+00
1.000000000000000000e+00,1.195600659445891445e+00,3.029505018953969842e+00,2.143321688787695134e+00,5.263028798725401636e+00,-5.814484088036686593e-02,9.424633165901230569e-02,2.224352214807995498e+00,8.981759763116153872e-01,-1.978709880520633790e-01,8.541870164592403336e-01,-7.084739854957484706e-01,-2.845905106959856212e+00
1.000000000000000000e+00,4.100868304146728427e+00,-3.087174591991532324e+00,-2.657907050455581732e+00,4.282230987790279220e-01,2.440430138867084597e+00,2.506350586803853808e-01,-2.037687088255948353e-01,-2.988450823624073660e-01,8.885789308233977835e-01,2.892765482688906431e+00,-5.861684820566825938e-02,-1.355347172790438037e+00
0.000000000000000000e+00,-1.102850002079873049e+00,-1.361227029932142729e+00,2.287791635707017157e+00,-4.704335289526855313e+00,5.984898504838599642e+00,-5.238526776031068311e-01,5.159185428951302832e-01,-3.650205993004351779e+00,-2.069478849037555968e-01,2.293590410876443109e+00,-2.354909861037510321e+00,1.195022394424841705e+00
0.000000000000000000e+00,3.165536461900209542e+00,-1.122778457560583476e+00,7.027013375977853027e-01,9.152098700300623779e-01,5.116835235218974987e-01,1.177225767700339487e+00,-1.162639141475622306e+00,-4.559642416966085410e-01,-1.751217782131756495e-01,6.910466501664673800e-01,3.819242309287438353e-01,1.717733031005286293e-01
0.000000000000000000e+00,-1.605686420715648488e-01,2.143763031837675748e-01,1.984367566555809148e-01,3.246310175120495689e+00,-3.734095783676170122e-01,-1.557911401108720284e-01,-7.270107622403393366e-01,-3.346933183342947427e+00,-1.529134361210864324e+00,-1.807429419612832877e+00,2.199893664934977622e-01,-6.044866190486667401e-01
0.000000000000000000e+00,-3.896179624366438166e-01,-1.224125731130183636e+00,2.560622559914024876e+00,9.688589486757366309e-01,2.442044924302046116e+00,-3.423071600459743902e-01,1.955253618012370964e+00,-9.571135076880136205e-01,1.678425780666657818e+00,2.250486466541147257e-01,1.342120206150724471e+00,3.110820261872641046e-01
0.000000000000000000e+00,-1.520338656106119624e+00,-2.611347570487086767e+00,1.739399211634501619e+00,-4.177790584861355683e+00,4.268739956988413908e+00,-2.681588671481574870e+00,6.463420148478622451e-01,-2.571410678934542560e+00,3.148381664814570158e-02,1.525741027029708263e+00,-1.914416146280957909e+00,2.582346380822711840e+00
1.000000000000000000e+00,-9.609770850932087827e-01,5.157832961057865262e+00,-2.263405942779155744e+00,-1.703275989847464089e+00,-1.976364889447852491e+00,1.126222718881423113e+00,-2.363661902185070218e-01,-1.388466114013487074e+00,1.677027835255600730e+00,-3.782493286518273656e+00,-3.569200041815344004e+00,-2.248835967454620999e+00
1.000000000000000000e+00,7.674884385962028599e-01,4.056406194709527568e+00,3.540501789846390857e+00,1.422201246274240605e+00,1.212675403997904633e+00,-8.474735883713665485e-01,3.858197168279560163e-01,1.508344312052557701e+00,2.079143454765687071e+00,-7.294097852563725670e-01,-1.131334959615933222e+00,-3.034897182823231176e+00
1.000000000000000000e+00,-1.440674887105194646e+00,2.181322179165954722e+00,-1.816829419314067273e+00,3.852091673808218791e-02,1.358256586095332175e-01,1.328027179265704572e+00,-5.098703321315674053e-01,-7.992071401172625711e-01,-1.315253249815664827e+00,-2.777156353213808826e-01,-6.144907298734774148e-01,-2.536729555786743973e+00
0.000000000000000000e+00,-1.045009107652493885e+00,2.804293392006689700e+00,2.197652751795086346e+00,2.704512044868513154e+00,-1.466892034389046806e-01,-1.089750684077610554e+00,6.279474926244337230e-01,-3.654777180838562067e+00,-2.624286730604983298e-01,1.949621469220581105e+00,-1.020449375876308018e+00,2.644110445437686252e-02
0.000000000000000000e+00,1.613460501849693252e+00,1.578945325529056420e+00,3.286063548105254473e+00,-5.015725295063667488e+00,1.821964976149266446e+00,2.145320556627368092e+00,-1.601690558776137197e+00,-1.227446993605711079e+00,6.243049639307824972e-01,-1.522244467036180104e-01,-2.614267347226416849e+00,1.789601477880243596e+00
1.000000000000000000e+00,4.102905373840188830e+00,-2.833935337758446416e+00,-1.592263949140688251e+00,6.562813752164379011e+00,-3.962389309302678519e-01,-2.365187214397599824e+00,1.764192293161402025e+00,-2.500391510625875835e+00,-6.607084391235691356e+00,2.581715394864014357e+00,-4.706542535017128159e+00,8.828017238507499531e-01
0.000000000000000000e+00,-1.234833580754521432e+00,4.083906034532982510e+00,1.186002783081063994e+00,1.782794921483915163e+00,2.365002904006618945e-01,-7.755078615865846903e-01,2.363797916093099971e-01,-2.326851082318713848e-01,-2.439198646737004150e+00,3.264518203354425996e+00,-2.157434876212834141e+00,-2.141762716258837962e+00
0.000000000000000000e+00,-2.270050745695675332e+00,3.041847442981317595e+00,9.157597865350151078e-01,-3.758098606360058547e+00,-8.811410006910458392e-01,-3.001638793599533450e+00,-1.380371662380378783e+00,3.731477979767952036e+00,5.581394469939158220e+00,1.839193171144305694e+00,1.854459800782873202e+00,-6.816633249486405699e-01
1.000000000000000000e+00,6.780664921425261227e-03,-4.199382892043858284e+00,-9.519079304376709683e-01,-1.560265204909636605e+00,1.630982825708431783e+00,-7.262409022652891455e-01,-2.113632408815411257e+00,3.450843108205730481e+00,-8.441965579734611591e-02,3.334125870125104640e+00,4.638239297263646144e+00,-9.470198330851276047e-03
1.000000000000000000e+00,7.972140772247593432e-02,4.377848266339690042e+00,7.860657971192581694e-01,3.261569774379790232e+00,-3.181591960092224003e+00,-1.192793618315425963e+00,-3.697793154505960800e+00,2.004651574605905928e+00,-4.550219319685247399e+00,8.820978417372631331e-01,-8.642682964810923796e-01,-2.430205231927955456e+00
1.000000000000000000e+00,1.963516522483336857e+00,3.728284738866158854e+00,1.404513865709512421e+00,3.732623987292214895e+00,8.590083174653873055e-02,-2.386049137706873324e+00,-1.089374626355374964e+00,7.010884012327933679e-02,-1.432626908011326972e+00,9.334135886493499790e-02,-3.067271180335790159e+00,-3.495503639580055832e+00
0.000000000000000000e+00,-2.851115303585705085e-02,2.075135302484148792e+00,4.424928802002362715e+00,-2.566926551452155050e-02,1.038480474679542409e+00,-7.770896058881797686e-01,2.160142904311385337e+00,-3.351292871332971490e+00,2.371439989041135732e+00,-1.042537159671057090e+00,-2.537813651368977297e+00,1.922713075864221910e+00
1.000000000000000000e+00,-8.873863180920493754e-01,1.821759268103233298e+00,-1.605228144415161484e+00,-2.426903668036301254e-01,-1.722701438726701006e+00,-1.042706209678455842e+00,-4.033313172436871596e+00,-1.900566455016010181e+00,-9.494019776280149259e-01,-9.686010628073434825e-01,1.507428872432914346e-01,-1.078429499493644528e+00
1.000000000000000000e+00,-1.890951437245275812e+00,5.987245033967949936e+00,-3.370366856743941542e-01,-1.884436347503069653e+00,-2.387905647570285339e+00,-8.040876729466379658e-01,-2.967355663547675881e+00,-1.591674852971239007e+00,1.993132037117125943e+00,-1.529932785334855883e+00,-1.601043123117245504e+00,-1.705899480546344993e+00
0.000000000000000000e+00,1.109155159695409232e+00,8.076885314078688927e-01,2.663699916848819349e+00,-5.808388887733118011e-01,4.848427680841982390e-01,-3.555619618777651203e-01,2.163961189345900316e+00,3.154977831938260202e+00,5.285794036976200871e+00,4.179331752474835238e-01,1.166129985463598473e+00,3.078106698217464299e-02
0.000000000000000000e+00,-2.293395734247666518e+00,3.386488380766588868e+00,-1.626215043330744070e+00,-1.765678397226889240e+00,-1.290451860429290498e+00,-1.519403118440144640e-01,-2.456592354329136807e-01,1.904026235069240514e-01,-1.797165819216260729e+00,1.005458199262724062e+00,-2.714808183590665447e+00,-8.230186687927183442e-01
1.000000000000000000e+00,-1.221943281166695705e+00,4.344996717000756625e+00,2.578555890122264049e+00,2.680139946457668287e+00,-1.603175802833452845e+00,-3.405641175967086820e-01,1.681673068601175380e+00,1.014532041124092565e+00,-3.108108797172759452e-01,1.070304961806636701e+00,-1.045302424327047230e+00,-9.268575251240481760e-01
0.000000000000000000e+00,-1.891876688108451443e+00,7.881643947317438226e-01,1.132582970732571859e-01,-5.243503849203446698e+00,3.010245294734098298e+00,3.398479925602897467e-01,-2.747776355749880217e+00,-3.185023195683602371e+00,1.000748384395888202e+00,1.541235881465250701e+00,-9.235467518298079437e-02,-1.145689828631364371e-01
0.000000000000000000e+00,5.977449330674771133e-01,-3.226981246199415398e+00,1.922413243465309618e+00,-1.083112960247008205e+00,3.802895363480764512e+00,6.042593435943128810e-01,2.959773124726374327e+00,-2.529306496128250537e+00,-1.641925791484706298e+00,5.284940035252596591e-01,-2.288717849056405296e+00,2.513607206396288873e+00
1.000000000000000000e+00,2.844270847557606174e-02,3.877825983196454995e+00,-2.203560534655029102e-01,1.734017340654763650e+00,-4.633795857833051812e-01,1.111922885880437084e+00,2.283204292604775976e+00,-1.026617947353541949e+00,1.028134854298607737e+00,-2.099014730359193059e+00,-2.859095044174143396e+00,-2.419258511660936861e+00
1.000000000000000000e+00,-7.920430369340871746e-01,4.991895643233046798e+00,-1.692940473579988003e+00,-3.024986604041845606e+00,-3.638318258790852466e-01,2.283845868169291471e+00,-2.198129675323886811e+00,-2.401905447563348783e+00,8.813031078126363216e-01,-2.259535912804056856e+00,-2.674175034562920494e+00,-2.634115669124255987e+00
0.000000000000000000e+00,-7.489092569274520272e-01,2.326432988673851732e+00,1.903441971056256454e+00,-2.438510055847365798e+00,1.609088320979057851e+00,-6.498809822349698173e-01,1.752411054386810108e+00,-2.061726907435044609e+00,9.975773731613628570e-01,1.358644197109569296e+00,-3.754866736371890390e+00,1.007479789417066396e+00
0.000000000000000000e+00,-8.464556192822425551e-01,3.479383449058441879e-01,-1.598193367013847066e-01,3.287006788753389142e+00,-3.694239595857973235e-02,1.734921690552828188e+00,2.108143383251661174e+00,-2.298625757957406535e+00,-3.068734912590034281e-01,1.927549452451443157e+00,1.431335643681129532e+00,-4.377608427681460856e-01
1.000000000000000000e+00,-1.298014839736487458e+00,4.456541741832321435e+00,1.223339168541155431e-01,5.380384308736727128e+00,-4.851651263888086874e+00,-1.274319838342095057e+00,1.628906218297322184e+00,5.627465943871612364e-01,5.924241537802469315e-01,-1.416669410665695628e+00,-2.684221329545043444e-01,-1.215618988211730533e+00
0.000000000000000000e+00,-3.744507002342234436e-02,2.781220543558716951e+00,2.537023853945650664e+00,2.708362941393065881e+00,7.434310222978174343e-01,-1.446886371757551970e+00,1.734984063162479107e-01,-2.327543838505219398e+00,-1.498774298513384506e-01,3.005124038406738141e+00,-9.591029989478782047e-01,-9.609776739935230738e-01
0.000000000000000000e+00,-2.580794561918072993e+00,4.042473384024607874e+00,-6.965669354447368011e-01,-1.706120727327086861e+00,-8.712580968051373276e-01,-5.531740605395767396e-01,-1.840648626541692146e-01,-2.580262942380139091e+00,-1.011985176752232540e+00,1.119110939456941400e+00,-3.349002842283210768e+00,-1.430482809213027284e-01
0.000000000000000000e+00,-4.133514599147363189e-01,2.193066418705676313e+00,8.014324098775917893e-01,-2.049143054608624670e+00,1.467066664995401171e+00,1.298820311177140141e-02,-1.544168394713505865e+00,-4.115523608501120423e-01,-6.250502658220418173e-01,3.708230220691788759e+00,-9.992544986301769017e-01,-8.872058555113873091e-01
0.000000000000000000e+00,1.700433871290965904e+00,5.938016128078847933e-01,-2.309429805811118452e+00,-1.959664947918519973e+00,7.586540283494390691e-01,3.178986646401076754e+00,-2.351950056304876746e+00,-3.532158704280973227e-01,7.225947873620652828e-02,1.567115524357160616e+00,4.666906967038495502e-01,-1.886988650493275799e+00
1.000000000000000000e+00,2.955924128234780568e+00,-6.008430301683369557e+00,-1.012537321607047236e+00,-3.436034035926178287e+00,2.183418403019891763e+00,-4.418150496787690562e-01,-2.084560415576330428e+00,9.349409813232172350e-01,1.803389200591267283e+00,2.846659462351077252e+00,2.758267599654318669e+00,2.496445475277313086e+00
1.000000000000000000e+00,2.939982892253342195e-01,-1.217450441727753629e+00,-5.008082149119141846e-01,2.399864900462123085e+00,4.287487063675707866e-01,-1.445605951145256807e-02,8.015586056753208899e-01,1.636326000639059419e+00,-1.362159662262854898e+00,1.760249417789836679e+00,1.414491172538876462e+00,-1.129020812171117161e+00
0.000000000000000000e+00,1.559716558467468595e+00,-4.037976700130706753e+00,3.289678447515051563e+00,4.261726687070767738e+00,6.956525096623266124e-01,-1.070994614685117030e+00,3.889395646569551168e+00,-3.275517062911294630e+00,3.584052796972044597e+00,-6.753838657824124958e-01,2.416723753580862777e+00,3.607015440639631976e+00
1.000000000000000000e+00,-2.957246166860159065e+00,4.632800789487854232e+00,5.986210881926029792e+00,5.921775159554107937e+00,1.033896957469581102e-01,-4.548954679493439457e+00,1.072916415803696788e+00,4.184817724677751372e+00,-4.108951342519635119e+00,-4.226687539549602857e-01,-9.729496417927244734e-01,-3.434772430470760085e+00
0.000000000000000000e+00,1.240881627252690578e+00,2.456556153957623057e+00,2.609605222579995942e+00,1.775523376975359557e+00,2.185479873561388509e+00,-3.370936103105541815e-01,2.239170298950232674e-01,-1.591641374613526949e+00,-3.963240845735535034e-01,2.306546035168747011e+00,-1.846512527322106134e+00,-1.813237204154795723e+00
0.000000000000000000e+00,-6.116603028407920917e-01,-8.078244260592315484e-01,1.766375072826242176e+00,7.566516426687583063e+00,2.616180896943696155e-01,1.770347722231435661e-02,2.030922000665102978e+00,-1.286100550511157348e+00,-4.738474655623441834e+00,-4.983606174906594077e-01,1.153158120007676590e+00,-1.323510299222625086e+00
1.000000000000000000e+00,2.668066386372400789e-01,3.071616556202675596e+00,-8.304476221400268754e-01,1.813271040710170423e+00,-2.350841130948278845e+00,4.598366675376565071e-01,2.759760331849392401e-01,1.701187982458700620e-01,2.117815823459340052e+00,-1.023942626808351131e+00,-6.011761867371967494e-02,-1.655618993344075474e+00
1.000000000000000000e+00,1.090031524255229201e+00,-2.669199145278629004e-01,1.819749871292454024e+00,-4.219544873588708112e-01,2.762477840048995770e+00,1.460705113615595518e+00,1.001550504694988630e+00,2.437238903360223752e-01,-1.327699505695266513e+00,1.073223579776282355e-01,-1.371408357402296607e+00,-6.546237126878807766e-01
1.000000000000000000e+00,3.301929951266617813e-01,5.070511969694452503e+00,-6.908920841072885288e-02,-3.222775069007852711e+00,-1.343611947092752112e+00,1.089940885938276205e+00,-3.439726967385720258e+00,-1.690117609180847857e+00,2.012340431250424277e+00,-1.603345074865052844e+00,-2.152125335214880586e+00,-1.299523602634925501e+00
1.000000000000000000e+00,-2.231516161511454044e+00,5.550731327331769327e-01,-3.865817215242338012e+00,-7.111305141810925434e+00,6.340226084514484217e-01,3.140326385576328150e+00,-1.892045088723476987e+00,-4.317807668800897503e+00,1.882471373451908958e+00,-2.881999998113820904e+00,-1.169975867187391216e+00,6.462742954189439892e-01
0.000000000000000000e+00,2.233078117668915397e+00,8.463719779073517469e-01,1.466720958046698886e+00,-3.306565016127438472e+00,1.617067433336673243e+00,1.459253095986254856e-01,-3.529800215712695532e+00,3.592861397501716514e-01,2.720132094673193279e-01,2.083456964961960090e+00,-8.149346309933107602e-01,-2.228079197339527528e-01
0.000000000000000000e+00,4.148497715711729761e-01,1.481201948486375208e+00,1.566066649908275377e-01,-6.865236232214738443e+00,3.297070561154647361e+00,1.555841605510899672e+00,-3.597866578701591767e+00,-2.728520100696673722e+00,2.474764241034927537e+00,1.346511631321329894e+00,-1.092413444391475474e+00,-4.533300009773600925e-01
0.000000000000000000e+00,-9.310399578179360258e-01,-2.801128750956305979e-01,-1.864320466538834431e+00,-5.873142961416829344e+00,7.163353016570033205e-01,7.575322165072385650e-01,-2.349012160017227568e+00,-7.464757688135230662e-01,1.926689248419529488e+00,4.999966305445333603e+00,1.124069125822096726e+00,1.542534372519215324e+00
0.000000000000000000e+00,2.583398898652734532e-01,1.475391681998986071e+00,-3.393235689946942912e+00,-3.317407649916566559e+00,1.497079658758192711e+00,3.930724625434265818e+00,-2.597601836303596645e+00,-4.206245157363473375e+00,1.868467336743182550e+00,-3.965860729456331946e-01,1.840944834596034418e-01,-2.339820229863466494e+00
0.000000000000000000e+00,-1.132490448787458304e+00,-2.409010043256051503e+00,9.829628386435150800e-01,5.513942724791056627e-01,2.611666447031929295e+00,-7.991329981823702688e-02,1.014102302878401085e+00,-4.034843074716786049e+00,4.980407397182453622e-01,1.514037022763069951e+00,1.687644241101208920e+00,1.274435719934032152e+00
1.000000000000000000e+00,-7.841050209437723240e-01,3.250549013289417921e+00,1.413087097128645109e+00,-1.409295604850115957e+00,-7.572620926054836055e-01,3.177937199758356979e+00,-1.696188008071207065e+00,-2.988456700017285694e+00,8.644375991223725020e-01,7.229553108947495144e-01,6.996896636376390699e-01,4.043604553206257002e-01
0.000000000000000000e+00,6.979341890353216726e-01,1.846133956803542420e+00,4.739766771005979429e+00,-5.722923559246341219e-01,1.333936729915417008e+00,-1.616886655166568598e+00,2.315458126552774942e+00,-7.266287589591178264e-01,3.357024656991952405e+00,-2.231117906450053923e+00,-2.699366286986084162e+00,1.213459693031675668e+00
1.000000000000000000e+00,1.176726401345105533e+00,3.295560050296544752e+00,-1.811140042276465412e+00,1.579849168593596920e+00,-9.363229594734127081e-01,3.859393719721252225e+00,-1.264305174979718505e+00,-1.331163874667191882e+00,-1.716585399051437033e+00,-1.354541562793720955e+00,-1.089745333128228300e+00,-3.288779477596695422e+00
1.000000000000000000e+00,2.338846038303273200e+00,-9.774313542035675262e-01,-2.095540079789033339e-01,9.074067085479486927e-01,1.440943974048229270e+00,-1.435898655497174659e+00,-2.280277934880305502e+00,1.825480818306338904e+00,1.330580314674443265e+00,2.578900303019479701e+00,2.132531199028391722e+00,-2.262130192469045120e+00
1.000000000000000000e+00,-1.011594237437745125e-01,3.051160014729381142e+00,-2.312924978267844711e+00,6.569297607261839200e-01,-1.888734616200200112e+00,5.185155308591996359e+00,1.124212011641462450e+00,-2.054988267268671009e+00,7.324824787857429076e-01,-2.131101772967384456e+00,-3.894553869833987658e-01,-1.588234420220456133e+00
0.000000000000000000e+00,4.236956383468106324e+00,3.111344657257880009e+00,-2.879132497742207253e-01,-3.068555389665854172e+00,1.169245447622713208e+00,6.131443039715388288e+00,-2.084038674753388776e+00,5.293061790053332771e-02,-5.884445414961960719e-01,-1.929101960299572482e+00,-3.220849457283890160e+00,-2.565597005374300466e+00
0.000000000000000000e+00,4.452229486423229243e-01,-3.148649927356581557e-01,1.921340319069917202e+00,-2.019542390158926892e+00,2.637120261485491390e+00,1.388382347301333919e+00,1.440729822996758225e+00,1.709323162998994672e-01,2.141060814949685032e+00,-1.260130903535952029e-01,-3.092143863141760818e-02,9.886668076361149193e-02
1.000000000000000000e+00,-1.204096771880760919e+00,3.183032126760782621e+00,-1.290817065253530238e+00,-4.301427723303925532e+00,9.601347106152309241e-01,2.550722410984075594e+00,2.184190938645169666e-01,-4.245430795533372326e+00,4.248743567856332781e+00,-2.569573374513175246e+00,-1.993465765514851107e+00,-7.706880459399153560e-01
1.000000000000000000e+00,1.466395818138967577e+00,4.848426683039691043e-01,9.614772497163776022e-01,1.737125799553350447e+00,3.598396459598780517e+00,3.773629533329148078e-01,4.979252814191690746e+00,2.247372932137938761e-01,1.064367854946216330e+00,-1.082107490947692874e+00,-3.417648858246317811e+00,-2.498602762858466164e+00
0.000000000000000000e+00,1.575129887276724094e+00,-3.975612685981435135e+00,5.222628433921163715e-01,3.174184050930663137e+00,-2.717598172893498365e+00,-1.637925740759279547e+00,3.025564687207691783e+00,1.388496154864301335e+00,6.334341684389605653e+00,2.669677444128342181e+00,5.420244266927752186e+00,3.875924699928403605e+00
0.000000000000000000e+00,-2.595153534719395694e+00,5.529985054071823392e+00,-1.538056211034570797e-01,-5.280096985517591435e+00,-4.876944557080613585e-01,-1.473815900075915897e+00,-1.071707615277364578e+00,2.146115179503305104e-01,-9.070732743300684575e-01,3.747313732708373868e-01,-5.697553583231417029e+00,-4.748879984179741331e-01
0.000000000000000000e+00,1.730585121680678906e-01,3.724835558993043194e-01,1.839078484529378388e+00,5.399206279151087529e-01,2.792364747530720059e+00,2.679608423504302284e+00,2.541686805171352148e+00,-3.963204747495788105e+00,-2.222532215470636174e-01,1.551870630632057990e+00,-1.192604379516637891e+00,3.684397706396098648e-01
1.000000000000000000e+00,-1.928344434650674177e+00,1.538994050574617356e+00,-5.607270870030732768e-01,-3.212702340224539377e+00,4.248587439650426401e-01,5.836867500216429416e-01,1.203940311945631336e+00,-2.994870646823177829e-01,-9.403469324928785955e-01,-1.307147708848152234e+00,-3.224427482900610098e+00,3.910412914197787249e-01
0.000000000000000000e+00,1.932541937711943048e+00,8.248964828380364600e-02,2.723954648325307204e+00,-3.241393018996674424e+00,2.893460337277209860e+00,2.497287875230549403e+00,-1.593210122030664699e+00,-2.264148571134187105e+00,2.380931149936325042e-01,-1.547717259609611595e+00,-1.428635568569812442e+00,6.478169669516635754e-01
0.000000000000000000e+00,2.769878847463203897e+00,2.157792100287077464e+00,1.763458496112487062e+00,2.378953005254405562e-01,6.531066596774939281e-01,1.552342373797612307e+00,-1.654045290410474989e+00,-1.489980158903229102e+00,-5.996941914121982631e-01,-7.565875349358914814e-01,-2.140830403971675011e+00,-1.020292367712113402e+00
1.000000000000000000e+00,-1.936906976749606102e-01,-1.471027951493009134e+00,-2.907462425523888783e+00,-4.809630354859372403e+00,7.648181615678573131e-01,8.187035139963250163e-02,-5.501175224330532298e-01,2.260410828186508958e+00,-1.514160219973146759e+00,-1.000252295250092516e+00,-2.440253144425345244e+00,2.607577711768920281e-01
1.000000000000000000e+00,-9.347536117033131697e-01,-1.071392910558065376e-01,-2.523766045387083601e+00,-3.931482909055599162e+00,-1.006116349982283609e+00,3.996423519374275868e-01,-2.941315932439876324e-01,1.331794088036961643e+00,-7.149126107732224344e-01,-1.618185414825273227e+00,-2.032371604061114390e+00,8.933350043680297059e-01
0.000000000000000000e+00,7.734304108276902623e-01,3.159052167232758723e+00,6.805430288669052086e-01,-6.894404993914452717e+00,2.092540397851129885e+00,1.625002369745315756e+00,-2.770080196929450622e+00,-1.883676099529726145e+00,2.365063729188694452e+00,1.999069944630126772e+00,-2.768070820776342700e+00,3.976678498793950745e-02
1.000000000000000000e+00,2.865844629745216476e+00,3.073815450131008653e+00,-2.844886448314172256e-01,7.239405668337714594e+00,6.567774088964932755e-01,2.118945082791245049e+00,2.418081720341083596e+00,-1.066703228344582310e+00,-4.753782069740232208e-01,-4.744075902284912161e-01,-1.266665635053660921e+00,-5.412507248201426258e+00
1.000000000000000000e+00,-3.602383028121611819e-01,5.428782124985970903e+00,-7.992114095909721438e-01,3.577911953898927688e+00,-1.861724943154777101e+00,4.847848213447175425e+00,1.805310579650403646e+00,-5.501661090771889029e+00,5.020031178414672723e+00,-2.165142536155011399e+00,1.272354168604247437e+00,-2.894877078139929782e+00
0.000000000000000000e+00,-1.495542293995557825e+00,-3.427173058094011626e+00,-1.392452012476480760e+00,-2.911119891166333851e+00,3.150338999677862795e+00,-8.833608053111733360e-01,3.960234302077444424e-01,-3.713220927350430189e-01,-2.644055896087730506e+00,8.768962471899912625e-01,-9.926805308432015140e-01,7.912544239641401411e-01
1.000000000000000000e+00,1.227266424104792364e+00,1.852887984751927508e+00,1.641559574174078495e+00,1.817349312787068571e+00,8.883851087064301710e-01,-3.182394188332583473e-01,3.212208677538014090e+00,-5.146299871359241163e-01,-1.206032054049689384e-01,-1.332184035383062959e+00,-4.059123546055587894e+00,-7.425876595562539428e-01
0.000000000000000000e+00,-2.458541919923178387e+00,4.870047428415944957e+00,-2.078898929118956129e+00,-7.767958902388941489e+00,1.015284996342875390e+00,4.056720679592586976e+00,-2.773701664849920867e+00,-1.584500605217386893e+00,-7.502951067501082427e-01,7.633246550735088842e-01,-3.060633881607233153e+00,-1.530987040455660919e+00
1.000000000000000000e+00,-1.459999705028908412e+00,3.259157645160485117e+00,1.148188340429713961e+00,-1.086114928277005953e+00,-9.759905453610931980e-01,2.430696474684265418e+00,8.620524867921519618e-01,-9.627727209892869009e-01,2.781653767145705558e+00,1.030644687687560346e+00,9.016967378887967843e-01,2.384362686486358740e-01
0.000000000000000000e+00,2.173975404367166409e+00,-5.463560960005026113e-01,1.814664006506821137e+00,-3.377978738538571779e+00,1.891074799984758581e+00,1.249012517584482396e+00,-2.621909013698196844e+00,-2.259354918129808265e+00,9.671951264375806545e-01,-1.488143739484183659e+00,-8.778814249003636938e-01,1.191111166817388156e+00
1.000000000000000000e+00,-2.271777980556010768e+00,1.379175322066107823e+00,3.213682339913911168e+00,-2.489946699808782249e+00,1.376236342608977647e+00,-4.662090848843743807e+00,-1.083561403833923187e+00,5.141655685764746408e+00,8.941016859283170692e-01,1.881668563673781103e+00,4.139750015498109281e-01,-7.705548598836142737e-01
1.000000000000000000e+00,-7.043905069946492237e-01,2.635892725561912009e+00,-1.564945016577266923e+00,-2.572262957179207721e+00,-7.304361818355252778e-01,2.668609912377859494e+00,-1.145282063727206756e+00,-3.096647856836434176e-01,1.012447048990844367e+00,-2.820827717663805245e-01,-2.271658552787355623e-01,-1.180002392174401171e+00
0.000000000000000000e+00,-1.040578525867255966e+00,-5.744421033332648419e-01,-1.085734862226371611e+00,-7.710436154533136133e+00,1.576409057882544928e+00,3.165659093068016183e+00,-2.969530311454517957e+00,-3.944850356000072722e+00,1.622373994610382120e+00,-2.204530911667888837e+00,-3.308757194127197598e-01,2.120696330704088250e+00
1.000000000000000000e+00,1.797707320927594443e+00,-2.367458006090115585e+00,2.046112560294111038e-02,5.090553848687370930e+00,8.115144104610476639e-01,1.209676010196496065e+00,-6.935271759604901831e-01,3.177512178051317360e+00,3.946975852655283390e-01,4.619377752355316780e+00,6.877248246256145059e+00,-2.865441734749757163e+00
1.000000000000000000e+00,-3.038787427504172634e-01,4.430355253999740839e+00,1.922076111152865252e+00,6.490979212465113335e-01,-1.244449555898091919e+00,-4.084000684008086690e-01,-4.113299154759164633e-01,-2.239286345626997132e+00,1.986798923336545508e+00,-9.992388939185454788e-01,-1.634081903189301466e+00,-5.887035172235747238e-01
0.000000000000000000e+00,-1.168345658136979326e+00,3.830109079224120805e+00,2.537293930087384242e-01,-6.641870904297343614e+00,-7.870073294196988645e-01,-3.189931306931357291e+00,-1.405012293480588426e+00,3.898168608113369515e+00,6.080290189239490495e+00,2.337951726953191312e+00,-1.213184931798280575e+00,5.301198359240755220e-02
0.000000000000000000e+00,-1.136428540015005151e+00,4.607742112353541586e+00,3.298054384094796454e+00,-4.356138510545968234e-01,-3.904068743127335761e-01,-1.332820344105887678e+00,9.128982956874654997e-01,-1.199448407759554636e+00,4.536661472459083910e+00,1.586562266596520221e+00,-6.440649677853633737e-01,7.157323029619733212e-02
0.000000000000000000e+00,-6.194493265619062106e-01,3.628454941842153003e-01,2.645482412340112610e+00,-1.009724679176269513e+00,7.944060896992600762e-01,-1.950398154456374655e+00,1.644420031621706357e+00,-2.797300696714359880e+00,2.014848467623251427e+00,9.842018700238897022e-02,-1.916399529733201490e+00,2.623789127673902044e+00
0.000000000000000000e+00,-2.418386721740066747e-01,-3.733988151660309729e+00,1.073523498794062503e+00,-6.096742743071542625e-02,3.803606697981994689e+00,-8.330239193819743981e-02,2.005289662779052406e+00,-3.830672484964244839e-01,-1.418115617167099440e+00,9.468468514090488952e-02,3.154773044398881954e-01,5.305167955335516883e-01
0.000000000000000000e+00,-6.519579014262344430e-01,2.245332277554818567e+00,8.711533841902709963e-01,-4.991455719541359137e+00,3.154406757893026825e-01,-2.236313125302027416e+00,7.711562997615617476e-02,2.155813495669285373e+00,2.404296158494289237e+00,1.200580325007705174e-01,-3.287387935205951184e+00,7.237420400509005924e-01
1.000000000000000000e+00,-4.765092497560043938e-01,-2.146302558997531307e+00,3.179341254877674494e-01,1.076153935045295107e+00,9.072748255971262443e-01,-1.818780400683562393e+00,1.270481022324403853e+00,3.810853157109706846e+00,-1.081020290959462615e+00,4.293781756278294282e+00,1.899992264272344134e+00,1.821100147511800493e-02
0.000000000000000000e+00,1.444540437810996725e+00,-2.717047795312856007e+00,2.345614620355975344e+00,1.180465870929363836e+00,3.206061312644063133e+00,2.154886906533812319e+00,3.111727078048819983e+00,-5.223247929116090482e+00,1.206916436105135881e+00,2.140879469031657045e+00,3.438105228026420157e-01,2.562686154999052945e+00
0.000000000000000000e+00,4.354022258605651174e+00,3.817194133027392855e-01,-2.497668216964501919e+00,-7.232019861584154663e-01,3.649071263092840134e-01,4.189733435761763936e+00,-3.055901093724791906e+00,-2.820114042548748090e-01,-3.016149507573262500e-02,-1.332231839715257493e+00,-2.743688303539948414e-01,-2.742353497782335836e+00
1.000000000000000000e+00,-1.607991958135157384e+00,2.881258300564538910e+00,-2.716965311734771404e+00,-7.989774536558650331e-01,-1.056490898413923407e+00,1.248304125078804949e+00,-9.896904480420930517e-01,-3.166033206629893737e+00,2.706019173305685754e+00,-2.051225998575111564e+00,1.915620667535873345e-01,-2.006976327136426264e+00
0.000000000000000000e+00,3.780239884184430021e+00,9.961247848686177742e-01,-4.164893638239182128e-01,7.946961395252033711e+00,-1.240899873741365234e+00,2.655597948370524541e+00,-1.718610099140320813e-01,-1.792936381458803297e+00,-2.969764505191902160e+00,-3.212050469284124077e+00,-1.339178023288375430e-01,-3.589155651491013455e+00
1.000000000000000000e+00,-6.914263921338472674e-01,-4.912079473061624624e-01,1.683675117864593673e+00,2.288919417436230397e+00,3.369518135320244134e-01,-8.341202835943885008e-01,2.676668113616635480e+00,1.845840118165523069e+00,-2.648840404532202708e+00,1.427761500326510724e+00,-7.492098974217822338e-01,5.005874055217514051e-01
1.000000000000000000e+00,1.387547817034499698e+00,2.111258271390282548e+00,2.979517830600734385e+00,2.221753040521042610e+00,1.532538491342272824e+00,-1.262987382598184993e+00,-2.679218357684340468e+00,1.286411269721012829e+00,-1.956814575552906277e+00,1.095652711031871007e+00,-3.050701725786764129e-02,-3.025674905789752955e+00
0.000000000000000000e+00,-6.823170912479872285e-01,6.693974476140060470e-02,-6.153158618472032160e-02,3.107759676116311542e+00,3.715077535831650124e-01,-3.310010041959312588e-01,6.956437470919745181e-01,-6.536462272745364732e-01,-2.511219096917816529e+00,2.674631018493559331e+00,4.814046771387652246e-01,-9.905488234738203390e-01
1.000000000000000000e+00,-2.798417727834795699e+00,-1.009974608078266084e-01,-2.650153069126292671e+00,8.681514890614118185e-01,-1.588401748210191311e+00,3.500687336493498947e+00,2.192562075655541065e+00,4.042402489470120486e-02,-3.539258912299962034e+00,-2.469644239195152302e-01,5.635101323023958830e-01,1.113862205893492163e-01
1.000000000000000000e+00,3.550435928023800258e+00,-6.262822925617182790e+00,-2.525066169119420945e+00,1.722890894309657694e-01,2.022526362591209992e+00,-6.763777587489938625e-02,6.548811448123161849e-01,-1.364443154480494691e+00,-2.487830972781723382e+00,2.248354531302344750e+00,-9.797070134303991207e-01,2.215170090002680947e+00
1.000000000000000000e+00,1.234821701429925644e+00,5.285176856664244305e-01,1.929926945235425961e+00,3.964329589224886430e+00,2.519723879342335993e-01,-1.972318646317732238e-01,1.399391333074251564e+00,6.904712965250571211e-01,-1.607892957296345404e+00,1.174563807271064908e+00,-2.934848835404881839e-01,-9.354380376668479657e-01
1.000000000000000000e+00,2.274895525583947808e+00,-1.967749570662587821e+00,-1.021963083445414089e-01,1.844799922822814020e+00,-6.747456578410782058e-01,-3.542788293729123961e+00,5.959494300407062184e-01,-5.221693077795050986e-01,-2.037760402217556166e+00,1.311904413991489049e+00,-3.088163452904811201e+00,2.126264311014612662e+00
0.000000000000000000e+00,-4.168229919541316164e+00,4.519190434776864329e+00,-2.995280149733612785e+00,-5.360741843394124295e+00,3.207944345258638696e-01,-2.468547301470356281e-01,-2.692125961269606016e+00,-8.769263685064667690e-01,-2.867088511237209758e+00,3.784845120141679509e+00,-3.177562368245374635e+00,-1.833783718862464607e+00
0.000000000000000000e+00,-2.304109125492161070e+00,4.900739203881702366e+00,3.201999068468563969e+00,-3.786844125065225608e+00,1.896780153910944344e+00,9.485679306057859250e-02,-2.480699749728368930e-01,-2.490769776559301540e+00,-1.690953816827709399e-01,2.793058980047988804e+00,-3.541969022308722792e+00,2.476832168218303654e-01
1.000000000000000000e+00,-1.180698887193285973e+00,4.319974269618985119e+00,-8.327620853473319817e-01,-1.091406017684618535e+00,-8.503704960746342190e-01,-1.052317503813037458e+00,4.553434792847870227e-01,1.059400081802396087e+00,2.660333662026422852e-01,-1.847711106744878595e+00,-3.779720541455304339e+00,-2.295460554394384900e+00
1.000000000000000000e+00,1.465737672482616549e+00,1.328330483135844231e+00,1.246365061295190424e+00,5.240831461862682783e-01,1.500894928771425718e+00,-1.320391664250841313e+00,-5.011417504758532981e-01,1.171272186155574380e+00,-1.566917973244844609e-01,1.515657683595886152e+00,-1.455492984359656017e+00,-1.878285534693551195e+00
1.000000000000000000e+00,-6.096131967600550983e-01,1.102548502111437179e+00,-1.279399321389677269e+00,-4.564048921086752308e+00,-1.912913557543382659e+00,1.582173460769288997e+00,-5.008849485002386359e+00,-3.226174577947386046e-01,-1.578855825374192001e+00,1.810186641889990344e-01,3.297153795259506470e-01,1.256759604510481410e+00
1.000000000000000000e+00,-2.300608373691421349e+00,1.950672557818216246e+00,-1.471302053444469404e+00,-2.759063658890955395e+00,1.480442761758662851e+00,2.464664959478067630e+00,7.818378581604858990e-01,-5.431845496909589954e+00,5.105577442340347716e+00,-1.312947913862939409e+00,6.930703834378404427e-01,-8.325337385223047226e-01
0.000000000000000000e+00,-2.040914306454604699e+00,-2.022307694528812760e+00,-5.548579360968328711e-01,-2.179603598925005326e+00,2.494051114842144035e-02,-3.631405695488687080e+00,-1.925188595394544677e-01,1.985798765716166425e+00,2.699577823323904280e+00,2.432966326453686712e+00,2.426339164651930336e+00,1.497576175165598045e+00
1.000000000000000000e+00,-2.229167951057539288e+00,-1.754591975983916807e-01,-1.314131375459479667e+00,-3.116678620397498545e+00,4.480209468431481934e-01,-3.082270808748726054e-01,4.324180320897674790e-02,-3.224722081973364629e-01,1.036098114011141602e+00,2.165752650398522494e-01,1.081245883150550036e-01,5.670386622008092292e-01
1.000000000000000000e+00,7.496688258220318701e-01,3.938507997654982606e+00,4.569039448531279746e+00,2.090585746102016973e+00,9.098338133900707447e-03,-2.203902845237504238e+00,1.335486157491800885e-01,8.218707064377172022e-01,2.968565975621100250e-01,-9.243844373362881672e-01,-2.413593720674737764e+00,-1.176344140445604758e+00
0.000000000000000000e+00,6.391383315669386000e+00,7.131893075940013427e-01,3.548184396157210596e+00,1.553160001773142618e+00,6.658569399510687603e-01,3.741312956524953215e+00,1.492769223766436948e-01,2.120980164441331528e+00,-1.710902112672832764e+00,-5.741286231988420585e-01,-2.613728385159191703e+00,-2.574402172308677406e-01
1.000000000000000000e+00,-7.768479254005722368e-01,2.887841142787476389e+00,2.599777556028230130e+00,2.064793598199591074e+00,2.430036127964216863e-01,-3.214197495260981086e+00,2.158910238380890689e+00,1.432726089943735737e+00,-2.862473627908072249e+00,2.456653335341463240e-01,-4.572103097046052333e+00,-8.176865769060315259e-01
1.000000000000000000e+00,7.469525081508390230e-01,-2.929074611505072312e+00,1.131809070420289220e+00,-4.273274253076730034e+00,3.098279431810678108e+00,1.267114275386831412e+00,3.536279038355757409e-01,2.701988514153701448e-01,1.542707899567106189e-01,-5.691437449729468412e-01,-5.989157861784830672e-01,1.915501356407446121e+00
0.000000000000000000e+00,-1.858656631608639476e+00,2.045893857168365138e+00,2.332077849857007834e+00,5.585170433115751898e+00,8.233624639466443629e-01,1.722761553388312050e+00,2.492560462859686243e+00,-1.951343547034435355e+00,-4.204796302651361728e+00,7.074453051784930224e-01,1.397275293924060691e-02,-1.909979878139623999e+00
1.000000000000000000e+00,-2.165301660047509458e+00,5.212318678872569500e-01,-4.426486970666530851e+00,-3.627287573799618858e+00,-8.292666239419916874e-01,-1.508463714325743332e+00,-1.112000656073865112e+00,2.521586762241649460e+00,-1.522983537356134232e+00,-1.744688432191848992e+00,-2.292712323608943947e+00,-1.487743603167649642e+00
0.000000000000000000e+00,2.433949555103255058e+00,5.051665465959328527e-01,1.870542651332286255e+00,-9.838619532801583523e-01,1.824474641116401674e+00,1.803700523996742966e-01,-2.386718741076898631e+00,-1.593282022327915826e+00,6.702195304401887821e-01,-6.432023880475323807e-02,-8.051892705342948986e-01,-5.032385319999910234e-01
1.000000000000000000e+00,2.173530162653175557e-01,-5.924843884515484937e-01,2.500278514845184930e+00,-7.814517393344254659e-01,1.447069544106599936e+00,-1.140216640056653130e+00,1.335469504813450836e+00,2.260755227064743078e+00,-6.112363402078242469e-01,2.722602293793981776e+00,-7.240497215229406702e-01,1.158460266359610191e+00
1.000000000000000000e+00,-1.281674849363107604e+00,1.230576030663545151e+00,2.452631510145776517e+00,9.660558281339512998e-01,7.041625613085852331e-01,-7.724617163803105813e-01,-6.188463622149662502e-01,4.007882865517707671e+00,1.196765206272996984e+00,1.215286095891985552e+00,3.487069495751913273e+00,-2.268546997604384607e+00
1.000000000000000000e+00,1.509754721610286676e+00,2.223692474459697976e+00,-3.636589764762522936e+00,-6.534344862473204785e-01,-1.293101332980326479e+00,4.033787352033211704e+00,-1.944023880509230251e-01,-2.981012472377252642e+00,3.285928704207774054e+00,-3.747885852554646569e+00,-8.416133145964045381e-01,-2.070180628489753705e+00
1.000000000000000000e+00,-2.365788733945260791e+00,2.859734743716875194e+00,-2.948912735619957814e+00,4.602150433275211672e-01,-2.276806619104789320e+00,2.104631322216412137e+00,2.976554699087059497e-01,-1.596570401476313794e-01,-5.770137302399878099e-01,-1.069405979296939035e+00,1.285287642004873110e-01,-1.961259392248868583e+00
1.000000000000000000e+00,-2.371311642288477017e+00,1.493740126189947226e+00,-3.968923807465363662e+00,-2.167660557216367856e+00,-2.069813334758213053e+00,1.034414409742222540e+00,-1.350606184388633002e+00,-1.154005830658826559e+00,4.389109747162224240e-01,-2.056565584207944219e+00,1.686115301190582727e-02,-8.045230424506502054e-01
0.000000000000000000e+00,-2.687641346794974684e+00,1.218691516330024260e+00,-6.081258998211201749e+00,-3.220833896979037991e+00,-4.386630163638581159e+00,-1.744227913110500516e+00,-1.744073316228325510e+00,7.346427853728327406e+00,3.977609218036338490e+00,6.920363959378337704e+00,4.771783530073157920e+00,-1.313064246674366498e+00
1.000000000000000000e+00,-5.049058945090452166e-01,4.382390242249798007e+00,2.678197826714059815e+00,2.426802068558336689e+00,-6.361279147609848472e-01,-3.060221731231707043e+00,-9.047524399551609697e-01,1.647610166482137872e+00,-1.381512820446143541e-01,-1.502921017568258133e+00,-1.649521678631751254e+00,-2.867376062738175690e+00
0.000000000000000000e+00,2.781551139164890163e+00,1.099602293997611779e+00,-2.950843757067629358e+00,-2.534585085775510560e+00,1.049389607788800971e+00,3.265358501117018530e+00,-4.170167926797419433e+00,-3.773550079933810419e+00,2.378418699879552456e+00,-1.910644519901172789e+00,-5.830367104865952221e-02,-2.605840528173072990e+00
1.000000000000000000e+00,-1.859662203240454392e+00,2.188175119495476384e+00,6.461753774213658819e-01,-4.651108066695688770e+00,4.444075322992984134e-01,3.451516122397251252e-01,-1.479278347739494848e+00,3.322825649561267358e-01,-5.239950305506897443e-01,8.814836251675817191e-01,-1.618548616700135501e+00,5.753304022434719833e-01
1.000000000000000000e+00,-9.864738320047166109e-01,2.963429033072117580e+00,-1.965142686749492995e+00,-3.343094876784774350e+00,-2.298150039973372749e+00,1.446519609096702519e+00,-2.317941085777884824e-01,8.974514285254393542e-01,9.824346266733280375e-01,-2.070254521171726481e+00,-2.216691277690697071e+00,-4.410279936020233826e-02
0.000000000000000000e+00,1.715134283187296660e+00,3.059504921443389147e+00,2.945139761896752528e+00,1.053574313508201188e+00,1.845303129433167655e+00,1.822167611258653341e+00,-4.360437959118498297e-01,2.284196081314143090e+00,-3.866620226797277571e+00,1.690765962102080522e+00,-2.446709341000674609e+00,-2.748231323222869449e+00
0.000000000000000000e+00,1.653990652267586903e+00,2.396104750379973058e+00,2.379158676195340050e+00,-3.887858780763524091e+00,1.868056909644226327e+00,1.161025550006060003e+00,-2.044449945438248761e+00,-1.662021382285512328e+00,2.602568039772084507e+00,3.501024242902918360e+00,-1.029052598301244403e+00,4.778810457232227638e-01
1.000000000000000000e+00,-2.857154949374275610e+00,3.382601172049629401e+00,3.322519659696618888e+00,3.032747178980171654e+00,-1.735956433323424530e-01,3.319760321322640095e+00,1.892104779172503193e+00,-4.759398044309662845e-01,-2.259369878062693182e+00,4.238035435441467769e+00,2.262867032881290985e+00,-5.571500956480353040e-01
0.000000000000000000e+00,-1.840981614738467886e+00,2.607035971245017070e+00,2.581910043685341716e+00,2.681960963404522946e+00,8.692971528388928615e-01,2.235614788002877606e-01,1.422046505136558281e+00,-2.973667164883488034e+00,-2.700436177034644558e+00,-1.945067546516376922e-01,-1.813572480378195184e+00,-7.110901802848437203e-01
0.000000000000000000e+00,-2.066500180134787090e+00,2.239894063133144542e+00,1.841336158540058721e+00,-4.410967609675921608e+00,3.210730720789575887e+00,-1.609695387975364156e+00,-2.311210366335605393e-01,1.830826066633614246e+00,6.679457338690947266e-01,4.855762003928476567e-02,-2.237396312668511911e+00,-1.644123946357852528e+00
1.000000000000000000e+00,-1.858132353343195042e+00,1.943929557826094223e+00,-3.688418184471327965e+00,-9.222510293889497612e-01,-2.082417103254130986e+00,4.810699138726935331e+00,5.910750964219027015e-01,-9.171490025201298746e-01,-4.829025578066987734e-01,-1.420500207971120643e+00,4.793801228724547947e-01,-1.098623842205745493e+00
1.000000000000000000e+00,-8.737906886640646187e-01,2.388535668704817816e+00,-2.757582047940038805e+00,-6.837744708907583790e-01,-1.573365100712278863e+00,-2.947652012202905958e-02,2.150095411656016697e-01,-1.075318313128749148e+00,1.908524726532105920e+00,-3.028393053078958008e+00,-1.759492118289771589e+00,-1.519212826318324217e+00
0.000000000000000000e+00,-9.096080085635969148e-01,-3.369553956927383354e+00,-9.780579937971507487e-01,-4.693131038507866393e+00,3.213021469784382411e+00,-6.993750706437256159e-01,1.442523164509974531e-01,-1.158477646507421577e+00,-7.046393153965135880e-02,2.416749475506675182e+00,-5.611981486385400064e-01,2.072678202416897264e+00
0.000000000000000000e+00,-8.365892099327736364e-01,-1.780830668895555746e+00,-2.056615755977695414e-01,-3.000802188511742408e+00,1.171378890020903452e+00,-1.868938098196892827e+00,5.569229831210429360e-01,-1.399720827101255338e+00,7.180564371137665436e-01,5.688749977247775647e-01,-1.437675131207997614e+00,2.410171028356900003e+00
1.000000000000000000e+00,1.288054625700325584e+00,-3.030618899996146975e-01,-2.190373130096562093e+00,-3.174661030858689337e+00,-8.640014845030197232e-01,1.338045548335434543e+00,-4.878509692365261330e+00,8.696899325646818557e-01,-1.213158994900943366e+00,5.546193057929396097e-01,9.072489148254028191e-01,-3.146512650597577121e-01
1.000000000000000000e+00,-2.026785504567004459e+00,3.159928519542154035e+00,-3.414728117151999420e+00,-6.991496004763725125e+00,4.819662454744411129e-02,5.439947190853811065e-02,-1.651934963029592085e-01,1.301462556712889462e+00,1.403479055841821754e+00,-3.075366694385954780e+00,-4.833859613286696444e+00,-1.357619901137254281e+00
1.000000000000000000e+00,-3.690684481065417133e-01,6.364415138972239205e+00,4.236697557833810635e-01,2.076670364564871640e+00,-1.736926471833015295e+00,3.356149879466410191e-01,-7.896181890335294273e-01,-6.504351777851669070e-01,1.291911076527529456e+00,-7.418128228855085382e-01,-1.460401007226653336e+00,-3.656881630866128052e+00
1.000000000000000000e+00,1.623480331123580811e+00,-9.739010407929427071e-01,-1.371869059579273742e-01,1.885097102383193501e+00,-4.146255936947114140e-01,-2.474643057405071289e+00,-2.288060427497097482e+00,1.081529922006337907e+00,-8.668273317391210764e-01,1.675530949326590413e+00,9.537114854825838872e-01,-6.401693595657209634e-01
1.000000000000000000e+00,-1.030389040309046322e+00,1.924482262796939569e+00,1.809160283372881706e+00,5.135397693190883572e+00,-2.767181404723730864e-01,-2.559669828498660316e+00,7.189377308650561904e-01,3.624092698365853238e+00,-1.798986913997062675e+00,2.046741787434890547e+00,1.392444899434041705e+00,-3.205071110107200472e+00
0.000000000000000000e+00,1.245027041763586251e+00,1.494096711910568143e+00,-1.774522522694332416e+00,3.785993384846833454e+00,-7.561330923432887374e-01,3.838755965556308603e-01,-1.224233928651173864e+00,-2.197544172641176630e+00,-2.389487898910338970e+00,-1.978706846895009086e+00,-1.370551606239243991e+00,-2.906281698361300680e+00
0.000000000000000000e+00,-1.624735264670872148e+00,1.696288639298111356e+00,-5.189645759885470611e-01,-2.155627889882428150e+00,5.595030160551739407e-03,-7.764870574046289775e-04,7.251512844715384265e-01,-1.033309082451397076e+00,5.029928435037043233e-01,3.089236458527392593e+00,-1.281383951702706803e+00,7.490673046741067598e-01
0.000000000000000000e+00,1.313282797559304438e+00,-3.493969808011145872e+00,-6.621715767362315042e-01,1.484715472310959461e+00,-8.396754040785170403e-01,3.281773682809363546e-01,2.206132518919518226e+00,3.166156244962857969e+00,3.136617308477096522e+00,5.389806309125511063e-01,3.827718412820575900e+00,1.093566014443513090e+00
1.000000000000000000e+00,-1.295091763726772705e+00,1.769351877989629118e+00,-2.371518180253196384e+00,-5.079477310967082992e+00,-4.532558011033847034e-01,3.161531693225793749e+00,-2.475593002612487936e+00,-2.261106286060814430e+00,1.967485430467216023e+00,-8.592811697179406627e-01,3.413137514436423992e-01,-6.089550745183136549e-03
0.000000000000000000e+00,5.332589961743256168e+00,-1.573022661908221043e+00,4.376231654325287712e-01,3.545882639095228495e+00,1.988015995155372195e-01,2.362579060217864235e+00,-2.453925241331214036e-01,1.769658502418914647e+00,-1.203596369786907871e-02,3.292143147332497133e+00,1.868691679621708790e+00,-9.387451888868372230e-01
0.000000000000000000e+00,2.345302969516126268e+00,-1.218411600608578782e+00,1.298810971995705943e+00,3.925607632932605728e+00,4.413825677746252563e-01,3.337866576429256993e-01,-1.409915159162402620e+00,-1.757378940079702634e+00,-1.195668800518341346e+00,-8.651635706108689039e-01,1.498093006536074245e+00,-7.663578134778843420e-01
0.000000000000000000e+00,1.095373258209391132e+00,1.602833704325378639e+00,5.083788295604520613e+00,3.029174090788758988e+00,3.062943772378506235e+00,-1.146735250910588366e+00,-4.284734928086618710e-01,-5.340244853071176578e-01,-1.933213034910973960e+00,1.995647984920574602e+00,-5.982959530005167448e-01,-1.795534197493420470e+00
1.000000000000000000e+00,-3.196503162798959297e-01,3.011187068314331583e+00,-1.498325046335407418e+00,5.326520143173842925e-01,-2.259890592801308440e+00,1.547014744318683910e+00,-2.082776968076200941e+00,-1.580774045419450324e+00,-9.936734521601535697e-01,-1.559983885704957274e+00,-6.495361059401525416e-01,-1.391441799016420289e+00
1.000000000000000000e+00,-2.770468460670239441e+00,6.774046476231510461e+00,-4.930087945616127287e-01,-3.485526296239414901e+00,-1.988918663919996721e+00,2.751003453740043625e+00,-2.821946596048255929e-01,-4.060058224593480425e+00,5.759342315696931891e+00,-2.257967447829337004e+00,-9.295795153833127378e-01,-8.715735334974327175e-01
0.000000000000000000e+00,-1.278860585686079521e+00,5.139521472417023507e-01,2.361378707043577663e+00,3.742032741911199167e+00,2.661192885468064429e-01,1.225595771082592655e-01,7.443095401373067688e-01,-1.880517126686689799e+00,-3.784140222601904746e+00,-1.011701665948203210e+00,-2.034912782081833571e-01,-1.608481570472509725e-01
1.000000000000000000e+00,9.954980799303632111e-01,3.530929559181221755e+00,2.188223372551625356e-01,7.931898023488723304e+00,-1.014366754938439197e+00,-1.003419646541775956e+00,9.391257219941587797e-01,-2.115003054418436168e-01,-3.920417814204840923e+00,-4.478243521577691677e-01,-2.158939160301258653e+00,-4.563747435847959721e+00
0.000000000000000000e+00,-4.887538122117582873e-01,9.362069261404092346e-01,1.620599772047385478e+00,2.446813948528700600e+00,1.779307208838931675e+00,5.896033583703594871e-01,-7.769034656174160780e-01,-3.645076436580477974e+00,-1.215944835840957028e+00,-6.437798800695748724e-01,5.075429799664539221e-01,-1.621895412363556943e+00
1.000000000000000000e+00,-9.960046738211323358e-01,1.911488395542486618e+00,-2.063487994016397487e+00,6.150091590218150550e+00,-3.245832786286964033e+00,2.387216347291748697e+00,3.730227607306922266e+00,-1.006611458695267025e+00,9.946857512671110069e-01,-1.416932099608255502e+00,1.706650690469381004e+00,-1.812438152612873665e+00
0.000000000000000000e+00,-2.213378240279157083e+00,-9.845456967452919095e-01,-1.102424503350218021e+00,-2.136420766770841695e+00,1.695236780215557015e+00,-1.044713387707110197e+00,2.656201240181268464e-01,-3.558901315405667898e+00,-2.196615216245028535e+00,2.160725300555542017e+00,-1.978400192684449888e+00,1.544269592411444236e+00
0.000000000000000000e+00,-4.062940795058720411e-01,5.453826688215994423e-02,1.209555792358150139e+00,-1.651283942700721152e-01,1.782438340730024162e+00,9.287296171493890640e-01,1.515200355268398358e+00,-1.634200595799975897e+00,1.125017292215354958e+00,1.968028022013256884e+00,3.745576147064164640e-01,2.939237783665251680e-01
1.000000000000000000e+00,5.572221027232739488e+00,-3.130025489099053981e+00,-5.289049884578385097e-01,-1.076659603943415311e+00,2.048578591497464352e+00,-2.782792700818677467e+00,-2.684699990340874365e+00,-2.306527194495683997e+00,1.625811451637176663e+00,-2.768494719136613824e-01,-2.485602672896047860e+00,7.927317133138331862e-01
0.000000000000000000e+00,-1.923048642574993750e+00,1.803491583989096592e+00,2.572746661037432325e+00,-7.118712270481847071e+00,3.307394971550396079e+00,-3.524368377948718933e+00,-9.201567825885965668e-01,7.231997565517496174e-01,2.779748422548006914e+00,9.728537517504819432e-01,-3.065012711808801082e+00,6.962153542818303453e-01
0.000000000000000000e+00,9.309116028258255238e-01,1.523115261326131398e+00,8.631435530840673165e-01,2.273435465791549870e+00,-1.857621332396897085e+00,7.519910626195620562e-01,2.967748718438076416e+00,-4.057772704945262987e+00,5.412516921739829456e-03,5.752130064735510029e-01,-3.170604041543981122e+00,2.612120019913384716e+00
0.000000000000000000e+00,-9.890927635826528563e-01,-7.804300305726240561e-01,-6.521413001435314438e-01,-7.339588849813686089e+00,5.832516428912495776e+00,1.572785839196529256e+00,-1.092193992696927740e+00,1.388841837375914601e+00,-8.378342827312315055e-01,1.933890188596810944e+00,-1.521168084159710387e+00,-1.797839893060180660e+00
0.000000000000000000e+00,-8.751874401405285164e-01,-5.855846453212543157e-01,-1.101516308787433562e-01,-1.827487581845283371e+00,3.288347671364389324e+00,4.327632119851958503e-01,8.644376176812006429e-01,-1.903769857572312763e+00,-1.603834442311782738e+00,2.700204963433757710e-01,-2.088474024294590059e+00,-5.230605128197221010e-01
0.000000000000000000e+00,4.320989634153832526e+00,2.514006096863753648e+00,5.628169355752558722e+00,4.048678685661425192e+00,7.097734298724098778e-01,2.912304466185597907e-01,9.250733390294918479e-01,1.488704557219824309e+00,-1.926834752525370398e+00,1.566938515258326614e+00,-2.769929127989095186e+00,-6.496052851752271984e-01
0.000000000000000000e+00,1.925252434900183163e+00,5.450142534523083171e+00,1.203838649806241667e+00,5.521193361891149287e+00,4.302908819507855753e-01,4.395047312091826974e+00,2.400084818505402229e+00,-1.449120015532680439e+00,-3.002640721021629044e+00,-4.237460020545904538e-01,-3.382541766421372387e+00,-4.693411888052201775e+00
1.000000000000000000e+00,1.489613712523337963e+00,-1.339231773892239907e+00,-2.163770385526590623e+00,6.327433614640002091e+00,1.083101907692371801e+00,1.338539850902107808e+00,1.354036182102073438e+00,-3.638785616881259344e-01,-4.031606984482195344e+00,-2.972403493571529332e-02,4.348526074983991574e-01,-3.805478953469337178e+00
1.000000000000000000e+00,-2.290383647454333538e+00,3.257970848904994998e+00,-1.292477363966084036e+00,4.001802448079149421e+00,-1.787684168748910229e+00,1.366422781307190082e+00,2.189209410276410583e+00,-2.423176818992674786e+00,1.964466528002810186e+00,-7.797371706504947486e-01,1.454797191072439322e+00,-2.401130616995873268e+00
1.000000000000000000e+00,1.436713918155103631e-01,2.141935334996529328e+00,-8.661371644023208027e-02,-4.358938704599102376e-01,-8.376880942360498405e-01,1.225576459872274260e+00,-2.129680543116500679e+00,-2.786260737459205217e-01,-4.405257124954122805e-01,6.007221476890387546e-01,2.155868917508600990e-01,-9.765763120469271863e-01
1.000000000000000000e+00,-8.643821455846800728e-01,2.601399945060029473e-01,2.334435794608936021e+00,-3.329970995065305139e+00,1.765222329216294295e+00,-1.560929259801668412e+00,1.429974267085755146e-01,2.847191812455152515e+00,8.116757423624454404e-01,1.135946728269637163e+00,-6.605283304156075452e-01,5.664626942567485557e-01
0.000000000000000000e+00,-2.216613800720240057e+00,3.485244300753162161e+00,8.545662956972218671e-01,-9.343753310840204884e-01,-3.470950490860125193e-01,-5.388944306516423310e-01,6.937689318287811879e-01,-2.443564317893328619e-01,-7.341865302982566455e-01,-4.091909127836808047e-01,-2.577434231370611339e+00,-6.061649450129444894e-01
1.000000000000000000e+00,7.852890793972941985e-01,-1.291140514793918337e+00,2.491635912737973912e-01,9.114865664461617722e-01,1.404209996189766274e+00,-1.440467942845493621e+00,1.072818051682777885e+00,2.253254449252870106e+00,-1.010754496682316983e+00,3.422858236970155232e+00,-9.690044117759699649e-02,-4.585318881392834722e-01
0.000000000000000000e+00,-1.006220351051034134e+00,-3.480948285816628296e+00,2.928567557388142895e+00,1.323249788905510038e-01,3.538132088564368782e+00,-2.801736366216189822e+00,1.946984755317497484e+00,-2.654647756666531855e+00,1.979914508214443147e-01,-1.233789057171582826e+00,-2.688197190760094335e-01,2.155508563448857107e+00
1.000000000000000000e+00,3.136673155720058226e+00,3.090777455950036057e+00,1.176110810969961840e+00,3.831183232854918241e+00,1.471883131416919177e+00,1.117736824301642784e-01,1.056038701081462694e+00,-7.840590417278783253e-01,6.151725356305643988e-01,-2.572908587228117661e-02,-2.718465193034884209e+00,-3.867720049611150124e+00
0.000000000000000000e+00,-1.739997999029988751e+00,-6.404613279424160588e+00,-3.224623936109106914e+00,-1.634114086571522906e+00,4.154327411106496726e+00,6.128534143042643212e-01,5.608790756934911581e-01,-9.186670340253955125e-01,-3.973924560325666988e+00,2.877028890319251353e+00,1.942277496280519156e+00,5.212492448079844021e-01
0.000000000000000000e+00,8.891743296137983865e-01,3.754456128363852230e+00,2.635916679773928184e+00,9.279069010295130093e-01,4.684108972350343736e-01,3.033250886867187468e+00,3.105163373723069054e+00,-1.886437737184976315e+00,1.587853341754776881e+00,1.749606054661096977e+00,-2.136354877898245519e+00,-1.072116819481458982e-01
1.000000000000000000e+00,-1.797077974172488712e+00,1.106855731813174870e+00,1.252661220274628118e+00,1.073569448401585413e+00,-5.942418708776167069e-01,-1.008395640186401598e+00,7.824240706992086070e-01,2.617999998697636777e+00,-1.917396780726939420e+00,1.114670902459186319e+00,1.957741471457630222e-01,-3.857842535137976370e-01
1.000000000000000000e+00,-1.600811692175912349e+00,3.954327085098156669e+00,5.551797586395501583e-02,-3.973877578504966479e+00,-7.448951896215161295e-01,8.477207336505884205e-01,-4.545897990637238095e+00,-2.370526743352170840e+00,9.411571542748889962e-01,2.795690076809420610e-01,-5.022624012606669019e-02,-5.462667016595130765e-01
1.000000000000000000e+00,-1.498884901984005147e+00,-2.664443693099481258e+00,-2.441270183912023661e+00,-4.276483484163366988e+00,-5.527020309681243138e-01,5.614548347417440688e+00,1.541462845687354921e+00,1.289428120150672985e-01,-2.420064441430841207e+00,5.284868034130707493e-02,5.828492613043272375e-01,3.325936121416024349e+00
1.000000000000000000e+00,-2.081603373555984682e+00,1.808964213150915157e+00,-1.821189488390977829e+00,-3.686706684397146994e+00,-9.834822201238684336e-01,1.498406428782245836e+00,-1.747089337858214853e+00,-2.344393078997761393e+00,2.006097556150533201e+00,-9.435250633750946747e-01,3.913383110483976690e-01,3.340169933111112321e-01
1.000000000000000000e+00,-2.163312964380240455e+00,1.140126815698338847e+00,2.488755280448341267e+00,5.513784287612562007e-01,1.059141547492534530e+00,-3.288360331023082450e-01,2.372444934436048314e+00,3.837872023496515794e+00,-9.387170741650041617e-02,1.364868286496465188e+00,1.099800919534624555e+00,-1.086942445261118273e+00
0.000000000000000000e+00,4.237154043569724138e-02,-3.812340817903089096e+00,1.532048358405388333e+00,-2.670040700311251403e+00,4.265639857966545989e+00,-7.781637959498898249e-01,1.559728329293565530e+00,-8.051773577849592467e-01,2.914140130975068077e-01,4.410405812282589544e-01,-4.990760568180073742e-01,1.808261672035097245e+00
1.000000000000000000e+00,-7.411361348556615436e-01,1.404321785951643031e+00,5.123152730385080567e+00,-2.904956826881424092e+00,2.404894107599957032e+00,-2.248050385858971989e+00,5.112413011256391471e-01,2.500784188109923978e+00,-1.522056035215297420e+00,1.747466232577848499e+00,-3.001871524869753394e+00,1.346107476300648642e+00
1.000000000000000000e+00,8.560128613989999025e-01,1.225333179131382844e+00,-3.489212445872894586e-01,1.854616051422933509e+00,-1.057483076990232362e+00,2.417776261369612101e+00,-3.711977682352551877e-02,-2.187964320514913741e+00,2.127405732953495665e+00,-1.555884545140414632e-01,1.725002154865168169e+00,-6.839157103293724838e-01
1.000000000000000000e+00,1.033482004736710369e+00,3.682894761676072104e+00,1.018636322192903565e+00,5.361217609625670732e+00,-1.467722754422906561e-01,-5.529408947735749980e-01,5.912068180038865250e-01,3.024016196961796243e-01,-6.063772940532730082e-03,-1.928228006137686190e+00,-9.035014192173206338e-01,-4.614110111372232481e+00
1.000000000000000000e+00,4.084706470626993102e+00,-3.960052694311187782e+00,-2.274253051106074341e-01,-1.040995142362620696e+00,2.511926340514834877e+00,-9.655038383091959497e-01,-3.297233755430884372e+00,-2.886545360709300567e-01,6.033327882701065015e-01,1.414547243271858434e+00,1.250875011969707629e+00,1.465042408883496794e-01
1.000000000000000000e+00,-1.929654697673607533e+00,2.495481104152965646e+00,2.133505388757184207e-01,1.099835404050715226e+00,-2.174613247222551671e+00,-1.809929430468955047e-01,-5.167023215497855704e-01,-1.535108410952447100e+00,1.523134323545690005e+00,2.530872722489645454e-01,1.464296212168469058e+00,5.312895474569589993e-04
1.000000000000000000e+00,8.009330701739116876e-01,1.900638804067419363e-01,-2.447237398826318078e+00,-4.664112714031888984e+00,-3.534002498661888980e-01,2.713970447191105251e+00,-2.318350713761446080e+00,-1.592841381315319715e+00,1.673118579035035136e+00,-1.711923527621617591e+00,-5.611930727822265208e-01,5.565120231141651441e-01
1.000000000000000000e+00,-2.515733964749606422e+00,6.876421379230273523e+00,-9.580895976678195369e-01,-3.532894100645802116e+00,6.813335925290409101e-01,-1.757094994124133169e+00,7.225598472896144209e-02,-8.177896888827860256e-01,2.857977462716856376e+00,-2.785984226068850766e+00,-5.321615846435580721e+00,-3.929952826823310819e+00
1.000000000000000000e+00,8.552233521908521041e-01,3.178309933205154536e+00,1.214890374041441401e+00,1.631480689909348802e+00,-1.408750272802954173e+00,-2.628798636244639830e+00,-1.591544659725814270e+00,2.510168575265716129e+00,-7.523605574622505010e-02,8.111583783979738893e-01,-1.121814876503697267e+00,-1.951153771706116924e+00
1.000000000000000000e+00,-8.948229477933702380e-01,7.083027045035474867e-01,1.568245678495912898e+00,-2.347702204306022722e+00,5.976619437726498063e-01,-2.591196033770793328e+00,3.484078563312421606e-01,2.825283527231944980e+00,2.727796593956774096e+00,-8.824905287912709895e-02,-2.241944285042588580e-01,1.111257580298474767e-01
1.000000000000000000e+00,-3.934004007431374239e-01,4.677572269093397850e+00,-1.567244055623625565e-01,-9.922405114203011189e-01,-3.104124939413359652e-01,-1.427013489136777835e+00,6.282724638173675658e-02,8.771242277524273767e-01,2.574705283807131373e+00,-1.124141083710387345e+00,-2.847477794197780909e+00,-2.831759065474000359e+00
0.000000000000000000e+00,-1.320677580835852405e+00,-2.715436982809143363e+00,-3.053602640830942683e+00,-6.049700388971845921e-01,6.856807361883402452e-01,-9.130524780229731796e-02,1.022421472267545317e+00,9.660027148856329404e-01,-2.876767227818822548e+00,1.106550471493261245e+00,-1.167274900094162904e-01,8.523064128929103145e-02
1.000000000000000000e+00,2.742375627992995613e-01,-1.523106546757781565e+00,1.117237412746787228e+00,3.359959368324453438e-02,1.392313361650070025e+00,7.533726962004072547e-02,-1.282689417902335371e+00,2.606950099949713273e+00,1.909061332475594508e-01,2.032609394204191844e+00,3.413832756447753525e+00,-8.348530489076504413e-01
1.000000000000000000e+00,-4.586860768655021126e-02,1.436455013562974115e+00,3.595129046360683311e+00,9.780633430556441299e-01,1.424500841318160571e+00,-1.871296801451376224e+00,1.106416426999734304e+00,9.239605910485133577e-01,-2.297360387831744788e+00,-5.849292119911893018e-01,-3.029526202624889475e+00,-2.583630832203068772e-01
0.000000000000000000e+00,-2.511487998191348492e-01,-1.062821112832510906e+00,9.111659693772655721e-01,-2.272446263840156022e-01,-2.912310363474635011e-02,-5.111707725434737615e-01,1.354562139166428203e+00,-2.652504539299695097e+00,1.221304197809388814e+00,6.285495802781437824e-02,-3.896431353989732171e-01,2.665329225940451074e+00
1.000000000000000000e+00,1.362959440759008434e+00,-5.441745329085790672e+00,-2.556395784070444321e-01,-2.862310604499688438e+00,2.505855579413333256e+00,4.912971540792110403e-01,-1.642158837907157221e+00,3.032288382890536038e+00,1.020416689715021974e+00,4.853763590192383681e+00,4.917912056689440981e+00,1.507885268128887901e+00
1.000000000000000000e+00,2.375950983615213730e+00,-7.778758123268321611e+00,-1.633116711896919870e+00,-8.593994761434912144e-01,2.083630358536379568e+00,-1.789381788337414347e+00,1.751961617344916844e+00,3.247184478547601172e-01,-2.025363242559184762e+00,3.036040301651800277e+00,-3.549590815051412163e-01,4.057927439524354085e+00
1.000000000000000000e+00,-1.438897236042322447e+00,3.131998661064957279e+00,-6.918270341719376937e-01,-3.991243597964068690e-01,-4.734067689142569257e-01,1.088404907068881489e+00,6.835482116380453554e-01,-1.696525512832755878e+00,1.091763733952391124e+00,-1.253617400831438911e+00,-1.347743114005544696e+00,-1.357533939981029780e+00
0.000000000000000000e+00,-1.686476463074380483e+00,-4.392076256669541490e-01,2.692874578974943311e+00,-4.480717331489739053e+00,5.052038981165385856e+00,-1.619985664416333293e+00,2.874220420880032600e-01,-5.278638403627955888e+00,1.126215733921194229e+00,2.049137985116729510e+00,-2.457768687145935438e+00,1.937731240300241353e+00
0.000000000000000000e+00,-6.053504794390469623e-01,9.717926336357318728e-01,-7.783648785559078576e-01,-5.521305079809633032e-01,4.169182131825996951e-01,8.776508862109113629e-01,-1.639367403245248767e+00,-1.091456213129181396e+00,-2.634873788937952099e+00,-9.270094561875934502e-01,-1.111967622882492623e+00,-1.228032170075024965e+00
1.000000000000000000e+00,1.022741952657661324e+00,7.148679347458138933e-01,8.552428818295759738e-01,7.307898887308794222e+00,-5.893715545075224327e-01,-8.620073629543485438e-01,-4.815610878671618966e-01,1.829929078806020737e+00,-2.370398512307894112e+00,1.953662913147169000e+00,2.805229598664964907e+00,-3.615186941699006340e+00
0.000000000000000000e+00,-4.764782166843302136e-01,-1.724593211421445171e-01,4.923450687200411124e+00,-2.712047717895622601e+00,3.548176303912466079e+00,-2.763510053171194691e+00,1.990855318759101600e+00,-1.813404565325910767e+00,1.774507832400404883e+00,-1.894149479527172719e+00,-3.402521940448964610e+00,2.291712573938328834e+00
0.000000000000000000e+00,-1.083435072026954105e+00,-1.775815708012918881e+00,1.642806674104497766e+00,3.645122904551945653e-01,5.637684915338556646e-01,-3.396303543016575333e+00,1.611383468202677971e+00,-8.411280953868488508e-01,2.034424937147439216e+00,-8.093601328646404802e-02,4.309298216837524897e-01,2.138421044871863685e+00
0.000000000000000000e+00,1.879360679527044553e-01,-5.942569494250313333e+00,8.839099610203519086e-01,-1.409873981133143328e+00,1.867493803949603626e+00,-1.776526201557518281e+00,1.402277050208165399e+00,-7.894060700400269415e-01,3.671131531390082969e+00,2.179516830930804172e+00,3.686268072647759908e+00,4.089514490853449757e+00
1.000000000000000000e+00,2.545792341434205852e+00,6.191229553125411345e-01,1.945641941220001225e+00,7.020085728281880932e+00,4.241575621180290190e-01,-7.243503774341137902e-01,1.061969254537147744e+00,4.046621496757235592e-01,-2.270128476597496725e+00,1.752889822541372933e+00,8.200734948914645273e-02,-2.533851000008743970e+00
1.000000000000000000e+00,6.626370376354191460e-01,-3.669763187321713804e+00,2.591164630435604632e+00,-1.115912107079851667e+00,2.338024132520618359e+00,-3.442839980226308771e+00,1.560564776150468624e+00,1.925309385544074159e+00,-2.424136652032501615e+00,2.744419527979316431e+00,-1.942377860655793986e+00,3.180131029907162343e+00
0.000000000000000000e+00,3.012816194378830748e+00,2.201281299342021658e+00,3.556824791695263333e+00,-2.296196007513055193e+00,8.893041353232685742e-01,9.533625993893876105e-01,-1.113831469567480248e+00,3.112190901014542099e-01,-2.696031733146977416e-01,2.906312583461434507e-01,-3.500509905290851265e+00,9.010766718840130807e-01
0.000000000000000000e+00,-4.008058243968291023e+00,-1.135523884017850094e+00,-3.324696065154038926e+00,-4.366296014639408085e+00,3.438953989796764699e-01,-2.886626749499295208e+00,-2.037961265789383525e+00,-5.978116007165976686e-01,-1.218728952592112780e+00,3.995342104211581091e+00,3.871116539428598458e-01,1.095153486196026815e+00
1.000000000000000000e+00,4.729898972364669163e+00,-3.860624764101363127e+00,-1.067725841683205612e+00,6.472124815256068864e+00,3.341892161720803056e+00,2.619663600561052519e+00,2.148150801452486824e+00,-1.111629558327397849e+00,-1.060407374146840498e+00,1.211419123034642498e+00,1.885510624932988932e+00,-3.218068677639670749e+00
1.000000000000000000e+00,-1.427394388460212493e+00,1.021774392167501988e+00,-1.441449333783060283e-01,-4.139403356909394205e+00,1.203070364830744143e+00,5.413977372812330824e-01,-2.457733105007188890e+00,-1.238884002845069388e+00,5.500941009819864114e-01,1.162963418935664794e+00,1.769371889756699012e-01,2.575706605051997222e-02
1.000000000000000000e+00,-2.400442174674576101e+00,1.731569461426368584e+00,-1.823554078158618585e+00,-3.339968870283582802e+00,-9.061047756499618355e-02,-1.362693455989210545e+00,-1.484153021749789580e+00,3.974596666304978321e+00,-3.322930623927542015e+00,9.476848336819905239e-01,-2.128308114678766572e+00,-1.665983867901387860e+00
0.000000000000000000e+00,-2.311736689258870214e+00,-3.670527624438566949e+00,6.506844411872656497e-01,-4.362134529964358798e+00,5.693063459316272557e+00,-1.663772673075907704e+00,-6.569528166872673491e-01,-1.855447050057001501e+00,-4.560771520971333981e-01,1.625338344604068785e+00,6.973022351835862498e-01,6.093680502066163296e-01
0.000000000000000000e+00,-1.461379084660070937e+00,3.874311620769729458e+00,-3.543209077889584169e-01,-2.887961048128079855e-01,-1.298587757138153442e+00,7.732029060439542523e-01,1.000763199809960202e+00,1.510624677362142343e+00,-1.279024014514749119e+00,-8.633702471165398684e-01,-2.620002738064687087e+00,-1.618860524783754418e+00
1.000000000000000000e+00,2.070848021666366279e+00,8.255053579001812025e-01,2.839962305804750731e-01,3.931115300780638311e+00,3.142016650015417856e-01,-2.282317137202673152e+00,-1.471454396292107614e+00,1.438764610371957797e+00,3.222928066557002591e-01,1.510960748889251803e+00,1.018545358953956814e+00,-3.316571156593929537e+00
0.000000000000000000e+00,1.472964438195906833e+00,3.506605946788792227e+00,2.286204179245403090e+00,4.001164086484439331e+00,-3.024183720416748322e+00,1.389663266606226966e+00,3.471146406454663769e+00,-3.083591588976420272e+00,4.047150598020308188e+00,1.397645136805957256e+00,-5.779881773770036979e-01,1.699344656301083223e+00
0.000000000000000000e+00,2.469445969887507530e+00,2.640228582236573196e+00,3.385960505094892881e+00,1.625503063526276160e+00,1.004582820486803918e+00,-1.768699716552046830e-02,-1.197657445083715855e+00,-1.078360495491966553e+00,-8.630965019143583827e-01,1.037564841808142901e-01,-2.222064300648900925e+00,-1.207615880041247980e+00
0.000000000000000000e+00,-4.322162536337719185e-01,2.048771456397013302e-01,3.404017508639552769e+00,3.973278043389378844e-01,1.769169029853164155e+00,-6.914350799990238716e-01,1.829994543080164515e+00,-1.905477732415564285e+00,1.098831078863122146e+00,-1.335529931262764869e+00,-9.304823419349725899e-01,1.018468993812699175e+00
1.000000000000000000e+00,3.831235696274990499e+00,-7.368166595602851032e+00,-2.662468355254789643e+00,-1.418194661550725044e+00,3.166500122079522583e+00,2.345349680584357444e+00,-1.848252078225605111e-01,-9.215527608584235253e-01,-1.233621402943284373e+00,2.940580691098560351e+00,1.677052579879984684e+00,1.956701221229200982e+00
1.000000000000000000e+00,-1.561160862738207866e-01,4.694310649802267754e+00,1.915914937444440191e+00,-4.304545013955347166e+00,2.365990869382501138e+00,1.278308307953062162e+00,-1.639937291299798261e+00,-2.248428432120438636e+00,1.068381937786881952e-01,-5.451586480969559112e-01,-4.364021674960383734e+00,-1.514093608896384335e+00
0.000000000000000000e+00,-1.602186402325190606e+00,6.643405868479006493e+00,2.949654248723380334e+00,-3.486785700940396637e+00,-1.315929967500442110e-01,-1.502867244104675981e+00,-4.980542003001160456e-01,-2.834916089107300863e+00,4.304663312367837946e+00,2.353067868734219026e+00,-3.238832037943963016e+00,3.165839075219140097e-01
1.000000000000000000e+00,-7.307734839769830515e-02,-2.163609186241226279e-01,2.389488383537732297e+00,-1.387287177927885695e+00,1.249654981361246531e+00,-3.283978006635077662e+00,2.168441533113856234e-01,1.650641970077979082e+00,-1.386055660155757652e+00,7.904515110966893188e-01,-2.641621526670838715e+00,1.196033471924503822e+00
0.000000000000000000e+00,2.038588193535237458e+00,-1.260146136582085963e-01,9.202166325444627315e-01,-3.364432257026807260e+00,1.803572454096721067e+00,2.838535348615289777e+00,-1.558906953034989495e+00,-1.793238106567618617e+00,1.425242417663825201e+00,6.317830681937541826e-01,-2.269194912718035528e-01,7.976199136296537873e-01
1.000000000000000000e+00,1.645307959897944317e+00,1.820891218683251767e+00,2.138732383217371691e+00,2.757352600298875522e+00,-1.241708856585959531e+00,-4.474958748606949754e+00,-9.843070491525027776e-01,1.184961766752191892e+00,2.942809555790535381e-01,1.030559453136730141e+00,-1.619472579571544557e+00,-4.408973152120438943e-01
0.000000000000000000e+00,-1.220081512033526216e+00,-1.336210081749946488e+00,-8.439802320840075200e-01,-1.148829946813142433e+00,-4.640748150362861146e-01,-1.993464721974715026e+00,4.696046998978306020e-01,1.078442762820842837e+00,8.595582544374038569e-01,8.953453417507548640e-01,5.777985096604889570e-01,1.277049903580841805e+00
0.000000000000000000e+00,1.802580254999661236e+00,-1.056575319159488879e+00,2.667792703132163101e+00,5.659561080385228093e-01,1.607421889809504956e+00,6.551381552902124650e-02,-9.238723967473236875e-01,-8.716089009076738447e-01,1.515484881822644070e-01,1.819713598724451487e+00,1.023956969445635856e+00,7.886698066002570950e-01
1.000000000000000000e+00,1.238625656953668663e+00,4.600478063913618243e+00,-5.675847452855544706e-01,-1.719818112109394947e+00,-7.531833467718911379e-01,2.562161600474605727e+00,-2.586818208176260292e+00,1.375204439234416487e-01,2.045319877964189459e+00,2.441923100834952898e-02,-5.752042213514869662e-01,-2.861081847279273838e+00
0.000000000000000000e+00,2.224418599105962624e+00,7.780256887702684532e-01,-3.654526744805346450e-01,-8.824888242108972491e+00,2.780567311465576896e+00,2.910034891394746026e+00,-3.728155358433466127e+00,-1.107388176192568574e+00,3.067375335662180014e+00,1.497440793543751480e+00,-1.619716414639984503e+00,5.991869528320439287e-01
0.000000000000000000e+00,-3.896017715244287638e-01,1.818053991547853299e+00,6.268478104018848640e+00,-2.549290631534526508e+00,3.455887556885062217e+00,-2.999382444278284154e+00,1.593393140284866893e+00,-7.917895568050952182e-01,3.568702297451422645e+00,-1.867760651289784857e+00,-2.897735531272968679e+00,1.106130879645949028e+00
0.000000000000000000e+00,-2.491956118736377235e+00,3.722914345396562408e-01,-1.370610915544848929e+00,-2.393912645050269017e+00,-2.247044026033813147e-01,-1.554691762569020863e+00,-3.919034580973923543e-01,1.586723291011437276e+00,2.484109324058441537e+00,4.090404747968754862e+00,2.288145474506378285e+00,1.933589861722517789e-02
0.000000000000000000e+00,1.652794576702112384e+00,3.662642684918036462e+00,2.001438997321946633e+00,-2.158883297043030502e+00,1.452113255884174503e+00,2.238318570171818678e+00,-7.116997138418676982e-01,1.989986231852665544e+00,-1.132314377717828169e+00,4.199603408611017663e+00,-2.418222960046945147e+00,-1.504187418218531302e+00
1.000000000000000000e+00,-4.568052054846230448e+00,3.572704382360981423e+00,6.765012041704896451e-01,-2.770529685722526114e+00,-1.275462498871758887e+00,-1.477775636387315128e+00,7.200209602465994507e-01,-7.261702147269978314e-01,2.267979192127667076e+00,1.896154033904453584e-01,-5.724400238197909774e-01,8.769701176457003200e-01
1.000000000000000000e+00,1.362778218369755656e-01,7.424372403347575755e+00,2.332009032190228481e+00,2.400874638796109739e+00,-1.719375449184058269e+00,-1.894473701251809583e+00,7.467195935696844256e-01,4.930888775159425474e-01,3.939050330597682947e+00,-7.264146002277178660e-01,-2.544982307206987038e+00,-3.381858947396632065e+00
0.000000000000000000e+00,-9.295241649830651154e-01,-1.934027732700981106e-01,-2.716492023317527149e-01,-2.110374720106059865e+00,4.564109178864238503e-01,-1.325831423408155629e+00,5.060607422185295912e-01,-1.503206112878138212e-01,1.292126801215792264e+00,1.431336499247816141e+00,-6.237509204346936009e-01,1.057851967902675439e+00
1.000000000000000000e+00,-8.867069517650354449e-01,-2.620331998496742365e+00,2.921658885206002143e-01,-5.764597550258516723e-01,1.629573133238156668e+00,-1.585304290878816413e+00,3.011819187097419359e+00,2.224073548524868826e+00,-2.773474501896896705e+00,2.442348633081258047e+00,-1.666525497977615400e+00,1.660428881401641021e+00
0.000000000000000000e+00,-1.241633839056271782e+00,8.160362903907931731e-01,2.051990054342825776e+00,-1.161840077357745082e+00,2.261288183558655351e+00,-7.662014584406826589e-01,9.716249816528654826e-01,-3.503333126984654378e+00,1.742637622267838360e+00,1.389146549579500345e+00,-8.546208240971642223e-01,8.402155959671236962e-01
1.000000000000000000e+00,-1.620066702811025605e+00,1.313646422643240719e+00,-1.525669024288203834e+00,1.441239668882618563e+00,-1.588664835676382392e+00,-1.440228240912935220e+00,2.272524829252896783e+00,1.523974065314841475e+00,3.545165003801318271e-01,-1.069724858004033274e+00,-1.051278664540039820e+00,-1.015022343514259795e+00
0.000000000000000000e+00,2.665485538558474587e+00,2.197514823893381486e+00,-9.433820092626743481e-02,-2.392739349570896845e+00,-5.888911355402262071e-01,2.088472381501381925e+00,-2.364555438703263235e+00,-5.275035618963237471e-01,6.206370591679939430e-01,1.021663390837262320e+00,-1.781833078856572605e+00,-5.260894451787634374e-02
0.000000000000000000e+00,1.048687586984146103e-01,2.051367543748674471e+00,9.155330211447701982e-01,-9.059705057860142352e-01,1.612806049314835732e+00,1.663943696221653612e-01,-8.134233640099517437e-01,-1.727071178370152893e+00,-6.498335316449864729e-01,1.235833200126534637e+00,-1.956776433484428424e+00,-1.092768810544426872e+00
1.000000000000000000e+00,-2.457825955931609574e+00,3.652143489565327084e+00,2.942986006022285217e+00,9.535248558186182333e-01,-1.195625933851624634e+00,-3.771290347639150387e+00,-1.243421955056597916e+00,3.719579668622616353e+00,-2.366497976731547048e+00,1.695457980497949713e+00,-7.466291677737937338e-01,-1.172919841800256879e+00
1.000000000000000000e+00,1.771995866856714841e-01,5.337896581132636875e+00,8.056095381475358863e-02,-2.528409718139555729e+00,-1.103334123092766683e+00,-1.145845797499968288e+00,-1.815750847899595399e+00,-3.764205615065575827e+00,6.017664496516413664e+00,-3.487892795541919888e+00,-2.762348001525976038e+00,-1.240254072832829291e+00
0.000000000000000000e+00,6.619097520155827752e-01,4.375885381514210692e+00,5.278571347079489051e+00,3.413490595979777886e+00,-4.840631569571267612e-01,1.608917104236872397e+00,3.647230062622982771e+00,-2.851507089725890953e+00,3.214129817452476168e+00,-1.637688015837113209e-01,-1.200584561048369858e+00,6.452431306745021189e-01
0.000000000000000000e+00,1.715885710989315527e-01,2.840396179301665658e+00,2.772730528103592995e+00,4.724149378767524610e+00,-2.886453936468659887e+00,8.167830999236858069e-02,2.673268820697920933e+00,-2.344971588556286513e+00,3.117730413478901230e+00,-7.290001725849457603e-01,5.568536722664030325e-01,1.103759676450142502e+00
1.000000000000000000e+00,-1.041753394720640769e+00,3.588575147883767080e+00,4.427693490327049286e-01,-9.727818079654171335e-01,-1.101507033058263474e+00,-1.395993107971610137e+00,-1.401652025998405104e+00,-1.902519921966185246e+00,5.157875477413917942e+00,-2.055262937227481101e-01,7.475614673829094059e-01,-8.678644318387028767e-01
0.000000000000000000e+00,-6.098982858576682542e-01,-9.959384863544173960e-01,2.470029270068158755e+00,-4.512620219911795960e-01,2.823566336108211505e+00,-6.593314498637943277e-01,1.427954066979197023e+00,-1.634647627677339621e+00,8.234571221648441242e-01,-1.429810329589251694e-01,-1.884365859229634177e-01,6.978264363629888001e-01
0.000000000000000000e+00,-1.346614157149899071e-01,3.774708322869083421e+00,1.839073064564053173e+00,-1.816152994969060464e+00,4.264246690022320818e-01,7.212651601494062259e-01,1.267075590144741248e+00,8.760941818486716048e-01,1.227594665433244803e+00,-1.263580821924858988e-01,-2.935799009931779224e+00,-7.740765653331733720e-01
1.000000000000000000e+00,-1.026259403946353510e+00,7.356394517069169581e+00,1.977323080498852637e+00,2.846795999901388985e+00,-2.503653878916300979e+00,-3.019775558221758693e+00,-8.553965055077770163e-01,-2.128400884874185550e+00,3.564490024153628589e+00,-1.640743823658419975e+00,-1.952276794969538987e+00,-2.775042999965612545e+00
1.000000000000000000e+00,3.786368934403101960e+00,-5.627408825407379744e+00,-1.354844394796691276e+00,-1.995977487953609408e+00,3.402777832924737123e+00,2.194938492219959514e+00,4.638298103348446944e+00,-2.173340672303552878e+00,3.775293894447142584e-01,9.729180129677982292e-01,-3.232139569556657488e+00,3.432317555598054071e+00
1.000000000000000000e+00,-4.229883025609181280e-01,4.202308900459941654e+00,2.188749168634982478e+00,-1.050208648687156909e+00,2.414986770979459241e-01,1.340744020534426983e+00,-1.576352911792537892e-01,-5.341671241016887617e-01,-7.296241868774444583e-01,3.749960373472223107e-01,-2.559677401233510174e+00,-8.509186752631923145e-01
1.000000000000000000e+00,-1.680183585966850579e+00,-4.874451077534097121e-01,2.213557383915540910e+00,-9.920998209687628133e-01,1.649554692571699066e+00,-3.113539167529148166e+00,8.296719759300598129e-01,4.070035154847349901e+00,-3.939131788240667342e-01,1.741572418156623225e+00,2.877114202487185413e-01,-1.460518445070346782e-01
1.000000000000000000e+00,-2.539301111488621920e+00,-3.933254335725466233e-01,-1.023883731895061100e+00,-2.556597420675269738e+00,-9.961302291073969029e-01,-1.646164016050225332e+00,-4.750783694004946378e-01,5.477748991807893653e-01,1.135294759298340894e+00,5.699124454089381508e-01,9.573655620591463578e-01,1.490540611206481625e+00
1.000000000000000000e+00,1.953586688044287145e+00,9.869938172604262316e-01,3.546562976568923276e-01,4.647545327797296011e+00,-5.377675880085774907e-01,-1.583387713394260210e+00,4.729133197612330086e+00,-2.209285082900379837e+00,-3.100421802409930816e+00,-1.200496736951765619e+00,-6.768331971764762756e+00,5.126129833298862515e-01
1.000000000000000000e+00,2.159811373400507328e+00,-1.471524400735343407e+00,1.448458041519835371e+00,2.881046145512939916e+00,4.131132799224523922e+00,1.579724626709537727e+00,2.330519695281155990e+00,1.014651609750273575e+00,2.384293043941692058e-01,7.123474717792968036e-01,1.051175741005542896e+00,-3.057218862851859509e+00
1.000000000000000000e+00,2.708828363085357793e+00,-3.073612533096165222e+00,-5.896332034857223459e-01,3.904045439652629401e+00,1.977030554285192920e+00,-2.437751376061587649e+00,1.620341107092809096e+00,-1.240718287460764735e-01,-3.399078139859542880e+00,1.934884517718189034e+00,-2.229465884223567507e+00,-6.123023455548768368e-01
0.000000000000000000e+00,9.271428875964635719e-01,-2.279894151099876864e-01,1.851185234282718417e+00,4.116322672336501398e+00,6.589941489170207944e-01,-7.244129211417797976e-01,5.661824517295424020e-01,-8.318194290143174907e-01,-1.286290148271762357e+00,3.053030039895334724e+00,1.024476111510967957e+00,-4.482019646001355051e-01
0.000000000000000000e+00,-2.243769713810097599e+00,1.033507190837200218e+00,3.386353178469359015e-01,-6.076761719623088531e+00,1.424692235441441968e+00,-3.106930443452959878e+00,-9.113951193192393330e-01,1.699886840610282945e-01,1.480211512269611562e+00,1.458312956563759588e+00,-2.615308163017038723e+00,1.401703843141101524e+00
1.000000000000000000e+00,4.985306224164222755e+00,-5.006785328967969129e+00,-2.015838925494761291e+00,2.495734231866353348e-01,8.558684591138943087e-02,-2.214118733294466956e+00,-3.401193322900755156e+00,-1.679262138229378643e+00,-9.112338518480161964e-01,2.134414890024187272e+00,-1.170652856990771484e-01,2.226680731066530861e+00
1.000000000000000000e+00,-2.241920104088495069e+00,5.544108221282060711e+00,-4.805569573128328775e-01,4.568612948658601347e+00,-2.746525172509702184e+00,1.938570904510750648e+00,8.156838192651962860e-01,-3.586782312027269715e+00,3.132973450837743368e+00,-5.939103326173029718e-01,2.163643390266765998e+00,-3.029928903502050908e+00
0.000000000000000000e+00,1.584033465532077134e+00,3.441255305746163673e-01,-8.785897802319779792e-01,-2.969205813475869427e+00,1.436504380504525225e+00,1.996052661309956733e+00,-2.601752743311930516e+00,-5.617136498251207311e-02,3.954878479865775454e-01,2.415875160955666345e+00,2.862335801835245164e-01,-9.839655134382945256e-01
0.000000000000000000e+00,-9.693089147931963634e-01,-1.487308186118591502e+00,2.218644559266957472e+00,3.526327101129597352e+00,1.771726416763179435e+00,1.321651907356906186e+00,2.339230280811817053e-01,-4.064732628936917891e+00,-2.635833263420623851e+00,-3.489304181765649382e+00,1.462756873887279152e+00,-2.242889011080501094e-01
1.000000000000000000e+00,-1.695156238427441897e+00,1.941233583444631705e+00,-2.930502753302498320e+00,-8.882695470737594690e+00,1.120537856057538750e+00,-6.318084214906452001e-01,-3.316979621131849409e+00,2.930009997518068232e-01,2.040537673196131774e+00,-1.493034854190729233e+00,-2.940397844219441392e+00,-7.465924789211957346e-01
1.000000000000000000e+00,8.867492808582273511e-01,-1.145303719419275446e+00,-7.163018092104467271e-01,6.386451349172673986e+00,-3.426496387064814630e-01,2.438563191532083785e-02,5.774972699769329587e-01,1.019518925212248073e+00,-3.777031364950782066e+00,1.890855192385191064e+00,1.898536196156138445e+00,-2.313246128133551238e+00
0.000000000000000000e+00,-2.965940505485304524e+00,2.967209185551834771e+00,-1.172941211937827966e-02,2.088425564769309073e+00,1.431673024498631097e+00,-2.266206267479024650e+00,-9.953028123468813382e-01,-1.880596406323055803e+00,-2.361121236904500265e+00,3.359371932791694437e+00,-3.383959539372849434e-01,-3.238659544488023290e+00
0.000000000000000000e+00,-4.300763887869282209e-01,-6.762295321621797584e+00,-3.562359897240061635e-01,-2.124815513035641867e+00,2.633385889452433126e+00,-3.534949811090854155e+00,9.089656167147852628e-01,1.881752826171310122e+00,3.212677840445531396e-01,-8.621278792546218650e-01,1.462574465397418422e+00,2.523144524573091019e+00
1.000000000000000000e+00,-1.288824739283898957e+00,2.843743928783760921e+00,5.351269651865497856e+00,2.137681587914711301e+00,-2.321010277469157668e-01,-3.705509216810991990e+00,1.971235511983218558e+00,2.525458626619792923e+00,-1.446657447428795429e+00,2.463150645730660671e-01,-2.479100985253156253e+00,5.086330962968832470e-01
1.000000000000000000e+00,3.373808383544160794e+00,-2.344268128491464598e+00,-6.502922433783044909e-01,-4.179915331246580878e-01,1.588203547570233631e+00,-2.003261771611677844e+00,-4.669846996199100708e-01,-5.025215794542936543e-01,-2.342766918183210034e-01,1.855286564023798324e+00,-2.298632899563382903e+00,6.891993410757637495e-01
1.000000000000000000e+00,8.554311872981108511e-01,-2.952998480332809095e+00,8.504041144125640272e-01,-8.465295076201578839e-01,1.315054472737338109e+00,-1.631089837424688493e+00,1.525264280136449990e+00,1.861761227610576164e+00,-1.406593155317624744e-01,2.722303669956577021e+00,-1.675846442709985062e-01,2.092972728568703200e+00
0.000000000000000000e+00,-7.189594461378665535e-01,6.995099967788074302e-01,-1.564142098205172360e-01,1.892597485841009675e-01,-4.950360159638880209e-01,5.516285690767357419e-01,7.572132198953772653e-01,1.772912607925478667e-01,3.585800846418578658e-01,-9.592024024411527350e-02,2.077732301122474645e-01,-1.499213014519280573e-01
0.000000000000000000e+00,3.694052215546655749e+00,-1.248101014162695810e+00,2.774786745880644112e+00,5.347778984579155681e-01,1.962172060493873715e+00,7.333421902650147928e-01,-1.704635390499820158e+00,1.483487313800714968e+00,-1.526605205897610729e+00,1.167820809009558314e+00,1.019240717105278637e-01,-2.531597030170064100e-01
1.000000000000000000e+00,-1.478336292613086300e+00,6.940254392211285150e+00,1.515352269432731269e+00,4.494640494248184126e+00,-4.636395047763923749e+00,-1.034444485844510542e+00,6.400906662883210085e-01,5.922731820519999690e-01,1.042371826346325969e+00,-6.661101205430423056e-01,-8.485105500690777180e-01,-2.002458106395331505e+00
0.000000000000000000e+00,-5.217803952462642947e-01,-1.901675836857697588e+00,1.712208193729781724e-01,-4.745306606013002693e+00,2.737811974000353921e+00,3.048893585338683376e-01,-3.177887383430439083e+00,-9.447737101348894218e-01,8.550160176228653874e-01,3.335127408690384598e+00,2.279033973498536536e+00,9.765000227587019577e-01
1.000000000000000000e+00,-1.859550357136698695e+00,5.447537498547633028e+00,-2.197203708557354140e+00,-1.274298099624802116e+00,-2.631682514729035693e-01,2.229628154178645794e+00,-9.351651739835052934e-01,-2.784685873673375056e+00,2.458636585684272458e+00,-1.692518260345932113e+00,-1.074710747137375355e+00,-3.897432410687342141e+00
0.000000000000000000e+00,-1.242738786327592937e-01,-5.599355413436960305e+00,-1.237815997510420818e+00,-1.128869319163603169e-01,-1.309351196236447912e-01,-1.862092808927119592e+00,1.235192368494661963e+00,9.378061254177356698e-01,1.953677595300637559e+00,1.155396480818208893e+00,3.487143318354891441e+00,3.108695255552766934e+00
0.000000000000000000e+00,1.413198456161459671e+00,4.354885742138500659e-01,2.272614510655683873e+00,5.015984258033823195e+00,7.831313966417224881e-01,-9.263930917036431456e-01,-3.964024234981411432e-02,-4.712031956949199740e-01,-2.671063343946137980e+00,1.142782247678081564e+00,-8.853399936604833265e-03,-1.627351796008611684e+00
0.000000000000000000e+00,-4.829140761644116209e-01,2.032400250630509664e+00,2.659591145533156897e+00,-1.143168288022112122e+00,3.133917804556688669e+00,1.382313619082100598e+00,1.779447784140151256e+00,-3.323862231275595214e+00,-2.611301719268592780e-01,1.268489497501958496e+00,-2.843811896390315397e+00,-3.655269540203365253e-02
1.000000000000000000e+00,-1.520334732845563863e+00,5.185576935771231355e+00,2.079778936991226956e+00,-8.759324147202653954e-01,-1.274732601654449571e+00,-3.679756879948903325e+00,-3.421715135808231611e+00,1.435988024013776787e+00,-1.432237523188736983e+00,9.220549106027686737e-01,-2.440612273813034250e+00,-1.596872171370868010e+00
0.000000000000000000e+00,-1.933190421005586579e+00,2.248086882526733277e+00,2.908267155788159641e+00,-1.725940788746018306e+00,1.588196206121868181e+00,1.136761944039087702e+00,2.642172537726847903e-01,-2.348957325853776368e+00,-2.444574640846956637e+00,-1.151891931245868861e+00,-2.674595050377009287e+00,6.134687251157457943e-01
1.000000000000000000e+00,3.625883625485782691e+00,-6.130466406953195779e+00,-1.909454571604745521e+00,1.218920216581964366e+00,7.683643474621788538e-01,-2.847594279492865255e+00,-1.099739050123468065e+00,-3.404866151664909246e-02,-3.284212099724870271e+00,4.600243942391664120e+00,-2.678421351447978216e-01,2.628760150636165971e+00
0.000000000000000000e+00,-3.271806092247715458e-01,3.039434888537742907e+00,1.056295258095332423e+00,-1.090128760944641728e+00,8.589077535579009437e-01,5.888283354076895293e-01,-1.889234451696632622e+00,-3.368288773749797294e+00,-9.705255132816729136e-01,-1.782452164803929318e+00,-2.605624208758070104e+00,-1.095746903725383081e+00
0.000000000000000000e+00,-1.543041288178252701e+00,-3.141245541896931393e+00,-9.655486913214241795e-01,-2.598529582044004638e+00,2.926281423056225961e+00,-1.184856806498568726e+00,1.650645899265957839e-01,5.045039243045552624e-01,-1.508359739869872929e+00,3.394191230116079261e-01,1.664310109957822803e-02,2.786098643280097154e-01
1.000000000000000000e+00,-4.852044147294611864e-01,-2.568060519135153541e+00,4.054929363777145745e+00,-1.414012733100259878e+00,2.973807631624420189e+00,-2.523983810222020452e+00,2.197981934163117046e+00,2.132356083843782280e+00,-2.515833723271454492e+00,1.122470393061961280e+00,-1.986444165924068361e+00,2.654877444881836634e+00
0.000000000000000000e+00,1.386353140667791806e+00,2.352201248858117655e+00,4.948933147056442383e-01,1.008859164636495542e+01,-1.087340534408427040e+00,6.138455969078400187e-01,2.045782452842986654e+00,1.372567469365356452e+00,-5.306293446242062117e+00,2.980157626944799354e+00,1.749537655417572335e-01,-4.449113019294795635e+00
1.000000000000000000e+00,-2.131000840664580842e+00,3.461372750905046036e+00,-2.610577871612299594e-01,2.852732072663005436e+00,-2.473612139393134512e+00,1.531997919045323009e+00,1.319215015731723284e+00,-2.646783915600859682e+00,-7.448197449538973558e-02,-1.347742907892692799e+00,-9.344795490373025704e-02,-7.239478575168738494e-01
1.000000000000000000e+00,5.303942309831360946e-01,1.296217732003480672e+00,2.860704435215681407e+00,3.636693755387561122e+00,1.937120661931245325e-01,-9.509439577100355923e-01,3.482012099682830097e+00,9.742033463880617195e-01,-1.552831666214643302e+00,1.024629001678045048e+00,-2.276470012059184533e+00,-2.921862422045429231e-02
1.000000000000000000e+00,-8.540822018476124100e-01,-7.905655542990239759e-01,-3.311411285842963625e+00,1.708617890769917325e-01,-1.383861795487429713e+00,3.175326578038781378e+00,9.973117543108558358e-01,-2.167775395489870416e-01,-1.622847423802963984e+00,-1.057445423472888724e+00,6.083987091521780854e-01,-1.181273885075780905e-01
1.000000000000000000e+00,-1.056538340367217943e-01,4.593080204423657165e+00,1.233344337556328441e+00,1.840805741666386997e+00,-2.679567411886588424e+00,4.763737321120917745e-01,-1.075152435582245491e+00,-9.305358826481716639e-01,9.699022212686169153e-01,-3.361750463966363123e-01,-3.243094872135560136e-01,-1.003706363114700739e+00
1.000000000000000000e+00,3.782053649234321524e-01,4.878975482271142639e+00,3.883857868693956661e+00,5.136750241292188157e+00,1.675209488956475479e+00,1.631460068916264827e+00,4.555502093124793817e+00,-9.395031072747068723e-01,-3.861946733530072784e+00,-2.177947343653334755e+00,-5.568330544932060810e+00,-3.188273456939570316e+00
1.000000000000000000e+00,-2.566152851111950461e+00,3.611074981464705402e+00,7.628585217954730879e-03,-3.802378875360634680e+00,-8.412628882296671051e-01,-1.447343580194422330e+00,-2.563465104061340760e+00,-9.361279040351333514e-02,-1.947711209111826935e+00,-7.856050642309582166e-01,-3.198279879679875926e+00,-1.675666250354153064e-01
0.000000000000000000e+00,-2.255936171340179985e+00,6.028235219590101224e+00,-3.197975270069766118e+00,-5.419951049461534609e+00,-1.382222529598526428e+00,6.533770386889437010e-01,-1.254529293860425110e+00,3.647611425228688198e+00,-1.930232923605990081e-01,3.679374322552350751e+00,-3.364831653533853828e+00,-2.720007532518184501e+00
0.000000000000000000e+00,3.965744692060668708e-01,-1.527994909285225189e+00,1.997379265776387580e+00,1.203678162833847320e+00,1.588823249952943328e+00,4.005870874012502636e-01,3.123343524377748093e+00,-3.461080963702181101e+00,6.785202499629772177e-02,1.036134632074899420e+00,-1.129591897344231155e+00,2.489760629149343263e+00
0.000000000000000000e+00,1.173607895594545703e+00,-7.396158919281013988e-01,2.925282842016050822e+00,-1.832097078536427948e-01,-1.126971216541672316e-01,-1.922441094420384466e+00,2.377035157811520527e+00,2.357129729529896522e+00,4.882611311012597710e+00,-1.334406489295696385e-01,8.071548399167483012e-01,1.943245442951479385e+00
1.000000000000000000e+00,-3.057789466086806573e+00,9.506420105240411811e-01,-2.910954632173790024e+00,-1.145904346275499863e+00,-1.084049820360972749e-01,1.259304310536704996e+00,3.863919508720918827e+00,4.691980258453611885e-01,-3.947305991468528230e-01,-1.787104791463439923e+00,-2.118591336093363697e+00,-9.009849824717681699e-01
0.000000000000000000e+00,9.868101780168434534e-01,2.707457646890954805e+00,4.582418321618544788e+00,-2.706018414163996688e+00,2.426716374019650679e+00,2.908009368582627374e+00,4.884912597285517855e-01,-5.575677272932269002e-01,-3.389451270620498224e-01,1.969358828185507893e+00,-2.347250693586055093e+00,7.864730222460629694e-01
0.000000000000000000e+00,1.454559127769086579e+00,-1.800869282461651788e-01,-3.381879507773379867e-01,-3.914710196311927959e+00,1.145829790822480598e+00,2.954485881547177506e+00,-2.254948158220037246e+00,-1.057122434170823633e+00,-8.570028627606376403e-01,-2.010173046958134258e+00,-1.440719904538060314e+00,3.412281144120459242e-01
1.000000000000000000e+00,-2.822223430435815139e+00,6.453800228248309345e+00,-1.379339120257834894e+00,3.733190296821261800e+00,-2.295847698703000095e+00,4.314005406153178512e+00,3.924251225934686005e+00,-4.595190795614180201e-01,-2.548085222715663622e-01,-1.099660920843868572e+00,-1.035957680216850196e+00,-3.999579051714471145e+00
0.000000000000000000e+00,-1.008069232571517260e+00,5.353606307637759798e+00,4.813408078885358377e-01,-2.420772426956056822e-01,-1.701014409996975729e+00,1.296267130297254155e+00,1.291511311014965635e+00,-1.894045570082762309e+00,-2.972862348884277583e-01,9.619775469377919164e-01,-3.811094671454529959e+00,-2.215984360311717971e-01
1.000000000000000000e+00,-1.068438961425443923e+00,3.310189168300769147e+00,-2.619756804756356416e+00,1.013935334531051169e-01,-1.646085613001205594e+00,1.237575482189755327e+00,9.622922534589983812e-01,-1.764751151190633305e-01,-4.521043071197734520e-01,-2.837075479005092049e+00,-2.754640434413094141e+00,-2.255788845269353970e+00
0.000000000000000000e+00,-2.457310112182524708e-01,5.375101996713122610e+00,1.366479040276016077e+00,1.885574268440828094e+00,-2.652964543557009058e+00,1.514275373787655532e+00,2.261447885058635698e+00,-2.030087375641603131e+00,3.255750484254785748e-01,1.072230126349114965e+00,-3.150486935987523829e+00,3.167243663826627698e-01
1.000000000000000000e+00,-2.717071734552163331e+00,5.471513542238052530e+00,-1.799182355627477081e+00,7.603029063972565060e-01,-2.267176559905938582e+00,3.803473641193713561e+00,5.729644599701504415e-01,-5.755069871073182242e+00,5.314126406801134905e+00,-2.203442027550059912e+00,1.634935634162431928e+00,-2.044643586610570996e+00
0.000000000000000000e+00,-1.304055741038847804e+00,-3.014616690213403505e+00,1.879820087004608897e+00,-3.659044993186814754e+00,3.567311937193406113e+00,-2.587130414496374708e+00,3.749896652306268230e-01,-2.245646126314690960e+00,1.569436096708241024e-01,-1.226276430103443449e+00,-1.538791907429432726e+00,2.627791542240228928e+00
1.000000000000000000e+00,3.957939914550313576e-01,2.730420434611584568e+00,5.714577906832660759e-01,5.562708579890337290e+00,1.847108196838533889e-01,-7.120670010837095720e-01,1.243780648336160866e+00,7.565761344491379603e-01,-2.452458683079624890e+00,-5.347360945082428874e-01,-1.420632524757585724e+00,-4.155815489287480347e+00
1.000000000000000000e+00,1.157335394315154309e+00,3.242811319827575645e+00,2.110497441925268447e+00,4.573538177138302352e+00,-7.087099856974883316e-01,-4.588609931434170619e+00,2.865374404957168331e+00,8.677351469315102150e-01,-1.305627962632216477e+00,1.132473896602041119e+00,-5.229345642159167973e+00,-1.164334451818117566e+00
1.000000000000000000e+00,-5.251014888822675974e-01,4.134763748663335292e+00,-3.425069828640212144e+00,3.624221383004393449e+00,-2.852470070989784112e+00,3.281723477619506113e+00,2.984697998783369943e+00,-1.621083293028697803e+00,4.305991697898570170e-01,-4.192342878990558575e+00,-2.126688559611240592e+00,-3.306923796797781812e+00
0.000000000000000000e+00,-1.114450499625385227e+00,-9.658900185750652900e-01,2.167938255333518693e+00,2.741576743745531175e+00,-9.268356561191437581e-01,-2.719221804950816779e+00,2.327093058700643091e+00,-4.294159580387066910e+00,-6.702247500003188918e-02,-1.919302133407598365e+00,-1.394195890843073160e+00,3.412230351518805715e+00
1.000000000000000000e+00,9.996274702858221062e-02,3.489138487616281203e+00,-5.994654566548297536e-01,-1.393977722965021204e+00,-2.210364098397589849e+00,-1.575650418585894386e-01,-2.243697733197076882e+00,1.212074831093925997e+00,1.015530768498400516e+00,-4.904048757072295706e-01,-9.504894338348699456e-01,-1.125984382051995025e+00
1.000000000000000000e+00,-2.128427382411111957e+00,3.384572674235168499e+00,-1.803535716736822891e+00,1.380543871422650115e+00,-4.335862988872186463e+00,2.476421294612888069e+00,-1.083256556237849333e+00,-7.423193148977818012e-01,6.494579811133358582e-01,-1.716698599777218837e-01,2.476261889389135717e+00,-5.988888699008251271e-01
0.000000000000000000e+00,5.310915860811067368e-01,1.589125814407065684e+00,2.684457766858071803e+00,6.414615333320700108e-01,7.922612006541338570e-01,1.634409561871701833e+00,4.806088016690923670e-01,-4.722020051194387724e-01,-1.144910417558104854e+00,2.404938260751436019e+00,-4.886565364917386800e-01,2.071671941379562565e-01
1.000000000000000000e+00,-1.207396446868186146e+00,1.519422084251089267e+00,1.728821133403073640e+00,4.024707743746599675e+00,-1.057960774570907869e+00,-5.693512145904475297e+00,1.831755825655745129e+00,2.019477792136777694e+00,-4.016135856213891131e+00,6.746087292770959198e-01,-3.821547530236925727e+00,-3.229537270825333373e-01
0.000000000000000000e+00,-1.385884378756218061e+00,2.557478201565882792e+00,-7.519919833098525075e-01,9.428684806808730334e-01,-3.134017265000418995e+00,-3.576715340433397339e-01,8.768521836000592318e-01,7.653007497241295365e-01,2.365162181303832600e+00,2.300819955826768570e+00,1.182207394260402555e+00,2.832765726390854555e-01
1.000000000000000000e+00,-1.110668764593543134e-01,-3.750370655230503836e+00,8.692353833119781381e-01,-2.850503512299191744e+00,3.574555442579199660e+00,-1.954080050663636881e-01,2.919164434110055328e-02,4.104003981010230007e+00,7.180364643398895463e-01,4.150647373092422043e+00,3.409315712365259543e+00,1.907046743386469068e-01
1.000000000000000000e+00,-2.318259719794702356e+00,1.312760336710713016e+00,-1.087073418274580039e+00,-7.850490013671244327e+00,5.573875873127824843e-01,-1.094899957371502364e-01,-4.292952923120354924e+00,5.177366372189924348e-01,-2.269084175546375981e+00,3.233187837508051388e-01,-2.262302127724135303e+00,8.981321881894193115e-01
0.000000000000000000e+00,2.416593302506137020e-01,-9.324802943192875837e-01,1.661883242019797091e-01,5.670845087648717531e+00,-6.695960808370702289e-01,-5.393265536015756645e-01,9.067814379125536117e-01,-3.558322658201003019e+00,-1.171031581688131817e+00,-2.234167529264698970e-01,1.250918941572409349e+00,-9.042758480419166300e-02
0.000000000000000000e+00,-9.403748799833507865e-01,4.200710532241057393e+00,1.650656929335092560e+00,-8.955469738498029741e-01,-1.458794462549107163e+00,-9.669911260432592082e-01,1.102854745427224614e+00,-1.576573516212127934e+00,2.360861991513819369e+00,2.198305229532696359e+00,-2.414535757408202254e+00,1.175185170933964240e+00
0.000000000000000000e+00,6.244580205843572873e-01,-3.437233388345048990e-01,1.615071210011446823e+00,-4.669210059673804203e+00,2.840405569683290388e+00,1.318580282570480211e+00,-1.366765193943687118e+00,1.332002877878200042e-01,1.414008884055890203e+00,4.817531916143767745e+00,7.173668836785047631e-01,1.106743224388847757e+00
0.000000000000000000e+00,-3.356699944139521108e+00,7.798694263609482036e+00,1.752227409669753877e+00,-3.758323398342096056e+00,-4.432662765272710192e-01,-2.532714395773642657e+00,-6.812423302865682206e-01,-1.522675875878285012e+00,-4.192531512817343486e-01,-1.006282289312767197e+00,-6.783905927036379069e+00,-1.146769385747819836e+00
0.000000000000000000e+00,-1.950150263044021948e+00,7.360721411281608839e-01,3.855705004658149804e-03,-9.240756293598130222e-01,1.242943147965538842e+00,-9.399489161911871449e-01,-2.028937120182691789e+00,-2.400616567695523340e+00,-1.650551670246863223e+00,1.125334857374583608e-01,-2.895401137624148413e-01,-7.632688985149694849e-01
1.000000000000000000e+00,-1.889723151368041920e+00,6.705815734439494413e+00,2.438336487492526850e+00,-3.902379331481501179e+00,-4.627084527578682049e-01,-2.649793431647392339e+00,8.044037192739361686e-01,-7.778763031851322340e-01,2.998541417932522712e+00,-2.667124253153753344e+00,-6.312670523100262443e+00,-2.648794138618801863e-01
0.000000000000000000e+00,5.678453331409805127e-01,1.761544029772390774e+00,-2.102393363323717956e-01,-5.025119528318356288e+00,1.119733274303740700e+00,2.920322730689368207e+00,-2.885653321275082117e+00,7.081093815097065924e-01,-2.102396200582706598e+00,-3.854410245622612585e-01,-2.250641182933187601e+00,-6.904067496647116053e-01
1.000000000000000000e+00,1.409746394662476643e+00,4.588236304485477923e+00,1.156246571432725023e+00,3.720940964060415634e+00,5.720058476351160826e-01,-9.070865533070301412e-01,-1.230996248495893397e+00,2.124645109758527273e-02,-3.984854672180967450e-01,-1.564299206196483549e+00,-1.964554432135969586e+00,-5.198249186177847037e+00
1.000000000000000000e+00,8.409331978465880431e-01,-3.658529867481554732e+00,-3.868494893705416438e-01,1.743862303379660084e+00,2.509689896302943701e+00,3.446545145334132698e+00,4.187880070795525711e+00,5.911975988942965721e-01,-1.642374763950500860e+00,1.626732263150839852e+00,1.167707478467459481e+00,2.599883449130777624e-01
1.000000000000000000e+00,-3.326968849907449677e+00,8.621305985473846079e+00,2.764146238873923078e+00,8.881551920166657066e-01,-3.071958548447989656e+00,-2.357424023056954532e+00,-2.485423845053231329e+00,3.822763515318072791e-01,-2.458173135447369706e+00,2.740422069922920922e-01,-3.146654927707420502e+00,-2.219680365630397390e+00
0.000000000000000000e+00,-2.126880845304882861e+00,5.902979635136581749e+00,3.389331857915736990e+00,-2.409423488360741050e+00,9.656218397595450753e-02,-1.864934901112032195e+00,-7.063746769272527537e-02,-9.276286317147535154e-01,2.821134183894814296e+00,-4.537004921751344177e-01,-2.996429284979243768e+00,-5.808267737160286437e-01
1.000000000000000000e+00,-2.120411792370893167e+00,3.509520703068532921e+00,-1.081218508277393076e+00,1.242935090763630068e+00,-1.225826241859570231e+00,-8.379483568566028495e-01,1.538564642191757592e-01,5.609099496777008032e-01,1.392094971962554162e+00,3.275153020140446625e-01,4.093926632804674171e-01,-2.763349822562719993e+00
0.000000000000000000e+00,1.913293713703879240e+00,1.129107005997457280e+00,-4.983320788850393868e-01,-4.806284035098354224e+00,1.651309383848382994e+00,1.856397063620458976e+00,-2.799866604301560535e+00,2.484184009062963661e+00,-1.402072674862631985e+00,2.274806092364030086e+00,-2.007003605072436692e+00,-1.168406899554217837e+00
1.000000000000000000e+00,6.874814971864502411e-01,2.856732185140561153e+00,-7.295828838640732172e-01,-7.208394100224975176e+00,-1.322111432140945508e-01,2.939481952530990760e+00,-4.921118979046015696e+00,-2.057238578346263225e+00,-5.059345802136983039e-01,-1.743709795530445028e+00,-3.099300640501752913e+00,6.035163211184002563e-01
0.000000000000000000e+00,-3.942992905492244127e+00,7.613689770107723298e+00,-7.207809731131029629e-01,-4.202303395404576314e+00,-1.083026071018904801e+00,-4.219774117943073666e-01,-1.637305000728605187e+00,3.778219651289722592e-01,-5.558345414992202915e-01,2.313090021716779798e+00,-3.726589062712208023e+00,-2.390386080643089883e+00
0.000000000000000000e+00,-1.693956550172457387e+00,9.999376008024056794e-01,1.544193752465969016e+00,-5.016183248882332552e-02,-2.388347255066318731e-01,-2.544166622928038635e+00,6.578004984106147202e-01,1.088994687369205572e+00,2.050774367662162589e+00,-6.775923801801186919e-02,5.460912141900422512e-01,1.457307451315380531e-01
1.000000000000000000e+00,-1.967210775108500842e+00,5.662861233873219824e+00,7.562672486553656537e-01,-2.101343384820292953e-02,-2.846822870781553494e-01,-2.678758372969189949e-01,-9.652151098893033687e-01,-1.768097261798047048e+00,6.927573604155006226e-01,-3.720898668552462540e-01,-1.841221049958568168e+00,-2.783871923595958364e+00
1.000000000000000000e+00,8.981935039167716628e-01,2.901505995699933393e+00,-3.550437653736719490e+00,-2.793519959809759534e+00,1.485854276941893204e+00,3.998003332625940320e+00,-1.105643669199155577e+00,-5.555454135903223900e+00,3.599715092787560966e+00,-4.117169637762463807e+00,-2.197586718998943311e+00,-3.279921502600849248e+00
1.000000000000000000e+00,-2.430347451400242775e+00,6.772142718751872792e+00,-9.655186514504221496e-01,2.975434866572958192e+00,-2.054574189743753720e+00,2.521369570632623347e-01,2.312132008965103402e+00,-2.221377071505423295e+00,2.298555689469569785e+00,-2.899981372527792978e+00,-2.426069440810516120e+00,-3.857415409955788022e+00
1.000000000000000000e+00,-7.574557804841669517e-01,2.314794899607073297e+00,-1.794871959537756023e+00,4.138792793176538254e+00,-4.314020209122453764e+00,1.677164045165817408e+00,1.795536107586014118e+00,4.787172929974203850e-01,8.359006823977027656e-01,-1.099046851710159034e+00,1.481499982883514477e+00,-8.900446740123842959e-01
1.000000000000000000e+00,-1.444488084007846673e-01,2.983865651195790059e-01,-3.427869533909776667e+00,2.144334659586132563e+00,-2.950065495577675279e+00,2.759225495340118961e+00,-3.329873523213389142e-01,-2.106046769736041213e+00,-1.695177676717645188e-01,-2.178820051947585767e+00,1.451990945763992347e+00,-5.696150460411197880e-01
1.000000000000000000e+00,1.946907074166993379e+00,-7.610661552192187429e+00,9.867746771497107883e-01,-4.976976861952923770e+00,5.312409698655853774e+00,9.955824333572889095e-01,-7.135264698746393019e-01,2.210224178927429062e+00,1.570372748495872717e+00,2.615147630430874948e+00,4.020173222762030818e+00,2.434325456065891125e+00
1.000000000000000000e+00,4.866895025225514981e-01,8.444544229814040293e+00,1.562443443334813331e-01,-4.585666339771149458e-01,-1.247453062275574398e+00,-5.484078589062750808e-01,-2.013416727472270296e+00,-1.198719313117023288e+00,2.106001877228187880e+00,-3.104138251265097459e+00,-5.022268150941534337e+00,-4.633882162027809670e+00
1.000000000000000000e+00,2.066376291478411176e+00,2.689323676683414988e+00,1.605698303116893211e+00,2.061351935504204036e+00,8.358283540905382392e-01,-3.584927179537812147e+00,8.383711494707324352e-02,6.580225079256369902e-01,9.549401987973109573e-01,1.150126062917012915e-01,-3.372625735046872908e+00,-2.460117506620164818e+00
1.000000000000000000e+00,-4.446875248518252777e-01,-3.527193713462910551e-01,-3.663160398586074784e+00,-4.316221968353387339e+00,2.073059042315220424e+00,3.710456217515231359e+00,-1.391819593452956916e+00,-5.897754932964940799e+00,2.617946585044739649e+00,-2.705359014376444549e+00,-2.028372757206009513e-01,-7.531816753178324220e-01
1.000000000000000000e+00,1.883697015242724149e+00,4.508249632678974272e+00,4.575292446043570660e-01,1.607325815575145089e+00,-2.346218382578701966e-01,4.932251030871677155e-01,7.599972764585298801e-01,-3.111760865998598469e-01,2.037467376077911396e+00,-2.425912181521012734e-01,-2.748391624313144099e+00,-2.993455014824434990e+00
1.000000000000000000e+00,-6.974495204271691229e-01,4.702298752322981557e+00,-8.835488380397500396e-01,3.479452735745505176e+00,-1.862689212346272383e+00,1.134291469482596071e+00,1.628125612924978149e+00,-2.087226094599977877e+00,2.599707163073827765e+00,-1.934902992391974941e+00,-5.671884499470212226e-01,-3.104409312446989144e+00
0.000000000000000000e+00,-2.364394768701481908e+00,-1.467255362357608783e+00,1.123266070064797839e-01,-2.988577279188214586e+00,2.186944160501581358e+00,-2.731702410811224002e+00,8.416540765765589960e-02,-1.033685089067305274e+00,4.810363913194010133e-01,2.262726572034444050e+00,-2.028151841487407792e-01,1.384266830328450881e+00
1.000000000000000000e+00,-2.143155069719109296e-01,7.654884276875538518e+00,2.148118272471011281e-01,2.920061883791166935e+00,-2.407006222231379944e+00,2.576050617262888309e+00,2.189282119391269266e-01,-4.128137005341416810e+00,2.511989969445612481e+00,-3.067426308158263559e+00,-2.166786014932059246e+00,-3.487570192382882350e+00
0.000000000000000000e+00,6.320821787898009969e-01,-3.352965697958488533e+00,5.720064119410284142e-03,4.511585798592871122e+00,1.007699743884459265e-01,1.459219283070067874e+00,2.823835251909906585e+00,8.953347876745265665e-02,-1.736127200418127181e-01,-4.097334159535011011e-01,3.278286452489674652e+00,2.984965802968647663e-01
1.000000000000000000e+00,2.811755948459027987e+00,-1.450853835370783385e+00,-9.319848659822371761e-01,1.001523400451920676e+00,2.991347081295334220e+00,3.592990394393437370e+00,3.439372612097244986e+00,-8.481589452270013041e-01,1.265186541141106513e+00,3.687494968100085702e-01,-7.494537772598661718e-01,-1.554422450579683757e+00
0.000000000000000000e+00,3.904326946015548305e-01,-2.497151792203168075e+00,3.642919035618982893e+00,-3.832709807627291632e+00,5.143155304372052150e+00,-1.610030305730741684e+00,2.007600305174815691e+00,-4.085199966542528704e-01,2.048615931681611713e+00,8.104479277346798849e-02,-1.770333718542758339e+00,1.898531164620020029e+00
0.000000000000000000e+00,2.935688681238299846e-01,3.952177009665247542e-01,1.532303261673211736e+00,7.573345838816049280e+00,-8.475146120092083013e-01,-8.481372036938994441e-01,1.548566469528664502e+00,-3.518411862413588942e+00,-3.075882260943447299e+00,-1.991601051349300100e+00,-5.130364933840121378e-01,-8.128140762429574284e-01
1.000000000000000000e+00,1.920090643841566802e+00,6.875327582744824584e-01,1.498569816763603457e+00,6.127712364495594421e+00,1.221979441743739736e+00,-2.432449165720004913e+00,3.218806033831710378e-01,1.928040687991114055e+00,-1.611631251149525212e+00,2.673778399957288165e+00,5.105053671926007564e-01,-3.724797572158406123e+00
0.000000000000000000e+00,-8.404056764992083872e-01,2.228974390303378739e-01,1.006457677256840988e+00,-2.671541349097861673e+00,2.020228944782981095e+00,6.097778213406379599e-02,8.416743338423784415e-01,-2.223392299482518375e-01,2.947676713620416278e-01,1.967221869312862914e+00,-1.144977779396128881e+00,6.552900042071923004e-01
0.000000000000000000e+00,2.689606901956994811e+00,3.118328400566783731e+00,2.140258407756505221e+00,-5.883045480857685305e+00,2.571647982598296078e+00,1.476630990459080861e+00,-2.530206069313368999e+00,2.570462953458567679e-01,1.207801190209143449e+00,1.944519968926415210e+00,-3.796559161714750275e+00,-4.844696497813452130e-01
1.000000000000000000e+00,-3.216496010760886648e+00,1.192786084938121771e+00,-8.562956899362517138e-01,-8.275117150274625688e-01,-1.557505828576561946e+00,6.244425831364962542e-01,1.065109390819146462e+00,1.018492065635085986e+00,-2.533590602884900900e-01,1.073955876813547317e+00,1.054671322149420831e+00,4.985128235969966681e-01
1.000000000000000000e+00,1.998951748290935360e+00,-1.920276525524769351e+00,5.155613156694874855e-01,-1.736826280922600274e+00,1.677547310951029047e+00,-4.114121769490216352e+00,-2.630824736579445933e+00,2.302511231918923595e+00,4.817025257433720231e-01,3.378846092400454637e+00,-7.103103642293329134e-02,1.465395810651004549e-01
0.000000000000000000e+00,1.721974807702921551e+00,1.254923840610044694e+00,9.937524297969140274e-01,6.197927138484004672e+00,9.274429804967976310e-02,1.847780009125540079e+00,7.693316010087218881e-01,2.668244616258923507e-01,-4.055706304799769235e+00,2.988077238844641936e-01,-1.052122817193142934e-01,-3.056856850616023191e+00
0.000000000000000000e+00,-5.141402078648438234e-01,-2.932207068293463337e+00,2.913005310350419208e+00,-5.595545735127593012e+00,5.732668435399716600e+00,-2.826292034016050891e+00,1.148605932521415074e+00,-5.777034646230345238e+00,2.014622616405047140e+00,3.057641198193467691e+00,-3.115719637415871546e+00,4.355434887421800738e+00
1.000000000000000000e+00,-5.966632903362760754e-01,3.502032091754085918e+00,-1.670517516617387788e+00,-4.543522690546788922e+00,-1.657289167261743579e+00,2.767692140539967482e+00,-1.966908729596817729e+00,-1.735579021279414658e+00,3.129266440378566383e+00,-1.853356602728799096e+00,-8.915745734063508232e-01,-9.173808975885588968e-02
0.000000000000000000e+00,-3.222693916630752220e+00,2.387669552092392955e+00,-1.136822948993269744e+00,-3.680783575046580491e+00,6.958604040612417219e-01,-6.016156757869501881e-01,-1.407115499887492849e+00,-6.892221364621492485e-01,3.959835726693595737e-01,3.508649393243431724e+00,-1.418529641716542722e-01,-6.993462068571971724e-01
0.000000000000000000e+00,2.890651475547935112e-01,2.864152004981996846e+00,2.886829492342550374e+00,-5.446548448854870550e+00,7.824500200077009193e-01,1.744103834318690316e+00,-2.113470930745977139e+00,-1.288294168322981159e+00,-3.221349461064489939e-01,-7.976673852194231529e-01,-3.365096441866595622e+00,1.737330637608669903e+00
1.000000000000000000e+00,7.688796993393141044e-01,-1.583362929531670016e+00,1.993166998673790546e+00,-7.774136106609876862e-01,2.915795161735795116e+00,1.933569749939093363e+00,2.855276425692008235e+00,6.894594826955043887e-01,-9.945762068267365308e-01,1.106147484636013756e+00,-9.813777113936446028e-01,8.443199538611094734e-01
0.000000000000000000e+00,1.619064189776361129e+00,1.117570517515040107e+00,-4.584846778746580753e-01,-1.049409835999893303e+01,2.029124089800233399e+00,2.396805892463034660e+00,-4.004680502821373445e+00,2.462480497847944871e+00,1.504924538969204306e+00,4.223757709510969960e+00,-1.910486573549725176e+00,1.136722036574792316e+00
1.000000000000000000e+00,-3.158960358212501873e+00,3.026989132522797998e+00,-7.094268357405548731e-01,-1.348291243634848202e+00,-4.094229205976265273e-01,2.898105572591936685e+00,-2.974575613760167547e-01,-2.503593454752031100e+00,2.125658149471581382e+00,1.210486061090296328e+00,2.282938769294314607e+00,-9.742651649840221584e-01
1.000000000000000000e+00,2.946636944676561676e+00,1.169615146218895063e+00,-4.807446246240143495e-02,1.089936551121742259e+00,2.641080841350925690e-01,-2.005676808943780642e+00,-5.058975732185984064e-01,3.178008314702555070e-01,3.052372380103846261e+00,6.039144646656589011e-01,-1.184362140754510628e+00,-1.742069903869396530e+00
0.000000000000000000e+00,9.632332126509119963e-01,1.917311193235576416e+00,4.199547823666386348e-01,1.027147383106658829e+01,-1.368652395749324402e+00,-3.616006031050774006e+00,9.909891782813939898e-01,-6.097490585562925780e-02,-4.013814947109498377e+00,2.991966218160794000e+00,-3.649182483779790376e-01,-3.728788567811444299e+00
1.000000000000000000e+00,1.720003624409032206e-01,1.504439933521477091e+00,-3.275962007027154455e-01,1.009489703254366155e+00,-1.775608537687961341e+00,2.500941152498322717e-01,2.451082023939755938e+00,1.887459847417102043e+00,-2.923633947754955553e-01,-1.298744708189981001e+00,-2.211119092355909199e+00,-5.321279697172798251e-02
0.000000000000000000e+00,-1.298882240516199271e+00,2.873381010373215361e+00,-1.605972272710697091e+00,-3.094913937880605648e+00,-2.034596030299653080e+00,-1.133384334737119303e+00,1.652554594200255078e-01,6.157353636928064589e-01,7.827431188905494830e-01,2.377443490224716349e+00,-2.850155133173427835e+00,9.734901397833289893e-01
0.000000000000000000e+00,-1.934225418401138041e+00,1.020285112152691465e+00,-8.802824896016447909e-02,-2.083651063529746050e+00,-7.214872041138908898e-02,-1.472102733168876521e+00,1.172302006141067166e-01,-5.592477512015538998e-01,-9.392038798545963019e-01,7.463245820578254808e-01,-2.084039956661715820e+00,9.954647046480765704e-01
0.000000000000000000e+00,-1.622872393533822066e+00,2.933548771607274563e+00,6.750532628141192593e-02,3.526550398365298822e+00,7.239221095077186252e-01,2.359871162954145341e+00,1.161645758434428632e+00,-3.017813916043960987e+00,-2.343540793310157966e+00,7.284159075738938505e-01,-2.427135739288229788e-01,-2.846690462679316802e+00
0.000000000000000000e+00,-1.271802002133979093e+00,-4.838856281496187739e-01,-6.328830504317657368e-01,-2.557374044787145362e+00,8.915606367280578537e-01,-7.933996464051115138e-01,-5.986206540409977350e-02,8.774492856241176142e-01,3.133200491385123687e+00,4.773890858942069215e+00,2.431180908066384205e+00,4.844429718250988781e-01
0.000000000000000000e+00,-9.313196290166954050e-01,1.344274890483522444e+00,3.119947729318123475e+00,-4.122360601590737694e+00,2.127279704573773245e+00,1.210546697449088827e+00,-6.358151324567946627e-01,-1.977270544249248641e+00,-8.120553495499428509e-01,-2.281798999523443339e-01,-2.284885901603737501e+00,1.705415925563907198e+00
0.000000000000000000e+00,-3.306390530470133537e+00,2.402397208146468177e+00,5.906260734067636520e-01,-3.994676195258318074e+00,1.612972347510422733e+00,-1.873526933231201008e+00,-9.018324698409547757e-01,-4.766428115354367501e-01,8.153174318213793903e-01,3.407935916084548822e+00,-8.312835846104427162e-01,-2.401598551398209658e-01
0.000000000000000000e+00,-8.919051798677177789e-01,3.353034414611428815e+00,3.519533545502051108e+00,-7.729487766385912728e+00,4.219485971906677513e+00,1.312535471083763783e+00,-2.156000683019418496e+00,-1.846539397652363856e+00,1.701749483101434812e+00,3.434582023535810880e+00,-2.396751348914944124e+00,4.479058336555286068e-01
0.000000000000000000e+00,2.230890389056991552e+00,2.029604404063508394e+00,2.937472138562867485e+00,2.118092313153272510e-01,2.098737101795663307e+00,3.662268463252780215e+00,-1.243160296985147184e+00,-3.182659599677056805e-01,-2.361706159740440292e+00,-1.533332717315115001e+00,-1.432810327635727798e+00,-1.992764846741447826e+00
1.000000000000000000e+00,-2.436469578613607023e-01,2.456883185050626750e+00,-1.602704988569412237e+00,-8.026892224843074075e-02,-2.700786051244707942e+00,6.634684146984597408e-01,-2.205531754213787998e+00,5.882494176270456343e-01,-1.774198092722744313e+00,-1.082965696449769810e+00,-9.060095859969315990e-01,-9.484966960195132524e-01
1.000000000000000000e+00,6.117020036636011682e-02,-1.086548358431385308e+00,1.401930555354234942e+00,6.152546834481089633e-01,3.014940461197502586e+00,5.595574580236399864e-01,2.465293418327333619e+00,2.605955990261752397e+00,6.622846514169642429e-01,1.363922265716192239e+00,1.231464056465413570e+00,-1.628419125481799679e+00
0.000000000000000000e+00,1.978185892638592680e+00,1.040826366707463979e+00,-1.278557230587691773e+00,-1.240474574333229052e+00,8.874472317029105106e-01,5.092133816564134108e+00,-9.558496924055361887e-01,-1.305281891194512767e+00,-6.924125705688755072e-02,3.153578449852966203e-01,-8.163209243940650062e-03,-1.568546899308505438e+00
1.000000000000000000e+00,3.568724181847605870e+00,-5.286184295642584186e-01,-7.550593306057096221e-01,5.237535787247075802e+00,-1.814924081366195985e-01,-1.520429425148785096e+00,9.658465245147920264e-01,-1.611211172652164514e+00,-2.225311620310238325e+00,5.947788913045481962e-01,-2.783809562375497038e+00,-1.105031460396793008e+00
1.000000000000000000e+00,-1.427781072489398895e+00,-2.469072514217022007e+00,-5.993038685196029114e+00,-8.774236393157045510e-01,-6.745461046942623495e-01,1.561748442739300913e+00,6.255634381868335758e-01,-6.626264821776082226e-01,-7.752401958322556741e-01,-2.398368417558090826e+00,5.784340526090083756e-01,-8.360160135331275999e-01
1.000000000000000000e+00,2.525658119107793809e+00,-3.137503810947577243e+00,-9.619026188224533147e-01,2.035389186417800866e-01,1.100268487047233679e+00,-2.350346630075629939e+00,-4.422226874886627801e-01,6.110212706358386647e-02,-2.354716999192249194e+00,2.871964368071986407e+00,-1.903495805470981850e+00,1.270030194749943053e+00
0.000000000000000000e+00,6.758795099389623973e-01,5.140162016249989474e-01,1.974231995905932235e+00,1.351697378460529464e+01,-9.955527970104778301e-01,2.675221731831206595e-01,2.773858934128845988e+00,-4.670503336557251473e+00,-4.704213405541209703e+00,-4.322971245541146423e+00,8.518127259620338343e-01,-3.188242817367461068e+00
1.000000000000000000e+00,3.875390391352948605e-01,3.411836995159329256e+00,2.473541293118938889e+00,5.195364438818748987e+00,-1.352886838993125451e+00,-2.035073432815590166e+00,2.523166126153808086e+00,-2.103998977579579766e-02,-2.451007471210542299e+00,-8.812281699027495474e-01,-3.861559239919988507e+00,-1.080686976065983851e+00
0.000000000000000000e+00,-2.751979497608181724e+00,6.755560290347683683e+00,1.859044218295567319e+00,-3.076900429734791498e+00,-5.090781005662097236e-01,-1.902242839463256008e+00,-4.148232258283115481e-01,-7.211620266156655301e-01,1.082867343063798948e+00,1.638898853452885440e+00,-4.172445287377420264e+00,-7.720451588470034210e-01
0.000000000000000000e+00,1.480278026824204396e+00,6.257390599979380852e+00,9.411196149940534994e-01,-3.430823706289168884e-01,8.231846973078640328e-01,1.475782018521047068e+00,-1.572722499547002384e-01,1.302649052201363400e+00,-4.754788604445040479e-01,6.163325380608699611e+00,-3.397569779553737401e+00,-3.444985863951925076e+00
0.000000000000000000e+00,8.141731951953912194e-02,4.158190161438496624e+00,2.247857600517683352e+00,2.588509146698135255e-01,-8.837896354404284338e-01,9.295392620118734239e-01,1.953847739477906131e+00,-1.342067894552908092e+00,3.882098106876717303e+00,3.061165216000509393e+00,-6.885397177668647339e-01,4.370077142165832429e-01
1.000000000000000000e+00,1.453055223660546513e-01,2.392395535314866706e+00,9.383131296260938115e-01,-8.398426091272406246e-01,-4.680076323676237715e-01,-3.658503469645020267e-01,-1.208417688071234508e+00,7.524496619800822295e-01,-1.053230512978622802e+00,2.047544928588573843e-01,-1.873691460839618461e+00,-5.414874566610291540e-01
1.000000000000000000e+00,-2.332587518762057943e+00,-6.064999586041974311e+00,2.635569769864091416e+00,-8.072755149113021389e+00,3.358364114393928457e+00,-2.317871723916975490e+00,1.838482191796262377e+00,4.543739630473277558e+00,-4.343978565509865053e-01,3.873962392331848026e+00,4.891122499117370737e-01,6.336876812801635062e+00
0.000000000000000000e+00,-2.604397385688828503e+00,2.298218123348644948e+00,7.716963362213326016e-01,4.047325735368308308e+00,6.637767098858238235e-01,-1.721698568090888504e+00,7.540400147451364887e-02,-2.884180408565035769e+00,-2.406992601153690181e+00,2.354442891296841367e+00,2.098878150751257721e-01,-2.194835756671964955e+00
1.000000000000000000e+00,3.917253285340364766e+00,2.891998925176528790e+00,6.743379220529304163e-01,8.073925757595247887e+00,-1.906469579327383368e-01,-6.990547043725381382e-02,3.148483595156555293e+00,-2.906387107325857144e+00,-2.575783298219891826e+00,-1.328211782771127947e+00,-5.243941787343883831e+00,-3.075742850181445220e+00
0.000000000000000000e+00,-1.939838996978257235e+00,1.625770631448068215e+00,2.805690849688502464e-02,-1.904846358841194798e+00,9.978373014178868461e-01,2.182980644575045481e-01,1.210285708009323224e-01,6.403616684490365252e-02,-8.241584728247679514e-01,9.924167455872326959e-01,-1.069926684317357601e+00,-7.478015707863889805e-01
1.000000000000000000e+00,1.028473307578518181e+00,-3.218408081316437741e+00,-5.571087383968111872e-01,-4.619546567362993628e+00,2.254292147064297147e+00,9.915393228533664338e-01,-1.563187902776230764e-02,9.633405776484593730e-01,1.005670823172815531e+00,1.764928506790651941e+00,2.146119889226829613e-01,1.995932038139046849e+00
1.000000000000000000e+00,-5.238616198377425981e-01,2.176279684251805069e+00,2.570942373130447489e+00,5.460472827317858879e+00,-8.394659468133955915e-01,-1.271072971506845173e+00,6.749872898778720653e+00,-5.214533368143252634e-01,-4.521975903102706695e+00,-9.439268474356472538e-01,-6.380365252035725021e+00,9.136205988123735633e-01
0.000000000000000000e+00,-1.749051608373999311e+00,-2.414145610367849137e+00,-2.280551037220414745e+00,-4.106676249653190780e+00,1.242342911060425603e+00,-2.625158403688724107e+00,7.064510664719836353e-02,2.253615811404885427e+00,-4.304070932933705684e-01,1.456001298104751207e+00,-8.418280573886589568e-01,9.241512526909122505e-01
0.000000000000000000e+00,-2.531755117334411498e+00,9.166013907502853497e-01,1.988170665624339417e+00,-3.779012440598602751e+00,2.961887737326912351e+00,-2.125404686158630874e+00,-3.761945766225402998e-01,-1.284393964812368338e+00,1.553337990270018398e+00,1.572228976441481629e+00,-7.478654844394307943e-01,3.385160197059362552e-01
0.000000000000000000e+00,2.687406647817328853e+00,2.364920994021221468e+00,2.963333199416490871e+00,4.249582754818499453e+00,1.159147843276067569e+00,2.633166115277157271e+00,4.932513304561505496e-01,-2.743040323479585041e+00,-4.535207646147390026e-01,-3.776265859027421179e-01,-6.594269564281567408e-01,-2.026956066267131096e+00
0.000000000000000000e+00,-1.345469167224830231e+00,-3.972895723532080314e+00,-2.371267101450138082e+00,-6.846230038103265914e-01,8.719106343031284290e-01,-1.632710408789792345e+00,1.167377196366572445e+00,-7.159439454409264325e-01,-1.798688453524305508e+00,2.386306479513787160e+00,2.666643487601132456e-01,1.986966690354265985e+00
0.000000000000000000e+00,-1.210755092824276069e+00,1.165441265985060149e+00,9.359352942195011682e-01,5.141466978554488421e+00,4.457942188746288892e-03,-1.141574610804442891e+00,7.725504670586138545e-01,-3.696538208034019224e+00,-2.127060479542177696e+00,-2.201705923261614295e-01,-1.674428527419786761e-01,-1.213143161744137943e+00
0.000000000000000000e+00,-8.540629015247750422e-01,-3.491705192658907109e+00,3.522115318550766982e-01,-1.408985549843541518e+00,3.553504139994084099e+00,-3.749758574833447211e-01,1.708365869205111354e+00,-2.565765070545372062e+00,-3.627973552951364589e+00,-3.480699361258126068e-01,-2.468603956483479855e+00,1.844024053383512607e+00
1.000000000000000000e+00,-7.248031734659874381e-01,5.860884052277282485e+00,-7.298546473947058466e-01,2.506469116661278029e+00,-1.838387103380115573e+00,2.341674566162298632e+00,7.945522423230777509e-01,-7.493220889234986082e-01,1.523065358864150509e+00,-9.109364407480133874e-01,-6.817750318860036352e-01,-3.822620779421371573e+00
0.000000000000000000e+00,-1.541999715963499717e+00,-3.093447529017570585e-01,2.325741142084476465e+00,-2.334376587281618232e+00,3.282794669010668631e+00,-1.228167081078039180e+00,5.668335934329495895e-01,-4.153996174816703579e+00,-1.656541060047524994e-01,9.310234370443701835e-01,-2.017573129510251029e+00,1.709063265433465872e+00
1.000000000000000000e+00,-2.812656639107724121e+00,-3.452714341533069664e-01,2.110822460388081190e+00,-1.637955038592203705e+00,-9.135856687433014933e-01,-3.654172361099430777e+00,6.043184414793059123e-01,4.897061565891560164e+00,-9.264128555338833060e-01,3.874926803271952824e+00,9.128882652735936798e-01,2.340451234278834836e+00
0.000000000000000000e+00,-2.181036101808469851e+00,3.331885652529578579e+00,1.999078206330054508e+00,-1.912519428609949612e+00,2.027898003172410313e-01,-2.250864512366475445e+00,-1.766215438540943428e-01,1.231803206609889401e-01,3.143800654376600612e+00,1.004131272211903569e+00,-3.851750483111929801e-01,-3.815368289198188823e-01
0.000000000000000000e+00,-4.075589090802862469e-01,2.238707265681459280e+00,7.388717777747109139e-01,-3.000807384285772539e+00,-1.909886769947226615e-01,-1.729196713615046566e-01,4.467964257722145671e-01,-1.375406786276718307e+00,3.466622925284385204e+00,3.436636315578891043e+00,-9.988158462452145780e-01,1.610288070221360002e+00
0.000000000000000000e+00,1.315512944641529236e-01,6.015335269093196935e+00,1.425061167392785544e+00,-7.252416076798552602e+00,2.695030274177084184e+00,3.507208600359342565e+00,-1.586287429805548044e+00,8.104715387446197461e-01,-4.015680629471939378e-01,3.527259602237558855e+00,-4.825569653391932334e+00,-1.870229247595846633e+00
0.000000000000000000e+00,1.332609529114922697e+00,1.567495108187999309e+00,9.805062909305840568e-01,4.788453153337513868e+00,1.291347080108781853e+00,3.072518050180722771e+00,1.037716971842889357e+00,-1.678540862443000936e+00,-2.087844884095260145e+00,3.290743337008025238e-01,2.691745297937380155e-01,-3.134821957690634431e+00
1.000000000000000000e+00,3.134743464599640372e+00,-1.970114077394351959e+00,-1.448815133108082076e+00,2.678984851215110208e+00,1.939442802432635338e+00,1.782354216803227587e+00,1.971807055423807631e-01,-6.787472472935143220e-01,7.349089823476273597e-01,-1.313580168497801015e-01,1.405178069364322546e+00,-2.544293389654336934e+00
1.000000000000000000e+00,1.070909524052523487e-01,1.736142360034791166e+00,1.411583775041245215e+00,5.041273628002649332e+00,7.769083159612397704e-01,-6.871688689662602822e-02,3.463651680143503775e+00,8.215133698747013602e-01,-1.975586493662952803e+00,-5.208648024058450954e-01,-1.684350829875815858e+00,-2.687403464181374879e+00
1.000000000000000000e+00,-1.739219985287261849e+00,-3.247715443122784151e+00,7.493915342268797630e-01,-3.126205486847749349e+00,2.429359015012822809e+00,4.762975732296350628e-01,4.568340876432316122e+00,2.476087929657473374e+00,-1.816413027239835554e+00,2.255609973428774673e+00,-1.417252299814253158e+00,3.058549893967165367e+00
1.000000000000000000e+00,2.999098782661629770e+00,1.483262531713605670e+00,1.213755724506934808e+00,1.241297302529348556e+00,1.532234075228235737e+00,2.895689690777970782e+00,3.141442758287479542e+00,-1.919727120651241403e+00,1.664697031577126118e+00,-1.228170841507840727e+00,-2.998547937530031682e+00,-8.720796919534055114e-01
1.000000000000000000e+00,1.789984384555236563e-01,2.843868570741430180e+00,-2.318297362008306273e+00,-2.513766247177221302e+00,-1.859877945120764986e+00,3.184351520631418797e+00,-5.983244268038501179e-01,-8.229557729822140066e-01,1.044847663610044775e+00,-2.609309548206942164e+00,-1.897431327364483167e+00,-6.728093189600630186e-01
1.000000000000000000e+00,-1.202576764379786445e+00,5.597851538291546136e-01,-1.932808252944431926e+00,-1.468993778985437260e+00,-4.556371242841745772e-01,3.818988589314988413e+00,9.376754569948468898e-01,2.836945042189893407e-01,-9.287219501964942836e-01,2.746875342624746086e-01,4.064289293721332630e-01,-2.776975033005805171e-01
1.000000000000000000e+00,1.431688360810435157e+00,-3.345986908050878839e+00,4.821486210714931442e-02,1.826303325896611929e+00,1.765723992969371325e+00,4.941170036430728718e-01,6.403728682628968549e-01,1.447178647420693576e+00,-1.569409251364254576e+00,2.649138750501939921e+00,2.104056081510229159e+00,-1.683533194915221021e-01
1.000000000000000000e+00,4.789387154747382080e-01,2.885027121956005858e-01,2.458077515816523562e+00,3.589492979861853339e+00,1.505326759745313048e+00,1.675841242754996241e-01,1.707647677826969801e+00,1.028440984888099541e+00,-2.797727745999163851e+00,6.343561413756565459e-01,-4.628519118119228670e-01,-1.460162441985979109e+00
0.000000000000000000e+00,2.503649162309575793e+00,-1.651708336965227897e+00,-7.749049559036969015e-02,1.000811147243601873e+01,-9.486798430206542232e-01,8.642261531634585214e-01,5.679806894090357883e-01,-9.468582740555431254e-01,-4.687998754464329565e+00,-2.025301651178274209e+00,1.922922733589002231e+00,-2.795036431764919449e+00
1.000000000000000000e+00,4.997232472918748947e-01,-1.238196823813456415e+00,-3.811804658584465599e+00,-4.494413110040507142e-01,-5.643566545407736612e-01,3.326286729248020713e+00,-1.560365939696846116e-01,-1.321224953649431821e+00,7.797922546444395753e-01,-1.231936504619526751e+00,1.471638508951241153e+00,-7.465578268163446385e-01
1.000000000000000000e+00,1.165170906503030235e+00,-1.714498170928307808e+00,1.056649380886220513e+00,4.703216820069006765e+00,2.232073340657195537e+00,2.155401099037140611e+00,5.843520994183203143e+00,-4.166959723075829292e-01,-4.882791808266844669e+00,1.583453859544588394e+00,-2.769978011843674537e+00,-1.371245286841671351e-02
0.000000000000000000e+00,-2.853291120087085631e+00,2.886010535665016086e+00,-1.283866061795580382e+00,3.605343990180098768e+00,-1.894431329993448987e-01,-2.563023405394226906e-01,-3.580476696131676961e-01,-2.666882664260202151e+00,-3.191430271902138571e+00,1.284732169868054941e+00,-7.856381279053170630e-02,-3.151598691583194167e+00
1.000000000000000000e+00,-8.101406058992677295e-02,5.606454544262883033e+00,3.158874844800929615e+00,4.203484897118038077e+00,1.062602826109995569e+00,-1.073476802221724258e+00,3.797146665325614734e+00,1.336645834510698183e+00,-3.388884984560120994e-01,-5.169258047026694669e-01,-4.151708062427532653e+00,-4.073195093529712985e+00
1.000000000000000000e+00,-1.964147387491739227e-01,4.590087922920579544e+00,1.277701452513169134e-01,1.684014276573386315e+00,-9.691697678448095710e-01,-2.791449007197506216e-01,-2.436649303678098732e+00,3.746233672345373744e-01,-1.112586421303022099e+00,6.004466290930159378e-01,-7.239523549676833980e-01,-3.594317471861883995e+00
0.000000000000000000e+00,-3.272538974524508149e-02,2.276147688551142689e+00,1.963003565528650629e+00,-3.722762473489826113e-02,7.946770654249142307e-01,1.947868253195059074e+00,-4.799562038073552639e-01,-1.974772215416887189e+00,-2.108806309270530477e+00,-1.339868368078582339e+00,-1.971255017713557711e+00,-5.444992171366405120e-01
1.000000000000000000e+00,-2.289057983306592270e+00,-1.859652867162201184e-01,-3.022267279800511908e+00,-7.034529938102338953e+00,1.427093811808430868e-01,4.076330365579167170e-01,-2.134740987750475938e+00,4.686393108063415802e-01,-4.360843965814993339e-01,-8.540498430184231271e-01,-1.466209597572993406e+00,9.761031468751468765e-01
0.000000000000000000e+00,3.537631050642752406e+00,2.634824298640625062e-01,1.452758179068774913e+00,2.550995371901018771e+00,5.348099421133271081e-01,3.787737198362164381e-01,-5.009561374434655656e-01,-4.112503909888566289e-01,-1.070600120997142746e-01,1.606301057129569276e+00,-4.685310491990865023e-01,-7.447271322310993202e-01
0.000000000000000000e+00,-4.915453753347616139e-01,-3.034005640589542696e-01,-7.823090673704655718e-01,-1.743445106228328489e+00,1.181552343358390100e+00,-8.481559701845127197e-01,-3.271192781116107451e+00,-3.469750712613014709e+00,2.092177806789956573e-01,-8.643695331786995784e-01,2.751961428673237453e-01,-3.560718036410823739e-01
1.000000000000000000e+00,8.397221023899125170e-01,-2.542584632296607694e+00,1.177210105484716829e+00,-6.060829691872144931e-01,1.659215535914265516e+00,-4.183114544347759534e+00,1.085192805304981301e+00,1.238925876630692535e+00,-8.840917973523422235e-01,3.444995725629145245e-01,-2.563817688724847166e+00,1.630143955834002512e+00
1.000000000000000000e+00,1.864127171190985033e+00,-3.252232037114622276e+00,-9.487240656709592379e-01,3.021726833211219709e+00,1.227867424926339268e+00,-1.689218616377346605e+00,3.682831540581294583e+00,7.106841611458266650e-01,-1.761715499715902133e+00,2.660833036728793566e+00,-1.725005166384194322e+00,6.489900168182005658e-01
0.000000000000000000e+00,-1.909462511784560945e+00,3.288181034535076375e+00,2.274469170789870986e+00,4.023958083167719302e+00,4.280158816561251411e-01,-1.158393655382026655e+00,1.044433485650662963e+00,-2.536338359960853328e+00,-3.198274953235133999e+00,4.824238268449613232e-01,-2.005012380487661616e+00,-1.670992604350158839e+00
0.000000000000000000e+00,1.532150598318607893e-01,2.392371694580655850e-01,1.713735287264999130e+00,3.491700750521028240e+00,9.476827229250320839e-01,8.370977736064610930e-01,4.368472788007360386e-02,-1.618228115554561697e+00,-2.546533997281773321e+00,4.699647800289505906e-01,6.681672650769743260e-01,-1.057097714730905746e+00
0.000000000000000000e+00,-1.846136212145906175e+00,4.017387323721294257e-01,-8.977627866690252034e-01,-8.651676890605323189e-01,-1.639864435255043329e+00,-2.840711527087835364e+00,7.749843505381458497e-01,9.155815709931076629e-01,-1.138804462469663825e+00,5.268795346118089196e-01,-2.100398814383437340e+00,1.473271918928998891e+00
0.000000000000000000e+00,1.857422472891910203e+00,2.509747790622256058e+00,1.078513604920288582e+00,1.110449431704345358e+01,-1.063487246523044050e+00,1.012931180230714823e+00,2.387950997660293950e+00,-2.163673042687126458e-01,-5.253786074024517028e+00,-3.954290370680277888e-01,-7.187123942995289338e-01,-4.598429932184986413e+00
0.000000000000000000e+00,-1.433022357951575732e+00,7.798550322851375283e-01,2.437870623459342800e-01,-9.104775396911564123e-01,-4.293588570044137853e-03,-1.307254103664609923e+00,1.770606663539356918e-01,4.397136496540996475e-01,1.951542211900560764e+00,7.268985294580305734e-01,7.061585989388921014e-01,-7.803071018243090684e-02
0.000000000000000000e+00,-1.269908608340880818e+00,1.873225002477508117e+00,4.183267151475622558e-01,4.956384555111662538e-01,8.802832662087626270e-01,-1.356189942383494440e+00,-1.465361120599406597e+00,-2.247722260705802277e+00,1.904823337489900403e-01,3.527889328816852466e+00,5.704546804653420899e-01,-1.184708161073503963e+00
0.000000000000000000e+00,-8.863823564100903329e-01,-7.136186705749271164e-01,8.518559106204972586e-01,-5.697665511568365204e+00,3.084393011601929135e+00,3.989875721605988357e+00,-1.308506675407060227e+00,-2.281659077394197155e+00,-3.937720378725034776e-01,-7.357042429546207796e-01,-4.003696703684200831e-02,1.195512491303592828e+00
1.000000000000000000e+00,1.567030342357885964e+00,2.204266602119817176e+00,2.826283192970899805e-01,3.956927275633645547e+00,8.540959171171489395e-01,2.270053070586189659e+00,5.681013864499401267e-01,1.410355499816704494e+00,1.346228097247959887e+00,1.504277656704910093e+00,2.250262927324154116e+00,-4.534302225931060804e+00
1.000000000000000000e+00,4.729843450083015544e-01,2.192837185347710216e-01,-1.394863569173222073e+00,-7.340826781701920822e+00,2.099085178580136546e+00,2.842712540253181652e-01,-4.330040158188317889e+00,-1.385023722028199789e+00,8.502134775370662201e-01,-7.296904156641305095e-01,-2.052652715624027735e+00,6.730643030540095495e-02
1.000000000000000000e+00,1.435037384630135637e-01,5.089218626260732847e+00,-2.695571446306669339e-01,3.328359051230872723e+00,-4.314892296085303114e-01,3.479012216687054959e+00,3.274580522239894265e+00,-1.398295635369537493e+00,1.926459730865138109e+00,-1.374994249599121421e+00,-1.537650934567839744e+00,-3.846517540153305159e+00
0.000000000000000000e+00,2.724771045669414526e+00,1.732965127256883564e+00,-3.109202347118358301e-01,1.059099771113793942e+01,-1.263171924643470057e+00,1.392259561285954517e-01,1.187231264495093086e+00,1.230896049889246502e+00,-4.048638710620709347e+00,3.583113687481949139e+00,9.665919776116360662e-01,-4.806083680661023649e+00
1.000000000000000000e+00,4.623768309810809995e+00,3.551949208007317837e-01,-8.016957278412839560e-01,4.509537559213623759e+00,1.176895224170142473e+00,-3.730854145749561201e+00,-6.843342217548213924e-01,-9.625199441110192655e-01,-1.167810974713648253e+00,1.721173094515432656e+00,-3.712706536965125093e+00,-2.993840413473039419e+00
1.000000000000000000e+00,-8.712405682769890358e-01,2.209597925251044481e-01,-2.580885270373101115e+00,-3.666754465031697219e+00,2.765562684879845357e-01,4.123444729312867096e+00,-8.618758270682903566e-01,-1.392197123114453872e+00,-2.344122142927991259e-01,-4.478436228047174561e-01,1.996476793787469450e-01,-8.086830081613383125e-02
0.000000000000000000e+00,-8.982322878278266032e-01,-6.553086695617135859e+00,1.427777113586419233e+00,-3.381719424817891451e+00,5.012121223721137220e+00,-2.611528848096605238e+00,5.455791398443305962e-01,-3.783170519949256239e+00,1.447248727138067181e+00,1.237893851541961299e+00,1.418529694927794793e+00,3.951308431089934459e+00
1.000000000000000000e+00,2.983060996044576418e-01,-5.975672810533378509e+00,-1.065135888233474493e+00,-2.950217158692537645e+00,2.588142829293849978e+00,-1.012394450165656323e+00,1.760293159012324526e+00,1.575830773440011878e+00,-2.805680278434112829e+00,3.467701325729060979e+00,-7.547719878802235938e-01,3.428832513797175352e+00
1.000000000000000000e+00,-9.380152699780813785e-01,2.020644702490678402e+00,-1.176021732488311322e+00,-8.595277058093246936e-01,-4.745804424475641436e-01,1.621912949487705147e+00,-2.369703504783693404e-01,-2.752911147774662837e+00,2.858504577820118353e+00,-9.483593710495707985e-01,5.556313690977598974e-01,-8.097161776102903552e-01
1.000000000000000000e+00,4.913610370865262311e-02,3.916513585579018963e-01,-2.161165401451732304e+00,1.379429718655714288e+00,-2.242920997040357189e+00,1.973919605199332850e+00,2.756254006584017091e+00,-7.610326280856459791e-01,2.978546108716551455e+00,-2.088979269443395737e+00,5.388501116140322900e-01,1.882902405584503391e-01
1.000000000000000000e+00,-2.635014102793664215e+00,7.468139831044091181e+00,4.098529485500188585e+00,-1.344229539387254091e+00,-2.535500301052429961e+00,-1.017693023222487003e+00,-4.672804324002980181e+00,-1.543621649249214745e+00,-1.203260311181935105e-01,1.977688471233941314e+00,-3.557590461985562502e-01,-1.600364089705544890e-01
0.000000000000000000e+00,1.907133807981330254e+00,1.931813386352011774e-01,-3.673894083519946285e-01,-6.709481749982071364e+00,1.503841808284017034e+00,4.315779754985508809e+00,-2.219799425306125507e+00,1.153652897171337788e+00,-4.854257291785901707e-02,1.310875368519073270e+00,-1.249199369509434776e+00,8.417281822446713857e-01
0.000000000000000000e+00,-3.782610593760937778e-02,6.178631733470960619e-01,-5.495527789368859217e-01,4.857149434982551917e+00,-2.268425163967747960e+00,2.776267627825100170e+00,2.899403926009726185e+00,-3.708379685062151321e+00,-1.148323880960022692e+00,1.800931083970398916e+00,5.622878487399518566e-01,1.184923518988707514e+00
0.000000000000000000e+00,-1.511788957140691725e+00,3.879771896364049955e+00,-3.415441386217705766e-01,1.824171165754014501e+00,-3.206645683924865153e+00,-2.481809459397577022e-01,1.360854229317651543e+00,-7.919364630748704226e-01,4.336410795418410569e-01,2.314135958874355303e+00,-1.037116026913814659e+00,2.446324334445918458e-01
0.000000000000000000e+00,-1.766683858563335985e-01,1.444020367396771531e+00,1.325264307799454366e+00,-2.558118578934799880e-01,1.175310786453598322e+00,-9.037239935213683406e-01,-1.111567045463999870e+00,-1.320757243991652174e+00,-4.231818755088800899e-02,3.707063761933245605e+00,-1.933145025252648308e-01,-3.509402330176909501e-01
0.000000000000000000e+00,-9.387565321172995914e-01,1.556847388616462435e+00,2.206500270845282774e+00,-1.602246081452384507e-01,2.894079675149217046e+00,1.185773219714020943e+00,1.653362430630720192e+00,-4.118148600652190794e+00,-1.262535516664322177e+00,1.060525630560110955e+00,-2.522154763004796685e+00,-1.471624835558804634e-02
1.000000000000000000e+00,-1.493257838400068316e+00,2.113363178833995715e+00,1.266753299414262068e+00,2.991446512588515461e+00,7.475540829664062414e-02,1.827259682589490897e+00,1.734519603544475430e-01,2.804588563635371123e+00,-9.808046198676217964e-01,6.849934970132656176e-01,3.202734751979034122e+00,-3.388813071088550011e+00
1.000000000000000000e+00,2.142607306025007929e+00,-8.190511900993269201e-01,-3.001720774511442702e-01,6.199853973108583993e+00,3.382129258788169057e-01,-3.952476236962645384e-01,-1.926370830502268650e-01,9.898627095088061711e-01,4.567514288904295228e-02,4.375631308134481090e-01,3.089302556655598941e+00,-3.602569032892895429e+00
1.000000000000000000e+00,1.473620548320425883e+00,-8.236854619442260272e+00,-8.936111085882525451e-01,-1.370144100372325369e+00,3.172002941325449576e+00,-1.250823867175510973e+00,3.247725260249733736e+00,1.141803033129138445e+00,-1.908559623683804052e+00,3.148322295962110662e+00,4.948235842122672423e-03,4.160395566466334571e+00
0.000000000000000000e+00,-3.492643783631643739e-02,2.620770452021595632e-03,8.982139137708516907e-01,1.807867254594748563e-01,-2.734320180877285456e-01,4.141367267799445084e-01,1.898846767258382418e+00,-2.894313138248376216e+00,2.425908982372233069e+00,2.588638548379017301e+00,2.802830035961163535e-01,2.429139434470114711e+00
1.000000000000000000e+00,-1.588237195508765298e+00,1.745010166751202352e+00,-1.876004617447720735e-01,-3.080049882495674574e+00,1.000838121897082988e-01,-1.800754922451740292e+00,-3.274987306850731805e+00,-1.444117166496450944e+00,3.103277769649616324e+00,9.609385041158990948e-01,1.272387777007563781e+00,-4.092529203896766443e-01
0.000000000000000000e+00,2.267697447861257043e+00,-6.117450590292940582e+00,2.315510559427045312e+00,2.088950413795950034e+00,2.252567738064828795e+00,-6.939136441470765693e-01,4.386976968450314374e+00,7.093584565248887142e-01,9.673630962978227998e-01,-2.250713288989673710e+00,7.570712430209340926e-01,2.986536679537453942e+00
0.000000000000000000e+00,1.870230332627740522e+00,1.786115324758375644e+00,1.352033853684330378e+00,2.937688521216529902e-01,1.643776309264962432e+00,2.609847948427309383e+00,-5.086867257095550876e-01,-2.509806360323871832e-01,-1.620327173172347424e+00,1.558833088387092669e-01,-1.544221617181878115e+00,-1.919632449208497516e+00
0.000000000000000000e+00,3.703893693726481473e+00,-2.643652339187036251e-02,1.518096581446681359e+00,-5.557143066409365062e+00,3.141052647213317783e+00,5.248816878460432100e+00,-2.890629181726698249e+00,-9.670441734670098821e-02,5.886278608896657882e-01,-8.959471856393270706e-01,-8.579268019294463699e-01,-1.931632727866120502e-01
0.000000000000000000e+00,-5.926515883235521365e-01,-2.459133810259549191e-01,1.576006354368092222e+00,1.059484916061927073e+00,1.898112061012611207e+00,1.016081640085320092e+00,2.182228987480462123e+00,-4.001105400943636425e+00,-5.995752643156153638e-01,1.033478680878382461e-01,-1.078167505868584675e+00,9.236292507187774392e-01
1.000000000000000000e+00,-2.194901827964802266e+00,2.510732544866162819e+00,-1.382889277880534173e+00,-2.270270829810634439e+00,-1.800292054663474195e+00,-9.483945337401826770e-01,7.945793503239617639e-01,3.217211605055115164e+00,-1.537670703534530503e+00,-9.742826039911365310e-01,-3.038091745534790444e+00,-3.854456941941591941e-01
1.000000000000000000e+00,-1.366097781781823173e-01,1.632491104953959882e+00,-8.898987552033386095e-01,-5.315778881907352371e+00,-4.822982577552747951e-01,-1.757992338684452704e+00,-3.047341262590758326e+00,-9.755913967168999834e-01,3.157078342294154627e+00,-1.772588534880188638e+00,-1.922570590172660410e+00,6.769884086735060702e-01
1.000000000000000000e+00,-1.618112019035924831e+00,2.010386306649088350e+00,1.970459011792939918e+00,6.309971374863375004e+00,-1.341738702667488514e+00,-5.809865215243875447e+00,2.211882578605820271e+00,2.255411211366924018e+00,-4.757085040795931974e+00,-7.181889258224316563e-02,-3.228010238061778114e+00,-1.511074965578838025e+00
1.000000000000000000e+00,-1.711261492183884236e-01,-7.050680402513462841e-01,-3.058741190528793563e+00,2.449742361606118968e-01,-1.119114165374795800e+00,5.153328117549607068e-01,-3.177679988085937435e-01,-3.807678570343039359e-01,1.103654245565385272e-01,-1.308609411818763668e+00,5.245532201654314886e-01,-6.667005182632250726e-01
0.000000000000000000e+00,6.465487273635821541e-01,-5.846255558688532972e+00,9.387046777812996234e-01,2.203962103259100302e-01,1.700701433030430643e+00,-1.540848362294572116e+00,2.150276053472711446e+00,1.800631971561030387e+00,2.897490433780055774e+00,-8.590514482591893319e-02,3.702640184857049377e+00,2.392095453768773972e+00
0.000000000000000000e+00,1.298450428316678895e+00,2.519979065089827497e+00,2.164093297090724288e+00,-2.839056026673269617e+00,2.629040064707523605e+00,4.801747345332039174e+00,-1.826067391871737167e+00,-2.206912081299630124e+00,1.591462154847249622e-01,-6.761000652441278014e-01,-7.705784022392154764e-01,-1.396801063146474675e+00
1.000000000000000000e+00,3.723152288833110113e+00,-1.000991479519911742e+00,-3.680825343011067119e-01,2.955723158588793087e+00,2.354349613187530110e+00,1.000866929541599504e-03,-8.373335280647327128e-01,-6.559976889050296300e-01,-1.215031550479709566e+00,9.716356029208521594e-01,-6.953532922512761782e-01,-2.807079767812228344e+00
1.000000000000000000e+00,-4.764833443947225078e-01,2.708035023923184514e+00,1.904701544871934438e+00,5.294295444525086713e-01,3.789417128047489758e-01,-2.577591414936468706e+00,3.112398860458363448e+00,1.757882468241924512e+00,5.199882142065126445e-02,7.034714414440320640e-01,-4.096721814487930047e+00,-4.763111597750122606e-01
0.000000000000000000e+00,2.985246027065069363e+00,1.663989231094008314e+00,2.920708553053741330e+00,-4.448111222817968446e+00,2.525466256706345725e+00,4.706714497287237009e+00,-9.521488449453531233e-01,1.748949825437677408e+00,-1.364771595048048791e+00,3.162211677488921957e-01,-2.773344489622019182e+00,-8.187656640873164360e-02
0.000000000000000000e+00,1.917699067831104554e+00,5.000443178004773337e+00,4.683007130127309736e+00,2.887983402985967452e+00,-2.809274587911342991e+00,-1.030726577150400392e-01,3.848048714107529911e+00,-6.825287205151301384e-01,6.040188722727984683e+00,-7.729430486140074219e-01,-1.900231421401906262e+00,1.423984973312617086e+00
1.000000000000000000e+00,-1.283397969941582506e+00,3.574425712719664361e+00,-2.280437784365921150e+00,-5.989938095155742381e+00,-1.042995360140358985e+00,7.728827264063264924e-01,-6.039715090439516931e-01,4.383170742556257160e-01,1.095129013922427452e+00,-3.248253534739396819e+00,-4.604198984666611594e+00,-3.654077589630133627e-01
0.000000000000000000e+00,-2.175278250366408095e-01,5.245189621207719810e-01,2.400573947623678706e+00,3.985968690824723826e+00,1.438541750650722095e+00,-3.845231054805211990e+00,-4.236646855493877428e-01,-1.272207690152838300e+00,-1.945420746039167037e+00,2.964011905917879997e+00,-2.356103950790808810e-01,-1.170155543890365690e+00
0.000000000000000000e+00,-9.674830049118126052e-01,-5.117544728732119630e+00,-9.627132375531592956e-01,-2.527321827428496981e+00,2.261404388664124188e+00,-3.193254326803709020e+00,4.853812183780825684e-01,2.701675517116424619e+00,1.398886381970429804e+00,1.874046941947725475e+00,2.404353565941820925e+00,1.460244846919766637e+00
0.000000000000000000e+00,-1.790504363317984904e+00,4.105200493246402793e+00,-5.970895749866358404e-01,-8.789886296480913241e-01,-1.552032604531046633e+00,1.802059493162648796e-01,5.887165819828690250e-01,-3.415869816240721057e+00,-1.864341654648644209e+00,9.204170551105685938e-01,-4.489670596210292963e+00,6.951906899302677800e-01
1.000000000000000000e+00,3.332307226350008200e+00,-5.887941445044972966e+00,2.659222344419774897e-01,-6.230932595608212665e+00,2.581266845377795605e+00,-3.283617262746419296e+00,-2.548640287559422735e+00,2.084313406995262907e-01,-5.252197134749372331e-01,3.979237061730276803e+00,-2.056480082622782923e+00,5.224571805800787061e+00
1.000000000000000000e+00,5.454987794673470169e+00,7.102281774578251827e-01,-1.338169757599438459e+00,1.224697049681965488e+01,-5.624761002038989322e-01,-1.522760223520451817e+00,2.127731848682777205e+00,-2.876742982589748365e+00,-3.753590350582547863e+00,4.726395749702896332e-01,-3.088647360297561040e+00,-4.566515127371225446e+00
0.000000000000000000e+00,1.767117382261160330e+00,2.012713876056075879e+00,2.118987175026228353e+00,5.663719879420126446e+00,8.818162840149343928e-01,2.754331639357266770e+00,2.391689723752649765e+00,-2.056211845358182799e+00,-2.818030719767312675e+00,-1.716170395252976100e+00,-1.867647345662144520e+00,-2.400693140251811464e+00
1.000000000000000000e+00,-3.923152192433146279e+00,2.651028426655090975e+00,-2.173143969449573998e+00,1.507637732698325073e-01,-3.183736174933085472e+00,1.488963966113422188e+00,1.402239491237726732e-01,4.028626471282816812e-01,-8.196163891007237634e-01,2.769665597002313184e-01,1.550653005007377239e+00,-5.158399199228910215e-01
0.000000000000000000e+00,-1.886373650734028296e+00,-1.001672061770730870e+00,1.121223171872163915e+00,-6.969351463731412899e+00,4.043521788172506071e+00,-3.623097552558560253e+00,-1.094011004005686516e+00,1.380229407883910575e+00,1.390790222404488352e+00,2.241541679692027333e-02,-2.089585616519761047e+00,5.953133586697711976e-01
1.000000000000000000e+00,-1.813544689098740115e+00,4.807348682231761039e+00,1.661310680545378116e+00,5.675116660073105557e+00,-4.390681222199612321e+00,2.091262176000195261e+00,2.237043600829315082e+00,-2.704964123792444886e-01,5.673250425538087782e-01,9.908674288884193881e-01,2.109828484327026299e+00,-6.203406215491170661e-01
1.000000000000000000e+00,9.166153851818668041e-01,-1.260971744745421064e-01,-3.519016040193889694e-02,1.536993195363221543e-01,9.593630346647271656e-01,2.017565691623159907e+00,6.970368892534806182e-01,1.313885478760588033e+00,8.324519970974659788e-01,1.814701619851794234e+00,1.374615449175581983e+00,-1.076649471781852885e+00
0.000000000000000000e+00,3.897321030587231228e+00,1.344023464995251160e+00,-1.202846522363484993e+00,-7.132201806594027360e+00,1.498382819137128674e+00,2.903897473219450909e+00,-4.759206166440995034e+00,8.864827103061072577e-01,2.638803771457244984e+00,3.008124716514873231e+00,-1.005848038296588420e+00,-6.846956563046373567e-01
0.000000000000000000e+00,9.159979048961112147e-01,1.395400246995330162e+00,1.072589558988186198e-01,-2.048175438854396457e+00,7.745575529283192928e-01,1.891136640707442584e+00,-1.676526399004556689e+00,1.169791704897631845e+00,-1.871635529261538533e+00,1.931087196716074317e+00,-1.095465406956924070e+00,-9.461501580858767690e-01
0.000000000000000000e+00,7.268728420975858473e-01,3.349243703726359822e+00,1.993429533026163547e+00,-6.400640835146611529e+00,2.828092105468287265e+00,2.265911376594583970e+00,-1.375133109198509729e+00,-2.719622103888696962e-02,1.577078984153196473e+00,4.238513143724611965e+00,-2.521011406204488381e+00,-9.793622212195973731e-02
1.000000000000000000e+00,-8.770490293862527320e-01,6.364949901335983373e-01,-4.567436978835680783e+00,-2.824694469749189363e+00,-2.568586585471043904e+00,-1.873691693096856792e+00,-6.598134946228295661e-02,1.903834802620482769e+00,3.339709516625064545e-01,-4.197191398939995821e+00,-3.425469303123576559e+00,-3.571212109430638160e-01
0.000000000000000000e+00,1.226071087675320026e-01,2.155521731049401701e+00,3.043262356178273009e+00,3.250956866761236519e-01,3.859240028884172169e-01,-9.880738309303065403e-01,1.888233022559283825e+00,-1.673741155617125997e+00,1.979128897881476945e+00,-1.675129850463345171e+00,-2.509443743963623241e+00,7.587629965477131755e-01
1.000000000000000000e+00,4.857547626626676163e+00,1.263680203563446902e+00,-1.857628226330764409e+00,5.459848907092870185e+00,-1.311224562242475855e+00,-1.391505454664207386e+00,-2.298440633922314014e-01,-2.350021296821680927e+00,9.969273913938392351e-01,-2.666763632299848918e-01,-2.462172299751477667e+00,-2.521075769229717434e+00
1.000000000000000000e+00,-9.436790005264290571e-01,4.169840391532702029e+00,-1.815106433675802489e+00,-7.082563510743409729e+00,3.686987730158670651e-01,-8.356935794044573207e-01,-3.308605832391529500e+00,-6.853471391338090690e-01,-1.108041020033641022e-01,-3.379119365623262539e+00,-5.959668667576731416e+00,-1.369751048916912683e+00
1.000000000000000000e+00,-3.780406816470250897e-01,2.860873151336693065e-02,-1.922599227729267835e+00,-5.699299634413905302e+00,2.512051085528440808e+00,2.048332269733795563e+00,-1.272925468271822069e+00,-2.391145482653795895e+00,9.408481364833737315e-01,-1.238097579854386954e+00,-1.925070632068242027e+00,-2.804211145596172683e-01
0.000000000000000000e+00,-5.136506806800135161e-01,7.144300919605386824e+00,6.439146655324777813e-01,-4.057734847681408574e+00,-1.097193130707310171e-01,2.357131826716498235e+00,5.943588007794278205e-01,1.003601997575199523e+00,1.241148611367651089e+00,2.926425282557139518e+00,-4.503899393443318466e+00,-1.806673077850835529e+00
0.000000000000000000e+00,-9.496674357339180972e-01,-2.917401625282832089e+00,9.762007034445917553e-01,7.267145972777774299e-01,1.063777415655887237e+00,-1.652716149193651507e-01,-1.636232966562110480e+00,-2.728811879405975915e+00,-1.036280899534242073e+00,-3.708319185886033154e-01,3.070496640590880233e+00,1.405971472721070814e+00
1.000000000000000000e+00,-9.781467980084960212e-01,9.822587887872678891e+00,2.735417339087492739e+00,-7.039336501983584959e+00,6.259413584840312073e-01,-1.971962417271952539e+00,-5.391452316084718532e+00,-2.240380413175727004e+00,3.658899637696376050e+00,-1.454732331224848352e+00,-5.826758114618304063e+00,-2.795315159751914358e+00
1.000000000000000000e+00,-2.928458091505956595e+00,1.946146267425121534e+00,-1.009009708561706686e+00,-1.015669035761308736e+00,-2.545697877526210462e+00,1.537122032898616375e+00,-2.812763114000078168e+00,-2.623788780171794066e+00,1.073652669383586389e+00,9.200528382823645046e-01,3.419884501809590027e+00,6.596846953275630199e-01
0.000000000000000000e+00,-9.106885231130050773e-01,2.897486845099342290e+00,1.590940174412903918e+00,-6.157520342280665915e+00,2.689046487972057253e+00,-2.047115514953161686e-01,-3.449514437270152722e+00,-1.202101670488451512e+00,-1.177790309440840399e-01,1.583220400927793259e+00,-2.609303817837540951e+00,-4.619740893481490973e-01
0.000000000000000000e+00,2.653511608706260461e-01,7.258851311174807641e-01,3.389026955420749498e+00,7.571636660598882740e-01,2.474088516471981691e+00,1.894071460210968505e+00,5.547913632504473114e-01,-4.355661983124898384e+00,-1.534982897966058246e+00,-3.847636073183793748e+00,-2.072381586152139299e+00,8.567980040291134358e-02
1.000000000000000000e+00,-1.122131528337988460e-01,5.178173846189469742e+00,3.445022584780826236e+00,6.003488185895336393e+00,7.658556225189427913e-02,8.147637392065356643e-01,1.297880993890371926e+00,1.339509006742148234e+00,1.014241553525437212e+00,-2.604148948099604510e+00,9.290777156817897620e-01,-5.316138736147694388e+00
1.000000000000000000e+00,2.969245268784354685e+00,-5.381301470235105633e+00,-2.580560016908002297e-01,-3.158755786254614062e+00,3.167481792119338557e+00,-1.567746488100531854e+00,-2.069995196402507620e+00,1.318656497365646496e+00,4.758259678951162197e-01,3.712675485005515252e+00,1.349587651365772967e+00,1.755407861442244588e+00
0.000000000000000000e+00,-7.133923372199701962e-01,-4.715176714209075470e+00,3.399665606338138080e-01,-4.891096432864848076e+00,3.252042009118472965e+00,-3.461784036297997691e+00,3.610476353587888099e-01,1.336340751661380111e-02,1.602998678076519301e+00,8.961883549366357338e-01,-3.487453368519246588e-01,3.207790011596966195e+00
1.000000000000000000e+00,-1.223827201208437243e+00,4.691511567231722246e+00,2.278076309877369532e+00,1.212106571063938487e+00,-1.954245435270546949e+00,7.406931930830265021e-01,-9.226398324240281390e-02,-5.280532573937248841e-01,2.121202613907015255e+00,1.425827053719760595e+00,9.079104645406703700e-01,-5.887277709292230155e-01
1.000000000000000000e+00,6.126491991994860165e-01,3.340666888727366501e+00,-1.221828627974621551e+00,-9.120902575304996596e-01,-1.856810275220754924e-01,1.443599487915251833e+00,1.721476764536999937e-01,-1.651476032304112440e+00,1.863712469263112848e+00,-2.615532416064880294e+00,-2.767854970589998409e+00,-2.101430694029607693e+00
0.000000000000000000e+00,-1.240153360370408464e+00,1.925981044198225689e+00,1.292774953489462364e+00,-2.751391591450439655e+00,2.200262066122402604e+00,-7.312741321393931848e-01,-3.357702176776050651e-01,-9.146573501481413127e-01,1.903991453740045969e-01,4.819619176823036533e+00,-1.293351182728540882e+00,-4.487110619670953149e-02
0.000000000000000000e+00,3.453271551136413819e+00,3.962793848608392899e+00,3.387387675343706661e+00,6.554404051360746664e+00,2.009924706397741012e-01,2.141336285080282842e+00,2.419248730041170692e+00,2.034495624951846438e-01,-2.866281375660483022e+00,8.151616118146456369e-01,-3.054018446427923195e+00,-2.998321091813982875e+00
0.000000000000000000e+00,-6.553389072976877339e-01,-6.880670063145357673e-01,-1.505753970898366934e+00,3.806797694586037117e-01,-1.936742437344707302e+00,-1.698234876470491539e+00,1.452833487394203704e+00,-6.913631188262627791e-01,1.376982088832580553e+00,1.717212510181373775e+00,-8.164507394037745502e-02,2.060691256256669490e+00
1.000000000000000000e+00,3.766369292086618970e+00,3.893229617673457543e+00,-2.872442655896914054e-01,7.340872844554513499e+00,-5.266203150925123921e-01,7.997843912568254332e-01,2.492107806951129767e+00,-2.205404506744661486e+00,-1.008909049832002358e+00,-2.746771789866429003e-01,-4.002478378655075275e+00,-4.153092771825416030e+00
0.000000000000000000e+00,-1.691105465622159354e+00,-4.154412750488106210e-01,1.449527412779998858e+00,-1.010186504018549147e+00,1.401723617067307082e+00,-2.235685915590017281e+00,5.653434074014783706e-01,-4.123838813072399079e-01,1.719338496490685486e+00,1.039944709825765479e+00,6.893988134063551154e-01,7.139395551858358502e-01
1.000000000000000000e+00,2.890992912641709989e+00,2.251529494240906981e+00,-8.326524363425276132e-01,1.038426147077532669e+01,-2.279489585092444592e-01,3.126713009481963290e+00,4.235130296050191312e+00,-2.507124911392357269e+00,-3.009917674675695043e+00,-1.661991821887899956e+00,-1.878557896160971907e+00,-4.947001236598779883e+00
0.000000000000000000e+00,2.169910801648923915e+00,-7.845902960459651132e-02,5.633174160666887254e-03,5.505452219720083917e+00,-9.689761167904367145e-01,2.546478321621176155e-01,-4.731328653199647905e-01,-2.593751813529655337e+00,-2.052121247468050136e+00,-2.273399078878126200e+00,-2.140017398883705679e-01,-1.276608666707207407e+00
1.000000000000000000e+00,-2.691160846275534313e-01,1.761225980754815845e+00,-2.404459377417332178e+00,-2.072958032981015108e+00,-1.275398737205350130e+00,1.907600988828177080e+00,-4.304904010443294737e+00,-3.288631793776668033e+00,8.611610004157648213e-01,-1.215739770940696740e+00,1.021598718115877436e+00,-9.397731995539824190e-01
0.000000000000000000e+00,2.218381961507772004e+00,1.353154875271815216e+00,-1.445465120676340476e+00,8.903114800896210212e+00,-2.348542559732481827e+00,1.087179889697585278e+00,4.308740503875487793e-01,-2.701617381118718964e+00,-2.565637581378566345e+00,-2.071426577618956433e+00,1.622944591813990645e-01,-3.258003050028688286e+00
0.000000000000000000e+00,4.313276463249088977e+00,1.968990525833756999e+00,-7.463972925577353479e-01,-4.937584085967173131e+00,8.237484499895564305e-01,3.251881793068834181e+00,-3.039341308231262584e+00,2.376253542676009189e+00,6.596563802178463387e-01,2.765422875278347625e+00,-2.282400981388550409e+00,-1.146722746123607806e+00
1.000000000000000000e+00,3.482686167566472868e+00,-3.246988682456327879e+00,-1.786113577243246375e+00,-1.680265578056163722e+00,4.786348475630219923e+00,5.328993663544246751e+00,3.917898110823776037e+00,-1.315788388235894502e+00,2.243771416537693408e+00,5.317780624373815712e-01,-7.544713583442421712e-01,-9.083968168549735323e-01
0.000000000000000000e+00,-1.457259997384078520e+00,-1.558239756595984904e+00,-2.150422427126215119e-01,-5.957816859312647040e+00,5.821589055181529915e+00,4.902531776395697705e-01,-2.183371243379592652e-01,-1.443557347513907185e+00,-1.618798949297833190e+00,2.307414326539387162e+00,-2.232026229079515645e+00,-2.699573387395473034e-01
1.000000000000000000e+00,9.771798205444848229e-01,-1.093324284294690418e+00,1.856664459760450914e-01,-2.876771641337027077e-02,-1.509117418802961019e-01,-4.433834755806556061e+00,-8.501103419958584428e-01,1.025647007674778566e+00,-1.476030500531854361e+00,1.336316242625013473e+00,-2.374347949974140892e+00,1.137949506000332622e+00
0.000000000000000000e+00,-1.936847173580413806e+00,-1.722634811913737574e+00,-2.669703912873615526e-01,-5.760708005403113674e+00,3.871929923950918173e+00,-1.258586942754183813e+00,-1.002486580546043005e+00,-5.812590218599424929e-01,7.680284247158819522e-02,1.759524486814672217e+00,-7.585558281602113873e-01,6.833516232200420593e-01
1.000000000000000000e+00,2.509250487284156783e+00,-6.429348887822540215e-01,1.839180794256132900e+00,6.806547039643259467e+00,-4.551980638596468953e-01,-4.563970646569446288e+00,1.819082009598971261e+00,-3.970075438080644670e-01,-4.727048734016044307e+00,1.728573215967563526e+00,-3.850710184310584872e+00,3.306183892614220632e-01
0.000000000000000000e+00,-1.148485021017772167e-01,1.734695490176479060e+00,-5.539849713310547319e-01,3.473881628479392969e+00,-2.999622053690287782e+00,1.520743185705803135e+00,2.001876631390755890e+00,7.506596591158265497e-03,1.163123846550830454e+00,4.715236057030031125e-01,1.259139752524545575e+00,-1.360951481556325060e-01
0.000000000000000000e+00,-1.561697578801946040e-01,1.910549051337919468e-01,-4.995542795448839613e-01,-4.076682358699795117e+00,1.457769406254854516e+00,-1.499656637402253523e-01,-2.362807525407775167e+00,1.945509790946287509e+00,-2.759237022992427235e+00,1.619400028501119859e+00,-1.869550212754901075e+00,-3.993158894683913607e-01
0.000000000000000000e+00,3.662617570029824687e-02,6.325742245710616274e+00,2.484792472641212946e+00,9.792890552306163787e-01,5.820126218826838782e-01,-1.845574244236910744e+00,-3.972579555803157358e-02,2.430805775588767759e+00,-2.886334913746356534e+00,6.299739108563300327e+00,-4.383690758648773667e+00,-3.007734165983324104e+00
1.000000000000000000e+00,-2.342077447870428486e+00,3.490402742579080897e+00,4.184491332487908721e+00,2.655564004402704015e+00,3.824287061371421936e-01,-4.681074022878867202e-01,2.855551537078333979e+00,2.599835106798312090e+00,-1.276184973590153371e+00,-1.397027370668271207e+00,-8.993887765509053223e-01,-1.774660366229174446e+00
1.000000000000000000e+00,3.056989921540336219e+00,2.927058796289557230e-01,-1.576515362806869991e+00,6.157606636246312881e+00,-4.533020774090890104e-01,-1.410904195194683686e+00,1.362649107420650818e+00,-1.415968193544308029e+00,-3.018828405329169851e+00,8.937705367760695463e-01,-3.125718602846114802e+00,-2.191012135030144137e+00
0.000000000000000000e+00,-7.095281015671213165e-01,8.405485989374521516e-01,7.292720882577057306e-01,4.378788093864201869e+00,-1.445333524693871219e+00,7.894273760550518659e-01,2.419450544705556094e+00,-4.229654913889991263e+00,-8.607945067051041566e-01,-4.454816901031404264e-01,-3.726711052013634839e-01,1.071045177169478002e+00
0.000000000000000000e+00,-8.238971460064727914e-01,3.212491653916724310e+00,3.077046490889538966e+00,1.463569103411414440e+00,-2.818806324284983678e-01,-4.121085692780492860e-01,2.219322470685849868e+00,-2.671833133852569375e+00,5.738112663390159129e-01,-7.234529140219854160e-01,-2.660630596847992635e+00,7.568018784664187759e-01
1.000000000000000000e+00,4.886980283617587517e+00,-3.656613181223569597e+00,-1.361380423780949922e+00,-2.141512856143824362e+00,3.149204459587736871e+00,1.192021688080961983e-01,-2.736106706390897703e+00,-7.960863231751422742e-01,2.700902536566379020e+00,1.199471436209926356e+00,8.218557239665986724e-01,-5.818591224679521279e-01
1.000000000000000000e+00,-9.995182621781236731e-01,-1.742108681017730420e+00,-5.437566490357608195e+00,-2.078729527628489393e+00,-1.307064640480047446e+00,6.329965452056720565e-01,-2.167926141280879904e+00,2.848980326973750365e+00,-4.949718283244882500e+00,-1.007332056681652821e+00,-6.896858922240851619e-01,-1.146335269621914454e+00
1.000000000000000000e+00,-3.454797247486391942e-01,-1.366079464520009612e+00,1.666964098419965623e+00,4.794005064138380234e-01,2.007158974541231267e+00,5.887558133855301801e-01,2.028582924484991779e+00,2.340210624998521283e+00,-1.266099219133788090e+00,1.892353218469951193e+00,8.758610159007425011e-01,-8.851070403458538571e-02
1.000000000000000000e+00,-1.323055608065952793e-01,-3.407816654011784352e-01,1.167472850718680455e+00,-3.429610484048245755e+00,1.484888054359664533e+00,2.393661192597018150e+00,-1.712477248186192735e-01,2.030903675083149285e+00,2.652752986292207904e+00,7.517343865235051048e-01,2.362020276696773724e+00,1.830744850764429721e-01
0.000000000000000000e+00,2.015990546682886020e+00,-3.783006011547664083e-02,3.296461833553957499e-01,1.512860207882475772e+00,-8.261648696350127885e-01,1.126758546713865883e+00,-3.368397204091027053e-01,5.849849414199788100e-01,-1.289438981502856185e-01,4.250171678047932389e+00,1.289457869857847161e+00,4.971556461231099178e-01
0.000000000000000000e+00,-2.357024669305494147e-01,6.542746485954230584e-01,3.751299325416648234e-01,-6.747294629279009470e+00,2.644394112211176484e+00,2.065874290898282339e+00,-2.291671605210543916e+00,1.237742438974950954e+00,-1.406837139081903665e+00,2.100318373828439888e+00,-1.700101254366310322e+00,2.092970419918591674e-01
0.000000000000000000e+00,-7.478376272039488626e-01,1.287117222701507968e+00,2.505075289390450877e+00,6.993488673316107018e+00,1.834386346440624482e+00,5.983862535920014825e-01,9.475501021323458062e-01,-2.203837320399303579e+00,-4.847478731606713609e+00,-1.142591246371815306e+00,2.258101065096755899e-01,-3.496118590784325075e+00
0.000000000000000000e+00,4.419424007567625878e+00,4.149766815760300709e+00,2.444827782283035766e+00,4.180077689370048866e+00,-5.994174271312127100e-01,1.696216749211175046e+00,3.715356956187285675e-01,1.323650802525998760e+00,-1.581713364715542358e+00,2.244442348501503481e+00,-2.890249954604875882e+00,-2.552141095475947363e+00
0.000000000000000000e+00,-3.422188583864316236e-02,-2.734780302388303053e+00,-1.614101846002459428e+00,1.979419657265016064e-01,4.088368328284401887e-01,-1.524726778413630912e-01,2.058718398877807498e+00,1.831736494494965672e+00,-1.981614348200495979e+00,-1.257304728199357680e+00,-8.583846607828446995e-01,4.252408444398267928e-01
0.000000000000000000e+00,1.455780931136771983e-01,3.356257287990703553e+00,2.633331914958701336e+00,-3.024363629987778523e+00,-3.409516636406269008e-01,-1.825272487571699465e+00,1.447868989605345380e+00,-1.271683022239533223e+00,4.028173727971395834e+00,8.492624766721337259e-01,-3.810658972600290628e+00,2.215652148603123983e+00
0.000000000000000000e+00,1.429419450497023014e+00,-2.919746297107924438e+00,2.830623079584796642e+00,2.907792854305476293e+00,2.556325937197565068e+00,1.073964611789416157e+00,4.085980345614691700e+00,3.839167655927622214e-02,1.044178585541082116e+00,1.771886315788617772e-03,1.381610197963901498e+00,7.919892405181953032e-01
1.000000000000000000e+00,2.617249963227788356e+00,1.015204923285503158e+00,1.329002031698946151e+00,2.006853077128643026e+00,4.582743302252497708e-01,-2.742943054151534277e+00,-3.784715690484540040e+00,1.133410568512813743e+00,3.741013534509642913e-01,1.480220471073014687e+00,8.279088047839411324e-01,-2.518871002568039419e+00
0.000000000000000000e+00,-1.595981137376760062e+00,2.309430790583304027e+00,2.840320935244305289e+00,-4.316207569739889394e+00,3.258608713972499960e+00,-1.604823617480897857e+00,5.837237671321126031e-01,2.745981621622228808e-01,1.096081922740058001e+00,-1.725290952425082569e-01,-3.309744588804142573e+00,-3.967725651220719296e-01
0.000000000000000000e+00,-5.114604165741334363e-01,3.230252545437977130e+00,4.002948168497589165e+00,6.399412338824030044e+00,-6.794182291651365002e-01,-3.153039988563397955e+00,1.872669835656830095e+00,-2.750843217753736969e+00,-1.325518605706062614e+00,2.351142073882927619e+00,-1.577710425334317712e+00,-2.617030773112918318e-01
0.000000000000000000e+00,1.328752736575901094e-01,-1.288331716200659338e+00,-7.716452416743053710e-01,1.221000048748348377e+01,-1.869939386872790266e+00,-3.302793218545573062e+00,1.798667860125263918e+00,-3.654310489798948236e+00,-3.142344700182296613e+00,-4.308852642594267479e-01,1.983078342512859749e+00,-2.173259739013989389e+00
1.000000000000000000e+00,8.911677227178115279e-01,-2.241158325636569248e+00,1.937327320477083559e-01,3.518622152523330993e+00,-7.832108211564272615e-01,-1.664144143947850152e+00,1.868388819600198314e+00,-4.847306166481393230e-01,-5.844791103124402198e+00,1.630907388309622119e+00,-2.867320800967190220e+00,2.290497611330977623e+00
0.000000000000000000e+00,-7.806553441157633166e-01,3.360862194200560538e+00,3.831911087629710000e+00,-3.632948194934725095e+00,3.001496331171584764e+00,-5.228212899304680583e-01,6.640773441875722494e-01,-1.181442703018131368e+00,3.465850792552735982e+00,1.677912349971532935e+00,-2.068375381248152678e+00,-1.230147825472971412e-01
1.000000000000000000e+00,1.496550266075789004e+00,-2.675866360179119940e+00,1.902487015096957279e+00,-6.953365645161553310e+00,3.622143894936117992e+00,4.633614131222103527e-01,-1.949310143036298015e+00,1.591613826160683365e+00,3.971047829464985135e+00,1.077303624487520706e+00,1.503794488731981627e+00,1.819948869847512363e+00
0.000000000000000000e+00,-2.005581795083193342e+00,2.471271689893853818e+00,8.227793530855662674e-01,-1.181450548331121732e-03,-2.503306697363460120e+00,-3.107215437857028473e+00,-1.763948072915713094e-01,1.875076925317557208e+00,3.239371736936189183e+00,1.527466136833933730e-01,1.063083059169481093e+00,1.736264472594024610e-01
1.000000000000000000e+00,1.379988480371583837e+00,-1.087182235750072112e-01,7.335181411588718170e-01,2.704875337701262428e+00,2.391313559517603160e+00,1.626128630248143914e+00,4.034914725082115794e+00,-1.077004594251491643e-01,-1.047293423501830967e+00,2.038515780636351860e-02,-2.088658924103583558e+00,-1.617152877421001111e+00
1.000000000000000000e+00,-1.701077581238838343e+00,7.986162430079383867e+00,-6.431494862168335436e-01,5.043540183909172470e+00,-3.056995807709991908e+00,-3.319429294433828836e-02,2.690300282307349189e+00,-7.492334475129069915e-01,2.932009794741798903e+00,-2.489495578374913531e+00,-2.003824304589134186e+00,-5.011780663168718064e+00
1.000000000000000000e+00,2.453265188320960632e+00,-1.858215961074413780e+00,7.473170066953190860e-01,3.329121062954231824e+00,9.752666849723461429e-01,-1.372762199440722419e+00,-5.612698861078027068e-01,7.760648532146739997e-01,-3.163176228068270035e+00,3.448646865646546544e+00,5.839722705333261210e-02,-4.096987068709656565e-01
1.000000000000000000e+00,1.110755924853375820e+00,3.651430263929905107e-01,-5.603583547665551556e-01,9.250814384373504812e-03,-8.246185131455783246e-01,-4.379702717686257962e-01,-9.114774681433766013e-01,2.545362621129131142e+00,-1.253673939765766132e+00,4.321850774084223801e-01,-7.555435195393422898e-01,-6.967310845803498243e-01
0.000000000000000000e+00,-8.638860363457681046e-01,-2.372557461075887275e+00,-1.651390277001266949e+00,-8.697998693406409076e-01,2.170272187067489034e-01,8.996466820332416070e-02,-2.444664273314356429e+00,-6.773194271180333459e+00,1.850024131475041411e+00,-3.168546070150731531e+00,1.983844235000643774e+00,1.652343931107297603e+00
0.000000000000000000e+00,-5.638752079846834908e-01,-1.177880711926284185e+00,2.595396428098990071e+00,-1.077917218234035968e+00,2.529144451573007935e+00,-2.004506488464715908e+00,1.194844554404670411e+00,-3.869661810469328111e-01,2.207193279547761566e+00,-1.269582379019746465e+00,-4.859587946933041636e-02,7.440366496104486860e-01
1.000000000000000000e+00,-2.066536181764274005e+00,5.039520796611055786e+00,1.006507022736615742e+00,-2.322692429396020941e+00,-1.831898629841889559e+00,1.509442916534392332e+00,-1.149478148645381781e+00,-1.517697566246158480e+00,1.468793683237708869e+00,-2.249278676044226266e-01,-9.249632984354430043e-01,3.244771530220336153e-02
1.000000000000000000e+00,-2.465961285235976685e+00,-6.654980539374948378e-01,-1.105243722685246954e+00,-1.084517890711400145e+00,-2.234110745879560600e-01,5.674254505790251590e-01,4.035881605825257790e-01,2.559954791744309510e+00,-2.000128517918025040e+00,2.568988168494199087e+00,1.641480035027715445e+00,1.503610992814705671e-01
0.000000000000000000e+00,3.562787164595309530e+00,3.043993037691576031e+00,-6.992748445582039896e-01,-8.211333933027360032e+00,1.926695261040584750e+00,5.097322836936410084e+00,-4.047835216605050412e+00,1.985851461997036882e+00,2.595090489165581271e-01,8.272593937664336483e-01,-3.427632378092570153e+00,-1.631845106210793483e+00
1.000000000000000000e+00,-4.280662342410646026e+00,4.322865329388029032e+00,6.507921401563381281e-01,-1.689763695075967798e+00,-1.730462009009216651e+00,1.573459208239755602e+00,-6.115054689865082604e-01,-1.486092078186588505e+00,2.904130586696270777e-01,1.256066242862895699e+00,9.184697500046219432e-01,1.630390752174846192e-01
0.000000000000000000e+00,-2.492770642783856516e+00,1.927798492597794788e-01,2.354541520218400574e-02,-5.972522095390912611e+00,2.903488374520161841e+00,-1.623001629735886464e+00,-1.320402207300848563e+00,-7.924031689556000346e-01,-5.101217864497442633e-01,1.681436469032525416e+00,-2.156560472894339942e+00,6.759324443023284612e-01
1.000000000000000000e+00,5.766766807938419337e-01,-1.123974298406972050e+00,1.957096969976629852e+00,4.230458545101428158e-01,2.800244075089650675e-01,-2.350768453068334374e+00,-6.994484781563576892e-01,1.499226201213471832e+00,-9.609861768940264337e-01,7.980667708742110733e-01,7.060934477313174362e-02,1.020431943830228949e+00
1.000000000000000000e+00,3.222508934524910273e+00,9.663260705813610241e-02,-7.365863811172652653e-01,3.337211379128609767e+00,-2.836496995313209091e-02,-3.474368907480562818e-02,-6.529678985462694651e-01,-6.420967863977131707e-01,-6.511740125290268466e-01,1.496680884295743752e+00,-5.326107809697918638e-01,-1.722013206109762606e+00
1.000000000000000000e+00,-1.749221518711615353e+00,3.003740247052763657e+00,-5.359350445850825650e-01,1.313974093136285326e+00,-3.396812483117486181e+00,-3.681188544605501711e+00,1.014359642181368315e-01,6.499062324504871757e-01,3.542591014997966692e+00,-1.172366957707111856e+00,9.726447788834957642e-02,-4.612073591022645136e-01
0.000000000000000000e+00,3.177374466013083154e-01,-1.607050623587822358e+00,2.107066926573470500e+00,4.062656607337692627e+00,-5.414649018898025634e-01,-1.214977909660390321e+00,3.567194917453176739e+00,-3.380435467969391095e+00,-1.296026085797619132e+00,-3.245645600398201935e+00,-2.129438405618381935e+00,2.739073979160847827e+00
1.000000000000000000e+00,9.992822977272302065e-01,1.573547579116286510e+00,1.097997712318307340e+00,2.102821268633180640e+00,-1.161229886352743934e+00,7.445381875362655499e-02,8.527443010147524038e-01,1.182098337767468976e+00,-1.205815108655575951e+00,-1.453973243019135442e-02,-1.407380746921087944e+00,-3.713283867463407217e-01
1.000000000000000000e+00,8.015824332809473596e-02,4.304412553258665786e-01,2.608751261423791767e+00,-9.348373167449064436e-01,9.290797398740019419e-01,-1.902862120429084758e+00,8.307332360324932718e-01,1.215493801284859732e+00,-8.351533307208097723e-01,4.144647401688357213e-01,-2.394705059927821011e+00,1.097659220755094367e+00
0.000000000000000000e+00,1.454176488515641630e+00,-6.137697750447308920e+00,3.205704035774936234e+00,2.189469499675132269e+00,3.087466348218486978e+00,-1.070403299250156426e+00,4.063791445318623019e+00,-1.558350471205068200e+00,3.155298394556936170e+00,6.051342991049477593e-01,2.968396640069428827e+00,3.512239501417832255e+00
0.000000000000000000e+00,3.424171388893724632e+00,2.527980630634848680e+00,-1.866781674381217115e-01,-6.070260153797984337e+00,2.307666090312741947e+00,4.506116810629714031e+00,-2.870032848972374317e+00,9.846978046239682758e-01,1.724531480935062699e+00,3.117381377707830303e+00,-1.650356363738195942e+00,-1.591841350315420289e+00
0.000000000000000000e+00,3.510118163532341740e+00,2.219737868141419934e+00,1.599681911877208762e+00,3.849221216098444032e+00,-4.751573193966605047e-01,2.761609289697692482e+00,7.581152838377636094e-01,2.101767863836011774e+00,-3.474710999736181360e+00,9.361775271601674442e-01,-2.047970343652616876e+00,-2.051255228033519451e+00
0.000000000000000000e+00,-2.719426062125106736e+00,-3.251964402228064710e+00,-1.916195214660339374e+00,-5.308704876987443200e+00,2.243876051664587923e+00,-3.431587048160342324e+00,-1.171160892353627858e+00,1.727517115869227737e+00,-1.015704974694053409e+00,-2.082518548670668768e-01,-5.635706485937632682e-01,9.807831255247261293e-01
1.000000000000000000e+00,3.894475727507484830e-02,2.397773538445866937e+00,2.095123287450666894e+00,4.531835346918922092e+00,-1.516065884832504818e-01,1.555593321216919733e+00,2.444073285295927267e+00,9.490280685894852963e-01,-3.044456932492423107e+00,1.563791121359954905e+00,-7.646966850902701118e-01,-1.701930629081540580e+00
0.000000000000000000e+00,-6.461532860710754722e-01,-9.943695060817477893e-01,1.059032509015391810e+00,-2.634091360303252749e+00,1.891744101232834208e+00,-1.166886020682528002e+00,9.380871028981154769e-01,-4.822887793005902202e-01,2.427511465305351113e+00,1.915211221469735436e+00,7.184239383263402168e-02,1.513071142309649009e+00
1.000000000000000000e+00,3.634649528971930721e+00,4.620128674733804175e+00,3.482359971561790335e+00,4.248239081296097730e+00,2.420707376065319494e+00,-1.899129436184727737e+00,1.141844733272689316e+00,-2.121946029249085708e+00,-2.908275731435353340e+00,-1.025216659712878897e+00,-7.699458655835336174e+00,-3.538693849532792868e+00
1.000000000000000000e+00,-7.901671880505316548e-01,3.493016087954950333e+00,6.932786676129190084e-01,-5.872948583489395524e+00,1.069615447705165145e+00,1.027907224718380919e+00,-1.662044165586766820e+00,-5.733161925871796960e-01,1.304803840158851536e+00,-2.745867701153182905e-01,-2.992361099669157198e+00,-1.819673173891185325e-01
1.000000000000000000e+00,7.516630538838591225e-01,-2.200243925788014199e+00,5.909257461381152154e-01,1.976216352210395266e+00,3.382259961687438254e-01,-1.189749331262263343e+00,-1.017533500393503765e+00,1.648243492092772211e+00,-2.201664020326055127e+00,2.354076210372845424e+00,1.944328709504385078e+00,1.095926445015826811e-01
1.000000000000000000e+00,8.503469580857401233e-01,-3.658656096077752551e+00,2.213285128127094659e+00,-3.290796299596349783e+00,3.093851231987499784e+00,-2.990853981239811610e+00,-4.132234723204033511e-01,2.104558916175423011e+00,-1.747298031747145597e+00,3.097989421668062793e+00,-1.224035896491730169e+00,2.667945840947766989e+00
0.000000000000000000e+00,-9.877434931786247541e-01,1.925581004165056509e+00,-8.126362424205129109e-01,1.480530937583215190e+00,-1.684407547219001433e+00,6.970284615566901820e-01,1.818567302527335894e+00,-3.940928184184264715e-01,-4.215668098732132663e-01,1.171419143763962945e+00,-8.640432719885655644e-01,-8.803810970996805985e-02
1.000000000000000000e+00,-5.259982446176310056e-01,9.228778677428916666e+00,2.225620749938799658e+00,4.858157546547746897e+00,-3.037024636118364818e+00,-8.718104552888283898e-02,-5.435279261690240116e-02,-4.637234553541762505e-01,-6.724766836482936050e-01,-1.258121967393975194e+00,-3.362846074587535483e+00,-4.392925283224498934e+00
0.000000000000000000e+00,2.250082255786313823e+00,3.159741016769295197e+00,2.978313435865332703e+00,3.975760661068446389e+00,1.549124449177954332e+00,3.794509254121274822e+00,1.352799482290868660e+00,-1.167867493440261528e+00,-2.355611008414474128e+00,-4.349153076920444505e-01,-1.774835171061955208e+00,-2.896044862686292909e+00
0.000000000000000000e+00,2.739333477419819474e+00,3.335017379472116961e+00,3.056659776740935364e+00,-6.736284595053735558e+00,2.364197709433629058e+00,1.588170922298707488e+00,-1.996079106107341516e+00,2.015703879945144994e+00,2.348337954421940044e+00,6.294512574306477148e+00,-2.583892484785295984e+00,6.022651762991555469e-01
1.000000000000000000e+00,2.361919434482908642e+00,1.972775438329930520e+00,1.517568437067054576e+00,5.216883291704420778e+00,7.931576237687532061e-01,-8.412692917852059304e-01,1.231202225342144185e+00,-4.190487471647221795e-01,-2.745615301110896134e+00,9.872099268619666246e-01,-2.882516498299225738e+00,-2.625362557910444927e+00
0.000000000000000000e+00,-4.330714389834093403e+00,3.485732651580190078e-01,-4.895152264493272121e+00,-8.129132420590648778e+00,2.167679411051007143e+00,-1.205600931881548377e+00,-3.060033536790552233e+00,2.476936087578796908e+00,-2.353900008418490675e+00,4.900460184967057486e+00,-9.509362383107694550e-01,-1.653764563045409641e+00
1.000000000000000000e+00,-2.764559686949891404e+00,6.495722899954510687e+00,7.930839081185432349e-01,2.023537773526002947e+00,-3.328772478830273940e+00,1.361277218617928497e+00,4.958712620151437545e-01,-8.831206956573636191e-01,-2.382301314624730715e-01,-5.022794961629349908e-01,-9.181020169457428937e-01,-1.594690954110253855e+00
0.000000000000000000e+00,4.370554676881672762e-01,1.771303265084112954e+00,-2.914346586981086951e-02,5.218389017788327422e+00,1.141735737964227226e+00,8.323763414797820115e-01,-3.355633945935311280e-01,-4.493745025155402750e+00,-1.290907817374844946e+00,-1.422120137612366886e+00,4.542948089367726539e-04,-3.626033607801331105e+00
0.000000000000000000e+00,-2.294435880890452140e+00,3.716750595767782439e+00,1.265732219010206938e+00,-4.193564442741734233e+00,8.069261511618606164e-01,-2.325426370971715784e+00,-3.146856279528016387e-01,1.732804124084729391e+00,6.385666050307166053e-01,-5.169969691756215457e-01,-3.542971797177775439e+00,-8.499391493227006489e-01
1.000000000000000000e+00,-7.626178827654850334e-02,-1.420445096262980211e+00,-2.315523772061562013e+00,-6.362735930102069837e+00,-9.972789716613572608e-01,-5.713538433057512300e-01,-2.739610554083537597e+00,1.958157945718243642e+00,-1.563018154325022113e+00,-1.392923012455583809e+00,-2.336254777599057419e+00,2.388936151856158485e+00
1.000000000000000000e+00,2.502900442523525726e-02,5.754996752302354857e+00,2.170289171653344340e+00,7.734481245739391220e+00,-1.197812833833071355e+00,-9.106319591402273206e-01,1.636251383434301321e+00,1.529669858769255431e+00,-3.044334544022458955e-01,-8.599014348141744701e-01,-4.172140080159428832e-01,-5.563933465590093164e+00
0.000000000000000000e+00,4.350466680605693526e+00,1.568133727532939226e+00,1.127656131178471632e+00,-3.539593642522488537e+00,1.284790909335570053e+00,3.553380142169000333e-01,-2.382664434425628919e+00,2.727602033749151111e+00,5.998500197411065216e-01,4.161710520824858150e+00,-2.694076366490174568e+00,-4.512160965231960530e-01
0.000000000000000000e+00,-1.494780230336314686e+00,-1.887851533050914687e+00,-6.026995977119680159e-01,-3.404104768287811389e+00,1.233180254144479848e+00,-2.327547230130310396e+00,-2.203240190726065695e-01,1.232584325235710043e+00,1.848917007003640922e+00,2.670562737945761711e+00,1.131209974628760495e+00,1.321124551250949075e+00
0.000000000000000000e+00,1.543981338588072738e+00,2.775835511710669223e+00,1.236076205879275802e+00,-3.395103595621621118e+00,1.278267828327927846e+00,1.456889195741146059e+00,-1.329506970686331613e+00,1.290400383831012299e+00,-3.824792406685560975e-01,3.303679650044213822e+00,-2.525803540232934630e+00,-6.660155320832317205e-01
1.000000000000000000e+00,-1.238821428099475375e+00,4.971475132766657978e+00,-1.574393467757159382e+00,-1.034488117230606546e-01,-2.228551107955946797e+00,-1.373167465694187683e+00,6.187207336959372750e-01,-2.006231277452288353e+00,4.465608801614125767e+00,-3.830037588397890325e+00,-2.602818100291684367e+00,-2.038660768567477799e+00
1.000000000000000000e+00,-1.808157246206796298e-01,-3.239662922768856479e+00,-6.728503479068754345e+00,-5.136196458110950047e+00,-9.497057366932036837e-01,2.493663138300991289e+00,-1.008372592894491770e+00,1.139128731133243200e-02,1.689438641652162065e+00,-2.749981796282173541e+00,7.713388129981539887e-01,6.989706905100969703e-01
0.000000000000000000e+00,1.021893299923879450e+00,2.776733522195636628e+00,4.576261177278526660e-01,1.523326210470018038e+00,8.472804215646010384e-01,3.442137291564353774e+00,2.678369865755363399e-01,2.262997762868666385e+00,-4.525105958936242345e+00,1.617244875537019233e+00,-1.820293128059820464e+00,-3.226075581575622575e+00
0.000000000000000000e+00,7.425702581801441049e-02,-2.457221245704238388e+00,-1.867226574503360048e-01,8.659669114520142097e-01,7.412462794499810048e-01,-1.134530775612319076e-02,1.829702748996550721e+00,-1.351042945695561937e+00,-2.964212821450036284e-01,-4.569738820890734132e-02,1.546062809245491998e-01,1.438618758565820999e+00
1.000000000000000000e+00,-8.112182495993642828e-01,-2.572529906880969719e+00,-5.068161230931265138e+00,-8.862301074618457619e+00,5.469500983954744822e-01,3.734459456289567214e+00,-3.684085351250030005e+00,3.797241447492327726e-01,-4.079090169265438881e+00,-1.536463188008550418e+00,-1.869002707113634365e+00,1.620793680820743266e+00
1.000000000000000000e+00,-3.050060468763778676e+00,8.672066829445709280e-01,-2.408819901240028649e+00,-1.635309866319004879e+00,-2.392127195992555411e+00,2.909023696852924612e+00,-2.439291724955460205e-01,-1.094745489933623528e+00,8.062495187210334535e-01,2.326792765182268408e-01,2.616548612823825781e+00,8.867715044840429606e-01
0.000000000000000000e+00,-4.111688900947625402e-01,-1.913218128847957999e-01,4.127213443434019080e-02,2.171657920106865092e+00,2.495189195829291551e-01,1.664768088459510853e+00,1.927768104935720928e+00,-2.834872855666462854e+00,-1.055925051821369198e+00,1.927279275055941543e+00,2.163501221343584469e-01,6.522169218103022192e-01
1.000000000000000000e+00,4.111870953820925045e+00,3.705590101880492870e+00,1.838634835483674568e+00,2.864090618334840244e+00,1.122450559041636931e+00,-5.652833646620984975e-01,6.619750581340065887e-01,-2.088297323088716517e+00,2.986157304590558503e+00,-2.812366419470282430e+00,-3.982122411797789585e+00,-3.229858694390428830e+00
0.000000000000000000e+00,1.217423067276084847e+00,-6.304762242972511421e-01,2.146194785436478014e+00,1.399914347547266846e+00,-3.915988530571756776e-01,6.392468558377384369e-02,3.680619449980553348e+00,-2.516819095350228963e+00,1.704831625476616930e+00,1.245191925272582489e+00,-1.505408427833544671e+00,3.487010409150785417e+00
0.000000000000000000e+00,4.459070284614776725e+00,1.609421145341058956e+00,-1.511440247462394471e-01,-4.189321454792326094e+00,6.026313370982305795e-01,3.848695055598699177e+00,-1.612524357629789407e+00,1.128387577819314203e+00,1.666613325816560298e+00,2.054564104597845997e+00,-2.179987509022289771e+00,-1.139998386505071126e-01
0.000000000000000000e+00,-2.755875751093160853e-01,3.943581506794975322e+00,2.654723087777891788e+00,5.108078212972042564e-01,-1.196999180004431285e+00,-3.483191731005806924e-01,1.979838405705405258e+00,-5.833144080989230984e-01,3.955471744471744877e+00,2.288628346660905866e-01,-1.072353069986858198e+00,3.308282625853011805e-01
0.000000000000000000e+00,2.213460647245471424e+00,-1.496128862186153041e+00,-9.753532387685286409e-01,5.327067426609637835e+00,-9.209261604978036253e-01,2.508399962682467788e+00,-1.056158752954542424e+00,-3.922192653030129428e+00,-3.146724203508186157e+00,-6.993117942244788665e+00,2.086244360457081282e-01,-1.381599896803694882e+00
1.000000000000000000e+00,4.013204507998200388e-01,1.176044750587361465e+00,7.698214797941128618e-01,4.633536612157794110e+00,-1.097738672249076508e+00,-2.481326669752386138e+00,1.860797182333498334e+00,1.152950521329637601e+00,-1.687513051627697047e+00,9.198833606690023368e-01,-1.498524998278347731e+00,-1.042946318554196505e+00
1.000000000000000000e+00,-4.616692405453348691e-02,-1.435483440421762902e+00,3.752837790238883198e-01,2.089440246396341294e-01,1.090291390033721886e+00,-1.212957429030629530e+00,9.488012037190662884e-01,2.711473165336807600e+00,4.454361872304157810e-01,2.138940355397555670e+00,1.319964492102330134e+00,-3.038986226761348775e-01
0.000000000000000000e+00,1.732461085605620621e+00,-5.350765983820790161e+00,5.905652601037536087e+00,-4.981097141409995821e-01,4.959308966975289223e+00,-2.181748019789630622e+00,2.822984089602218916e+00,-4.380184315833032471e+00,8.065977351263132533e+00,2.118292187532472504e+00,3.804611895653417619e+00,4.695615348257095256e+00
1.000000000000000000e+00,-2.090434246096068538e+00,3.458852558967649315e+00,4.092433711694665632e+00,-8.790177698546880469e-01,8.415002779706901581e-01,-1.134125185220812515e+00,-4.071775056984396901e-01,3.975552293558115124e+00,1.229190437828185711e+00,2.766495482474007339e-01,1.115458121065382890e+00,-1.894054931067342018e+00
0.000000000000000000e+00,6.989028982451694905e-01,3.222678185638568671e+00,2.230931666227200072e+00,-6.524597461754118477e+00,1.826675403284026888e+00,9.818923697666031014e-01,-2.481063816589665016e+00,-2.303024273756495433e-01,1.180288874337461991e+00,3.627977004026774921e+00,-2.778659997045158647e+00,8.510212132495802440e-01
1.000000000000000000e+00,-1.102586394286606541e-01,-4.715349306962340670e+00,-4.023344481042752108e-01,1.548823180906414576e+00,1.016916663198305759e+00,-1.285897546657227553e+00,2.388902754148178431e+00,1.505474032781191074e+00,-4.020660891478159193e+00,2.422055324669052823e+00,6.996607014871525365e-02,2.160586150732488164e+00
1.000000000000000000e+00,1.992271357454126202e-01,-5.271538843715169342e+00,2.130129726490248565e+00,-7.170285113848183123e+00,4.999346842984543571e+00,-5.326002341944422458e-01,-7.594560435604713611e-01,4.017234892254685441e+00,3.198487983160374526e+00,2.934406875450953134e+00,3.384780467140381610e+00,2.296684078913645788e+00
1.000000000000000000e+00,1.131334334825340848e+00,2.606221382002077980e-01,2.947801682320756456e-01,3.955864386412276890e+00,1.282089758414688418e-01,1.962511213803550536e-01,1.984475609135769147e+00,8.015298795113239283e-01,-8.957000932816860939e-01,1.129246978304885296e+00,-4.512258603544594404e-02,-1.556932630624049407e+00
0.000000000000000000e+00,-3.159340508980924556e-01,-5.409319104471911110e+00,-3.737576286324022501e-01,4.598349663706670643e-01,1.952696378494917173e+00,-6.054492088046035114e-01,2.360966865986231511e+00,-2.646670798776441735e+00,-1.176256057834824897e+00,2.158914674140940626e+00,9.636772187037074833e-01,3.405247344386479025e+00
0.000000000000000000e+00,-3.132452332816775264e-01,-2.364836819670972368e+00,1.927113768693420326e+00,-2.807860374939455284e+00,3.656059219933206261e+00,-8.785336202890230428e-01,1.305939453981504794e+00,-2.666862508344940430e+00,3.435048197406303849e+00,4.196446562414762660e+00,1.107654636872323017e+00,2.495439640025370220e+00
0.000000000000000000e+00,1.862539418828715876e-01,-6.521968821150837536e-01,8.213010240820681762e-01,9.234283719991246642e+00,-5.397721531680350626e-01,-2.469917440380953622e+00,8.023049535525439424e-01,-1.986510135889576922e+00,-3.880071477440564021e+00,-3.516025287749955375e-01,1.146060502394013358e+00,-2.130716856310539420e+00
1.000000000000000000e+00,-5.239516104133756791e-01,-1.228601704644473491e+00,1.996630335543770673e+00,1.623363260981024903e+00,9.851780160317136215e-01,-1.955376713171379510e+00,3.123391213491739204e+00,2.561432367205088489e+00,-1.290860614955629648e+00,1.978207525917340615e+00,-5.608425160636704154e-01,8.417100248442626054e-01
1.000000000000000000e+00,-8.075185372550672813e-01,6.949853549436075806e-01,-8.489450853536926189e-01,-2.259164531028444056e+00,-8.623483507145179860e-01,3.640601066266918373e+00,-5.363004205527015511e-01,-2.093528221941461709e+00,8.419516046240183016e-02,-3.562829156081537274e-01,5.127572979304133582e-01,1.249187888470521646e+00
0.000000000000000000e+00,6.961672185642489019e-01,2.995442659524498730e+00,3.019450471833150740e+00,-9.628081019502439108e-01,1.450258306516539530e+00,1.167560079240033577e+00,2.330216740239724693e+00,-4.456820267586093509e-01,2.458006884322573526e+00,7.797177042216996146e-01,-2.312610549050636344e+00,-1.550944723960951954e-01
0.000000000000000000e+00,8.268423703601097685e-01,-6.262625327867874070e+00,-4.003085430267118383e+00,2.875540909501725917e+00,-1.002607033073443343e+00,1.684966056821244340e+00,2.737109516594894654e+00,7.549714017365769525e-01,-1.504213576586180601e+00,2.981950649675080278e+00,3.655780822316531342e+00,2.130303641814904836e+00
0.000000000000000000e+00,-1.814246242832567191e+00,-3.631818976639920593e-01,-4.299643818552396635e-01,-4.226411487924361055e+00,3.045641515001980881e+00,-1.088167244342179707e+00,-2.162977399595029659e-01,-6.431876396542316465e-01,-1.929648899041271903e-01,2.306293240304463588e+00,-1.440108534040603905e+00,5.295613139132016034e-02
1.000000000000000000e+00,5.765499686068108476e-01,-1.935111742412845892e+00,1.761796633834328274e-01,-2.455635659052293196e+00,3.707501729953602831e-01,-1.248207263600346728e+00,-2.475855232872694600e+00,1.570586140284266019e+00,-5.802194378840151989e-01,2.066774901867415970e+00,1.028635611234153036e+00,1.423965553371342452e+00
0.000000000000000000e+00,-1.330883810101242126e+00,3.947897729554984636e+00,-6.039695117674148683e-02,1.982068430408875814e+00,1.524768993539174611e+00,9.701673709133192824e-01,-4.722182121565361435e-01,-1.854301882068356777e+00,-3.072765841041217971e+00,7.920561168653743600e-01,-1.898785245505792529e+00,-4.155562948514335275e+00
0.000000000000000000e+00,-1.561969797652938308e+00,3.613581917297479240e+00,7.093044529821985744e-01,-7.502167500701972358e+00,2.640615552949712175e+00,-7.392821211608178178e-01,-2.872313723230787375e+00,3.838801541953584806e-01,2.353823166551374246e-01,4.897829569000494487e+00,-2.995749934940789672e+00,-5.488088989189832123e-01
1.000000000000000000e+00,-8.804843497452494727e-01,6.247903725263402208e+00,4.193526972272979769e+00,-2.135492030707569988e+00,8.117257177570995630e-01,-7.815994213880184116e-01,-2.553049335535710895e-01,-1.388726292502574511e-01,1.044246021970065108e+00,8.507143831249197596e-01,-3.817357682395989826e+00,-1.063412692587945907e+00
1.000000000000000000e+00,-3.168218811706930982e-01,6.289535121294824727e+00,2.153781515274459490e+00,-3.870424285422429111e+00,5.324884239576030964e-01,1.202111131514099318e+00,-4.195426979193992878e+00,-1.447764571174310344e+00,1.865194944963517676e+00,1.290339788311968494e+00,-1.327177157921544781e+00,-2.111451913027189597e+00
1.000000000000000000e+00,-6.063801763061542616e-01,3.292049778274872107e+00,-2.399441164759877232e+00,-2.393153925750085009e-01,-1.181482631239868963e+00,-4.878707156441763892e-02,2.855560014447526829e-01,5.151008637335592333e-01,-2.164891737662620663e+00,-3.263755931992238235e+00,-4.533586581943872318e+00,-2.528099312945598420e+00
1.000000000000000000e+00,-3.403121469861621229e+00,2.770323181950876457e+00,4.563816613602059036e+00,-3.560914875164176707e-01,7.228123029610876715e-01,-1.640393757224278382e+00,4.749117943263715391e-01,5.065547881602273428e+00,6.824458291100721219e-01,3.180018039473234692e-01,2.109419401673252370e+00,-1.474191676400989470e+00
0.000000000000000000e+00,-8.401160161488403499e-01,-1.537575623445826434e+00,1.949338226439271349e+00,1.026137746639340431e+00,1.952870628194859570e+00,-6.154604003029934267e-01,2.018891447577059406e+00,-1.066272762929794560e+00,-1.524145030983701687e+00,-5.857961485519465050e-01,-6.021853444450029347e-01,9.053671318099044685e-01
0.000000000000000000e+00,-2.473464414005323020e-01,4.494723971197588597e+00,3.248573131865545527e+00,5.692524333427658734e-01,-1.371464481057524942e-01,6.671976298102877401e-02,1.873595783359385925e+00,-2.747214776370012324e+00,2.861050497975150542e+00,1.503399618604480681e-01,-2.411837688002951730e+00,1.856088390921705189e-01
0.000000000000000000e+00,4.485419598160937937e+00,6.791888726960827460e-01,-1.602748941577125663e-01,5.834170015979927904e+00,-1.273526389238718082e+00,4.609489507921747276e+00,6.676584562442087201e-01,2.231596170400088397e+00,-5.637998358106962371e+00,-3.520681236333121689e+00,-1.851524477558163628e+00,-3.035152721793309194e+00
1.000000000000000000e+00,-1.284078441996564512e+00,1.380795131735839787e+00,-1.047752709355050715e+00,-9.071218363820594988e+00,2.596852639303980137e+00,7.747838009722539665e-01,-1.186012900500529765e+00,4.757684322559097012e-01,-2.595975078737995378e-01,-1.116568055420846139e+00,-4.863189523253430124e+00,3.829121324086837141e-01
0.000000000000000000e+00,-8.857577469285615734e-03,2.730188482403403949e+00,1.318747506174065887e+00,6.951770922760969196e-01,1.605401349760416707e+00,1.044440754750402212e+00,-6.588886389818400247e-01,-2.265525938477985779e-02,-3.185301880594882284e+00,9.362216711582371786e-01,-2.011550759301629299e+00,-2.562562622731108242e+00
1.000000000000000000e+00,2.553323509829962923e+00,-5.797929444082797756e-01,1.235998116446440198e+00,-1.047466727452861068e+00,7.873193004562841768e-01,-3.685865073864799779e+00,-1.090930678337314053e+00,5.901562177759236416e-01,6.001841918689749811e-01,2.134084738458473574e+00,-2.525184266619757700e+00,1.142335482800355795e+00
0.000000000000000000e+00,-1.947207393960737942e+00,1.361222460154328129e+00,1.220379148780588174e+00,-3.920471401683909285e+00,2.114654500581995222e+00,-2.056318110577650682e+00,-4.236030817381031266e-01,1.393900124303681487e+00,5.999642389685204691e-01,-9.245458893114300025e-01,-1.977695053698364402e+00,-7.260312321113524536e-01
1.000000000000000000e+00,-2.014270129064807957e-01,1.328854350135634910e+00,2.736844818941223778e+00,-2.884859546669922281e-01,8.867956402750207801e-01,-3.112800931252571957e+00,6.067885042537775053e-01,1.924667477000413296e+00,-6.712531342283085678e-01,5.856020088890002695e-01,-2.550366659027213601e+00,4.027645718259509344e-02
1.000000000000000000e+00,-2.366625553124084291e-01,-1.626082850902787813e+00,7.355978017428651539e-01,-1.409284464114984314e-01,1.906786221713108631e+00,1.316997485208024621e+00,1.599598212986740542e+00,2.176112079336268046e+00,-1.395908710114968754e+00,2.772852147127699673e+00,1.216564839019342426e+00,-2.012521719474158477e-02
0.000000000000000000e+00,-1.342769716158054294e-02,4.453169890778990170e-01,4.678163907372203667e-01,-1.018973786863420372e+01,2.484796323200430201e+00,1.226481757822042606e+00,-4.387217839394953245e+00,-5.356734858435092672e-01,2.043004857711420819e+00,2.322489716096304946e+00,-1.083167207531347875e+00,2.070019737450964570e+00
1.000000000000000000e+00,4.002085283671630300e+00,-1.418468070903126543e+00,-9.697593840988012470e-01,7.899682600984510028e-01,2.551064667367112460e+00,1.825254635652667989e+00,-1.481997396209138174e-01,-1.025185368469128555e+00,1.263726443500273522e+00,8.667392976016022876e-01,-1.167862178742752333e-01,-1.944263236584029109e+00
0.000000000000000000e+00,8.205595447848001989e-01,6.402322907569403254e-01,4.791477895574857371e+00,9.030098332418156071e-01,4.695715548216423230e+00,2.816879951035844432e+00,3.869413222172089828e+00,-7.252808192833687606e+00,-2.945923722915818832e+00,-2.414139803523655647e+00,-5.692176043086941917e+00,1.443716391357404927e+00
0.000000000000000000e+00,2.714210863037803456e+00,-5.003779069418474723e-01,7.183143160169065400e-01,1.502308590186258286e+00,1.406034999111509753e+00,5.668903134781990705e-01,-1.653535733588437306e+00,2.301071898188085996e+00,-2.187440017204956177e+00,3.469444266798562992e+00,7.942785237744645066e-01,-1.855308932209786654e+00
0.000000000000000000e+00,-3.988326443300094226e-01,-2.466227233792488427e+00,4.494497721181218708e-01,2.203121367446018997e-01,1.629157269599506241e+00,5.323073157756759155e-01,1.508123205633063346e+00,-2.822349954378304382e+00,1.624377237664117901e+00,2.625794443904935882e+00,2.131290557699152988e+00,1.845003253525794751e+00
0.000000000000000000e+00,-2.613675301227821102e+00,2.524172451964104447e+00,4.601043051395536487e+00,-5.415287095294735842e+00,5.360239715770227953e+00,-2.928296267279427489e+00,2.844719114493928780e-01,-2.915521690521284626e+00,-5.724004939104978540e-01,8.545661712895946671e-03,-5.625298913810021340e+00,5.194894321683536376e-01
0.000000000000000000e+00,1.007157753227996277e+00,-4.366534128941373716e+00,1.646320252928346495e+00,3.231775366480397871e+00,1.837082435949767945e+00,4.006978180710201176e-01,3.774324455120551480e+00,-2.821463294752228457e+00,-1.899544783791171643e+00,-2.476927505932854601e+00,-6.607117790400748314e-01,2.459706398996172716e+00
0.000000000000000000e+00,-2.410437371456028099e+00,1.078228985698863329e-01,2.336555142974213517e+00,1.825160797307780136e+00,2.421130533256805162e+00,1.795274076420846354e-01,7.800160878449524660e-02,-5.612911562823843070e+00,-1.104013047494492028e+00,-1.579495008191150074e+00,7.714180336962752627e-01,-1.984085431937069322e-01
0.000000000000000000e+00,-1.760162504890619761e+00,3.755774653044872569e+00,2.903790517276542360e+00,-3.311084359199604421e+00,-6.207924493233019092e-01,-3.756718988080981259e+00,-5.881467558979520671e-01,3.621717294528798980e+00,6.822539795673185026e+00,1.573622931110041367e+00,1.212707733854682779e+00,-2.391326092464003406e-01
1.000000000000000000e+00,-1.550894597093494198e+00,2.436507864242256183e+00,-3.127468547123152254e-01,4.283674017900140463e+00,-1.638864292919800292e+00,3.112329666309789911e+00,2.115765516558997472e+00,-2.434144019024488514e+00,6.600404198934292088e-01,3.366914270099095052e-01,2.255734451041098154e+00,-1.417278970192069831e+00
1.000000000000000000e+00,1.714001546568155732e-01,3.100335566800322962e+00,-1.658603357651818211e+00,-8.071795131823655822e+00,1.506203334688927864e+00,2.365308099065652314e+00,-4.003581053577768500e+00,-1.795711179775672184e+00,2.524503027780827580e+00,-1.328262583532668684e+00,-2.529179319278820337e+00,-1.163973140688043584e+00
0.000000000000000000e+00,-1.963521350223807360e+00,2.616370877282070406e+00,2.723032468733517231e+00,-3.481979940602664136e+00,2.795534105228927757e+00,1.798613977448042967e+00,1.884210902748104655e-01,-4.622928443430157630e-01,-1.845744201374072357e+00,2.987613781876147456e+00,-1.853571446090796604e+00,-7.918733131801991565e-02
0.000000000000000000e+00,6.357586190220333444e-01,1.157965454630856428e+00,1.098034697212061150e+00,-1.014155702534155878e+01,2.701203406440838783e+00,3.389690988905933455e+00,-3.735795793577786128e+00,-2.292392441597355557e+00,2.697199037667716404e+00,2.427093753651795582e-01,-1.727703777566431231e+00,2.113990929762555648e+00
1.000000000000000000e+00,-5.214873806398101497e-01,3.648594020541871430e+00,-1.557478745283192190e+00,2.146274939991135167e-01,-2.168063006771162815e+00,1.872525682022160964e+00,1.708055025863229215e+00,8.367433199729528148e-01,1.833830990984696374e+00,-1.631943922508613642e+00,-1.351528969286411197e+00,-1.682026244819493144e+00
0.000000000000000000e+00,1.447303366239574673e+00,3.098385595675681614e+00,2.209858360279706169e+00,-6.742022622835908585e+00,1.682458845034110695e+00,2.238845803952759006e+00,-2.481927252465225386e+00,-2.753799829879295835e+00,1.563730775012299734e+00,-1.227283336713468120e+00,-4.190304784678366978e+00,1.286879649537914450e+00
1.000000000000000000e+00,-8.959040813070003884e-01,3.536619878790020710e+00,-1.605767493617881181e+00,-7.236167089236014149e+00,7.793193379822138667e-01,6.438506161203689793e-01,-3.542685798965362398e+00,-1.008482327168198855e+00,6.752506279937355860e-01,-1.897314015372983054e+00,-3.849934506769249420e+00,-1.125942291452061816e+00
0.000000000000000000e+00,-1.813939716047153539e+00,3.241626473398496522e+00,-3.085079354407955776e-01,-2.476134175348438493e+00,6.134151806964547315e-01,1.625741368664002096e-03,-4.568397859726691657e-02,7.959847883078960962e-01,-1.681715911822927900e+00,-1.028188053671282187e+00,-3.474147613875759433e+00,-1.750478103377857586e+00
1.000000000000000000e+00,2.951210936468438017e+00,-1.499297386417068223e+00,-4.388609823192464177e-01,7.881941672919165143e+00,8.401813470446344301e-01,-1.614620070772597060e+00,1.300124595791745552e+00,-1.908473267026871145e-01,-3.728819588053497558e+00,1.775980314858708997e+00,-4.573050672531482341e-01,-2.829335651790438000e+00
1.000000000000000000e+00,-8.430043762036469879e-01,5.416046260576235838e+00,2.745170629368747228e-01,2.662197254894254073e+00,-1.886933976494264531e+00,-2.315107603986752416e-01,1.567737248844909725e+00,3.788613671871868149e+00,-1.589294764227829226e+00,3.269651264569903848e-01,-2.504426728765661636e+00,-3.611864340818169428e+00
1.000000000000000000e+00,6.428859787778282708e-01,-2.878165342642428293e+00,1.324534737860540323e+00,-1.469101278896861595e+00,3.436309224127827910e+00,2.798371415151814645e-01,3.472911156930827747e+00,1.650341534497548501e+00,2.273322664686356909e-01,1.768483265702998519e+00,-7.852970249315638362e-01,1.129429349466192001e+00
0.000000000000000000e+00,-2.069178601619381386e+00,1.285072860950180695e+00,2.916526927375511669e+00,-6.898742658867456079e-01,2.034363745674556689e+00,8.902923674113107921e-01,-7.552695477935260637e-01,-3.885567828838359716e+00,-1.430702440372408679e+00,-1.375754322609762159e+00,-4.317926549899760991e-01,2.745892509617118282e-01
1.000000000000000000e+00,-1.148732514947106820e+00,6.366510490414132306e+00,2.779105800148411021e+00,-7.226393045416243055e+00,-1.318237397402503230e+00,-4.178470960708687620e+00,-3.795858599175470527e+00,7.067792278552855745e-01,2.216009329106828574e+00,-1.670430877514753387e+00,-5.951486248101132581e+00,1.053512886503328083e+00
0.000000000000000000e+00,2.562359394157882164e+00,2.097382294026130634e+00,7.417867451346951135e-01,3.163947182669387903e+00,-2.082026155399552270e-01,6.489037373732158276e-01,-5.331858014284795999e-01,3.906788215863279401e-01,-1.349220072413999549e+00,2.642913672705241801e+00,-8.452439651483689698e-01,-2.060119972780551034e+00
1.000000000000000000e+00,2.693007273388308143e+00,-9.550847241017128564e-01,-2.091860660999029786e-01,3.372378300185811639e+00,2.043140471957947568e+00,1.504650428296929299e+00,7.099786329167636634e-01,-9.466772018674178835e-01,-2.402519476284965982e+00,4.926472847659121301e-01,-8.305369472479200432e-01,-2.191622297595879232e+00
1.000000000000000000e+00,2.006729291080965316e-01,3.738201066869257239e-01,8.383087709882111049e-01,4.218631772159604776e-02,-3.282009995054930851e-01,-1.335746773650308361e+00,-2.772182806387002429e-01,2.424317229413009755e+00,1.249805107073955757e+00,2.007101233435860443e+00,1.114623266396466139e+00,-1.948316860811607487e-01
1.000000000000000000e+00,-7.282823412776200378e-01,-1.740665756076792414e+00,2.421157052394552700e+00,-2.046106343025437813e+00,2.482538544959842497e+00,1.285856936816650364e+00,1.729298578121737373e+00,2.377986038022541493e+00,-2.421946738932698295e+00,3.137070343035722075e+00,1.144369622417631405e-01,1.670792643591238136e+00
1.000000000000000000e+00,2.125150317357624719e-01,3.940425598799926821e+00,-1.673856851013719282e+00,4.379849739379421791e+00,-8.984701395930165813e-01,-1.005090424389178505e+00,2.906702617630026797e+00,9.224756512280289922e-01,1.164956800285252836e+00,-2.349594730668385534e+00,-2.711512898719957487e+00,-4.714228638598282117e+00
1.000000000000000000e+00,-2.247183334614672567e+00,9.623169318502366565e+00,1.699961633067207156e+00,-3.478970323988890279e+00,-5.923300831802632560e-01,-1.359466688509215704e+00,-1.548952971782964649e+00,4.103378659596035316e-01,2.513219111631844527e+00,-8.864688588194488128e-01,-4.938251723548313876e+00,-3.708736783846043661e+00
0.000000000000000000e+00,-9.831533376242587163e-01,-7.466940234363603768e-01,7.218005536704943381e-01,4.457166000164554553e+00,-2.156841365494077234e+00,-1.454448853190427382e+00,2.067495177766238257e+00,-1.697642708033401782e+00,1.539354283416328073e+00,6.150692003122923968e-01,2.504670367001401665e+00,1.620416117350562901e+00
1.000000000000000000e+00,1.804272421447785657e-01,1.357935618502538189e+00,-1.818448655576799577e+00,-6.101351294028924954e+00,1.463242395653514549e+00,4.274462037738825160e+00,-1.243517887895167595e+00,-5.002899730321164196e-01,-1.984412808540483741e+00,-1.403369229372018800e+00,-3.590899636834156361e+00,-3.552416243546901997e-01
1.000000000000000000e+00,-8.513050449153291011e-01,5.186843204993980549e+00,-1.891286490070565041e+00,-8.130574769684159264e+00,2.351348238658225842e+00,1.332115134776090670e-02,-2.338981137550665501e+00,-2.688912256269531564e+00,4.604269230925020828e+00,-3.425651659555621009e+00,-5.299895180781425630e+00,-2.843941180108578770e+00
1.000000000000000000e+00,3.762450719980496849e+00,-4.220591395341848795e+00,-2.235467505448321734e+00,-1.828194423333924457e+00,2.025624184551145568e+00,8.656520130564060445e-01,1.880722667014746552e+00,-1.899273225815209631e+00,-5.434613762322786368e-01,1.931320140906980676e+00,-3.207125384820759262e+00,2.516047589523069394e+00
0.000000000000000000e+00,-1.926623157943454512e-01,4.461109202087350845e+00,9.943442517528673363e-01,6.354305332801243544e+00,-1.820334792983601346e+00,-3.772955873365877011e+00,2.966046557211448054e-01,-2.038109085082475680e-01,-2.984193756986613266e+00,3.269327267531240366e+00,-2.512023585076176513e+00,-2.734102899190426150e+00
1.000000000000000000e+00,3.125564632078414284e+00,-1.511301758037979281e+00,9.717929279608626958e-01,6.009563773606257264e+00,2.641845649528333340e+00,1.480617076813858901e+00,6.068671891727978718e+00,-1.789083941523617050e+00,-3.651041109929636708e+00,6.991392597490703187e-01,-4.086199522150458563e+00,-7.521606321792312366e-01
0.000000000000000000e+00,1.275999480713583267e+00,-3.008577564493658540e-01,1.612814132498528341e+00,-2.164613473248502284e+00,1.154579629552409337e+00,6.188634997934427950e-02,2.175002609311586177e+00,-2.036246672366641697e-01,5.391570769834528321e+00,3.962351754578802510e+00,5.879734899196173981e-01,2.129484642397535765e+00
0.000000000000000000e+00,2.471379434840199618e+00,2.614215488549322508e+00,-9.606665310429274296e-01,-1.911396842273119345e+00,8.119660680229949801e-01,2.266321524267890908e+00,-2.772332293004280857e+00,-4.503623343816683944e-01,4.715253125394360811e-01,1.097538978852225844e+00,-1.415993394755248769e+00,-2.521330338495318735e+00
1.000000000000000000e+00,1.457670996571966304e+00,5.809743819632823270e-01,1.380467726941871032e+00,1.646323520062545898e+00,1.872468362207708958e+00,1.511226616884608909e+00,4.057281588049174159e-01,4.391036707389597282e-01,-4.851319088342344044e-01,2.050522349277846823e-01,1.118974418533420501e-01,-2.131511612324295868e+00
0.000000000000000000e+00,-2.981499327648720055e-01,4.512321736023373830e+00,5.800793206088524556e+00,-1.775148426776339772e+00,1.247311232667487113e+00,-2.484185745418192148e+00,2.324809547482246774e+00,-8.958274558428150902e-01,2.260695425520320434e+00,-2.151043084804710848e+00,-5.622267015276787738e+00,1.133632047382161945e+00
0.000000000000000000e+00,-9.396443690077976862e-01,-4.311896690832067058e+00,-5.694390269210571898e-01,-3.383964043602994409e-01,2.220681998199553142e+00,-7.195610531352900630e-01,9.542796892791119978e-01,-1.215634023335036673e+00,1.444612639445732150e+00,3.603549290728684351e+00,3.586685320310564862e+00,1.625631916433465829e+00
1.000000000000000000e+00,2.881850845255815585e-01,8.244612641574788903e-01,1.631528679046408747e+00,-7.653312422483597999e-01,3.868836506943634790e-01,-3.225190137223808762e+00,-3.583076376938455709e+00,2.695895063680710635e+00,1.935274903641792665e-01,1.276830712656044087e+00,1.023779907772828235e+00,-1.285773326622951629e+00
0.000000000000000000e+00,-8.072475267475101024e-01,4.228764689813190536e+00,2.350108525203165044e+00,2.804805168869025089e-01,-2.843128937939642942e+00,-2.251511969334430763e+00,1.268902057403658468e+00,1.024859398484441630e+00,3.194175831160606105e+00,-1.145628617168129360e+00,-1.872018249002844748e+00,7.812403048163916175e-01
0.000000000000000000e+00,-1.852464439639498917e+00,3.145655118548982832e-01,2.686241182002395256e+00,1.465512593919813922e+00,2.231216403985813557e+00,1.993733574762147187e+00,1.693225021337948277e+00,-4.603580793117255432e+00,-1.671512110356533132e+00,-1.876590268302476439e+00,-2.913930287330556146e-01,3.631453917494906758e-01
0.000000000000000000e+00,3.094188928991434828e-01,2.485330373284126357e-02,1.360044606723390448e+00,-2.110182160649483940e+00,2.961840850542849513e+00,8.898091799453999862e-01,1.703523629663132866e+00,3.215476477622078999e-01,1.979087579904747374e+00,2.348141968721261019e+00,-3.882137846738901166e-01,-2.153920870584815628e-01
1.000000000000000000e+00,-1.241452139094015639e+00,9.900493974825012033e-01,-3.408582273554795483e-01,4.129157515040601467e+00,-3.896237994597582688e+00,2.043271142127011775e+00,2.024149516835147544e+00,-3.652091048932504247e-02,6.110263717590438404e-01,5.867699926777103503e-01,3.138189854977907700e+00,8.480763801698560922e-01
0.000000000000000000e+00,2.478877487641084620e+00,1.632928830390651287e+00,-4.714181113995570271e-01,6.482613237262006223e+00,-2.613127143186404933e+00,5.510993713498646418e-01,3.970347080531382300e-01,2.430490571690446799e-01,-3.428703217332169650e+00,6.659808883500550891e-02,-1.163255404419169636e+00,-1.874101656537822791e+00
1.000000000000000000e+00,-1.650401616354514100e+00,5.050212852369689642e+00,-1.490635640264369677e+00,-5.321533266331239798e-01,-2.486525370666957446e+00,1.292019702020448912e+00,4.138629400781768108e-01,-5.011144846470164671e-01,1.811720296330503910e+00,-2.089320010530182792e+00,-1.734093681871330395e+00,-1.882007993857670147e+00
0.000000000000000000e+00,2.121990525028453423e+00,-1.774608496486890674e+00,2.911981979011009081e+00,-1.771214352348213783e+00,1.834384115469448240e+00,-5.622911078540508978e-01,2.824621485809585941e+00,-3.056530841968187584e+00,4.093502129725118621e+00,8.451073154352134464e-01,-1.800114361518065254e+00,4.062685040088219068e+00
0.000000000000000000e+00,-2.569663071202513471e+00,3.587868955886000855e+00,8.678063901901346133e-01,-3.789835086245020523e+00,5.830509423377124856e-01,-1.534673685523573639e+00,-9.261384309081313049e-01,-3.037183823473165400e+00,1.344133533452068541e+00,2.592627983063545916e+00,-2.462325061332113485e+00,7.899779390399142009e-01
1.000000000000000000e+00,-1.402340661935107091e+00,4.227711490143520656e+00,-3.566530296855713100e+00,-4.163853136159917590e+00,-9.984576244800897893e-01,-3.399565289135099810e+00,-6.401912726660274888e-01,-6.612262326547410085e-01,4.801349347849690474e+00,-5.077521002829109342e+00,-4.787750860198923597e+00,-2.540420561886995277e+00
0.000000000000000000e+00,4.579725376326493347e-02,-3.335759337930178425e+00,3.600858031950269655e+00,-5.070320967631445797e+00,4.648982102988334475e+00,-3.064304887285269619e+00,1.762451301432992556e+00,-4.421426541665894661e+00,1.548125302610016796e+00,9.471237729580282982e-01,-3.741891559016880642e+00,5.223631406844368996e+00
0.000000000000000000e+00,1.744823487486270253e+00,4.974000964002976422e-01,9.897843254582765482e-01,5.771352982093250539e+00,3.906855456052735764e-01,3.455750177472239670e+00,8.020493593948005984e-01,-2.225333585825477911e+00,-3.153716025700409542e+00,-2.781163245793738081e+00,2.732680203915258677e-01,-2.408054833584822862e+00
1.000000000000000000e+00,7.805047870601373727e-01,4.499664049262829479e+00,1.478011076466257734e+00,6.739071912652380369e+00,-6.174549620363145586e-02,1.792512276362052681e+00,2.425671537292470425e+00,2.902067286903222687e-01,-1.673841196552249500e+00,-1.452365088563916107e-01,-1.052262948234927720e+00,-4.815851438021482522e+00
1.000000000000000000e+00,-1.741191761747423739e-01,-1.251223584575439363e+00,-3.731670759852799168e+00,-7.249860851090099700e+00,1.170350690697917528e+00,1.167308097628385388e+00,-2.969680579427944167e+00,3.552698395332540837e-01,-5.611421026625891262e-01,-1.318498506174341278e+00,-1.843038483968159280e+00,2.349240991900689579e-01
1.000000000000000000e+00,1.926325318383529384e+00,-5.443731192043486100e-01,3.258958333552869346e-01,2.865640358208040084e+00,-4.657280033229758143e-01,-3.248561575507810772e+00,2.359209408922156470e+00,-7.199230156821903037e-01,-2.936216207257438704e+00,1.369207327639746286e+00,-4.899100020042764569e+00,1.493090633493074915e+00
0.000000000000000000e+00,1.029191505206930257e+00,1.348673394440597528e+00,1.011658768328286273e+00,4.230244928024346152e+00,-1.649589638534019187e-01,-1.437914893460126020e-01,-1.218980902456992865e+00,-2.008837325771565041e+00,-3.490468932743551189e+00,-3.342178811661392857e+00,-1.564794167977971995e+00,-2.121313444784377999e+00
1.000000000000000000e+00,-2.896948664414183972e-01,5.411902052388716911e+00,-9.861467218081860775e-01,-2.778363684537128897e+00,-1.111560449003701434e+00,1.733809918998673316e-01,-4.379732429043703412e-01,1.708188427115983288e+00,1.113790714761809797e-01,-2.348228881490534103e+00,-4.977230528776820151e+00,-2.512572169996304172e+00
0.000000000000000000e+00,-9.679348415252004845e-01,6.367159383642274628e-01,1.832985519869552160e+00,-1.227366111183104902e+00,-3.219220741125592422e-01,-2.740266707233288912e+00,7.491694139273135100e-01,-1.616166873399910386e+00,2.526062192397296791e+00,-5.130882452100054003e-01,-1.297948757629070471e+00,2.260356559874312943e+00
1.000000000000000000e+00,-3.076834268771511560e+00,2.945734459106037040e+00,4.008667019103562268e+00,3.385847253304290483e+00,9.841703091650840785e-01,-5.843656758527798756e-01,3.226884084730923696e+00,3.405249028206373207e+00,-1.786158953907489799e+00,-1.269072178811157414e+00,1.077549723539241722e-01,-2.633282690089823852e+00
0.000000000000000000e+00,-2.142589821359375257e+00,-3.792208277150276530e+00,1.433545216076720141e+00,-3.177335353505172488e+00,4.636953700026328562e+00,-2.191772253049571795e+00,-9.053415055875557726e-02,-2.063302952990136774e+00,-2.367511102627821717e-01,3.409792649333815984e-01,6.306107580089128639e-01,1.546108293139613510e+00
0.000000000000000000e+00,-3.921447374732933699e-01,-1.870889258945048095e+00,1.435424619940878221e+00,1.304875434703369841e+01,-8.810251758375156061e-01,-1.541058522055383406e+00,2.251740028312892772e+00,-4.452448939042488618e+00,-5.020745606191722388e+00,-3.462925507966374106e+00,2.382560887074613110e+00,-1.894335076183428113e+00
0.000000000000000000e+00,-1.888043007556492237e+00,2.658128745580901064e+00,1.136128616407842573e+00,-7.024847272318212710e+00,5.454553656683784890e-01,-4.508143738446955595e+00,-1.188594920987302128e+00,8.250590928652659084e-01,4.215705059925808129e+00,1.518948239014456636e+00,-3.160547328831364133e+00,1.666168838080675840e+00
1.000000000000000000e+00,-4.525945454281334879e-01,1.369230227099774433e-01,-1.755044376569883546e+00,-3.414196752543192215e+00,-3.650824848031460901e-01,1.631438035897179173e+00,-1.850422565923355522e+00,-1.093795316417138785e-01,-7.095971758089449910e-01,-2.945486154350406283e-01,-3.722671420754958271e-01,4.070898087739820426e-01
1.000000000000000000e+00,-2.983529034180428585e+00,1.643174744497667650e+00,-1.485896971519252929e+00,-5.112817079064155834e+00,2.470610031357163283e-01,-3.878737029315325380e+00,-5.477693059884427562e-01,3.565781178852076572e-01,2.383813307632582923e+00,-1.594337921107422451e+00,-2.830359990521669644e+00,1.568731931400324520e-02
1.000000000000000000e+00,-1.136760575602044021e+00,9.180595678734639886e-01,2.148876680049033538e+00,1.537099504002558958e-01,1.546310853928526186e+00,5.019088244545590882e-01,1.013088583303992873e+00,2.845507871389872712e+00,1.575547636291537934e+00,-6.111795898119261050e-01,2.017143312480113249e+00,-1.967030615962817475e+00
0.000000000000000000e+00,-3.174115222937895275e+00,5.749554995623901377e+00,-6.227740896877453913e-01,-6.472012450228482372e+00,2.302263399544930422e-01,-1.364122948073799746e+00,-2.358457986904621162e+00,3.908847519466454035e-01,2.416205822293849836e-01,1.940163759199132087e+00,-4.067261459613142449e+00,-1.360511902817796326e+00
1.000000000000000000e+00,-2.374875182277405017e+00,-1.416743034749198271e+00,-4.397907758794943334e+00,-5.849160838485643055e+00,3.482511997180584018e-01,4.189906070839063190e+00,-3.279454539126854584e+00,-4.209739144048080028e+00,1.769815326585798987e+00,-3.046463941305683765e-01,3.248141661126503266e+00,8.578778908589062002e-01
0.000000000000000000e+00,1.177812183969012549e+00,2.213843703652646155e+00,-9.517941996866963184e-01,-2.556001478377602609e+00,1.053397182364970153e+00,1.034531111559930938e-01,-3.366212245749183207e+00,-3.068007306600629924e+00,2.611799597456636146e+00,2.289695085810662167e+00,-4.923228863850825920e-01,-1.388648854344900929e+00
0.000000000000000000e+00,-1.927903658610760074e-01,-5.000366122314286343e+00,-2.407479077524736777e-01,-2.363371118548597272e-01,1.805938121159917475e+00,-1.601798657379163382e+00,1.596082546137449487e+00,6.307248971520991176e-01,9.432069124439979024e-01,-7.602470555943008357e-02,2.068758816812067636e+00,1.775949742825391864e+00
1.000000000000000000e+00,1.647914577812004566e+00,2.677410447497845514e-01,1.426316784386942871e-01,4.663083094697469733e+00,-1.434298122045420953e+00,-3.073586112615611654e+00,-3.668750553238675494e-01,2.040712943921043632e-01,-2.739368254125168711e+00,1.201423605473666889e+00,-1.506316922484052245e+00,-6.490793332387885251e-01
1.000000000000000000e+00,1.851085455826365633e+00,1.891040833489478157e+00,6.293658026733012223e-01,8.213266350795954907e+00,1.552424796786743943e+00,2.089724528320368702e+00,4.741600077663928658e+00,-9.294383967399815205e-01,-7.004146315293195979e-01,-2.663600411921903888e+00,-1.177234004398107103e+00,-5.132412580133825841e+00
0.000000000000000000e+00,4.826823100502612984e-01,3.527795931120280670e+00,-9.825914198026248769e-01,2.182840842827181493e+00,-2.166812076944855114e+00,3.299104026160231129e+00,1.690090785703254106e+00,2.062626978964376967e+00,1.766168281251959682e-01,-3.622022989325828224e-01,-2.992707605231452739e-01,-2.489617372598996958e+00
0.000000000000000000e+00,1.907896602137197029e+00,1.041896382709921687e+00,5.750933832641447196e-02,-7.857220793031016726e-01,-4.430179719039284425e-01,2.587656502269428671e+00,-7.081948582018104954e-01,-3.548596818833982258e-02,-1.598829347487590979e+00,-6.529738771192949986e-01,-1.881013812675333741e+00,3.891258587494839105e-02
1.000000000000000000e+00,8.186349901917189253e-02,1.063404010846367376e+00,1.124091817792403969e+00,2.286750951082360039e+00,-3.050253807919833804e-01,-5.122241234762059392e+00,-1.789542979237432885e-01,1.295240394943268036e+00,-2.407201898773427828e+00,4.762388553708019057e-02,-3.208569896876403593e+00,-7.722591768751759789e-01
1.000000000000000000e+00,-1.600197681169877040e+00,1.588591664804194226e+00,2.202569727877086603e+00,-4.821564962737920346e-01,1.443144650895821224e-01,-2.152531135500196591e+00,1.002588889883508472e+00,2.813290117854384320e+00,-2.024683691335827262e+00,2.020494083453231227e+00,-1.838556118857111343e+00,3.396215836878198058e-01
0.000000000000000000e+00,7.123808972700145237e-01,3.059020634841746578e+00,1.185714067448120801e+00,-6.329141367480354496e+00,2.491754664154000487e+00,3.732789173414219341e+00,-1.634824012416310701e+00,1.257880417951393603e-01,-8.087582119172195272e-01,4.920537355557730308e-01,-3.559063890118962181e+00,-6.463641129188641976e-01
1.000000000000000000e+00,-3.829514596112093106e+00,4.943449860278382069e+00,-1.481429197418907773e+00,-5.178633333697501229e+00,-1.132731517944098210e+00,-2.156857422818792003e-02,-4.404265752228770481e+00,3.912051787214645415e-01,-1.100514877967391225e+00,6.311934753994017377e-01,-9.897231530176124892e-01,-1.778224905118924948e+00
1.000000000000000000e+00,4.951149567155568754e+00,-6.136480728778927585e+00,-2.117447463309049649e+00,6.139450080808110943e-01,2.382093855018832862e+00,1.706630649187264481e+00,-1.863381807756972819e+00,-1.512562465823166669e+00,-1.491162136177178965e+00,2.937535102117687202e+00,1.875730696281393772e+00,8.889284767095915196e-01
0.000000000000000000e+00,1.822373244071110010e+00,1.623557248314333235e+00,3.698084729167565143e+00,-2.747288845831631132e+00,2.330592336016623189e+00,6.757841630630552210e-01,-1.309267176470805705e+00,-1.615048720662480175e+00,8.938415618248043426e-01,8.917749856323957669e-01,-2.128694018365818508e+00,7.798512019339141066e-01
1.000000000000000000e+00,-2.975872015955035588e-01,5.131380328626216070e+00,-2.697878265578232515e+00,-8.897192480179542784e+00,1.324767233010843093e+00,3.716723746862632183e+00,-3.365352145305693377e+00,-5.946306168859870844e+00,4.790225039618119851e+00,-4.847465876702916177e+00,-4.488871734457051232e+00,-1.595104854439428843e+00
0.000000000000000000e+00,-6.221751927727559028e-01,-8.912087971524803587e-01,1.977180872194375327e+00,2.697846698601994664e+00,2.173430458518108122e+00,5.104468163995230512e-01,-2.650074411932152874e-01,-8.251616019509212530e-01,-3.967744466388215319e+00,-4.189510156430940047e-01,8.147185052135021976e-01,-1.269601123059701520e+00
1.000000000000000000e+00,1.137240533621729943e+00,-2.617886097121615130e+00,-9.991157785681008541e-01,2.327636945708627447e+00,5.678949222710598654e-01,-1.983196226569737597e+00,3.063424668063084333e+00,6.174898884730473103e-01,-1.851633962931031219e+00,1.750373853381640643e+00,-1.984418310929498386e+00,8.698630224676122680e-01
0.000000000000000000e+00,1.489105640704833311e+00,1.910044311853062726e-01,-1.163610538053400312e+00,-3.006672457887562988e+00,1.002230881254241313e+00,1.529886622911278860e+00,-2.963083157930253897e+00,-1.735977587672525191e+00,1.015901280346961588e+00,5.584574402342855626e-01,-7.505680044763418657e-02,-4.641210542345802770e-01
1.000000000000000000e+00,-1.019984066659170630e+00,3.052927814830892483e+00,2.699972271358687781e+00,-1.188190046381543685e-01,-1.264553347801042449e+00,-5.472368628761781650e+00,-2.530791749393315637e+00,2.152267272565227429e+00,-1.528166416983139930e+00,-1.441574689269655707e-01,-2.562293183120248674e+00,-2.444425226722590772e-01
0.000000000000000000e+00,-1.219389709922025222e-02,4.360561533233732412e+00,1.298383568844521330e+00,-6.817398882465158794e-02,-1.893892982490713361e+00,9.037015142626587672e-01,1.405257645521329035e+00,-3.777909750206310813e-01,4.476237147442780895e+00,2.213835698252882622e+00,-1.988578393945005240e-01,1.159894400164854789e-01
1.000000000000000000e+00,-9.613543374662190111e-01,5.328057548002750110e+00,-1.251867788094684908e+00,-2.268796451573710904e+00,-2.667068590312131615e-01,-6.471433174784477771e-01,-1.728622011193380992e+00,-1.988520554682216002e+00,1.955418869216311251e+00,-2.801073302572673285e+00,-3.610432019612369370e+00,-3.050507677877310808e+00
1.000000000000000000e+00,2.378738692791876996e+00,-2.832619449298648728e+00,1.120338151980208474e+00,-1.388534216538835242e+00,1.994963290851593740e+00,-3.359833331691569613e-01,2.611570002719498795e+00,-7.398674597107750550e-01,1.190480783894700689e-01,5.080662253314526255e-01,-2.959973858637580335e+00,2.867535287547765321e+00
0.000000000000000000e+00,-1.601431979143325801e+00,-1.762900083733855316e+00,-4.469892818920644384e-01,4.344609560256230019e+00,-6.878301185224677816e-01,-1.610874765045713808e+00,-7.563677814065689065e-01,-2.504651795034353867e+00,-3.080429645496653990e+00,-6.320673978604307575e-01,2.053559154304503753e+00,-3.217818415029460866e-02
1.000000000000000000e+00,-5.079929666727418525e-01,3.515158356336027801e+00,-2.006489222843614861e-01,-2.340778946726808751e+00,3.531497626594297667e-01,-1.648554883531687665e+00,-3.270189081703531730e+00,-5.764064326258644400e-01,-4.745586765940656981e-01,-7.245265255704261831e-01,-2.695570560685955463e+00,-2.177915328169932607e+00
0.000000000000000000e+00,-6.144114299202011464e-01,-2.611528646056406000e+00,4.165947529287301165e+00,-3.898186934761293632e+00,4.078955154805571581e+00,-3.725570710748342229e+00,1.030681267533073653e+00,-1.377694844534282259e+00,2.904410205420608015e+00,-1.156208295428831079e-01,-1.080601324808132535e+00,3.242637581187907347e+00
0.000000000000000000e+00,-1.117561628562827591e+00,6.471331532525103070e-01,2.248297526082257747e+00,3.599748551336050539e-01,1.753878447762913240e-02,-2.886331433768035915e+00,1.045403823962379519e+00,1.943252339216396063e+00,2.711726582294873733e+00,-6.487442017021642915e-01,7.716302487437229907e-01,3.734549882086057870e-02
0.000000000000000000e+00,5.329349114812451660e-01,-3.312436240796814424e-01,1.756319317390524937e+00,2.200640528590289413e-01,7.980744241174516640e-01,4.314434096045942635e-01,2.242591432758222147e+00,-8.475120957602371163e-01,2.085713712750122184e+00,2.228862633785300140e-01,-1.160216300458646321e-01,1.240697281047877576e+00
1.000000000000000000e+00,3.480544799533000777e+00,-1.617442354712583796e+00,7.305974023917494176e-02,2.985428993299840350e+00,3.070135200792449837e+00,1.491340477641982520e+00,1.016999260050895471e+00,-6.743867538465646572e-01,-9.633892364324834201e-01,1.032918504326420850e+00,-3.534476667011042794e-01,-2.358553940726479503e+00
0.000000000000000000e+00,-6.274868365583129437e-01,-1.292342164857853026e+00,-8.410931874308849032e-01,-1.348750597513753036e+00,5.691885777489534837e-01,-1.424036880374237368e+00,7.661138633289968913e-01,3.627579375997738609e+00,1.652042081851227584e+00,1.302665703933304941e+00,1.392962530906808549e+00,-4.470665734084575682e-01
0.000000000000000000e+00,-2.220171590491641034e+00,1.017867023443507213e+00,-1.175270116244791385e+00,-2.381874565676353583e+00,-5.022064251746853891e-01,-1.275922042899815256e+00,-5.795367990797615221e-01,-1.056436817006107809e+00,3.216410765177794007e-01,1.484055788859289793e+00,-7.567658826858031373e-01,7.761311313126724176e-01
0.000000000000000000e+00,-1.577549563603812821e-01,-5.078513739873280919e+00,1.496337145327809370e+00,-3.644431041182465414e+00,5.406756327043913402e+00,-1.473318761000968147e+00,6.325777211634493469e-01,3.715278716911327717e-01,2.788461484151398828e+00,2.298501278481594134e+00,2.555594032410802185e+00,1.317717166778026305e+00
0.000000000000000000e+00,-2.482148056560088190e+00,8.717463845344692874e-01,-2.018660421356615942e+00,1.423104085379381489e+00,-1.077337931878935784e+00,4.077866939729968276e-01,2.450875761956102794e-01,-3.343557940815458096e+00,-1.495503000375612235e+00,1.975247440905369523e+00,4.720478698424639408e-01,2.967580149856230420e-02
1.000000000000000000e+00,-5.111383831984687154e-01,7.450547072195725207e+00,1.854373144270531792e+00,2.454582601614845760e+00,-1.869065240531167404e+00,1.835039147168389562e+00,3.027856544933233973e-01,-2.800166015736194502e+00,2.678136277023909884e+00,-1.050634988642463963e+00,-1.389365297758278217e+00,-2.799826438065562861e+00
1.000000000000000000e+00,1.105023353295774058e+00,4.669832840343439706e-01,-2.797003240368832078e+00,-4.391986102511324042e+00,7.585121555252891667e-01,7.071254469832941592e-01,-7.415576774445511443e-01,1.039754474305627507e-01,5.290891422642538533e-01,-2.951960197545070663e+00,-3.801530355303023967e+00,-8.606180628857116321e-01
1.000000000000000000e+00,1.958845132608332262e+00,9.640868278522994883e-01,9.558249305557057207e-01,-1.129783138403596121e+00,1.146480209478024648e+00,-7.989971351708371472e-01,-6.261179963758893852e-01,7.759777208907958634e-02,9.391895527779920982e-01,4.411514676428350823e-01,-2.150072681224754589e+00,-5.086587092103425078e-01
1.000000000000000000e+00,2.704592231300827265e+00,1.774208588605507009e+00,7.860916368483789052e-01,1.130410688573541655e+00,1.319524709507184035e+00,-2.683614119048171709e+00,1.371548263646893417e-01,-4.678798845799760908e-01,-2.664731405075706494e-01,2.306436428654584647e-01,-4.616035381641058422e+00,-1.693581410286273625e+00
1.000000000000000000e+00,-4.853631692046860291e-01,9.306998832748163419e-01,2.219154316082083689e+00,-9.448141057891408234e-01,1.541012564589891554e+00,-8.250511476482909057e-01,-6.437071348857559272e-01,1.096337276042326225e+00,-1.880109393945539553e+00,-8.348753081492445993e-01,-1.540282802809524343e+00,-6.663599765127841135e-01
1.000000000000000000e+00,-2.050317139909321185e+00,3.699898856172718631e+00,-4.202764128111839526e+00,5.615385190284443162e-01,5.187844837498678530e-03,1.328345494491135925e+00,4.432400676240768611e-01,-2.742885515146009645e+00,1.749401017043467732e+00,-2.807065112930467343e+00,-1.127574397128941808e+00,-4.766282764485175960e+00
0.000000000000000000e+00,-6.237116377510469878e-01,-1.678728205291345255e+00,2.420315138913872399e+00,-1.838558813922854585e+00,2.396291335452136018e+00,-2.430987410035674756e+00,1.472893967317548736e+00,1.478321190337290592e+00,1.592795174013640125e+00,-6.795815875864132938e-01,-3.446618343840353038e-01,1.112980030930367015e+00
1.000000000000000000e+00,1.008882028221396165e-01,4.095894647430099234e+00,6.815268797882290119e-01,-5.278723233340698151e+00,2.894284204601094146e-02,-9.513109090584499494e-01,-1.767961770632606511e+00,-1.030344884917018478e+00,2.098169431203227298e+00,-2.542977830414802298e+00,-4.935542081167509920e+00,1.050243861938371381e-02
1.000000000000000000e+00,1.674444184308693018e+00,3.469970270880909924e-01,-1.593548469867784867e-01,6.208976637194241199e+00,2.373882391809137848e-01,-2.984242105509875564e-01,2.981879597934794290e+00,-4.791942481003736987e-01,-2.944660244518463088e+00,2.052052007462725758e-01,-2.148269143700458628e+00,-2.185598941275336493e+00
1.000000000000000000e+00,-1.101057477095567450e+00,3.732233358393267086e-01,-1.127771899019085255e+00,-8.498648228950971273e+00,1.279316687163076338e+00,-1.197887894933131303e+00,-2.840324468739888530e+00,-8.436650233233586871e-01,2.445415177683183394e+00,-1.203042294268736878e+00,-2.491317648690179354e+00,1.570164525547615320e+00
1.000000000000000000e+00,-2.093231930909456029e-01,1.511108999673979048e+00,1.412670798941499939e+00,1.646834336748762118e+00,-1.308482730704945585e+00,-1.281843141626717086e+00,-5.067313728752753654e-01,2.095981311536170288e+00,1.484573077253793727e+00,9.854855438767295972e-02,1.680425725521974112e+00,-8.984763648791699309e-01
0.000000000000000000e+00,4.878821961923230921e-01,2.105697899451537847e+00,2.964729897885121090e-01,-3.580390705892998682e+00,2.117358363619688433e+00,3.430655229408722917e+00,-1.688842096646967939e+00,-1.571658974004387366e-01,-1.394214129287594028e+00,4.152727199995951413e-01,-1.693110313701084335e+00,-1.614697421885106454e+00
0.000000000000000000e+00,-2.109531584483073985e+00,1.544322073938389384e+00,1.034739854506414591e-01,-2.090391543540362385e+00,1.174490458794748005e-01,-1.726475008945354217e+00,3.187634120934118576e-01,8.257647678452739726e-01,1.977642234808395738e+00,3.753888809005033522e+00,3.131361850321978668e-01,2.522575705966475512e-01
1.000000000000000000e+00,3.859392951404607697e+00,9.860310818343470673e-01,-1.832080723928191990e+00,4.656542242901254625e+00,4.016224749706226449e-01,1.429168888136580051e+00,1.441258483546763891e+00,-2.253799441456614705e+00,-1.265614630729424483e+00,3.016888532106759557e-01,-2.914324123059313543e+00,-2.858100092291051553e+00
0.000000000000000000e+00,-2.505429122168800760e-02,-1.428801976499376458e-01,1.383521233527009509e+00,3.121265647630176776e+00,1.543338838275496006e+00,-1.836734180849471265e+00,-8.313582921727145081e-01,-4.418930003109330151e+00,2.563298616705009803e-01,3.047690991873290844e-01,7.847594275535005881e-01,-7.710882185265252042e-01
1.000000000000000000e+00,-1.958994311728999849e-01,1.121952992359556367e+00,-3.051617523426497947e+00,-1.708430905320092452e-01,-1.598410279017307811e+00,7.598133709834349325e-01,-9.318858543675283546e-01,-3.367851532997510056e-01,-1.865660875714532096e-01,-1.977645955724200766e+00,-6.980997385920821863e-01,-1.440891124752823105e+00
0.000000000000000000e+00,-2.129959412564518040e+00,-5.331492453646012875e-01,6.444751786699549623e-01,2.672237139040356535e-01,-3.864545451810894594e-01,-3.755662175226914812e+00,6.410612274383256093e-01,1.041743523142787620e+00,1.032773664783156020e+00,-5.024868944288751749e-01,5.717674629281179755e-01,6.851981326014078277e-01
1.000000000000000000e+00,-1.589948826548349015e+00,-3.824796327241947180e-01,-3.644708071599713328e+00,-4.499828477151237571e+00,-1.207963149474538866e+00,2.176404878359238015e+00,-2.364244492440982004e+00,-3.590464204340108045e-01,-1.254971800524485648e+00,-1.054618091473165986e+00,5.671484169186324920e-02,7.419669567111897290e-01
0.000000000000000000e+00,1.783159828597184138e+00,1.179012893070264578e+00,5.733456238199338140e-01,3.561257952595168419e+00,8.701326456613641680e-01,5.095133897212595908e-01,-8.286907643783281152e-01,2.524494042391292048e-01,-2.592904732243973775e+00,1.265048945541044079e+00,-3.161680611283389508e-01,-2.949418219581571243e+00
0.000000000000000000e+00,1.534791363580497059e+00,3.109424654017458600e+00,-2.413094639999076030e+00,-2.956110997982484445e+00,-6.132588017101820999e-01,3.240487227619418764e+00,-1.419431257512814515e+00,1.706610813975300900e+00,-6.130367861915992922e-01,3.276908243681294408e+00,-1.978343496266089740e+00,-1.799075726230509265e+00
1.000000000000000000e+00,5.369074661888698641e-01,2.472148128442596349e+00,4.447711592042472573e-01,5.256820560281333599e+00,-1.561099821558713963e+00,2.466718039825268605e-01,1.784330022084886114e+00,-1.357769970514937086e-01,-2.921369850167287119e+00,5.575315127647304525e-01,-1.750456165203832848e+00,-1.645146365878447758e+00
0.000000000000000000e+00,-1.758156868215816404e+00,3.756958937663698705e+00,8.138478783240554737e-01,-1.093497715780696655e+00,7.460231667967520686e-01,1.294223182074177192e+00,7.980294027887699926e-01,-3.366702810779334420e+00,-1.213245629509965617e+00,1.940510909767604986e+00,-3.054017276438683925e+00,-2.309372617165166286e-01
1.000000000000000000e+00,3.525887624646896201e-01,-2.520801725502507917e+00,2.413380825970528054e-01,-1.451492100918547079e+00,1.341008176339546498e+00,-3.250796506652825713e+00,-1.667124060620189141e+00,2.524878063927762817e+00,-3.748059326651939083e-01,1.996711208652618863e+00,8.595662109135271400e-01,4.414582264199899964e-01
0.000000000000000000e+00,1.156318961258765210e+00,-3.066673396641531379e+00,6.118955198781520499e-01,-6.356111460821090020e-01,-4.716258533336021852e-01,-1.437088862066980610e+00,1.972173893931882693e+00,4.048249144271709454e+00,6.120138861597778757e+00,2.466063654323093601e+00,4.212334513852599827e+00,2.056049805216018100e+00
0.000000000000000000e+00,1.158493312275991061e+00,3.354027034595318923e+00,3.049720954000856299e-01,-5.606915651442062831e+00,1.888352537206488879e+00,3.046016545810428244e-01,-3.782391473369290491e+00,-1.196405291243915592e+00,1.055437279169572751e+00,1.167914202409852997e+00,-3.259778407584870141e+00,-1.244653552185292833e+00
0.000000000000000000e+00,-1.877932863248866102e+00,8.525397081083918138e+00,3.390718575336086449e+00,-1.451324603193756557e+00,-1.947694797661590815e+00,-9.459773549048517971e-01,4.387491388294098016e-01,1.041821616060855771e+00,4.808340727921119218e+00,2.271984087408627673e+00,-1.827891606103002164e+00,-1.339507925535085242e+00
1.000000000000000000e+00,-3.196846010269240423e+00,9.256895767193149549e-01,3.359702238629698190e+00,-1.673677212998753383e+00,1.918233938691684681e+00,-1.198690726706824083e+00,3.429314359706793436e+00,4.093667792959067242e+00,2.245176458551083609e-01,1.178984172075518977e-01,-4.968578257090008332e-01,5.568559558690799882e-02
1.000000000000000000e+00,-1.462892951841911593e+00,1.239385971709193290e+00,-2.986255540861186830e+00,-1.662296649032746876e+00,-1.791308220461437672e+00,3.982347847085576209e+00,-1.664956596193750027e+00,-1.621747409686969732e+00,-1.185280628902913858e+00,-7.695908832464685156e-01,1.012216226119096341e+00,-3.595352483650589015e-01
1.000000000000000000e+00,-8.313409312948027985e-02,5.020269305022002193e+00,9.809701586016319474e-01,-2.749764017723776544e+00,-7.554725093040344230e-01,1.415860779181729701e+00,-3.351206773148349249e+00,-1.990045089772068954e+00,1.527794154801277227e+00,-2.916736252330536239e-01,-1.310746840014006320e+00,-1.143652551559181774e+00
0.000000000000000000e+00,1.980073547884280805e+00,7.426102087109467398e-01,-2.122921899729242057e-01,-6.047670147030242305e+00,1.937541082578768670e+00,2.086276364489077828e+00,-3.863684424957793961e+00,-2.759868813972623514e+00,3.011707696120364375e+00,8.182164867280237175e-01,-6.218185702031875373e-01,4.317448711982911913e-01
0.000000000000000000e+00,-4.376549141872474458e+00,2.458663272872407379e+00,-2.707314279092150056e-01,-7.311617788146224761e+00,2.358165432398781292e+00,-3.994107417556651551e+00,-2.377905490727987736e+00,3.793355527969937135e-01,2.907520614893212008e-01,2.473456026814428999e+00,-2.677631181174584540e+00,-3.878868450826147285e-01
0.000000000000000000e+00,2.892692229247204594e+00,1.089961840673907778e+00,-1.368413423459702294e-01,1.611116895947849903e+00,6.088216595096067607e-01,2.011318706926133792e+00,-1.753679749596363635e+00,6.229655962881652798e-02,-8.119226770744204513e-01,1.833724775139000451e+00,2.708539536095107003e-01,-2.403191203995933556e+00
1.000000000000000000e+00,5.785622749582310931e-01,6.912216107082630678e+00,1.155923093721626493e+00,2.078131975890242344e+00,-1.019332080749287162e+00,-4.470367695251321827e+00,-1.029331654347575231e+00,-2.633204205204908721e-01,2.271652940547593147e+00,-2.658125887551758382e+00,-4.825314346187692394e+00,-4.333789934768061514e+00
1.000000000000000000e+00,1.893333686641591740e+00,3.440720829898336608e-01,1.916813996495405181e+00,3.336353907406167441e+00,-6.498251486283521672e-01,-2.554163924520541418e+00,-4.309387890873834781e-01,1.680903273175755608e-01,-2.125965418358908288e+00,1.185329098941227066e+00,-1.577135258851247723e+00,2.295081980802733401e-01
0.000000000000000000e+00,3.799769434623141873e+00,3.410590795455843982e-01,2.113890524380749980e+00,-6.456533681432534699e+00,1.785540006063854435e+00,3.020015569451232285e+00,-3.732500992005158835e+00,-7.481799377569761100e-01,1.295837585550399407e+00,-2.174548698389663581e+00,-2.325706594764169299e+00,1.531417177837588905e+00
0.000000000000000000e+00,2.653930420497544240e+00,1.585177104362362588e+00,8.354552129849220909e-01,-1.245100614173342057e+00,3.195128105457852863e-01,3.303179674125135357e+00,-9.814071330888672895e-01,7.182337960483535788e-01,-1.254194447251181233e+00,3.509534747920698416e-01,-1.760654952390180217e+00,-5.570231261651734656e-01
1.000000000000000000e+00,-6.474392499463018646e-01,3.877562453805965426e+00,2.798530615199734672e-01,5.518551353367285861e-01,-1.827738405624620643e+00,-2.031897099872665091e+00,-8.483466551472591544e-01,8.544382033248756336e-01,1.106175973393971335e+00,-5.635327746972949026e-01,-1.470406510751384621e+00,-1.596717474334190090e+00
1.000000000000000000e+00,1.882183547293744930e+00,2.247253579951188129e+00,2.111691161278014484e+00,4.041554541760180363e+00,2.596491018879323764e+00,7.396018183513843880e-01,6.748379417343695064e-01,8.516031548850401256e-01,-1.299200370494848933e+00,1.193952493479597976e+00,-6.260698246214482232e-01,-4.444619831462512494e+00
1.000000000000000000e+00,-1.484690588913293308e-01,1.132439851223652871e+00,1.796491044773303347e+00,7.409934144167726444e+00,2.248665157158472594e-01,-5.220098804709569773e-01,2.770807832115261604e+00,1.749728351607700461e+00,-5.485587717441382516e+00,2.579891037478182270e+00,-5.365362871463656980e-01,-2.594597464790631136e+00
1.000000000000000000e+00,2.821447274322830268e-01,1.235002546374690313e+00,-7.499850303760677850e-01,-2.582934703953488675e+00,-7.851456761136721418e-01,1.138181607024283171e+00,-2.102331806115431689e+00,-7.695937225791570357e-01,1.212950251164401028e+00,-4.077478354981799447e-01,-1.173247054851590532e-01,2.186925550130962570e-01
0.000000000000000000e+00,2.201825584636929456e-02,4.220741643297911683e-01,-6.167405967681147683e-01,1.505781523445156544e+01,-2.171653557324246364e+00,-1.998024042782515775e+00,2.358195955551710465e+00,-5.065018971902443212e+00,-3.792360590213219584e+00,-1.969119242930859048e+00,1.921111575068271460e+00,-4.024012175944800873e+00
1.000000000000000000e+00,3.582678621771127059e-01,4.197465428225224393e+00,5.450814078789825157e-01,-3.247242622495924103e+00,1.460356045820709880e-01,1.773856716218758844e+00,-2.298427968120907661e+00,-1.118588606206115443e+00,5.689219492951560486e-01,-6.461726268974163911e-01,-2.531544259127694207e+00,-1.290002424957276572e+00
0.000000000000000000e+00,6.778000942273654239e-01,3.444763800020881117e+00,8.361132731143920971e-01,-1.368773797396912073e+00,1.133971975886118866e+00,-5.250357745781970564e-01,-1.373816093015036932e+00,3.691479310081677845e-01,-8.348510367156816159e-01,3.502484486648176354e+00,-2.726928467497081954e+00,-1.799907449609285059e+00
1.000000000000000000e+00,1.437759795895041659e+00,4.704578764837681781e+00,1.541795012686093980e+00,-6.006551810703228078e+00,-1.224136384505627007e+00,-2.157920164595820367e+00,-5.555880959936173369e+00,2.570601394043950716e+00,-2.339197568710228659e+00,-1.220959900856329439e+00,-6.050432194251710527e+00,-1.196987448588326952e-02
0.000000000000000000e+00,-1.099004574783877253e-01,-1.271932082962017985e+00,3.869180241455156821e+00,4.558067380437293536e+00,2.437435584904028563e-01,-1.700915599482793583e+00,3.613427199721030103e+00,-3.719555862132176038e+00,2.222218676577369934e-02,-2.519028040962332682e+00,-8.290398174639926898e-01,2.626846884484034028e+00
1.000000000000000000e+00,1.488303728406257909e+00,-1.030050288764805089e+00,1.840597626632361816e+00,1.601659626162670103e+00,2.892965353317189958e+00,1.374274149295469094e+00,8.443707920656695620e-02,1.212176847263826795e+00,-7.809947119775768609e-01,1.107987188004728507e+00,1.656668193530096200e+00,-1.991519651886168862e+00
1.000000000000000000e+00,6.269355411789040433e-01,1.548059278199049871e+00,1.332838316324836292e+00,6.456353731461735634e+00,1.988098055248374907e+00,7.419108304035604284e-01,6.104871593068659230e+00,5.670009941373664875e-01,-2.407392021467386733e+00,1.810678092163182651e-01,-2.881317311689942429e+00,-3.344416832877842971e+00
0.000000000000000000e+00,3.055681267686379154e+00,4.041063945085845988e-01,2.267416496220240774e+00,-5.340624411097906865e+00,2.092647494170503997e+00,3.308299982963102792e+00,-1.513767688747725826e+00,1.579671021206895620e+00,-1.694340182921061366e-02,1.512123893395589391e+00,-1.965235131397974788e+00,1.221694348241736616e+00
0.000000000000000000e+00,-1.347443103450797208e-01,-1.826576354375375022e+00,2.866209804501856695e+00,-1.961416210060798360e+00,3.269828692037944240e+00,-1.253938739942175973e+00,2.079780496513914834e+00,-3.190747538876248512e+00,1.572934653068554400e+00,8.300836861210941775e-01,-1.561009038660570170e+00,2.832645925300330880e+00
1.000000000000000000e+00,-8.766005690460469957e-01,6.901048556625512198e+00,7.361693913975309034e-01,-2.804277275210770526e+00,5.966545795715894052e-02,7.473681222888913789e-01,-1.484195161846942446e+00,-1.067989047848029172e+00,-5.883440314788135339e-02,-1.728957052288479623e+00,-4.957379363746015954e+00,-2.845490610495231110e+00
1.000000000000000000e+00,-3.116077821407432946e+00,3.826515772158631812e+00,-2.201671741991530595e+00,-7.591599425871339513e+00,-2.228311808978800990e+00,1.598676835122145423e+00,-5.145826576149397091e+00,-1.539004646788994179e+00,1.309400022747070125e+00,-8.361731231545851406e-01,-2.382328330850136400e-01,6.926392547333313221e-01
1.000000000000000000e+00,1.036580158014569264e+00,-2.077039668602665756e+00,3.013897872969771852e-01,-2.330853448109212689e+00,1.081521198946691742e+00,-5.168679183868556848e+00,-2.188732622869648647e+00,2.088902661131551319e+00,-9.242512405347846904e-01,2.792240183200690673e+00,-1.640298658474307114e+00,1.335504764978251657e+00
1.000000000000000000e+00,1.830019050532967650e+00,-5.858738975578352992e+00,1.114274341850545413e+00,-5.926041247921514099e-01,3.603392025456735759e+00,-2.375165554021128500e+00,1.252640620250840886e+00,1.258685887823060012e+00,-4.285237953496778829e+00,4.207102133180894654e+00,-1.533672196733147253e+00,2.846559251053533579e+00
1.000000000000000000e+00,-7.832911720432431668e-01,6.968270585557930552e+00,1.368316207020872532e+00,2.379882615975303928e+00,-2.376216429635115368e+00,-5.058559206166035604e-01,1.008225573284632581e+00,1.177076906797958955e+00,2.992761919132900239e+00,-5.297598927979196848e-02,-1.278819622932141353e+00,-3.192017227451643180e+00
1.000000000000000000e+00,-3.455642859785384324e+00,3.665175446301997653e+00,1.252071038449170892e+00,-1.158525637446410350e+00,-1.062784287898489444e+00,7.167046955968899846e-01,-9.601747247349871062e-01,-2.653307468833200344e-01,-1.525965726627276364e+00,1.890971853645596390e+00,2.283057191916553208e-01,-8.866845879380691464e-02
0.000000000000000000e+00,2.925429383533728611e-01,2.893694527282537177e+00,2.193805053966068730e+00,9.892887328175022921e-01,1.290611629795528348e-01,2.185753226813089700e-01,2.587929310220058454e+00,-2.440977585396475025e+00,-1.735590833173302538e+00,-2.984064536973081161e+00,-5.605358509640740117e+00,3.986745934773853195e-01
1.000000000000000000e+00,3.482349175004513242e+00,1.056022607215279407e+00,2.521675110481043092e-01,4.261554006703226705e+00,2.946193263712969745e+00,3.754525108314345161e+00,3.767784782954395784e+00,-2.257278147496577958e+00,3.840925582020777718e-01,-2.011853421912344064e+00,-2.396137521356831446e+00,-3.776577821536063251e+00
1.000000000000000000e+00,-2.564107304201384885e+00,4.418301916751049774e+00,4.782384379212507586e-01,-7.047582271750563621e+00,8.439214737667140032e-01,-1.082769168341519261e+00,-5.561790925589658041e-01,-1.014064332436269034e+00,2.336878068694037580e+00,-1.867211724375902548e+00,-4.881327856422370104e+00,2.141619470616160648e-01
1.000000000000000000e+00,-6.465309856776033648e-01,8.405181223299064142e-01,3.961760626486221515e-01,-5.590460718232899140e+00,1.356479600590833279e+00,1.870805125454828355e+00,-6.977648857588412135e-01,-1.713660143939605529e+00,-6.587571196254171646e-02,-7.333504097873543293e-01,-2.675927110323485181e+00,1.672222799819748751e+00
1.000000000000000000e+00,-1.409785798964533710e+00,8.539564917264023114e-01,-1.064350168008254549e-02,-6.348201249603022234e+00,1.043261469094693084e+00,4.643156579940950213e-01,-4.641853620528012314e+00,-1.202445896526222580e+00,1.739512410951968846e-01,1.590450527592968566e+00,3.840750677334050511e-01,9.204675633629924025e-01
1.000000000000000000e+00,-2.766397690727244729e-01,8.270482562936242843e+00,1.128785398820681962e+00,1.330202607290834838e+00,-2.275198771083903448e+00,-2.677156653364409777e-02,-1.085929625726808734e+00,-2.494061420663691742e+00,4.491749835525569168e+00,-1.961669942175467307e+00,-1.962365699669954111e+00,-3.495394209084115467e+00
0.000000000000000000e+00,-9.453311718940918817e-01,-5.931284398189916596e-01,1.015715656164323244e+00,-3.793679401678907936e+00,2.193281819468401395e+00,-2.056104306315140295e+00,4.407788989186854911e-01,-1.011196071615325209e+00,8.420640865947679465e-01,1.482176042226462931e+00,-2.142319577667835873e+00,1.831311263187114013e+00
1.000000000000000000e+00,-2.527901631181164177e+00,1.627691775420527343e+00,-8.860011228940078976e-01,-1.552367543232050728e+00,-1.098374489904027307e+00,7.263818599842095658e-01,-1.442515117916842726e-01,3.169315226811517672e-01,2.319022186231559646e-01,7.927031858756306004e-01,7.408170724231073478e-01,-1.722079017071154183e-02
0.000000000000000000e+00,-1.582075685875833582e+00,2.398365615563598841e+00,3.893207425111914866e+00,6.219650360965269797e+00,1.410047647956986339e+00,-2.509503048931607694e+00,1.707233555705970129e+00,-2.051097382043319151e+00,-3.444542456348676396e+00,1.808683662712834650e+00,-1.023992328829613996e+00,-1.890994202867669394e+00
1.000000000000000000e+00,1.187392528804925629e+00,1.072504758685532966e+00,1.449158057872570460e+00,-6.631683703049149337e-01,1.437690418429929506e+00,-3.639672519891097746e+00,-2.936945453641143455e+00,2.871937322426070693e+00,8.420083438278345156e-01,2.881046365521204855e+00,1.675659316586222136e-01,-2.112688075369220542e+00
0.000000000000000000e+00,-2.385050160823470655e+00,5.644178450096717370e-01,8.807065569771377334e-01,-2.256333755115884188e+00,1.365977544330864824e+00,-3.013266397890784098e+00,-9.862162738727131561e-02,-2.299462318526293014e+00,-8.988578940394280625e-01,-5.288186169303275008e-01,-2.863811212443914123e+00,1.091187458660019427e+00
1.000000000000000000e+00,7.985151927259289684e-01,-7.031956794085653106e-01,-3.345526342215732196e-01,2.637962482297403710e+00,1.464520159472685767e+00,2.114108058327344164e-01,1.808676617844957146e+00,1.916948910872088740e+00,1.357550898758221436e+00,5.843836241720157254e-01,1.760359344012957905e+00,-2.665007982897202865e+00
1.000000000000000000e+00,-2.427082283673333230e+00,4.215973783942555286e+00,6.010661211769028345e-01,-6.765458617130920560e-01,-1.306135834941004381e+00,4.905117341915051776e-01,-4.672564267607588473e-01,-2.510961573321909945e+00,7.133746821777197100e-01,-8.155323563854167679e-01,-1.107232814185503011e+00,-4.132617721795158738e-01
0.000000000000000000e+00,1.507890517203907654e+00,3.496457674395883952e+00,5.574606713846217421e-01,-2.119846343701512037e+00,1.228464531057215536e+00,2.968090249175436846e+00,-2.678572046656079841e+00,-4.727591082994735405e-01,-2.624348185773881958e+00,-2.161707966525646896e+00,-3.429345671916464333e+00,-2.661781919384604400e+00
0.000000000000000000e+00,2.202801684225734746e+00,6.391906488362844030e-01,-9.419201186995331820e-01,-7.472946967613115277e+00,2.627349908719241789e+00,3.660316065151177245e+00,-3.926537149412263172e+00,4.763290378935240987e-01,1.848547229237023970e+00,3.049867350401500588e+00,-1.222802245338014959e-01,-6.060164478208158734e-01
0.000000000000000000e+00,-1.279514872467963915e-01,-3.745491469673351670e+00,6.627821049543837217e-01,1.720709187583029598e+00,1.602781727946818169e+00,-1.572814150790278198e-01,2.362106369311129939e+00,-1.095098826940765768e+00,-7.637702666511496652e-01,-1.483809812137363515e+00,9.109473536506118574e-01,1.389999349001436180e+00
0.000000000000000000e+00,-1.960106851240725812e+00,3.054188418525749960e+00,7.436647997475829275e-01,-3.959136783071162569e+00,8.962076193889990661e-01,-1.726963874144457733e+00,-8.604715219661995818e-03,2.126326784624081867e-01,1.636717689066701009e+00,1.676551609186326619e+00,-2.553197268469522552e+00,-1.097679257296662048e-01
0.000000000000000000e+00,-5.276711955261559339e-01,-7.052430201443640190e-01,9.787923212424126662e-01,1.071119700753596193e+00,-1.270678499086349333e+00,-1.933662905997531212e+00,2.024484980290334413e+00,3.702811560582204287e-01,9.999956432107331983e-01,-2.040263035084646237e-01,-1.885660597362974755e-01,2.098965311738850481e+00
1.000000000000000000e+00,-1.267455932505080263e+00,3.601680895512249236e+00,1.494492389221029338e+00,3.966164768430616938e+00,3.834251628345992646e-01,6.846688455134657403e-01,4.880554791244603452e-01,1.913331703765687397e+00,-2.108021996091901329e+00,-8.475041040937869585e-01,3.956165619512967968e-01,-4.520083124530057894e+00
1.000000000000000000e+00,-1.042596722279852672e-01,5.258746246960061654e+00,-3.004155922816770241e-01,4.526834594409169021e+00,-1.701951223335791408e+00,2.352433204566903857e+00,7.034679676828730077e-01,-1.759229352874207564e+00,1.348744637991353690e-01,-1.007110182189141057e+00,-5.352294704621320953e-01,-3.909455527504266836e+00
1.000000000000000000e+00,-1.398969814738661332e+00,4.353001826316592826e+00,-4.093855068021234889e-02,2.850723172710388109e+00,-2.476176983215383931e+00,-1.836285918526825878e+00,1.264489619907805729e+00,1.342261471261442018e+00,3.330834925619394760e-01,-9.355564232335278341e-01,-1.697147503252968814e+00,-2.247012037729609446e+00
0.000000000000000000e+00,-3.381008444822575232e-01,-9.373112178478144596e-01,1.128777093781581753e+00,-5.542151425927710484e+00,4.696742691462644004e+00,-2.414947820856315763e-01,3.683359422494502100e-01,-6.282909172292892030e-01,5.288040399667717217e-01,2.322337375838491536e+00,-2.326010112685948705e+00,7.042934521613304355e-01
1.000000000000000000e+00,3.344165134941539108e+00,-3.423315522562302871e+00,-2.207919476266926306e-01,1.281099142037060989e+00,1.179505244832825372e+00,-4.521462093193929777e-01,-9.635786467279205958e-01,-4.061609960748067127e-01,-1.154547245616303508e+00,1.977606518051038265e+00,4.399424758148282599e-01,7.889718682565753927e-01
1.000000000000000000e+00,-2.075933691709622053e+00,-1.184438678200254585e-01,-5.173315564947172263e+00,-2.644851891265480148e+00,-1.505437953702121412e+00,3.934911862749676636e+00,8.304726291215067668e-01,-2.710223901633143750e+00,2.257048834436634621e+00,-2.855568057795869308e+00,9.635720845171866777e-01,2.238992529562455758e-02
0.000000000000000000e+00,2.889570634824223383e-01,4.734727948947712317e-01,2.139394109624988438e+00,3.859675378773929633e-01,1.972883151039978245e+00,2.329410099880968588e+00,2.537279772890237428e-01,-1.985987091713983244e+00,-1.934197972723297188e+00,-1.065076473771687127e+00,-8.514431845287259160e-01,-3.622290999245968424e-01
0.000000000000000000e+00,1.182524504736061299e+00,-5.737871382645571838e-01,1.551255372343552708e+00,2.836193227735043232e-01,-8.293539504201241641e-02,4.669574582836921728e-02,2.938793292265722279e+00,-2.570180250064627359e+00,2.371493049963193656e-01,-7.385005516221705424e-01,-3.141503035561866053e+00,3.111118207842700212e+00
1.000000000000000000e+00,-5.899285376345035914e-01,6.870285002324563566e-03,1.291075426859539910e+00,4.060807494278630081e+00,-2.069514907078304766e-01,-7.018512696584144894e-02,8.902415626655432179e-01,2.643080961722318989e+00,-1.774487406366201725e+00,1.998905620564932706e+00,2.661048141161726832e+00,-1.553057255069786313e+00
1.000000000000000000e+00,-1.237720037629596481e+00,2.084716411956510029e+00,-1.211920895583769253e+00,-4.119774640454294534e+00,-1.186714389864880870e+00,1.501723340551885055e+00,-1.387656220284593234e-01,1.026207150980871230e+00,6.570364717941333810e-01,-8.473347878331874972e-01,-1.738858533830692110e+00,5.327109612469611566e-01
0.000000000000000000e+00,-1.720001557614078358e+00,9.397475635211474554e+00,4.207893198531927226e+00,1.806035283726917129e+00,-1.626864800130382704e+00,7.128981298268080025e-01,1.065160542696798052e+00,-3.833034455138268015e+00,2.249103476242185096e+00,-6.789961709298264481e-02,-3.435441288819462979e+00,-1.674345476322685489e+00
1.000000000000000000e+00,-1.427738975319249537e+00,2.792162984254135782e+00,1.089725224574680684e+00,1.439499753283724148e+00,-7.033726095461434458e-01,-4.207932853643642446e+00,-1.014939692816666739e+00,3.301771306279398299e+00,-7.108092718030123436e-02,1.669603052988617442e-01,-3.969489374737984466e-01,-2.561970459582961546e+00
1.000000000000000000e+00,-1.166322460969571040e-02,-3.837668290483808420e+00,2.191280539303544828e+00,-2.105023993027283602e+00,1.103558977090867810e+00,-8.741423592402290943e-01,7.734037659197408043e-01,2.372475875063997819e+00,-1.725267143887269317e+00,3.762838948578465015e+00,9.774981694909148366e-01,4.048474700247670199e+00
0.000000000000000000e+00,8.945298824392736714e-01,-3.047608047980947088e+00,-1.085379778234810022e+00,3.198207904592161643e+00,1.802879348870484844e+00,-2.168308870665717425e+00,-3.656314402248923567e+00,-2.735688094662783509e+00,-2.243499349758532713e+00,-2.976320255661885295e+00,1.932603031709554831e+00,-2.337342560387102086e+00
0.000000000000000000e+00,1.057369105733083847e+00,2.632524253078898813e+00,8.428597009305498489e-01,-9.225830063072047338e+00,3.078284531528955092e+00,2.613039392686553164e+00,-2.685932518622673015e+00,-3.236614669707027492e-01,2.659387046068697025e+00,4.127780609736973361e+00,-2.506215587536926748e+00,5.395783687861492872e-01
1.000000000000000000e+00,6.177248488188777031e+00,-6.040096895219583040e+00,-1.864646625946885461e+00,1.255686896067579328e+00,4.343343686853922136e+00,7.166167341302376315e-01,-1.227444119209315065e+00,-1.986267704587139082e+00,4.667356595560603338e-01,1.075659413840912126e+00,8.875461947903819926e-01,-1.086170369694379634e+00
0.000000000000000000e+00,2.693952076440323307e+00,2.070754651639997945e+00,2.353185907638056129e+00,-8.211620415108432880e+00,2.287692771900615263e+00,3.011541736492675980e+00,-2.113600933865110054e+00,1.756331980757551037e+00,5.322958171385410164e-01,1.832391899056716289e+00,-3.927946672842252074e+00,1.373932093928879716e+00
1.000000000000000000e+00,-2.212020111259042743e+00,4.954403125580466138e+00,-1.341849772502297089e+00,-7.418038629586049204e+00,-9.133815830558683624e-01,-1.192786632998282581e+00,-1.141243146093589234e+00,-2.256390189758320508e-01,4.092470873440083423e+00,-3.142547023817381380e+00,-4.576871645631888086e+00,-2.147198747794524243e-01
1.000000000000000000e+00,1.606835310637880099e+00,1.856817394166141444e+00,-2.015574408851547261e+00,1.772345657586699375e+00,-9.335929635667460369e-01,1.602874591663577153e+00,-4.162990230904597411e-01,-3.188136403408212249e+00,3.080430496415880182e+00,-2.641015895167945438e+00,-6.875623010270348612e-02,-2.194707667378668070e+00
0.000000000000000000e+00,4.818767511028170247e-01,-4.306634567310561934e+00,-2.688962938235916589e+00,-8.661098079566802166e-02,-3.562857686580029881e-01,3.556093464507061874e-01,1.632702343708796633e+00,1.008950131085762258e+00,5.658492574344620163e-02,2.368357909822487173e+00,1.890449535265207537e+00,2.064915111062786579e+00
1.000000000000000000e+00,4.167504774335957229e-01,-2.178284402919226981e+00,1.039274041881731447e+00,-1.794966081878529351e+00,1.965745303055285387e+00,-2.855690600645793165e+00,-2.125242900299848525e-01,6.527812343790972971e-01,-2.435252267050364683e+00,1.773590189061091671e-03,-2.718762344064899139e+00,1.456921761212915278e+00
1.000000000000000000e+00,2.583641445162099259e-02,1.819858168388761577e-01,-3.107413953100604864e+00,-1.668829246938100530e+00,-6.470690868832941200e-01,3.234042255496112350e-01,-1.169142738176782048e+00,-1.578786952011470346e+00,1.375995710176977527e+00,-2.439507483559113510e+00,-7.456536461683728190e-01,-7.467023186296788406e-01
1.000000000000000000e+00,5.322125223693887630e-01,-2.447780050538256036e-01,8.803213805399476843e-01,-5.019029327741828972e+00,8.251100678387857101e-02,3.197248559609724428e+00,-2.937477954955495463e+00,8.550283884828968617e-02,-2.544714236666293150e+00,1.394570402555356914e+00,-5.019843615869288289e-01,2.604071510311888549e+00
1.000000000000000000e+00,-6.378113394685336335e-01,4.719122319075844452e+00,1.498777286903880235e+00,7.568584416981517293e+00,-2.005181287090591180e+00,-3.303656181805332270e+00,2.509137860241796858e+00,2.133446405312479754e+00,-4.041880040659247442e+00,2.365878768259169096e+00,-3.039272121729526877e+00,-3.277922078955106233e+00
0.000000000000000000e+00,-2.467988576951913426e+00,-7.826980357981320191e-01,1.608915534041604145e+00,-3.706198887490965266e+00,2.393849851272707774e+00,1.984405382642926874e+00,-1.335102808096714222e+00,-1.534989873302645691e+00,-3.662624388433197264e+00,-2.755325385945477823e+00,-7.183386772546929144e-01,1.048599790783021568e+00
0.000000000000000000e+00,-6.160105207578501219e-01,-8.338689337179306937e-01,9.861247675060736961e-01,3.017472339627215394e+00,1.779848904058351389e+00,2.292708270679934657e+00,5.332235482846430230e-01,-3.074079129390238752e+00,-3.202964173569841755e+00,-2.559054329430461294e+00,6.314385687422718885e-01,-1.153902026656621338e+00
0.000000000000000000e+00,1.620995151394373668e+00,1.946218291428310154e+00,3.719655002728593285e+00,-3.846910151356341262e-02,-7.241961498006157516e-01,-7.227915250040410911e-01,3.269151529268483625e+00,-2.127569162672086067e-01,3.207706001447322208e+00,-1.575131097720579909e+00,-3.349856222346315526e+00,2.408924770158319184e+00
0.000000000000000000e+00,-3.564820151138767823e+00,-2.801456323863602549e+00,-3.958937629558418436e+00,-6.718024885023818449e+00,1.731888901080895327e+00,-3.037306082325337275e+00,-2.320621917246590282e+00,2.937041978936233644e+00,-1.473785679625679634e+00,3.279627280551663748e+00,4.492955114940846428e-01,4.039230153879316276e-01
0.000000000000000000e+00,1.386634901035709966e+00,1.628085014687096210e+00,-3.656039971780433717e-03,-1.776920817725797797e+00,-5.487506485097397579e-01,2.362559605134591401e+00,-1.573701661461536450e+00,9.782430769032148810e-01,-2.639995123021596335e+00,-7.533983937165995570e-01,-2.360968759012214147e+00,-2.948879663948331675e-01
0.000000000000000000e+00,-1.135857178630191200e+00,2.324601365893261384e+00,1.907590151372888121e+00,-1.712090545527661156e+00,2.468013654912917243e+00,1.473525249995353281e-01,9.585018584530322627e-01,-5.314018827274971102e-01,-4.660630175268469788e-01,2.019597432442954421e-03,-2.635432895330380276e+00,-1.147545618129453882e+00
1.000000000000000000e+00,1.568372290509573830e+00,-2.217141387944818298e+00,1.224061836486598720e+00,-5.469671904430623011e-01,1.650545438626029648e+00,-1.346655463783673401e+00,-1.077153905267571599e-01,2.019459164388594630e+00,5.202943822148591302e-01,3.004425181401836120e+00,9.452443856017094248e-01,7.342010460236259028e-01
1.000000000000000000e+00,-1.942674040656275913e-01,-1.070697098344478349e+00,3.914196987187679166e-01,5.623851742811983634e+00,8.874297064780654054e-01,-3.056272102407192603e-01,5.462051731807084920e+00,3.632376063767369656e-01,-4.709420757461756146e+00,1.025166271922185457e-01,-2.725355647498533429e+00,-6.471054927875445895e-01
0.000000000000000000e+00,2.672433683170905461e+00,4.349518439147130877e+00,1.968547776287652873e+00,-8.529827178621532724e+00,2.822230184813539822e+00,3.589026498869923643e+00,-2.916570660888396560e+00,1.827897512802804325e+00,5.910229118683205662e-01,2.191443437448278075e+00,-4.706735178513375750e+00,-8.780310981724596120e-01
0.000000000000000000e+00,7.993180770561720827e-01,1.708329635773745414e+00,2.960348615226468638e+00,-4.061220815090071934e-01,8.171787020345711028e-01,6.075876420811525680e-01,2.328954419944366805e+00,-2.298857184276993593e+00,1.693376763301956522e+00,-4.791762600567128771e-03,-2.675529663377246514e+00,1.592386179671600566e+00
0.000000000000000000e+00,2.050782165862108819e+00,1.061420428238943892e+00,1.180743454118761138e+00,2.137647842161777945e+00,6.924151631063149015e-01,-2.467928495383586274e+00,-2.037200939798522015e+00,-2.396201791104826118e-01,1.115365722347405608e-01,4.015463219241527604e+00,4.313381549587269603e-02,-1.458457824060509722e+00
0.000000000000000000e+00,3.569195295202801876e+00,9.250074893140722843e-01,2.669084224971561170e+00,-2.653364879587754466e+00,2.922987791461491014e+00,3.029655080866102246e+00,-1.663568398088774103e+00,-3.463919394365695403e-01,6.911251373856530655e-01,4.632080705824036526e-01,-1.354814833120877582e+00,-6.525799610359128700e-01
1.000000000000000000e+00,1.160808433204499890e-01,3.532292459641134030e+00,1.875391062213868310e+00,4.901396059950118733e+00,-1.266567447834159310e-01,-2.089329739020888255e+00,-4.735731360464154882e-01,1.438480885679464194e+00,-7.675504071871163125e-01,-1.408525818302179822e+00,-3.181119080689109868e-01,-4.361544688960028004e+00
0.000000000000000000e+00,4.949075959294620963e-01,3.831590508032206799e+00,3.096145813503958788e-01,-1.330018008171271360e+00,2.075748891483326197e+00,3.342813353214570959e+00,-7.924330444668660212e-01,1.059438650760213374e+00,-1.938908894180317422e+00,3.561540897242894577e+00,-1.566096880108689415e+00,-3.486710940578048312e+00
1.000000000000000000e+00,9.892311355921603599e-01,2.680300083860690741e+00,6.306605678992616149e-01,1.532398802829482154e+00,-1.530539699209841231e+00,-6.502261136130502717e-01,5.891999423117530998e-01,2.273796768496753273e+00,-4.484647709899574064e-01,-3.768527521390387935e-01,-2.106495652127002849e+00,-1.242958438068986871e+00
0.000000000000000000e+00,-2.247103039359974908e+00,3.224679837837086005e+00,1.536300272374306886e+00,-1.166829566264062423e+00,6.295220439574114035e-01,-1.007190000879951031e+00,1.835698660380661318e-01,-8.047376587932318914e-01,-9.025629994863293426e-02,-5.206271345560855579e-01,-2.073859018217572903e+00,-8.475629848255337162e-01
0.000000000000000000e+00,7.660040015913593958e-02,5.482957404717381245e-01,1.584866532520472493e-01,9.745104800668244138e+00,6.462888407977662730e-02,2.729891653452003020e+00,1.859828118950857867e+00,-2.191216346912910229e+00,-5.921042146001472162e+00,-2.854978231874767847e+00,9.922514676435860714e-01,-4.230998116015185495e+00
1.000000000000000000e+00,1.865682514589706908e+00,-4.412175438442506037e-01,2.357666616272454885e+00,4.182827712705674550e+00,1.034404459440541046e+00,-3.388068270492557765e+00,2.222629153116807421e-01,1.538435903143656303e+00,-1.111873458258480385e+00,1.730324129005182510e+00,-2.237084313570618654e-01,-1.287785677278410645e+00
0.000000000000000000e+00,-1.476011386558362393e-01,2.159823351334095420e+00,5.915163847722338941e-01,5.154810627230635767e+00,-8.914206901932792970e-01,-4.074992550500049493e-01,6.016921432259321190e-01,-4.018860956377574567e+00,-1.786831038107447700e+00,-1.471883872581783326e+00,-1.344638057382466778e+00,-1.356167596058742708e+00
0.000000000000000000e+00,9.641139951806052544e-01,6.867073465522094411e-01,1.324137777698893625e+00,3.098994737450642134e+00,-1.123832248774138343e+00,1.536843054611248593e+00,3.823634320566774214e+00,-2.711204516321106262e+00,5.773449765149996082e-01,1.388665214896819267e+00,-1.256508940944131236e+00,2.044632407819796160e+00
1.000000000000000000e+00,-3.969346678779401838e-01,4.957392968408329548e-01,1.631427959345358891e+00,-1.885059432240017152e+00,1.537690790608622571e+00,-8.820515601740986922e-01,8.465858213071079108e-01,3.219754703053750777e+00,2.982692574603232671e+00,1.527247310293914584e+00,1.051496266085930831e+00,-7.102605939480297614e-01
1.000000000000000000e+00,-2.283041901738929180e-01,-7.806240596542475541e-02,-3.806881134184614712e+00,3.597064326677311463e+00,-2.642492158789221168e+00,3.463464584859906825e+00,1.686894457395084146e+00,8.583903413790343606e-01,-2.941887619317959057e+00,-1.250747196921597526e+00,8.063890745166280016e-01,-1.604169947252342521e+00
0.000000000000000000e+00,-3.263915546937754542e-01,-2.093812542757817585e+00,4.168431637977979554e-01,-3.480665820208193040e-01,1.196784120601819712e+00,-6.471522766068645849e-01,2.112577287868178999e+00,-3.315928029427881896e+00,-1.213706426243663650e+00,4.263628297070447548e-01,-2.152533322184001285e+00,2.861131214070606887e+00
1.000000000000000000e+00,3.674117364799751595e-01,-4.471613550188419772e+00,-7.149197734217802580e-01,2.254302851324264889e+00,1.040618202193406727e+00,-2.647236702641037720e+00,3.176859636833965217e-01,3.498240202990903214e+00,-5.721457202950478438e-01,3.584752557804589568e+00,3.763760096440334380e+00,-1.578930703723185891e-01
0.000000000000000000e+00,-1.252371714421232962e+00,-2.210385127638398450e-01,-6.891779846696659551e-01,4.056875977654844645e-01,-1.448708222667633994e+00,-1.418459577440831954e+00,8.555654522934477146e-01,-2.159862332701237619e+00,2.108237974538169635e+00,2.748464844825267317e+00,1.093150556064216961e+00,2.085208462411540342e+00
0.000000000000000000e+00,2.874564235053433947e-01,-3.501768941549918135e-01,2.965027727480576303e+00,1.669309762890123006e+00,7.340966496165663990e-01,-4.594992501925589945e-01,2.776831412445929459e+00,-5.239058117304843165e+00,1.714788140861439825e+00,5.223112124607265372e-01,-1.215138090267118054e+00,3.141995602790733866e+00
1.000000000000000000e+00,-3.919822409793281004e-01,3.811815701405955270e+00,-3.453578518729596869e+00,-4.954784356437694548e+00,-8.851932711275497523e-01,1.511543228477564504e+00,-5.973784060484894631e-01,7.559993708878336438e-01,5.982689039422735000e-01,-3.826085020278559679e+00,-4.952286695300159636e+00,-2.026049148943642297e+00
0.000000000000000000e+00,5.924954409527722898e-01,-1.309420318566974828e+00,3.450567466936787842e+00,4.510203962568310132e+00,6.180442242813921627e-01,1.317169437357768036e-01,3.186535917338523483e+00,-3.832824899513148420e+00,4.042626902625755747e+00,1.274100223373544338e+00,3.250338930507044921e+00,1.929663978453587614e+00
0.000000000000000000e+00,-2.404504838551724255e+00,2.265199192596695887e+00,-2.078932758390867441e+00,-3.570227447851944902e+00,3.595539675636520993e-01,1.086764068324265864e+00,-8.533718518592832147e-01,-2.657769368417237210e+00,3.471107123500766223e-01,5.350211496043777437e+00,-5.056387458159564696e-01,2.045045285283390024e-01
1.000000000000000000e+00,5.016591402251875387e-01,3.105549809610539835e+00,-1.153402869756572136e+00,-3.373541084145284863e+00,1.320643605482156868e-01,1.163666912630951789e+00,-1.337353881037858461e+00,-2.361724873610996367e-01,6.624512056564486606e-01,-1.837509414298679200e+00,-3.275815386857374722e+00,-1.597142657484130757e+00
1.000000000000000000e+00,-8.366238584707268444e-01,1.874291960867122686e+00,3.716414031003766549e+00,7.144190328341442076e-01,1.981075520493813524e+00,-1.449749573984881801e+00,8.789265959481030732e-01,2.358625845840475854e+00,-7.353558246990850034e-01,-5.476018468299568287e-01,-9.638520387125781852e-01,-1.732330686313570123e+00
0.000000000000000000e+00,-2.548878907299535257e+00,-2.890529458352145475e+00,9.412435384086198509e-01,-5.464333724143828341e+00,5.283260033847868797e+00,-2.942690570241805581e+00,-9.191545383036239247e-01,-2.470791457975074490e+00,-1.421222569212521325e-01,2.246106581174447392e+00,-7.341406502774485698e-01,1.567192539702073617e+00
0.000000000000000000e+00,-1.064848615509948360e+00,2.563978692311785768e+00,5.296676719020307900e-01,-6.805906318673914157e+00,2.151619345267203443e+00,2.502791645822463718e+00,-2.263450481718227714e+00,-1.158218300023556191e+00,-5.703089186059999705e-01,-1.099660619237810000e-01,-2.764802071455060517e+00,-5.618391708545200647e-02
1.000000000000000000e+00,4.304229903721750183e-01,5.001703001162820239e-02,1.066198355220635552e-01,2.480933813725921144e+00,-5.722182017075883032e-02,2.356540506759710940e+00,-9.315889956369978187e-01,-3.650413603759576020e+00,1.799291184949936229e+00,1.225803795578232158e+00,3.653219272796151884e+00,-5.289893049153673310e-01
1.000000000000000000e+00,6.464122930046531934e-01,5.438032771567107737e+00,2.575500196568672795e+00,4.239515144965667837e+00,2.722439962548608428e-01,-2.118790216221696276e+00,2.693552582208984525e+00,5.112025107230601106e-01,-1.348115389248866203e+00,-1.837200515410934987e-01,-5.303533909033652627e+00,-3.350631514187382809e+00
0.000000000000000000e+00,-9.510333850364991459e-01,1.706757995248582072e+00,1.168784471690586635e+00,-2.347975787728522334e+00,5.640158804852253294e-01,-1.310342155763061234e+00,9.647525209319542938e-01,2.404864651696215105e+00,1.969124043808373026e+00,-3.430197202947060653e-02,-1.276185983554198211e+00,-3.446394278201483363e-01
1.000000000000000000e+00,-8.260807749249874377e-01,-1.504482153963640600e+00,1.803176180257771932e+00,-3.903367760138292120e+00,1.185539135990653525e+00,-1.456995693790113844e+00,1.815253640555435366e+00,1.078476612552700997e+00,-5.766411286138730663e-01,-2.379625436264665161e-01,-2.842400764673248759e+00,3.418989769584645622e+00
1.000000000000000000e+00,3.775578518353745583e+00,-8.276948596822510940e-01,2.327264535829844938e-01,4.990138310074168082e+00,1.463243178732221761e+00,-3.124634893860762652e-01,2.274517889761018097e+00,-2.034568197067903483e+00,-2.815314741818680133e+00,2.406593031208692501e-02,-3.672379255890117378e+00,-1.192405208432200325e+00
0.000000000000000000e+00,-2.636577118160265520e+00,9.281142735327584603e+00,1.210192196895726990e+00,8.491659990063010754e-01,-2.643823147435555576e+00,1.743064584610209078e+00,4.667072645826895183e-01,-3.352803395674027964e+00,1.182550527309120802e-01,1.283598933059183267e+00,-3.607613624667542762e+00,-1.941388478968789855e+00
1.000000000000000000e+00,3.552233605211803091e-01,2.098999427774800974e+00,7.552719773875105069e-02,6.600224990400157310e+00,-1.394645990644872047e+00,4.458244449201023141e-01,1.607385093980683077e+00,6.601864850865764023e-01,-3.659598795871567223e+00,1.488460715003371959e+00,-3.286093850107693060e-01,-2.692130400469971541e+00
1.000000000000000000e+00,9.683465063129381711e-01,-1.664703620448718890e+00,-4.993605003242365115e+00,3.527804799921102408e+00,-1.276509175280502228e+00,5.569409763963182769e+00,9.582201459118084852e-01,-1.928719674116646798e+00,-1.308982195598720644e+00,-1.479670884673214948e+00,2.648429568375313181e+00,-2.059571730996816008e+00
0.000000000000000000e+00,1.854888038888240720e+00,4.261355801748761607e+00,1.509580088383339014e+00,-5.823437338692752929e-01,5.801340593793008482e-01,-8.519825922440209531e-01,-1.083463302229388914e+00,2.158628149278464026e+00,-1.278173475478840526e+00,4.412243534084327123e+00,-3.620246997691825008e+00,-2.087863864280269155e+00
1.000000000000000000e+00,-1.092802911494156426e+00,2.272278262828977269e+00,2.249529602075785117e+00,4.653760751791374828e-01,-2.142190911746021165e+00,1.018006491392657864e+00,-2.249898134324984644e-01,-1.358090847417894986e+00,8.505307345310640921e-01,1.041741159942050299e+00,1.147806379452261272e+00,1.828023812153816596e+00
1.000000000000000000e+00,-1.736083572414948595e+00,-1.538912216944966715e+00,1.358249611430596415e+00,1.058111043246493743e+00,-5.535521556910727448e-02,-5.733804940032395159e+00,1.750429193066544320e+00,3.807065527146090922e+00,-3.563187913202355617e+00,3.327645472712853270e+00,-1.809323897820765303e+00,1.711993423043451923e+00
1.000000000000000000e+00,3.336880615888415669e-02,3.841631618381886604e+00,3.990625971417460782e-02,1.698470332968807339e+00,-3.139704726688305136e+00,-3.669124682649755886e-01,-1.385817344150583441e+00,-3.220862018099297508e-01,1.459139742761120351e+00,-8.692014535241212592e-01,-6.924479984101705732e-02,-1.105121228833604752e+00
1.000000000000000000e+00,-9.409584334505614045e-01,2.779201354702934612e+00,-1.224315009082449501e-01,-6.888678338469644835e-01,-1.462686369274431186e+00,1.076956759087333682e+00,-1.637686219939552545e-01,7.505022723198218060e-02,7.435277558030706224e-01,-6.342644314160239549e-02,-3.758709816862253472e-01,-4.446958361267507875e-01
1.000000000000000000e+00,4.401027753464186176e+00,-2.937501740734623557e+00,1.211925073085001747e-01,1.339300950729957362e+00,1.877987290788483143e+00,-3.249746044693864189e+00,-6.755210417420591806e-01,-1.133910390356168030e+00,-3.077684586112328979e+00,3.234588291140326088e+00,-3.794042000618974786e+00,1.175851597508758672e+00
1.000000000000000000e+00,3.044065056509767331e+00,-9.124541902262033322e-01,-2.371293391192447420e+00,5.263549556502905347e+00,1.213101278408592387e+00,1.072263582663165238e+00,1.281813025406668860e+00,-1.558138587594130708e+00,-7.381846418107779195e-01,-1.311804668640770277e+00,-4.721390105841281049e-01,-3.732443287277158017e+00
1.000000000000000000e+00,-3.352062485421475557e+00,-4.199389259932554963e-01,-2.712562592114235116e+00,-3.354222620803865240e+00,-1.107189594612444372e-01,3.626780144133011419e+00,1.847091428180991812e+00,-1.605291393709248116e+00,-1.262790078398589255e+00,-9.813679249910826075e-01,-3.496258620601296885e-01,1.329912107400055721e+00
0.000000000000000000e+00,-2.220271071566617849e+00,7.263303314604012684e+00,2.257876330095113016e+00,7.873631125721808344e-01,-2.340976409035727013e+00,-1.264979877443117573e+00,7.307925770938421550e-01,-1.910732370355940457e+00,1.037796144445534363e+00,-1.851906395409590456e+00,-3.974478414337642818e+00,-1.042803394412300300e+00
0.000000000000000000e+00,1.049939909105420011e+00,4.705915420703427610e-01,1.494251324138386572e+00,3.887603237931520184e+00,-1.992108799536558283e-01,-5.089639761672062335e-01,-5.049732653026745011e-01,-3.271076647235314105e+00,8.884351003328561092e-02,4.530949719747712212e-01,8.157868780592172353e-01,-2.239844153386063574e-01
1.000000000000000000e+00,-1.463960961270101002e-01,4.526017802677796631e+00,2.731801675302054200e+00,5.868214492516606207e+00,-1.587869940169694960e+00,-2.057669095146525073e+00,1.857009704897558677e+00,2.960525226425915202e-01,-2.790906360315808410e+00,-1.396428937047465180e+00,-3.448873294632808228e+00,-2.220670644933731896e+00
0.000000000000000000e+00,1.045689452978487921e+00,-2.401491895421293599e+00,3.326179013154298314e+00,-8.167969740238437026e+00,5.568703193226085091e+00,-2.350924705974828832e+00,4.491268299204753678e-01,9.378715472392638031e-01,6.844620878917676343e+00,3.708027523910157885e+00,-2.420939635810439583e-01,2.712590840187666164e+00
0.000000000000000000e+00,-1.689151322347850925e+00,3.414669770952094563e+00,1.472837998440843732e+00,6.044268514991743224e+00,-4.808417550446069111e-01,2.345291975446794464e+00,2.281081045137618002e+00,-2.719618886462914720e+00,-5.060499811846061569e+00,-2.149315122354303664e+00,-1.751448785060464974e+00,-2.462223367425888210e+00
0.000000000000000000e+00,3.652785752512709205e+00,1.557038458373614098e+00,7.556091022734947593e-01,-5.561986171374150523e+00,5.341156504628037371e-01,1.630256685800378413e+00,-3.138174520892317076e+00,1.428603395392347597e+00,1.834816267950496460e-01,5.125105590495186991e-01,-3.516569878525111825e+00,7.061666045649364065e-01
0.000000000000000000e+00,-4.899818433945679175e+00,6.897618215680602738e+00,9.459893399476412279e-01,-1.506302895158879940e+00,-4.258824759103240432e+00,-4.830451829167820677e+00,-1.571928602472201231e+00,-9.242520183044055093e-01,3.532951021403972103e+00,2.155473230406605545e+00,-8.168270963027864928e-01,6.402332140024804552e-01
1.000000000000000000e+00,2.407981209228019281e+00,-1.193964327404495096e+00,1.107090754810482913e+00,-6.249369050015952942e-02,1.833635166725051224e+00,-1.115218038003958245e+00,1.749138711508686939e+00,-1.089912666473319192e+00,9.901106513986457358e-02,-1.183235390019002242e+00,-3.541646858248574059e+00,8.995947292766384162e-01
0.000000000000000000e+00,3.583795216361278513e-01,7.850837634971782331e-01,4.797298248546965738e+00,2.251866862864413399e+00,5.213439759805664764e-01,-1.082493608212855341e+00,2.952279820167591939e+00,-2.198025113080206872e+00,4.272994517578743157e+00,6.906137694061238452e-01,7.289749233093356651e-01,2.050673581950089641e+00
0.000000000000000000e+00,1.546797523917735617e+00,1.542670197262236087e+00,3.638056656140356004e-01,-9.809556712616933183e+00,3.560203701729568238e+00,4.295479078535909601e+00,-3.662807304472886383e+00,4.472003917408000628e-01,6.520573939052711765e-01,5.287946659072421118e-01,-2.624019609481785587e+00,-1.869997539294939726e-01
1.000000000000000000e+00,-1.547336925812806241e+00,3.368043799083736189e+00,-4.551543191188210935e-01,1.228223344497600733e+00,-2.410062351204279807e+00,5.809698748672936786e-01,-1.527873401508149431e+00,-2.424428330738604975e-01,-5.626086925446041054e-01,4.118791483154569111e-01,8.185633651235020292e-01,-1.358269785604550028e+00
1.000000000000000000e+00,1.859776824167840514e+00,1.799688598242371818e+00,1.637236223656650447e+00,3.198335006187315255e+00,2.084147878405971710e+00,3.482085109360524289e-01,3.919739005411464472e+00,-1.099892633401472697e+00,1.288338068039506012e+00,-3.503271298037931913e+00,-3.525067271002874758e+00,-2.609944215756417663e+00
1.000000000000000000e+00,-2.742362066297742151e-01,7.573924133398746150e-01,-2.397416470785221243e+00,-3.558803152872913156e+00,-2.334484943165928694e-01,2.522269875661638405e+00,-5.777882205197277798e-01,-1.002282414469829463e+00,2.672979187849744420e-01,-1.845135599965650242e+00,-1.574890995114191838e+00,-1.428254748086144055e-02
1.000000000000000000e+00,-1.953563658062928088e+00,3.606922138224684993e+00,3.047517882341541640e+00,5.316122758551889760e+00,-2.550649744618220804e-01,-2.359600007611732497e+00,4.368509420004418331e+00,2.126658773825927717e+00,-3.321134207221141832e+00,-4.560835321933542907e-01,-3.354545337381978687e+00,-2.085220787604151305e+00
0.000000000000000000e+00,2.061781644770481758e-01,1.342676075052874118e+00,2.474235154511445156e+00,-7.645459234834210971e-01,2.011251447908871448e+00,7.575118705169869848e-02,2.281142158021906674e+00,-1.378689789338959137e+00,6.361261100235029442e-01,2.992458117347630564e-01,-2.884653632708619853e+00,4.781842842187210563e-01
0.000000000000000000e+00,2.059028655054486290e+00,1.610621221690291982e+00,-5.772348506916193944e-01,-1.407571472624914044e+01,3.618247189306767364e+00,4.333298010297347069e+00,-5.177433522578233749e+00,4.079777244396707303e-01,3.680241785670886223e+00,2.579412045466733971e+00,-2.465544976842603653e+00,1.019065914128012285e+00
1.000000000000000000e+00,5.817150512996288825e+00,-2.155568938794541811e+00,-2.692406361465543352e+00,4.856016735162708819e+00,-8.052732174223200534e-01,-3.942537384570756309e+00,-2.158760604615897805e+00,-2.176998974009614951e+00,-1.993963989180442820e+00,2.396097858950593462e+00,-2.748269196983202711e+00,-6.584395768639296209e-01
1.000000000000000000e+00,1.771391436056241497e+00,1.644408682748197847e+00,4.541662962281267646e-02,1.082819648571240911e+00,1.276446098550561459e+00,2.956500556704834803e+00,-1.024463458151653406e+00,2.413941586485960356e-01,1.800948797819740044e+00,-5.151510175333544606e-01,1.753773891613561009e+00,-3.627045634057907808e+00
0.000000000000000000e+00,-2.223518798247631434e+00,-2.538938182776631081e+00,-9.017388813382587465e-01,-6.621205642517944412e+00,2.072966067686037750e+00,-4.244721068706112987e+00,-1.579124846073102439e+00,3.056350523043350087e+00,2.261830530881982604e+00,2.448885470301668477e+00,7.393314855879393743e-01,1.469422098510807073e+00
0.000000000000000000e+00,1.162057050287547799e+00,4.146371095310723121e+00,1.686118062651917882e+00,-2.574090924424963234e+00,9.186143754807438722e-01,2.719064156192770643e+00,-9.432075059202564837e-01,8.378880419185281703e-01,-2.230876635506930938e-01,3.913904156608314366e+00,-2.026305381784237802e+00,-1.169294679302790296e+00
0.000000000000000000e+00,2.580832803938399866e+00,2.696884255347471893e+00,3.719709333646026739e+00,-1.029618871403598535e+00,2.241849744232073505e+00,2.778365803202679896e+00,2.640269388370259929e-01,-8.119424507131718372e-01,-4.242684516149813900e-01,5.761361654605237081e-01,-3.035544697900987909e+00,-4.939918358447320523e-01
1.000000000000000000e+00,-4.614372883016930604e-01,7.523731750355285186e+00,-2.901200951383444693e-01,3.272440178271831090e+00,-2.574180821059106172e+00,5.918944649196151708e-01,3.624742478757971842e-01,-3.685108976668198810e+00,6.716738373010503693e+00,-2.475724186532781701e+00,-5.734133203562086223e-02,-4.140481295160785891e+00
0.000000000000000000e+00,8.260191300621732013e-01,-7.987297914348661099e-01,-1.124402319848176734e+00,7.548980832449642797e+00,-5.712261449833591076e-01,2.275563868979765036e+00,9.885633456531388585e-01,-1.710989345627919711e+00,-4.193540140012419926e+00,-1.923715126036754430e+00,1.546582683968016347e+00,-2.775388299374092149e+00
0.000000000000000000e+00,7.099569937202843128e-01,-9.027083040891740184e-01,-1.792322317307912805e+00,6.777011821827201743e+00,-3.652411427845432268e-01,8.489058455919187285e-01,-6.630500064914550684e-01,-5.580014552416519003e+00,-1.589418416695107528e+00,-4.303773722750854347e+00,1.552825340498057205e+00,-2.566970298833666675e+00
0.000000000000000000e+00,-4.326675049260029660e+00,1.491299578778402246e+00,-2.448385385669550551e+00,-3.996642498534822785e+00,-7.522097494713781973e-01,-2.745148934397637408e+00,-2.305653599818647592e+00,2.364996227167284193e+00,9.906307317305736992e-01,3.474511706038309722e+00,1.717276976609733108e+00,-8.296983186953552636e-01
0.000000000000000000e+00,1.778109169654510158e+00,2.555119732022661516e+00,2.307727224492079010e+00,-6.719763957406010846e-01,1.255166533524320283e+00,-1.385032108051442279e+00,-1.800272284096572140e+00,1.887570817601700313e+00,-1.451283184714430075e+00,3.741337433364449350e+00,-2.366240835187038094e+00,-1.335468974223177785e+00
0.000000000000000000e+00,1.208232619492902504e+00,4.468864416041217202e-01,2.553978467262667529e-01,-6.121007214700949772e-01,1.719204216241564165e+00,7.468110985016356285e-01,-2.373822650333610618e+00,-3.378480726947798551e+00,3.008314301754451137e-01,-1.550078824287283830e+00,-5.476774611128565340e-01,-1.172010449065455928e+00
0.000000000000000000e+00,3.077093819178127188e-01,-4.023345461728187189e+00,4.719461855027601516e+00,-8.309863625155207156e-01,6.097036727499988373e+00,2.646600133674723576e-01,2.244905880630394091e+00,-3.896699401564225340e+00,1.930845194987214075e+00,8.109157372148032561e-01,1.432396592628151666e+00,2.207077368792985439e+00
1.000000000000000000e+00,-1.377431478669642884e+00,2.020147511580911548e+00,-8.498599116654189656e-01,-6.621799187301618872e+00,8.300555035809407123e-01,-7.569010260641177990e-01,-9.875828795415383388e-01,-2.544460101144614406e+00,5.275290816506810643e+00,-2.152323463990420294e+00,-2.218371865057582326e+00,7.842585350251627396e-01
0.000000000000000000e+00,-1.391631754363953366e+00,4.181337868809634983e+00,-4.380119661901744621e-01,-6.752709608644851258e+00,1.826405400422586478e+00,1.168894837557682864e+00,-3.049888319260149583e+00,-1.642344371386380564e-01,2.584126930557795188e-01,4.044780293792499926e+00,-2.290270568004457274e+00,-1.383933658321452320e+00
1.000000000000000000e+00,-1.033278599580893964e+00,4.843009220302202600e+00,1.705411230673177680e+00,2.093356792359785334e+00,-3.566866197116452142e+00,-3.638064541999514567e+00,-1.684718052404714062e+00,2.598478870710161814e+00,-1.051900766676193477e+00,3.627732659909062018e-01,-1.547763579287844138e+00,-1.088193881957174813e+00
0.000000000000000000e+00,-3.195069106941149872e+00,1.570322626924462783e+00,1.203825571016409635e+00,-4.869406091646544255e+00,2.850464674231409035e+00,-2.650167292329047353e+00,-4.197606564747224933e-01,-2.589255639014866439e+00,-4.618256104576656806e-01,1.293200594687046179e+00,-3.537928975933678721e+00,8.746332618620494825e-01
0.000000000000000000e+00,1.412724238242838659e+00,3.223792042241021782e+00,-8.046185228091784492e-01,8.416996764329295999e+00,-1.641966100909575843e+00,1.119712467556497115e+00,1.484450536680368860e+00,-1.125855651067790175e+00,-3.783921048296941425e+00,-3.814037018791545108e-01,-1.476663717276049503e+00,-4.293025840022940187e+00
0.000000000000000000e+00,-2.334514175252979218e+00,3.385597579074079988e-01,-1.248463495443996596e+00,-5.764335753090787939e+00,1.456143557724064230e+00,-1.887194116560320323e+00,-1.805991651787606234e+00,1.795248795668908048e+00,3.051594495504470039e+00,3.902609006437114836e+00,1.292891796963588913e+00,-1.550821027145101727e-01
1.000000000000000000e+00,-6.737578572366920149e-02,-4.031054249345357832e+00,-3.455075413487429525e+00,-1.613084758618829051e+00,-1.885044198588587072e+00,3.864638718968531617e+00,-2.590928585615620339e+00,-1.501011044789745341e+00,-3.068307242871706197e-01,8.834809860736188014e-01,5.127015760419804558e+00,2.577146914266747135e+00
0.000000000000000000e+00,-4.938907481168242075e-01,-7.236515983261500307e-02,6.810742931101605446e-01,2.084354009612055414e+00,5.021569612071492550e-01,8.935806451898042901e-01,2.520127089785039409e+00,-3.959145145033216462e+00,-2.112832296808413446e+00,5.426111277506020514e-01,-1.968462812098552783e+00,1.382406033723888594e+00
0.000000000000000000e+00,5.488976470200950253e-01,8.878600835760591892e+00,6.780203299854684396e+00,1.780588942307664402e+00,-2.188535257005214785e+00,-8.651172721864390791e-01,3.427050104386443419e+00,-3.144254067881997905e+00,5.535416385354418267e+00,-8.509886442126934902e-01,-5.092769177950968285e+00,1.038127151393039016e+00
0.000000000000000000e+00,-1.342740733408559262e+00,-1.474908449823671974e+00,3.514349220208684565e-01,-4.683656622679627901e+00,6.768529115776191762e-01,-4.790091586748241426e+00,1.079904790140272519e-01,6.567555146449564063e-01,2.483635755823475399e+00,8.175180161891363317e-01,-1.795822455445298838e+00,3.050663120040375098e+00
1.000000000000000000e+00,3.787179008679083303e+00,-1.260157271219005670e-01,-1.060546279363046018e-01,3.431151531117509812e+00,1.947463848773356654e+00,-1.057623195393408100e+00,2.347525916298215165e+00,-7.054112919897987943e-01,-1.705247555774510371e+00,2.820819386834146236e+00,-4.073848707281898740e+00,-1.502563693892621011e+00
1.000000000000000000e+00,8.280415466323576279e-02,-1.474347134670371595e+00,2.588947594991916290e+00,-2.007532752240094975e+00,3.175664516856049779e+00,-4.932450037842776025e-01,1.396283173190423943e+00,3.397449977872340821e+00,-6.782081535788837545e-01,4.744935208461976472e+00,2.545998677296779089e-01,7.105471205444657823e-01
0.000000000000000000e+00,-1.753378338021403415e+00,2.590322802862538687e+00,-1.742603405736210753e+00,-3.894276927370259322e+00,-5.841401049207999296e-01,-1.013409304158181090e+00,-4.357737022645922220e-01,-2.927464549394385163e-01,-5.887370908784790302e-01,2.010833352748774061e+00,-3.535120974729911048e+00,3.927212528677397341e-01
0.000000000000000000e+00,-1.908276222847821835e+00,1.570348787570488902e+00,1.777246625946361958e+00,-2.508734504459546155e+00,2.968733368338101641e+00,-5.131231434681715609e-02,5.746193889427364532e-02,-2.506897760222613236e+00,1.728744533853792342e+00,2.689517976746753192e+00,-7.762624429246545166e-02,-2.924690887595371436e-01
1.000000000000000000e+00,1.970370752374681622e-01,2.260474414806068921e+00,-4.199045825117279307e+00,-5.673514385400220128e+00,-7.999029498667054039e-02,3.168799682525448969e+00,-2.391348095977683386e+00,-4.226136186820026452e+00,3.690858543408018555e+00,-4.426124489507865079e+00,-2.208965990231190446e+00,-1.204520681098025126e+00
0.000000000000000000e+00,5.939656582535620677e-01,2.356456364937098868e+00,-1.751026705425444696e-01,1.391361118494149229e+00,-5.796256972560667187e-01,1.791952303759537957e+00,-7.877512608007389838e-01,-4.572745361733376868e-02,-2.722837524322045510e+00,1.437893846387243713e-01,-1.344547246499468995e+00,-1.815763794634381423e+00
0.000000000000000000e+00,-4.529080709219429401e+00,5.679477286037982964e+00,1.109591997044612199e-01,-4.075743092431533654e+00,1.350885552748084528e+00,-6.146807983912256912e-01,-1.761469777568986483e+00,-3.330271328196496849e+00,-4.528219222225800422e+00,2.230287962514332367e-02,-5.853571299771922476e+00,-1.549645198947777747e+00
1.000000000000000000e+00,-1.330373367389485306e+00,1.466012033230851053e+00,3.432234529115176347e+00,1.173450054217126226e+00,1.117159148596650997e+00,-2.962930587386220616e+00,2.074007867789664949e+00,3.234640816643514327e+00,4.150227770055625598e-02,2.570257640089473883e-01,-9.089343500803922504e-01,-8.987256865779025272e-01
1.000000000000000000e+00,-9.264033963448037312e-02,-6.564359921815518528e-03,2.087639538259175254e+00,5.887842287151413660e-03,2.132985484580667723e+00,1.995451371553075948e+00,8.839649681626291500e-01,1.556067005944566262e+00,-1.500236759039404344e+00,1.365299277228533281e+00,7.032301828906548646e-01,-8.096993483012817627e-01
0.000000000000000000e+00,-9.041926037492720170e-02,-2.272244586490315132e-01,1.892329701562679878e+00,9.653229317487352912e-01,2.688998389728592953e-01,-1.316045403497072108e+00,-5.062925973212005770e-01,-1.780036436583141590e+00,-6.836778491434678529e-01,1.666373292112723448e+00,1.446089606703298003e-01,1.348921640648301778e+00
1.000000000000000000e+00,-1.658376862618674785e+00,4.458022742092278556e-01,4.107512015457286836e+00,2.724954918453754704e+00,3.323829458621821775e+00,-1.983309800484663210e+00,9.157656443831190263e-01,4.899091232034235688e+00,-1.297474185172239336e+00,1.517549492770382980e+00,2.548594775863221695e+00,-3.553655930802646079e+00
1.000000000000000000e+00,5.502761067503019188e-01,-2.000396786946045502e+00,-1.166981067224092783e+00,1.001732765057162355e+00,1.448991404393429328e-02,-1.397201617673344831e-01,-2.636828619636921722e-02,7.001318751577632060e-01,-1.814737796273533377e+00,8.666216502443989667e-01,5.558434389636075501e-01,1.497037436338362060e-01
0.000000000000000000e+00,-3.152397984055625990e-01,1.923893512771730929e+00,8.127837973519524972e-02,3.735426297384472627e-01,1.103312217881527557e+00,1.186880817313479941e+00,-7.768151430840009031e-01,-1.880306434609932520e+00,-8.746123651491175544e-01,1.895805644432783321e+00,-3.126556991645991213e-01,-1.683171665788867344e+00
0.000000000000000000e+00,1.580631480066367001e+00,1.203384964739736773e+00,1.752615258628470452e+00,7.943526793021328913e+00,-1.043305857929694103e+00,-6.518326039974784436e-01,1.435847314760182236e+00,-1.640697015649524637e+00,-3.002322974139619571e+00,-1.147391558731358785e-01,-6.666869485649489224e-01,-1.581515434756776806e+00
1.000000000000000000e+00,-1.676813908527690966e+00,3.000506696592182276e+00,1.312182729489384192e+00,5.285520278768855107e+00,-2.999839598470076751e+00,-4.377181822974810288e+00,6.091486296716346338e-01,3.219463311274229689e+00,-2.111503230977208823e+00,1.555970003724284290e+00,-2.070648761658849812e-01,-1.577026262440138771e+00
0.000000000000000000e+00,3.830473431397755757e+00,3.305120865599407320e+00,2.776595422920458134e+00,4.089463385899737013e-01,3.919744084515353055e-01,1.777638654973525245e+00,4.405129270303165256e-02,2.454138152314721655e+00,-2.103123568105243812e+00,1.352486848598676294e+00,-4.064982445819976142e+00,-1.280835920060080069e+00
1.000000000000000000e+00,-1.238739380980919957e-01,5.296314037257711327e+00,3.975512394675124295e+00,4.914604907372356557e+00,-9.066509467933228095e-01,-4.764581706843378228e+00,-9.733749820593906588e-01,1.935546476370596070e+00,-1.914258308184100255e+00,-3.971785228650626109e-01,-2.573616373339122632e+00,-3.396961283652534913e+00
0.000000000000000000e+00,2.426882692492152938e+00,2.241677070554545015e+00,2.894717200504579147e+00,-2.441966880048458854e+00,1.481581510274053715e+00,3.384385030541996908e+00,-2.769004371304606416e-01,6.988725237160726689e-01,-1.697706296586495966e+00,-4.005551622533569667e-01,-3.406433194690219768e+00,1.575438599770384585e-03
1.000000000000000000e+00,1.743149230266082927e+00,7.024958963451123140e+00,2.874509626443043420e+00,2.226022172359753137e-01,-1.206457420573240569e+00,-1.277138141245995229e+00,-1.895635441042065494e+00,-7.647408574977051510e-01,2.690844681883514333e+00,-1.380975459370934244e+00,-3.806785736773823814e+00,-2.392196693212279790e+00
0.000000000000000000e+00,5.088355304261878986e-01,1.772309499441300007e+00,-2.837882080098526050e-01,5.828516487461870454e+00,3.040694365458650461e-01,2.095614345279894764e+00,6.675936288130683849e-01,-1.074795870020361033e+00,-4.646275010918614612e+00,-1.689883679136576333e+00,-8.987974212805729390e-01,-3.978739974269173363e+00
0.000000000000000000e+00,3.874335494260337409e+00,8.803424370403395427e-01,5.389855804632995850e-01,-8.451411044240018100e+00,1.361427679616449282e+00,1.039479268880161511e+00,-4.177622511452359966e+00,1.567740196758002913e+00,3.732692397373101656e+00,5.451771826591676806e+00,-1.362838144545726937e+00,1.803844790242525420e+00
1.000000000000000000e+00,-3.668644009930133176e+00,-1.114861900550238039e+00,-2.023079671709958838e+00,-4.250163770107750594e+00,-7.238869635214830733e-01,2.997358673459160627e+00,-2.773823474166663416e-01,-1.885464100706637058e+00,-1.388047439661332483e+00,2.029600645790237134e-01,1.299825138767396027e+00,2.775517627437637191e+00
1.000000000000000000e+00,4.594817834773867737e-01,8.546641938408227057e-01,2.505413298816351997e+00,1.688350708521587640e+00,2.527848301050365620e+00,1.133208318023189776e+00,1.019783688560440549e+00,1.909934190882623062e+00,-1.311505238249677241e+00,1.553416513457727355e+00,4.388056007218439358e-01,-2.356353711034051557e+00
0.000000000000000000e+00,-2.459285074413674055e-01,1.886730866055023714e+00,2.444575220207389155e+00,1.775063425689451302e+00,-1.975886804147620079e+00,-9.272054387954812293e-01,2.536866873443958781e+00,-3.791136292525810969e+00,3.868705256479132437e+00,1.768781124098741220e+00,-3.529252186171342176e-01,3.150905892510072803e+00
1.000000000000000000e+00,-1.203686884024310455e+00,2.726411659745793692e+00,-1.129174770960892582e+00,-3.396282341412363071e+00,1.124292306543464015e-01,1.327293080836033701e+00,-3.151124337576003853e+00,-1.923175441503027994e+00,1.477570666754897122e+00,1.522135857470681142e-01,3.033612183288043607e-01,-1.327202515724255294e+00
1.000000000000000000e+00,6.451793785872896869e-01,5.726266894244069761e+00,1.749706237614292004e+00,1.298257249898383536e+00,1.629351846330131526e-01,-3.032277766186934009e+00,-4.143021599992566806e-01,1.072129514124516847e-01,-7.294818956221915673e-02,-2.348113479270126369e+00,-5.415036335972014392e+00,-3.599150574547856252e+00
1.000000000000000000e+00,-1.330283578096142172e+00,7.533574031980165842e-01,2.314445566853275515e+00,3.814777442473125557e+00,-1.965491132139495001e+00,-5.172772089337405177e+00,1.764009435948221682e-02,3.026643516636955411e+00,-3.771267752310706545e+00,2.030466149124729114e+00,-7.411520148473225156e-01,5.138143609819165736e-01
1.000000000000000000e+00,-1.036213901462867071e+00,4.127494192414906671e+00,3.537247624232773724e+00,-9.548574055497335067e+00,2.734467573083310565e+00,-1.018832122981201405e+00,-2.470682075548203294e+00,4.416527983903479893e-01,1.945756701818911250e+00,1.120241282836976993e+00,-4.728199654913997740e+00,1.226683012786736970e+00
0.000000000000000000e+00,-5.636099532087901487e-02,-7.005354533542365036e-01,1.755031777700214013e+00,-8.902567708081362552e-01,1.825660489402958220e+00,-2.817571640115597020e-01,2.095378023358723141e+00,-2.566414199349161152e+00,5.486785306007376795e-01,5.520662230597017661e-02,-1.962543984236366779e+00,1.924690157763875309e+00
0.000000000000000000e+00,4.175632294849791037e+00,1.867989903589647671e+00,6.997558687943333799e-01,-8.247008574304823370e+00,1.466171162590828025e+00,4.438397634945543402e+00,-3.446974604209122717e+00,2.357907088234496129e+00,1.270985581700818656e+00,2.242243552703676368e+00,-2.679757935863158913e+00,5.991363720933178261e-01
1.000000000000000000e+00,8.456047601888092569e-01,3.938740787211680416e+00,-2.623691278014373296e+00,-5.496777804453827798e+00,1.381421095986672398e-01,6.570468179076294213e-02,-2.232809007763618681e+00,1.282391786599862193e+00,3.834834581757373684e-04,-3.497763526403507850e+00,-6.035951785035647887e+00,-2.661512599973050897e+00
0.000000000000000000e+00,-4.663887337295408164e-01,-2.478170741143675748e+00,-1.126234206720650999e+00,-2.151542719788459124e+00,2.083426520357682499e+00,5.910138535040814212e-01,7.620902349883577065e-01,-1.072960701037834585e+00,9.867534251669426437e-01,3.500321318704892271e+00,1.289609456699254864e+00,1.168484138204751499e+00
0.000000000000000000e+00,3.170224393190109513e+00,6.160191818844820144e-01,2.652414357416229551e-01,-1.306192902011331824e+01,1.827170838875948444e+00,5.515544863799717312e+00,-4.129148490931109805e+00,4.686215785456755434e-01,3.538142943272150731e+00,1.121515117636923797e+00,-2.318662317436109177e+00,3.312679418140509924e+00
0.000000000000000000e+00,2.771926257528449788e-01,2.860500075430373990e+00,3.556203969718412239e+00,-1.922823514683697166e+00,1.876467346331533559e+00,3.143053960592778751e-02,1.589685763955856590e+00,-6.246042558839497438e-01,2.530609728763731248e+00,2.601584417562657903e-01,-2.617968131038693969e+00,1.689031917639444158e-01
1.000000000000000000e+00,-1.441381711347822225e+00,-2.074811484172569553e-01,3.847729383997364749e+00,9.113759551146562998e-01,1.914438801058065742e+00,-8.285515931730439432e-01,2.165433139974656918e+00,3.159355890690480617e+00,-3.982643067579780816e+00,2.849953410913953711e+00,-6.402694311043098940e-01,5.409139464356433891e-01
1.000000000000000000e+00,-9.271104991833386544e-01,7.746733648876197309e-01,-1.928430107881783595e+00,-3.167553007181151070e+00,-8.181799876881490352e-01,5.491171963013958823e-01,-4.525638366766846943e+00,-6.534869277997489290e-01,-7.592228137852516934e-01,5.175862430798463532e-01,1.097507985850719070e+00,-3.829955658297954368e-01
0.000000000000000000e+00,-1.521591629525534728e+00,1.087721047400640684e+00,1.378584360418594112e+00,-3.471106633082179815e+00,1.112116297604461179e+00,-2.594075856282127113e+00,2.361628806889377596e-01,1.318560469309281391e+00,1.524718893797476937e+00,-3.628947036704630591e-01,-1.948106853259379045e+00,5.061899555947704243e-01
1.000000000000000000e+00,-1.555982280176650079e+00,4.156220557423313089e+00,-3.133132130279216110e+00,-3.650305219893786646e+00,-1.389853113730994183e+00,3.107801988397916881e-01,-1.670598936086525210e+00,-1.151236334109144499e+00,7.158805711815772188e-01,-3.665792329474070410e+00,-3.686948486214324472e+00,-1.999646177339824193e+00
0.000000000000000000e+00,-5.788842823934974291e-01,2.521543078682415562e+00,-7.376134846469901696e-01,3.565025723803961988e+00,1.136249935678671497e-01,1.091458799387511114e+00,-3.087353331497200148e-02,-2.245358188623281848e+00,-1.405890017763576250e+00,2.693142528362598931e+00,4.819745378682898096e-01,-2.843735970587768946e+00
0.000000000000000000e+00,-4.125194425603426751e-01,3.354337027196377718e+00,5.208985920005186010e+00,-8.913647140838844019e-01,1.875748069928484973e+00,-7.592550127804462701e-01,2.420999764767838958e+00,-3.001745450405695070e+00,1.766970865422974768e+00,-7.884213737121059662e-01,-3.985435093919265537e+00,1.348160648978752540e+00
0.000000000000000000e+00,-2.685046943538768716e+00,2.380109761628720566e+00,-1.703814194111748836e+00,-1.410718548640747194e+00,-4.451271519817452393e-01,-2.962645579727264389e-01,3.599661826395657016e-01,-1.882890876927985069e+00,-3.961248437500342057e+00,9.621226938627578384e-01,-4.070477768373665484e+00,1.420203222864935277e-02
1.000000000000000000e+00,-2.024288197952124779e+00,2.968174598174848633e+00,-3.369342508179968831e+00,-3.250378811794970346e+00,-1.074469004555495211e+00,7.129518558536968698e+00,6.240807279692894838e-03,-1.898370284728126522e+00,5.034855777138412813e-01,-7.650540324258533476e-01,7.345083327212855728e-01,-1.259953012769092551e+00
1.000000000000000000e+00,2.715429904197641520e+00,-2.489416875017496533e+00,1.254454567075292681e-01,4.059348702377734708e-01,2.260593280358070611e+00,4.839087811213640400e-01,-1.973369811965972609e-01,3.377496722413915187e-01,-3.483046167728570675e-01,2.236756197598356088e+00,5.390946871640218685e-01,-2.893819073439940492e-01
0.000000000000000000e+00,-2.883734603392933415e-01,3.137600710950309235e+00,1.604078874040131941e+00,-9.404271321625232716e+00,2.957831183103885486e+00,1.042937987158274238e+00,-3.005102479158456852e+00,-3.046019356013982549e-01,2.625052973578862137e+00,5.074246026175044832e+00,-2.249700315963942820e+00,9.144533200127646921e-01
1.000000000000000000e+00,-3.000878932611448224e-01,-1.343111582635817092e+00,2.091443643553913212e+00,1.700566236722445002e+00,3.370690610610747040e+00,-1.179991153128211456e-01,9.338238048630742583e-01,3.136968840411377357e+00,-3.320760791343621232e+00,3.280021539120151708e+00,1.285589375042311744e+00,-1.934144360842253496e+00
1.000000000000000000e+00,2.356328134860725232e+00,3.604684123521417760e+00,9.670201442802194292e-01,2.558483320904533453e+00,5.390881146574488803e-03,-1.337207507824214936e+00,1.526075583823720550e-01,-9.587213604603364026e-01,1.572894117447088291e+00,-2.234428301922567695e+00,-3.314061140501272540e+00,-2.899287244425742038e+00
0.000000000000000000e+00,3.099514921151108826e+00,4.793507470669856052e-01,1.122295890407016827e-01,-7.421285798017616120e-01,1.058978715725132247e+00,1.156859804560889549e+00,-2.348430063033561499e+00,-1.023560999347913336e-01,4.164977446469837474e-01,2.136534677737006227e+00,-1.946980908073092653e-01,-1.134843204177522713e+00
1.000000000000000000e+00,5.579172716495466311e-01,1.881044956267497348e+00,6.735919563169363578e-01,-1.951513218883767165e+00,-2.766753172927016724e-01,5.338478173725960119e-01,-1.041867615936140412e+00,6.790890751256473123e-01,-6.778661318601419961e-01,-8.119612747474491687e-02,-2.048682692420541684e+00,2.654073971439530055e-02
1.000000000000000000e+00,-2.144624411240207973e-01,5.083272513893238198e+00,2.961778554603044178e+00,4.174841366857656055e+00,-5.765645829747139128e-01,-3.836500575910483324e+00,7.274547507400573876e-01,8.405234846464486598e-01,-1.985870633858517476e+00,-1.643344840002444407e+00,-4.404545789925579768e+00,-2.982560713411592346e+00
0.000000000000000000e+00,5.576506098569988801e-01,5.749115192972832133e+00,2.959230992838342900e+00,-1.477531032015580781e+00,1.222399371802455725e+00,6.104730419315154144e-01,4.536719090671146315e-01,6.107131780198509219e-01,-1.052918447692360093e+00,4.236197015281616629e+00,-4.618144507336556792e+00,-1.452432780553877256e+00
1.000000000000000000e+00,5.155175898030783799e-01,3.673146828193034175e+00,-4.831064453381319623e-01,-1.598925090007561334e+00,-6.187882813288261286e-01,2.513146198538745324e+00,-2.321199816812774319e+00,-1.649367117056854681e-02,8.490039050671822629e-01,4.338205876994700727e-01,-2.039081933786217604e-01,-2.128961588527628734e+00
1.000000000000000000e+00,-1.383574394874941049e+00,6.021341551199268505e-01,-1.811593697767047928e+00,-1.998089414710318312e+00,-5.377525278150213639e-01,3.942506492093392989e+00,1.490151294848398589e+00,-2.773119816366307333e+00,3.035635721357438754e+00,-9.501827011747272511e-01,1.234035724863682848e+00,7.465337279508541535e-01
0.000000000000000000e+00,3.109522628861842719e-01,7.386125144297110978e-01,-2.172320459440559848e-01,-1.374965820434708164e+00,-5.717191101206871018e-01,2.014444932428236523e-01,1.683155140890721713e+00,8.208626984116356162e-01,1.752075416227846461e+00,2.058202213236466793e+00,-1.090384396834742642e+00,1.101456660655115938e+00
0.000000000000000000e+00,-1.490583213457799205e+00,4.752684992112039097e+00,-4.910385356865387685e-01,-5.800122668998219932e-01,-2.212162643669287831e+00,-4.624129198169847355e-01,7.640897727878070977e-02,1.966625817819692035e+00,1.277072003154140045e+00,3.544043249960567854e-01,-1.403853213023417812e+00,-1.777794268763082997e+00
1.000000000000000000e+00,1.611701619213876890e+00,-1.242464203596510997e+00,-1.683201548597604180e+00,2.555330569750052128e+00,-1.427725506277868206e-01,-1.901661592811388690e+00,2.092420321673135852e+00,-3.687843093577674036e-01,-2.693611748564747721e+00,1.547374641700224540e+00,-3.394987833220187490e+00,2.817061338164226214e-01
0.000000000000000000e+00,2.379638425872259155e-01,-5.479882297046133388e+00,-1.332685201521937035e-01,-1.696768422755485117e+00,1.552347156103522252e+00,-2.169713353501518949e+00,1.886807952966025104e+00,2.219401418871216780e+00,2.860736885327954226e+00,3.028961800065796517e+00,2.910823813372375390e+00,3.007767392004110807e+00
0.000000000000000000e+00,1.103144548145651882e+00,1.918269301414359918e+00,4.430304883981545316e+00,1.283129469269969292e+00,1.489924201253589597e+00,1.639940815673496033e+00,7.391286838433919204e-01,-1.582787635050352026e+00,-1.210402426925670349e+00,5.206861205137800486e-01,-1.436734141190184832e+00,2.851648454387485376e-01
1.000000000000000000e+00,2.700041128804087975e+00,-5.097259280184680108e+00,-6.441462991081996492e-01,5.756245178876929991e+00,2.437519303215879063e+00,-1.103253879657469794e-01,3.397101717956106937e-01,9.969785324365232348e-02,-5.574405779254083093e+00,2.640291485544537409e+00,1.577658574435405026e+00,-1.230329510193542086e+00
0.000000000000000000e+00,-9.841844718881553877e-01,7.532068927750075193e-01,1.956577328032293561e+00,-2.909893526458552593e+00,1.274105948431315305e+00,-1.798800121118565354e+00,6.508761869187027482e-01,-3.251629696867422314e+00,2.154541836671543642e+00,1.718981637667191142e+00,-2.111068993196672849e+00,2.612860898884564520e+00
1.000000000000000000e+00,8.290697412601322203e-01,-5.451743390042046222e+00,2.986618546715913425e-01,2.292813550919218013e+00,1.408990493973839353e+00,-1.348146361373147029e+00,1.430070595126858191e+00,1.971834980970902595e+00,-2.926943561540884531e+00,3.224294462393681560e+00,2.129878823862795478e+00,1.794747434786232443e+00
1.000000000000000000e+00,1.382043490118661566e+00,3.489221796955457755e+00,5.477892796435595013e-01,2.199074908070762113e+00,-4.041318800234403597e-01,-2.058946324740339229e+00,-6.250841419091555107e-01,7.363327212059456173e-03,7.784530979619370683e-01,-1.505746186964803890e+00,-2.628209401212633800e+00,-2.939715673801331697e+00
1.000000000000000000e+00,1.427137781631826474e-02,-4.981817528040212162e-01,3.208339316731720903e+00,3.004653047103231917e-02,1.879185351049259545e+00,-2.588702863342184468e+00,5.968642262744204841e-01,2.374869481345203148e+00,-1.128704782126049855e+00,1.351509379130396260e+00,-8.455633505260392591e-01,3.272740120915262896e-01
1.000000000000000000e+00,-3.459003026380078172e+00,2.547051179207625360e+00,-1.154611567570809072e+00,-4.237101310312532121e+00,-2.276696221610825521e-01,-2.641499587184730213e+00,-9.886917187714970856e-01,3.572242548408839369e+00,-2.660441997834270822e-01,1.164479057058433131e+00,-1.545770226234504108e+00,-1.172148980088675074e+00
0.000000000000000000e+00,-1.524339707479613448e+00,3.860988206829916169e-01,-9.296837186388362539e-02,-4.646536750973257910e-04,-1.109865447061213928e+00,-2.032017760980115550e+00,7.638831970999533372e-01,9.074526531930249273e-01,8.793892737317454689e-03,-1.001511613512895416e+00,-7.385988938849181729e-01,5.537461950522321041e-01
1.000000000000000000e+00,-2.371835804773652079e-01,3.898985964496107792e-01,-7.811340148780767656e-01,4.285354993045052296e+00,-4.844684367896353372e+00,-4.597391021542089895e-01,-1.045204163285561760e+00,1.096306943347431506e-01,-1.269873241863287205e+00,-3.676388157036242221e-01,2.301203084778528751e+00,1.016623450187811972e+00
1.000000000000000000e+00,6.451661294507951006e-01,-4.101640423682589853e-01,1.334870935840732020e+00,2.052244207466946246e+00,9.332023989990494428e-01,-1.520902891764388087e+00,-4.397490981561027468e-01,2.225291770511365730e+00,-5.820529631090848310e-01,1.655336906948076781e+00,1.371050287255217714e+00,-1.450165244313352364e+00
0.000000000000000000e+00,-5.981860885834152652e-01,-5.459870781400678830e+00,2.777764565751566828e+00,-7.082440602491932857e-01,4.445976453078131385e+00,-2.923352382381603221e+00,1.908176584317274438e+00,-4.017262986270676350e+00,1.716706075058811454e-01,6.040581187310849476e-01,1.049220016441090308e-01,3.750879511546327372e+00
0.000000000000000000e+00,-5.699725621279116972e-01,1.540472163622208734e+00,4.203540537828347468e-01,9.882788166372696637e+00,-2.001443924203183400e+00,-2.804305715434991519e-01,2.144483219830713328e+00,-5.255205598239401255e+00,-2.502761279992413268e+00,-1.886147327801797946e+00,4.385725405912268560e-01,-1.739318649028399388e+00
0.000000000000000000e+00,4.432694431186501305e-01,6.036105540387100010e-01,1.664386967827814701e+00,4.258707324997819121e+00,-2.403482807712279179e+00,5.099252984124083010e-01,3.214320266008682481e+00,-4.038141703239595870e+00,1.869756571670982526e+00,1.406363648679300304e+00,3.538537535064671946e-01,2.954236972209757894e+00
1.000000000000000000e+00,3.092969043377125082e+00,1.451362219190720747e-02,-3.289585032183679925e+00,1.025710553820033510e+00,-1.534675932619560479e+00,2.422830332842791368e+00,6.856134316128528194e-01,-2.485712792658939296e+00,1.430781121973347059e+00,-5.018861028691872228e+00,-2.378088001841359045e+00,-7.609743559464521301e-01
0.000000000000000000e+00,9.351355756677246500e-01,-2.065907004540775915e+00,-1.209870349819370361e+00,1.369697889731114726e+00,2.888641069357108515e-01,2.512551270174414597e+00,-4.636857799589865214e-01,-1.515097086515957425e-01,-2.603611602825853133e+00,1.122665829763027645e-01,1.513157895216803439e+00,-3.532992500930787205e-01
1.000000000000000000e+00,9.736331682351511141e-01,5.942817656334203891e-01,2.901646914508040354e+00,1.841310174088538476e+00,1.632081722929871415e+00,-7.674085741056178023e-01,3.297084769715856734e-01,1.345958899419063215e+00,-1.703678463627294803e+00,1.436972328395809351e+00,-6.651189086021436214e-01,-1.025735002912118388e+00
0.000000000000000000e+00,-2.823102340928913989e+00,3.896380155531973699e+00,1.782832676972977204e+00,-3.491869517786197363e+00,1.993725981243116729e+00,-1.013936030970712388e+00,-2.739072490446843311e-01,-1.219123757946833031e+00,1.058943936849852552e+00,2.107248616454597823e+00,-2.062266202804368120e+00,-8.734614592248097775e-01
1.000000000000000000e+00,-1.080162891609299791e+00,5.250675643317574526e+00,3.082713531708164201e+00,5.079798255262466533e+00,-1.325106731936442905e-02,-3.589936779843099224e-01,3.618867861522116147e+00,1.853877799817488459e+00,-1.710255829762881596e+00,-5.933870541707220170e-02,-2.577877282865525643e+00,-3.584092646153504091e+00
0.000000000000000000e+00,-2.517219502198687398e+00,3.340896615338452058e+00,4.164670070676802283e+00,2.845980357283299345e+00,1.827459515717411609e+00,1.177766543970517388e+00,2.045850523038577951e+00,-1.180946976146363347e+00,-4.861881122667916166e+00,5.050938699197187187e-01,-2.029038893054186055e+00,-1.437523713422460769e+00
0.000000000000000000e+00,1.357937373609078957e+00,5.746104248142668958e+00,4.062147617539945799e+00,4.244649049975149913e-01,-3.792164482552855542e-01,1.399087673437149792e+00,3.273438569059695880e+00,-2.640364326063723510e+00,2.108274457396331680e+00,7.059151933875953411e-01,-5.201833614280503504e+00,8.393798627373709742e-01
0.000000000000000000e+00,-1.879853748492883003e+00,3.783261558998517238e+00,-1.010166746795147397e+00,3.737381702123120597e+00,-2.428529085771884422e+00,1.826973153619682488e+00,7.105474252665735513e-01,-1.146643995395257631e+00,-2.105365259687446144e-01,1.568293863429770951e+00,1.509836485462977329e+00,-2.213497788917403675e+00
0.000000000000000000e+00,2.517194120457454609e+00,1.773907953071259591e+00,-2.266163638512110445e+00,5.528630365148693215e+00,-1.032539379548511604e+00,6.608271987948877157e-01,-2.043932666487740413e+00,-4.199742155903027907e+00,-5.600921760835748664e-01,-2.779881188922763702e+00,-3.636697660982950442e-01,-3.901898292130516754e+00
1.000000000000000000e+00,-9.568393388148048739e-01,-7.811174651772910815e-01,2.023800784607780123e+00,-1.803780780981352860e+00,3.740022623431082494e+00,-5.205741086178117261e-02,2.209209308862140730e+00,2.341102434438406821e+00,-1.089561549923196537e+00,4.408306576246528996e-01,-1.170587892973605770e+00,-7.035548626803529437e-01
1.000000000000000000e+00,-1.815536797531240865e+00,-2.509747127243781684e+00,1.687968564906697999e+00,-1.577162195661204969e+00,1.105255454417936045e+00,-2.598615119325808909e+00,5.912310955714887850e-01,4.683049005158203215e+00,-4.853634518654111885e-01,3.748427076374428069e+00,2.390773877163452799e+00,1.561813018199564862e+00
0.000000000000000000e+00,5.278819594039058094e-01,2.059190884221369089e+00,2.981395261133328312e-01,4.850940523174696928e+00,6.779498184458767618e-01,3.485363689850962121e-02,-3.501081987753524860e-01,-1.439854910039567448e+00,-2.630907155190587154e+00,1.176728883336458420e+00,-3.300575991121916797e-01,-3.484797438919949197e+00
0.000000000000000000e+00,2.006017169609163542e+00,3.222123447108123262e+00,1.440785156777997233e+00,8.987078632044120940e-01,7.607740834942888775e-02,-2.142612095072293776e+00,-1.949180339198634648e+00,-4.590473459319146521e-01,1.015143749017832775e-01,2.936676727457870228e+00,-2.357542616934613200e+00,-1.466001663614826978e+00
0.000000000000000000e+00,-8.021349472198997521e-01,3.941408874098692117e+00,-3.126296249961455498e-01,-6.835995423521206149e-01,5.220868107580669548e-01,-6.413064318441543676e-01,-2.489336416579640776e+00,-3.024263317579938271e+00,-4.244817902039457191e-01,5.777168524764559887e-01,-2.166345366045945742e+00,-2.344084066103341080e+00
0.000000000000000000e+00,-3.304155099117740413e-01,4.276861843148728859e+00,2.157262915905139078e+00,1.685724312226847710e+00,-8.093923898276353945e-01,2.188000902264544578e+00,2.422621213748766600e+00,-4.923680790179082223e+00,-3.516234493387391247e-01,-9.950569223865302071e-02,-3.597512617955077374e+00,8.497833589073946481e-01
1.000000000000000000e+00,5.010773333822213793e-01,4.457341370006432157e+00,6.996085806660907735e-01,9.703697894649526035e+00,-3.818930599888257227e+00,-4.083873532043221566e+00,1.426174656054159273e+00,-2.096087389116905175e-01,-3.234431133298115491e+00,-1.643239277327495973e+00,-3.146302841833443331e+00,-3.164712628015104112e+00
0.000000000000000000e+00,1.407841552502105076e+00,1.436007741730735754e+00,-7.885864893989991131e-02,-5.619443583455319136e+00,2.018264812265418762e+00,1.789483654434965931e+00,-3.252693449399779890e+00,-3.423993577239529795e+00,2.469986756748129064e+00,-5.790849324869911108e-01,-1.824687525381074815e+00,6.652390293688692502e-02
1.000000000000000000e+00,-1.065954909523825433e+00,3.402699908003340212e+00,-1.864015155362995557e+00,-4.201119194163334569e+00,-1.237980220141299270e+00,1.371399455072230378e+00,-2.511592863523010255e+00,-6.777234725761697165e-01,1.196421095139778235e+00,-1.443435450145813093e+00,-1.507586667492343047e+00,-9.043888245115064839e-01
0.000000000000000000e+00,3.795167061627656713e-01,1.145063124683783462e+00,1.983589358334640007e+00,1.213614412026762235e+00,1.461442257231527542e+00,-1.731237108387214008e+00,-2.621087257026980533e-01,2.153041350303919188e-03,-7.361439454612598299e-01,4.731227068570995620e+00,-3.730492363785197218e-01,-6.969770724843009635e-01
0.000000000000000000e+00,-4.159079503720743531e+00,-2.783730976347553732e-01,-9.836834377232781534e-01,8.340776191947664842e+00,-1.219591679775544613e-02,-1.660185875407837575e+00,1.466792111255887932e-01,-5.083060209748161640e+00,-5.316282536462111352e+00,-3.255682090512206805e+00,2.102568339334818681e+00,-3.173777651114965348e+00
0.000000000000000000e+00,-8.566976599481681554e-01,-6.528860271728114117e-01,1.341573314985854637e+00,3.111789702721629247e+00,1.037609570258605896e+00,1.618043839615525226e+00,3.723772907274667254e-01,-5.650905732089074540e+00,-1.382436595197569673e+00,-4.182773107117601086e+00,6.244103380282743920e-01,1.806258269954419404e-02
0.000000000000000000e+00,2.455122521871093699e-01,6.131405924916448758e-01,4.100994354870516112e+00,-1.465463704843599224e+00,2.206002338960824538e+00,-2.554305683655225145e+00,2.146739840120228671e+00,-6.638191949395747526e-01,3.334701082757223212e+00,-8.205601350585616238e-01,-2.297960006312350423e+00,1.495072280782311136e+00
1.000000000000000000e+00,1.467659292518741054e+00,-2.955728288070137211e+00,-7.429694291165467313e-02,9.582737687328247711e-01,2.452012465113140749e+00,1.909012379261334491e-01,2.252572050408118809e+00,4.359835755817369485e-01,-8.060514584225354495e-01,5.260521374677364914e-01,-4.663416748419855207e-01,-4.377742532213590998e-02
0.000000000000000000e+00,-1.656849632008795759e+00,-6.020314457778825457e+00,1.469120206909956039e+00,-3.980280421871760677e+00,4.726740365038931913e+00,-4.209530992690455165e+00,3.336289821544764500e-01,-5.967310224975710398e-01,1.105606802147645062e+00,1.315281947222328052e+00,1.269514415892679438e+00,3.124955827734078095e+00
0.000000000000000000e+00,-1.596943450920840224e-02,-5.038313924346074835e+00,3.954088402316510154e-01,2.806535572047535343e+00,4.782652269128542244e-01,-1.234654677926456667e+00,3.258772440161616935e+00,-4.269001976681722432e+00,-5.140513173645118172e-01,2.034913774991842672e+00,9.630879806155165923e-01,4.531894031681085622e+00
0.000000000000000000e+00,-5.319502954824191221e-01,2.190301917145394683e-01,3.512215079442327248e+00,-1.687470515190829801e+00,3.874634077470222593e+00,-3.328807576070793584e-01,1.264807181510946732e+00,-5.541574853668928213e+00,1.880417401064412353e+00,2.343286967539044419e+00,-1.434999171863664547e+00,1.872957549193527083e+00
0.000000000000000000e+00,5.096654335117560830e-01,2.107812086020031117e+00,-7.392049178331143722e-01,-7.059483708127100243e+00,1.305664648656072124e+00,6.244857042587763640e-01,-3.446309887492339907e+00,2.809443625291738744e+00,-5.346387229310491929e-01,5.295966775860198261e+00,-2.005358424710747212e+00,-3.577012680378675036e-01
1.000000000000000000e+00,4.255625748080266391e+00,-7.190145813168060229e+00,-3.833148153171171302e+00,3.266972634357973249e+00,-8.101954579018455505e-02,-1.379657528448519965e+00,-1.071346963767287885e-01,-5.022238084698378291e-01,-2.694888797135136294e+00,5.009579429963462616e+00,1.384482124408290105e+00,2.242303786006965005e+00
1.000000000000000000e+00,2.984859816665239141e+00,-1.967788932243886846e+00,-3.048929146763940778e+00,5.405200346534220213e-01,-1.227266282277825304e+00,-1.920252139363574972e+00,1.074739003264164161e+00,-2.115654290479048072e+00,1.011332717687021265e-01,-3.093305363462406365e-01,-3.859168089023550685e+00,1.850976115877362993e+00
1.000000000000000000e+00,-3.067445552384736596e-01,6.032930765643944149e+00,5.710113400443210807e-01,1.132792510268388009e+00,-1.488573934610719629e+00,-4.419694815801769039e-01,4.487537314554181922e-01,1.047068070417949581e+00,1.044809292391390088e+00,-1.044166656638097601e+00,-2.991586605100891028e+00,-3.182413030835135270e+00
0.000000000000000000e+00,-4.181657549582302735e-01,-1.028145854190024577e+00,-1.703212725214034329e+00,-3.358512842830444711e+00,1.713901610836994216e+00,6.861934638536113518e-01,-3.230906605728544267e+00,-4.360232353911898784e+00,1.699252565840643658e+00,-1.264162909106518740e-01,1.236547818369726492e+00,1.197209878913634284e-01
1.000000000000000000e+00,-7.871280685403758692e-01,1.507757139149185521e+00,1.502757928060252768e+00,2.207104721938804470e+00,1.147651501047176170e+00,-1.179643735361072032e+00,2.280881300521595989e+00,3.835320361570436543e+00,1.274142324609477406e+00,2.106792074263247549e+00,1.191590539964450191e+00,-2.776472929005602719e+00
0.000000000000000000e+00,1.969796680791369159e-01,-1.797490177604595674e-01,8.659116334870509135e-02,-5.784010086834497910e-01,9.546641485284862449e-01,1.378760495479999459e+00,-1.483284315188197811e+00,-1.591048604620122653e+00,-1.928666949490981608e+00,-1.316408063241085280e+00,-4.271983678829600617e-01,-3.807785679945596691e-01
1.000000000000000000e+00,3.587612624693746533e+00,1.526110663514801402e+00,1.243152668090252044e+00,4.527288691074741855e+00,7.926972501464508714e-01,-3.506180144906012597e-02,7.279643389073514603e-01,-2.013393910320826485e+00,-1.189706241845300161e+00,-1.021858707493632945e+00,-3.081983080993770940e+00,-2.165395757043309999e+00
0.000000000000000000e+00,1.660246827754398691e+00,3.402695913513770432e+00,2.434496232082653755e+00,-9.085385762393135778e+00,3.663634457483808671e+00,3.356463914376953017e+00,-2.672608961594947985e+00,2.200903672293805791e-01,1.275973256705596803e+00,1.896187897391113708e+00,-3.926105641189184148e+00,-3.752897435342461563e-03
0.000000000000000000e+00,1.246094036803993665e+00,2.072735324866961104e+00,1.556898335686620616e+00,-6.131680272216085470e+00,1.740190899219871135e+00,3.109110486412154817e+00,-1.775470988908361303e+00,2.869082266092373157e-01,2.288326372194193770e-01,1.451840066950129238e+00,-2.448464653830344950e+00,7.496416765937485849e-01
0.000000000000000000e+00,-8.191863995208166216e-01,3.018347643744919484e+00,2.173273166637292864e+00,4.961659184874396722e+00,8.579052772617572487e-01,-2.110863563701967927e-01,1.264906886011329501e+00,-4.847889664027204004e-01,-4.619470782031502409e+00,6.223021277935157913e-01,-2.002042321387549340e+00,-2.943016981016847389e+00
0.000000000000000000e+00,2.833218757715745717e+00,2.319868879112791049e+00,-1.027640638354076152e+00,1.877632070830712818e+00,-1.476456342817376033e-01,8.895196643816227766e-01,-2.327678320143093060e+00,-5.998474491429086619e-01,-7.617818572580618008e-01,9.577167948728210201e-01,-1.092906236857990043e+00,-3.127877924843846191e+00
0.000000000000000000e+00,4.156290678664071869e+00,3.383624048083615499e+00,3.030778103198497053e+00,-3.685954413343192293e+00,1.941463532841130935e+00,5.817995780385212257e+00,-1.705437407562369057e-01,1.239051004844641035e+00,-6.496707694832812852e-01,2.660089915455042808e-01,-4.083873242991543862e+00,-6.054864695151767062e-01
1.000000000000000000e+00,-2.050375083420223454e+00,6.074651801663462969e+00,2.002125914154105235e+00,-2.104694081127669592e-01,-4.212327931114382418e-01,-1.926256018851713936e+00,4.804447492476857651e-01,3.249367592862244525e-01,2.579779437457280444e+00,4.305391996183809411e-01,-2.059783486877227787e+00,-2.332877545092137517e+00
0.000000000000000000e+00,-1.271465598265201891e+00,2.156931677438941986e+00,1.194060195611602371e+00,-5.236876138415857085e+00,2.966688522737830347e+00,1.373544643116144659e-01,-1.117522132257744438e-01,-1.492406574784653550e+00,1.950330856706509186e-01,1.172666186093098251e+00,-3.621914506861523275e+00,1.313954972141178068e-01
0.000000000000000000e+00,-3.400108869240667797e-01,-1.603584711538897922e+00,2.855149863039439406e+00,5.542338566897813124e-01,3.539598835559998768e+00,-2.148668935224186116e-01,2.803059027248283819e+00,-5.497020710237777941e+00,-1.184357487075145876e+00,9.338186120101565901e-02,-2.503028164932651123e+00,2.264827203558662738e+00
0.000000000000000000e+00,3.559899485776370387e+00,6.851653448546065617e-01,2.280910193114202844e-01,4.037045862863319456e+00,1.646678546314284119e-04,3.430854736699030738e+00,3.246781374448839408e-01,-7.762334338517531407e-01,-2.522516267011197577e+00,-2.349101631430074555e+00,-1.313447196903297476e+00,-2.177324184617190461e+00
0.000000000000000000e+00,-2.734231001313624176e+00,-1.183648847915043767e+00,-4.913878759355827519e-01,7.598292447061361976e+00,-3.663031256349835729e-02,-2.587744626331752507e+00,6.060117615401297009e-01,-3.298712814963935980e+00,-4.179167417592891454e+00,-2.687766049103592625e-01,2.140979547266361749e+00,-1.877903693500103000e+00
0.000000000000000000e+00,1.679661556845698733e+00,-3.620361510260099447e+00,3.137667793915431158e+00,2.595017757141326431e+00,1.631054039726880012e+00,5.996276932198008058e-01,3.759317542901908560e+00,1.034795524456771698e+00,2.028538716852369195e+00,-2.245796931920607253e+00,1.999023692662291296e+00,1.539972146743671555e+00
0.000000000000000000e+00,-2.539766943441458036e+00,1.767146153790704721e+00,6.221994468751383955e-01,-2.846633077424559843e+00,1.066400481134427869e+00,-2.128009289022301687e+00,-3.256224314807554254e-01,-1.109594374486023716e-01,-1.117160690659440014e+00,-5.535976850162211971e-01,-2.784232121303114926e+00,-1.529393266068939106e-01
0.000000000000000000e+00,4.294588147328723959e-01,2.003465465780469135e+00,-1.249970602258088981e+00,9.343943173685446135e-01,-1.473919732084612466e+00,3.159114660176021161e+00,1.806318138022140696e+00,-9.483685038863465255e-02,1.502256710994207101e+00,3.044780146895571526e+00,6.647490618787585959e-01,-4.497875969951889985e-01
0.000000000000000000e+00,4.371893702272629412e+00,-1.458376412722487137e-01,7.528874599450721128e-01,1.693647021797211494e+00,-2.592508408697322686e-01,1.081119182719075589e+00,-1.353285113685478880e+00,1.633721020521784695e+00,-1.150647894953425787e+00,1.538283490323617109e+00,-5.142700275659293219e-01,-6.094055712266766012e-01
1.000000000000000000e+00,-2.868818042825971304e-01,2.544839898257694522e+00,2.519651210516917317e+00,-1.375824163155884294e-01,2.217607226299554757e+00,7.739412077734011408e-01,1.353991382850287195e+00,2.671483852101864898e+00,1.678690433493525536e+00,1.023801680074664100e+00,2.685922039409889273e-01,-2.738016519674056681e+00
1.000000000000000000e+00,-3.088763108246495026e-01,3.431525378855068809e+00,3.254591280145038290e+00,1.168450776473212827e+00,-2.054327070999903970e+00,7.965146043157673716e-01,-6.586776490671339968e-01,1.507389682154358201e+00,4.333913211865711990e-01,3.064257772530340596e+00,1.522620460027586553e+00,4.411642878588921679e-01
0.000000000000000000e+00,6.037333942711924362e-01,9.700327877803446297e-01,-1.473658868208362005e+00,-4.056081080698807906e-01,-2.559705023527556023e+00,4.542719094464686691e-01,1.916498099621238183e+00,3.319035189136038788e+00,5.446768910418712251e-01,2.494654879780615619e-01,-1.469500283756568493e+00,5.576099833997900657e-01
0.000000000000000000e+00,1.280851533127181696e+00,2.853338643167849575e+00,2.359031580792187111e+00,4.029913013912818087e+00,5.855543657118422729e-02,-1.768540925700606170e+00,-3.739305187286924292e-01,-2.333603524490236225e+00,4.560038354308297848e-01,3.094756468280007500e+00,-6.249954781937567816e-01,-1.334487934394518627e+00
0.000000000000000000e+00,1.940308750425860707e+00,1.362700299807732884e+00,1.596216784462803684e+00,9.114266692230341249e+00,-1.288291686521903845e+00,6.802712788437601521e-01,1.830417907545470957e+00,1.555878024470249699e+00,-5.893636207897985813e+00,5.010713743904926520e-02,-7.140998725872942376e-01,-2.939877330029679214e+00
1.000000000000000000e+00,5.160126133329796527e-01,4.312404247784658473e+00,7.127286626479123477e-01,3.712668809027876993e+00,-2.219659016565148413e+00,1.978808576014230658e+00,-1.071341960288618722e-01,9.608885505898088208e-01,-3.149702789143348447e+00,8.212501358880830438e-02,-1.382341125527390524e+00,-2.443410659919200256e+00
0.000000000000000000e+00,-4.227547161239464391e-01,-2.786776471921586396e+00,2.287733255461462889e+00,-4.151163177402725224e-01,2.973757914064502739e+00,-9.163178301940806403e-01,1.887342712756381546e+00,-4.355149898803124309e+00,1.166100488132394641e+00,1.511320515469730452e+00,1.266658642273845725e-01,2.949945260507459643e+00
1.000000000000000000e+00,1.677009616661029323e+00,-1.237935644008494096e+00,5.519072370307043229e-02,-2.072506199041706410e+00,1.526527479420759503e+00,-1.882056565888595934e+00,-1.436908841859343422e+00,1.326053582279985710e+00,4.749678360332751925e-01,2.216465502167487500e+00,-7.130203708652508299e-01,1.693669726414077648e-01
1.000000000000000000e+00,-2.348014784387639331e+00,6.882007529611045449e+00,2.308856555183567583e+00,9.116997448872455223e+00,-5.205299258517724681e+00,1.063958041603284776e+00,5.113780072193453208e+00,-2.050322915076462138e+00,2.099419577600175835e+00,-1.146421162850593367e+00,6.041061661277997707e-01,-1.512054173008745339e+00
1.000000000000000000e+00,1.378107680754796505e-01,3.802040498700327564e+00,2.475336956376083641e+00,2.458736787281604386e+00,-1.137639173628800737e+00,-2.647116713372668961e+00,-3.742107942010819421e-01,1.362662507128880485e+00,7.891333446226924675e-01,-9.554451029328703271e-01,-1.320077187047116629e+00,-1.910014400043933858e+00
1.000000000000000000e+00,4.434181322721282292e-01,2.939776827007850368e+00,-1.680959106504924527e+00,4.619224965308474928e+00,-2.511047028780711621e+00,9.813977542203570215e-01,1.780197818874517335e+00,-1.353855436029288706e-01,1.203908465018888041e-01,-2.125571333631201654e+00,-9.069813908161481475e-01,-2.780997224305076010e+00
1.000000000000000000e+00,1.552380309238646561e+00,4.171350362735550377e+00,-2.117813293226925353e+00,5.633749950594226785e-01,-1.528407304616370421e+00,7.732730283509370306e-02,-9.413422628808725268e-01,1.532479450476136762e+00,-1.097127057501774861e+00,-2.974623528426545427e+00,-4.279053128726184596e+00,-3.766438153143750966e+00
1.000000000000000000e+00,1.909635020347153489e-01,6.163261120393880965e+00,-1.269999961562360280e-01,8.128882094349577647e-01,-3.311923532621754873e+00,2.554055325441366708e+00,3.222791246782070740e-01,1.438496053660107687e-01,8.340660330196831840e-01,-2.097935965253572732e+00,-2.531202227516277325e+00,-1.896556987912089376e+00
0.000000000000000000e+00,1.788747364057563294e+00,1.597129537877407524e-01,3.109965334230445411e+00,1.211641353235061480e+01,-1.176589479776535274e-01,-1.195450750018420383e+00,2.682092320180839540e+00,-3.220067792523322314e+00,-2.973434436870463493e+00,-4.989163514408221367e-01,9.885103473331853241e-01,-2.320391126731488285e+00
0.000000000000000000e+00,-1.226353810108871123e+00,5.907011280437735046e-01,4.563768298005770774e+00,-4.909019917921217946e+00,4.614484453231005645e+00,-2.428206661378747633e+00,2.913249748717282595e-01,-1.937305547280722795e+00,5.647011268641658255e+00,2.898654779458090580e+00,1.146800707967763344e-01,1.437150764807784808e+00
0.000000000000000000e+00,-1.744192351751222780e+00,-9.054474212183081239e-01,-1.735273518260704861e-02,5.101037459103645588e+00,6.182134498474325390e-01,6.294058961919639650e-01,1.977514303565386378e-01,-3.705520676240826816e+00,-4.474691031921533835e+00,-4.236448425488002378e+00,7.182852435489641696e-01,-1.719073334580772272e+00
0.000000000000000000e+00,2.485436878920439518e+00,2.902427876378228078e+00,-4.994870085117630865e-01,-3.866738837485272029e+00,-1.252675115205994505e-01,-8.176199834864690263e-01,-3.900744440859616802e+00,8.956488150346229027e-01,1.163336838149089836e+00,3.567106797779557414e+00,-2.412560805110607554e+00,-8.220317523229709877e-01
1.000000000000000000e+00,-2.355999167730020716e+00,3.307141193145451741e+00,-2.790980191252053766e-01,-1.738269975967338121e+00,-1.248004837448474680e+00,2.474610538060663778e+00,2.705057574791869257e-02,-1.101927029852587170e+00,-5.683156591791584944e-01,-2.803923861998338651e-01,-8.541159417339112547e-01,-8.577438189610575581e-02
1.000000000000000000e+00,4.896958429736550045e+00,-7.316627793198245966e-01,-2.054600776557549136e-01,5.034141566360687214e+00,2.843955958483514124e+00,7.726297609668608679e-02,-9.376639944619835632e-01,-6.999653351089212272e-01,-6.613385937181726071e-02,1.259748592633055386e+00,4.175551344550061383e-01,-4.517604115122891173e+00
0.000000000000000000e+00,-8.028476905034935829e-01,-1.659788431546014298e+00,3.606200986219978422e-01,2.151800400531200363e+00,-1.054598177501445466e+00,-1.837860685847962916e+00,1.995867692793279247e+00,-2.933206686496248494e+00,-7.462789469939097309e-01,-1.450975506505440826e+00,-1.004271536114957897e+00,2.745168968621613192e+00
1.000000000000000000e+00,2.090269750960006334e+00,-9.185164544553214849e-01,1.103546076437099011e+00,-4.019443706725337462e-01,3.003270428222713395e+00,3.970469316807603288e-01,1.656208137688524040e+00,-5.632220864854160514e-01,-1.558676331478916044e+00,6.645474976068922457e-01,-3.278663890273993520e+00,-5.548970101419781198e-02
0.000000000000000000e+00,-1.275906097064904987e+00,-1.996526372253400572e+00,1.458774248873362600e+00,-5.784562119884145481e+00,5.341842623463318951e+00,-1.891982669098842607e+00,5.091175770248295152e-01,-3.627860091460825664e+00,3.913035344468290821e-01,2.966925737876685787e+00,-2.879461814592679580e+00,2.430971422129817761e+00
0.000000000000000000e+00,-7.397347156394951107e-01,2.108025577699043751e+00,-9.561793486912939510e-01,2.392921282845142716e+00,1.416452267112559671e+00,-1.593140228997189656e+00,-2.499884135788212447e+00,-3.714502006265928635e+00,3.258920986634095129e-01,2.228860598738111154e+00,9.829715900614770518e-01,-3.629850268311160644e+00
1.000000000000000000e+00,8.043088409984077147e-01,-3.435834848930510166e+00,1.271298485180197835e-01,-6.549179859442301854e+00,3.104715840330097176e+00,-1.216975535094725558e+00,2.249851640357048765e+00,8.688989912624652812e-01,7.553045803809050884e-01,1.741460148348748849e+00,-3.855882788346272960e+00,3.888123141322050280e+00
0.000000000000000000e+00,3.329063315929042144e+00,1.663789715050226992e+00,1.935478451520788568e+00,3.598294271873139771e-01,1.736846664992232725e+00,2.392437253240487394e+00,-8.920789764961667423e-01,2.406545108392915910e+00,-2.906697924837053471e+00,1.008315635851197767e+00,-2.198682166777638169e+00,-2.306867190802962320e+00
0.000000000000000000e+00,3.591807199416996887e+00,2.285877538818106292e+00,3.281088911840731814e+00,1.005815265767036060e+00,2.805655319919959645e-01,3.088736816771221250e+00,3.169344813669350280e-01,3.396234646926741263e+00,-3.677420112056426493e+00,7.899402474340930791e-01,-2.940748290814664934e+00,-8.766371230963697636e-01
0.000000000000000000e+00,-5.518812835567187269e-01,-1.789654656868862714e+00,3.268991576843348623e-01,2.958150066822836433e+00,-1.591901237039599959e+00,-1.373502895655338563e+00,2.074015175319115833e+00,-9.054310301037711284e-01,3.228433884510086838e-01,-4.676189790537352842e-01,1.124867968900669091e+00,2.108517057898778191e+00
1.000000000000000000e+00,3.457895356870890335e-01,4.887610228242829535e+00,3.021468944046923344e+00,3.411830136957975323e+00,1.664242500834616667e+00,1.694308699016094710e+00,1.632135969916327367e+00,6.408749487080565022e-01,1.828412069133735773e-01,-1.903122639057970744e+00,-1.359696454125703724e+00,-4.812509576503665620e+00
1.000000000000000000e+00,-1.852608593924876423e+00,1.814831433335479360e+00,-2.268785433667846352e+00,2.589880340973962802e+00,-1.690256149552725073e+00,-4.362327509165853101e-02,-2.456400504131430740e-01,-2.735463397346276970e+00,2.559711253552500398e+00,-8.312102891874684207e-01,2.357419920378328815e+00,-2.025001539925536775e+00
1.000000000000000000e+00,1.818319994738045731e+00,1.956454367745641187e+00,1.440288705908370881e+00,6.194348947942579287e+00,-3.127995927187909864e-02,-1.880323439567479715e+00,5.848320156493751476e+00,-1.656283809586026390e+00,-3.569768058226890250e+00,-7.215448258284058447e-01,-7.245723420950382021e+00,-4.583374643297699613e-01
1.000000000000000000e+00,1.575178061755187375e+00,-1.066039506626347588e+01,2.327945722747566393e-01,-6.240079256273273423e+00,4.564859074337401346e+00,-5.648953224488844072e-01,-1.308897990974950076e+00,2.831212016883866145e+00,-6.975792797059966466e-01,5.641758316764589942e+00,4.410816329522146084e+00,5.680782567234915703e+00
0.000000000000000000e+00,2.078850535502818619e+00,1.152324361279254417e+00,3.387678653538720441e-01,6.285376683762882166e+00,-3.856519479863904643e-01,6.259809053890020847e-01,7.125038584435072764e-01,-8.234936798641769862e-01,-2.308128635622078928e+00,1.270620593016283717e+00,-7.388103610830476509e-02,-2.532226425972371686e+00
1.000000000000000000e+00,2.595547106113992086e+00,1.294138709570736401e+00,1.599372279128510321e+00,5.127266086123434263e+00,4.306639940750234263e-02,6.321384834297376631e-01,1.357674177097595303e+00,-5.549018963372345237e-01,-1.309509872972579370e+00,9.611171556217843470e-01,-9.647548288549708806e-01,-1.636606499502774703e+00
0.000000000000000000e+00,1.594865585141810094e+00,-3.481721182815851190e+00,2.437404495269947180e+00,-4.568137719268751673e-01,4.297349436376038945e-01,-2.964111203871407696e+00,3.091259256046021697e+00,-7.159509946920923351e-01,4.177193886010782009e+00,4.760783814144607939e-01,-3.156910063469201555e-01,4.721890364512479010e+00
0.000000000000000000e+00,-2.163882922630971706e+00,1.308967875379979384e+00,-5.235269209573869542e-01,-4.022750223040438833e+00,-3.805070033957667075e-01,-2.215232179085806941e+00,-4.120857268598070444e-01,2.807295695738974750e+00,3.645120772778422946e-01,-9.079468726305102155e-01,-1.918017974950604110e+00,1.488412588018102056e-01
0.000000000000000000e+00,1.106748559143171384e-01,9.666959739947971197e-01,-7.029732595945121787e-01,4.578949155602213494e+00,-9.073122221363283391e-01,2.466489758823545486e+00,2.168623002833671709e-01,-3.993765184261607093e+00,-2.936463488727960147e+00,-4.426626742718761776e+00,-6.231319940891369979e-01,-1.694663185031589636e+00
1.000000000000000000e+00,2.369616155618327724e+00,-3.141783442412942051e+00,-1.257533554260159558e+00,3.504745274779675235e+00,1.076104525364532716e+00,-4.579397516140703006e-01,1.183430163467076524e+00,-1.194631907511960467e-01,-1.137811747421296316e+00,5.239348945883612885e-01,4.368298008883784167e-01,-7.761565359067431613e-01
0.000000000000000000e+00,-1.408801282293834722e+00,5.924560108258561719e+00,1.539941878461485558e+00,-1.900793785120886037e+00,-7.208845030652806241e-01,-1.057909449264567980e-01,5.511770281773550328e-01,1.990224060371867942e-01,2.477431622724800331e+00,2.157825588173122533e+00,-2.378690179400186899e+00,-1.049661684427109165e+00
1.000000000000000000e+00,-9.200191565036167640e-01,3.615082512113970914e+00,9.316665311570382357e-03,1.938008090429506058e+00,-1.077752760944454602e+00,1.568573738480066648e+00,2.650365394631144955e+00,-4.098706190413801131e+00,4.974075275740503344e+00,-2.155121470631505609e+00,-1.222572235575537514e-01,-1.062486589695771588e+00
1.000000000000000000e+00,-2.873474121299696371e+00,1.141666788816700029e+00,1.307810953703910872e+00,-1.799291926158977484e+00,-1.236609282215726635e+00,7.869388158008833178e-01,-9.909041836292159511e-01,1.032383210848091259e+00,-1.395922224072343898e+00,3.115547296400291266e+00,1.924331817646932397e+00,1.738600025426837004e+00
1.000000000000000000e+00,-1.938851142652374460e+00,2.258023355743943750e+00,2.859186316980194320e+00,2.606856245840331709e+00,-5.559158976935218988e-02,-1.914535498335354635e+00,1.244516253223755697e+00,3.239096109867627860e+00,-2.472496246874724690e+00,1.565851727595395815e+00,-2.160434222927445358e-01,-1.391498891194866028e+00
0.000000000000000000e+00,-2.012981220714178399e-01,3.557937157923729554e+00,2.462050492082960229e+00,8.710670524313112173e-01,1.798142331411100026e+00,-2.507714195275736468e+00,-1.333562202861698687e+00,-4.789788589307278910e-01,-1.798547041037364513e+00,2.850485195397363558e+00,-2.584901075113557489e+00,-2.353582772537578194e+00
1.000000000000000000e+00,1.189621409980913924e+00,5.213286296163701650e+00,1.563592550783736712e+00,6.024364408492945522e+00,-2.516167506126650633e+00,-2.932000775231697887e+00,-1.653000321026409924e+00,1.116625169042102739e+00,-3.267812068960499472e-01,3.698243641014415939e-01,-7.328569166504290688e-01,-3.957259260193725314e+00
1.000000000000000000e+00,-8.115000552777051901e-02,1.083027206049218094e+00,-4.640008695881194800e-01,3.930493420154344886e+00,1.550160345000969331e-01,-1.979790048494476817e+00,2.215438196169399188e+00,1.647473583893378501e+00,-1.868227955681292851e+00,1.104709970383994655e+00,-1.630793411670712789e+00,-2.523427171518032530e+00
1.000000000000000000e+00,9.543556618814048598e-01,2.558564224191023584e+00,-1.991982155373742902e+00,1.454642939204581209e+00,-1.468412182585952630e+00,5.535344989887633460e+00,2.890306295971150075e-01,-2.949881505790090230e+00,-1.069492507679428606e+00,-2.464364317410541183e+00,-9.914746413190362873e-01,-1.654960646312969796e+00
1.000000000000000000e+00,-2.555705436187655000e+00,2.343405915341571610e+00,1.750959199483819173e-01,-8.428851945798593093e+00,5.264044328390431460e-01,-8.543400041896551667e-01,-4.868328360451606329e+00,-3.617805798437098153e-01,1.467778689945181236e+00,1.306475654736919623e+00,-6.045284595127384808e-01,1.166551385343205460e+00
1.000000000000000000e+00,1.348822008615048418e+00,-1.067232059538910871e+00,8.289513725956838552e-01,2.055865046670831475e+00,-1.498961344488494163e-01,-3.774278131684148718e+00,1.227886056031087803e-01,1.587851351789356436e+00,-1.226024289816924684e+00,2.525526232068122212e+00,-1.031298520933048524e+00,5.688550961614695645e-01
1.000000000000000000e+00,4.607772936191784297e+00,-5.278025222180517062e+00,-3.125182274178282427e+00,-2.331570413147026510e+00,1.611876975769081843e+00,-3.375096645989195121e-01,-3.250158676964095328e+00,-4.539133191559461267e-01,2.058277310179662312e+00,2.674647966701226842e+00,1.901297484002935079e+00,9.256028432901775016e-01
0.000000000000000000e+00,-2.089911021228049393e+00,2.907935218468134853e+00,1.562543449761245595e-01,-8.123843110395420064e-01,-5.822531811359417109e-01,8.009459950793784699e-02,-1.527595223717308492e-01,-3.844454484545967166e-02,-1.222363735997161527e+00,-1.095399006088795701e+00,-1.676818516818381788e+00,-9.641834835292897310e-01
1.000000000000000000e+00,-1.021926502951399973e+00,4.419837938186528703e+00,-2.729749882752351198e+00,-4.369941109416383140e-01,-1.795800502657441289e+00,1.347402307249786935e+00,-1.794302675699621652e-02,4.248228724999985051e-01,3.906475707270340436e-01,-2.258913123320878125e+00,-2.274614546194090980e+00,-3.163041961494031717e+00
0.000000000000000000e+00,1.371715338800253647e+00,1.951282263930405936e+00,2.834674259387353956e+00,-1.705665162002025781e+00,1.570143477955240785e+00,7.269934806788422854e-01,-1.635783503302740582e+00,-1.361106454363480323e+00,9.539288332727233755e-01,2.720253024404806652e+00,-6.918545076152814444e-01,1.972212884988802095e-01
1.000000000000000000e+00,1.457840409045942920e+00,-1.262257577237788864e+00,5.942390578796049594e-01,2.888382147867979199e+00,2.324325015684786111e-01,-3.266537317615980207e+00,-9.592041548561791586e-01,1.084617278872073154e+00,-3.122920413470620105e+00,2.281582540706357243e+00,-7.769026999740000772e-01,-2.907731871989361894e-01
1.000000000000000000e+00,-9.022771131657865151e-01,5.353488562714149523e+00,2.023827786562434117e+00,-1.028403428275381781e-01,-7.272944702650377957e-01,1.121567378074649568e+00,-2.538482352426840727e+00,-2.047678352109217670e+00,-3.346483403871192142e-01,7.706747845198282931e-01,-7.927837793838108382e-01,-1.615315655321828192e+00
1.000000000000000000e+00,1.633435575785269211e+00,-6.711983760505780827e-01,1.528789448606235224e+00,1.081671128566067397e+00,2.541446988280925190e+00,-1.626112037356920670e+00,1.385230125494233411e+00,1.046379180798034936e+00,-2.349681091528992738e+00,2.409325798715277855e+00,-2.705504862008320632e+00,-5.689940058999576333e-01
1.000000000000000000e+00,-1.879757185198525971e+00,5.285338034476920299e+00,1.131528170196379524e+00,-1.377588829940841197e-01,1.997894938082724892e-01,-1.752045545014279782e+00,-6.526126724586429617e-01,-2.673313394720658209e+00,3.682573220288606564e+00,-4.671091717382809261e-01,-1.156175491329569205e+00,-2.516966198998885407e+00
0.000000000000000000e+00,-1.711845117720886655e+00,2.923743652863044495e+00,1.771198805336815507e-02,6.186999925177546267e+00,-6.446433715083665916e-02,-1.935800364229608217e+00,8.124893209911387970e-02,-3.255093222599229286e+00,-3.982037709258857028e+00,-9.264144686613466906e-01,-1.626756744329176385e+00,-3.593101663703547111e+00
0.000000000000000000e+00,8.213504737410692869e-02,2.277105285949937441e-01,1.665015991040422749e-01,-8.044674214515348254e+00,3.094606919637721720e+00,3.006844013104615243e+00,-3.650928292462359614e+00,-1.132925121548538083e+00,-4.473364404613345835e-01,-1.213199395283147020e+00,-1.690279088481181580e+00,3.958585386650086413e-01
1.000000000000000000e+00,-1.108760863717228595e-02,5.393204344463894628e+00,-1.876876664123606542e+00,-7.549417604669454995e-01,-5.851022334309692319e-01,2.101759890356792226e+00,-1.400512054669011297e+00,-4.056181037810713264e+00,3.707923712168801789e+00,-3.115688471948833360e+00,-1.744583973407157984e+00,-3.566478031194874276e+00
1.000000000000000000e+00,-9.696679068140741098e-01,3.428918084503965513e+00,-1.487975518744434122e+00,-9.161680486799747003e-01,-2.505772264769537294e+00,1.959450760851592088e-01,7.108027230397140350e-01,1.808789072005302589e+00,-9.875384130939950378e-01,-2.279993126988069108e+00,-3.419422498420266354e+00,-8.994292797689844576e-01
1.000000000000000000e+00,-1.647008049253361861e+00,4.237150493670311491e+00,-2.140475178401247014e+00,-3.967949236698274262e+00,1.140772298282235475e-01,4.822515177797079389e+00,-1.948943228744083100e+00,-5.117889687262059617e+00,2.115254165483551496e+00,-2.080870668977791382e+00,-8.039948877968811081e-01,-1.680975865139283876e+00
0.000000000000000000e+00,-1.080393293012099853e+00,3.308891550750213462e+00,4.949891346048609364e+00,-9.704640763235446999e-01,2.440109332324620794e+00,-1.545546703710614533e+00,-4.595491389821839689e-01,-1.007577093902841225e+00,-1.115807465254133657e+00,2.926186989597392873e+00,-2.252864161726710890e+00,-7.424017970128138355e-02
1.000000000000000000e+00,-1.749798291478290579e-01,-3.370447152809359803e+00,9.858395454467472341e-02,-9.994409000356828388e-02,1.080522732456649759e+00,-2.394557648945774275e+00,2.601834343370581504e+00,1.861270764027668667e+00,-2.212340750539288692e+00,2.159643129698569641e+00,-1.409794416769163616e+00,2.257988061335432839e+00
1.000000000000000000e+00,2.910913646050717674e+00,-5.435904611141744169e-01,1.507896234789192436e+00,8.603274620714453036e+00,-2.477003817530611940e-01,-4.138819974563411108e+00,9.885887065844966015e-01,-4.184511018913106284e-01,-4.514654761231809310e+00,8.682343037008627418e-01,-2.297235156387077204e+00,-1.562823263531565310e+00
1.000000000000000000e+00,-2.204997609211480469e+00,6.823008723891350158e+00,4.339261980947711095e+00,3.038593378609368401e+00,-6.330588061336119843e-01,-3.184228201893803956e+00,2.167828029011288571e+00,2.895631305716825032e+00,-1.876866867830382368e+00,1.546762812609026039e-01,-4.157235415135451362e+00,-2.819628159793408972e+00
1.000000000000000000e+00,1.498895305757088181e+00,-1.654492457405731587e+00,-1.042998911094049408e+00,-3.367799354530868872e+00,8.422199247897141916e-01,5.728706203827480525e-01,-1.164576645706691505e+00,5.990129900238254645e-01,3.524211134641315191e+00,-4.444260586433923521e-02,1.258398947607022755e+00,5.514709942640667606e-01
0.000000000000000000e+00,-1.609627450263060311e+00,7.429174140306461505e-01,-3.028815358261052637e+00,-1.982533412163674513e-01,-1.262520674776163254e+00,-2.067750660047008804e+00,-3.382333465071391210e+00,-4.430593983951458981e+00,1.675971330550315219e+00,1.980681877364304899e+00,1.676066559392552779e+00,-3.706742935317111076e-01
0.000000000000000000e+00,-2.006789905898061832e+00,3.435966036238841781e+00,4.119807812728899066e+00,7.864125073630733098e+00,1.459297759582089737e+00,-1.955569116331168811e+00,1.934993954631336166e+00,-4.835549958800603676e+00,-3.124005000656286946e+00,-5.329442379040469913e-01,-1.263654728117782788e+00,-2.740997939092848945e+00
1.000000000000000000e+00,4.538148379090389817e-01,1.427059228177755434e+00,-3.304171279794463789e+00,-7.928345107718224760e+00,2.942779344964518096e+00,2.460684130716267237e+00,3.417742895917266210e-01,8.155847179423747484e-02,2.340724984544370280e+00,-2.895193590460908517e+00,-4.971529094460770182e+00,-1.783153344556116959e+00
1.000000000000000000e+00,-3.773547082130583874e-01,-1.983916805882829371e+00,1.152688812539979235e+00,-3.557139208579305656e+00,2.783212254938537633e+00,6.371533617512190606e-01,-5.954064852844982436e-01,2.917669424311852389e+00,1.562065766138276413e+00,1.314979204765197807e+00,2.582426820663510814e+00,-3.447627234841355026e-02
1.000000000000000000e+00,6.270658081663533778e-01,1.972771834599818197e+00,-1.572897465864295796e+00,4.003097340395226911e-01,-9.603142220229027304e-01,1.851147621288622203e+00,-1.111296415911449120e+00,-2.632622539014499274e+00,7.229600824345820964e-01,-2.040612453773126056e+00,-6.948910398366270336e-01,-1.395102630846700720e+00
0.000000000000000000e+00,4.896818108912599499e-01,1.851075384163855864e+00,2.235574170157052620e+00,9.823904255641824346e-01,1.013594558297049586e+00,-9.040916550893891568e-01,-3.490129183918142530e-01,-2.721345923833176084e-01,-4.342798940746228631e-01,4.321453536632496650e+00,-4.713181079929659179e-01,-5.480451941062477461e-01
0.000000000000000000e+00,9.443374298400631917e-01,7.169500465070005601e-01,1.093785704966499850e+00,-5.806065327523724645e-02,1.408753792031748775e+00,5.171941398787667232e-01,-1.181214055526674134e+00,-4.312454876123429370e-01,-7.228132654226844256e-01,2.348099487272442332e+00,-5.713081576232614811e-02,-8.519113825618020996e-01
0.000000000000000000e+00,-2.576487367406261164e+00,1.132968177183199199e+00,-1.674103909066370299e+00,-1.117517805437984402e+00,-1.993306595334911169e+00,-2.546059184669737352e+00,-2.576757636376125760e-02,3.544131027835639713e+00,-1.078661471535946603e-02,-1.036848985564026382e+00,-2.958230960630562345e-01,-6.793459414252756012e-01
1.000000000000000000e+00,-3.511952619790377206e-01,2.709273974831291287e+00,-2.127748633238552678e+00,8.008628574626042163e-01,-1.978690867695185762e+00,2.426019296234394496e+00,-2.389799529921299293e-01,-1.267663799259358015e+00,7.896083014482768725e-01,-1.558334940260290624e+00,-1.146379595354041214e-02,-1.738323443296793558e+00
0.000000000000000000e+00,-1.246335911771474070e+00,4.901856560280692499e+00,3.169610876529314503e+00,-7.684316963728419658e+00,3.741641918755906904e+00,-6.597118717305878732e-01,-2.523767125105712772e+00,-1.307882201439312997e+00,1.998773223201033566e+00,5.092230526265260515e+00,-3.431135405590497456e+00,-2.703316549864475116e-01
1.000000000000000000e+00,-4.555062432315801768e-01,5.758036612160594814e+00,1.019870662233160363e+00,1.510577751311786177e+00,-9.574638040244640713e-01,1.717187774113390741e+00,-8.756256684086450859e-01,-4.836055725279198469e+00,4.209950686684501342e+00,-1.092882962192513130e+00,1.963067452428124415e-01,-2.381359355711485826e+00
1.000000000000000000e+00,1.351474091566405633e+00,6.336883572232520079e-01,5.449871317892185374e-01,2.944610593089955763e+00,7.388784875814238262e-01,-1.181552924456144238e+00,3.301975034772322015e+00,-8.496997685650584664e-01,-2.745271335784695399e+00,-3.655767124827908887e-01,-4.949513906644245509e+00,-3.871893207359931033e-01
0.000000000000000000e+00,3.177671971283274832e+00,-5.006114196736040078e-01,-1.941538109031901271e+00,-6.932086546979220998e+00,1.613217076048778731e+00,2.145928851988950115e+00,-3.882278622183541916e+00,9.296645798712497299e-01,1.682042250566074593e+00,2.272074174035580540e+00,-9.929120773548807399e-01,1.309811226012911334e-01
0.000000000000000000e+00,-1.964489069084737416e+00,1.104102017823830995e+00,3.790601574526980766e+00,-1.109724101398527552e+01,4.815855583362217196e+00,-1.399774387894501260e+00,-3.828011788268850246e+00,-1.998218633905784358e+00,3.388042037305621257e+00,4.828597853945955976e+00,-1.055356828082326448e+00,2.944691993734248836e+00
0.000000000000000000e+00,5.559720088979581698e-01,3.850145282204467723e+00,1.315908103789639405e+00,7.050140457453895060e+00,-1.097557064797226811e+00,-4.776423470118820180e-01,1.210027384944551532e+00,-2.733479595622966052e+00,-3.159797581393345212e+00,-1.371638699765576952e+00,-2.755795368649076593e+00,-2.862304009408584093e+00
1.000000000000000000e+00,-5.539167467123229383e-02,6.767422158136582766e+00,-1.204376977679511018e+00,-1.123484200139582390e+00,-3.043756047258885822e+00,6.402895982501902727e-01,-3.439051319758334557e+00,-3.098940769936615158e+00,2.996638252478622810e+00,-3.524036049230539813e+00,-2.301039449780713397e+00,-2.511361900440733486e+00
1.000000000000000000e+00,-1.053519987455865614e+00,-9.602628466669400620e-01,1.785886521602890298e+00,2.606840705947613301e+00,-5.120472748219393466e-01,-3.094971846485865985e+00,3.310913957377012995e+00,2.222271996750326828e+00,-3.478188488541325452e+00,2.089580434428651934e+00,-2.011495190269982913e+00,1.906514962354862064e+00
0.000000000000000000e+00,6.520382370517987525e-01,4.431692144861729687e+00,1.357920110100302225e+00,3.067466149955875299e+00,-2.506820782372281009e+00,1.879089618728329913e+00,2.685842177300997502e+00,7.739192845551345901e-01,1.909944003386493172e+00,-4.311598065644495215e-02,-9.203764050773667327e-01,-1.104735989315496436e+00
0.000000000000000000e+00,1.081215622396869414e+00,2.667921763645798361e+00,3.100102877262056023e+00,-1.782795674164718180e+00,2.855119789952495601e+00,4.166679143140756381e+00,3.981241359344611652e-02,-2.428921048457770127e+00,-9.879326584694515523e-01,-1.949141978718771817e+00,-2.741958629330775388e+00,-1.011427650948524271e+00
0.000000000000000000e+00,-1.890594474344799103e+00,-9.648364611776905519e+00,1.814061987782357166e-01,-9.439601254150625786e-01,7.275980381543513786e+00,-3.410661929226701528e-01,1.417772909634099632e+00,-5.554108100158400951e+00,-5.904643417771315406e+00,6.765640781241366586e-02,9.067847158403756769e-01,3.154097949716283544e+00
1.000000000000000000e+00,-1.025015048088578462e+00,8.124616031936005456e+00,1.340513333197259183e+00,4.724882646161824851e-01,-2.148304911995899680e+00,-9.691945644358987977e-01,8.043775984333136897e-01,7.712119097451253236e-01,1.629277418581846604e+00,-1.980342304860106095e+00,-4.645246044263204865e+00,-3.066290810232990882e+00
1.000000000000000000e+00,-8.602361747237405876e-01,-7.934462583197507968e-01,-3.647773933274424785e+00,-2.950670658984758887e+00,-2.002254752282297545e+00,2.302833411478847347e-01,2.989665585887184562e-01,1.054957198856078193e+00,2.793127041511612063e+00,-1.698466218885354539e+00,4.452645196854818632e-01,9.070151333298226426e-01
0.000000000000000000e+00,-1.738743252924454863e+00,7.269993827128212516e+00,9.523929733052016733e-01,-2.541629262439141890e+00,-1.649072261666772565e+00,-1.053539534239656961e-01,7.849177942132201657e-02,1.695438980007287100e+00,2.292632587885157669e+00,2.174345550825070639e+00,-2.854977820046519454e+00,-1.734257304292817992e+00
0.000000000000000000e+00,2.415126044127076987e+00,1.830721168092795281e+00,-5.892620793490375153e-01,-5.031156982464001892e+00,1.095348512532559937e+00,7.930208377472897086e-01,-3.914106209051625207e+00,-6.093852927752978488e-01,1.497698027613975746e+00,1.354417003731122948e+00,-2.095532138990173543e+00,-6.392263107059393823e-01
0.000000000000000000e+00,-9.831467568030912707e-01,2.225748311765315679e-01,1.439664398372528797e-01,-2.673902326945356567e+00,2.056770447307825656e+00,-4.433987710746791766e-01,8.839924565919425881e-01,-3.221986657606281668e+00,-1.771551803474324061e+00,1.381258345626196871e+00,-3.880369225432076519e+00,1.466577460802065191e+00
0.000000000000000000e+00,2.778957930965771705e+00,3.586937786007759477e-01,1.681152051360844002e+00,-6.335266205585342369e+00,2.193458096860063655e+00,1.775977565975562111e+00,-2.947825877077575374e+00,2.361308528731935752e+00,-3.322978046837021804e-02,2.717844255652578589e+00,-1.784949035647976912e+00,8.820472517184927419e-01
0.000000000000000000e+00,3.312069509628978725e+00,2.291423077146346632e+00,-3.324167124655243999e-01,3.041946643222156244e+00,-1.510009241708448968e+00,-5.111970218064310068e-02,-3.889307558131772646e-01,9.538247379733031384e-01,-2.721905594336579970e-01,3.982409349961301359e+00,-1.244196640443282043e+00,-1.501395823912321514e+00
1.000000000000000000e+00,-9.371379852923724663e-01,2.423581782411157182e+00,-2.539020431861176874e+00,2.745401117990126760e+00,-4.207629065320250383e+00,1.012002405156020801e+00,9.772058115339599116e-01,-1.618824784300751496e+00,3.631849317018959411e+00,-2.383368762557830145e+00,1.666963856630954588e+00,-7.113662702554126582e-01
1.000000000000000000e+00,-3.594738142170121886e+00,2.332905153046454405e+00,1.696663680286548015e+00,8.529233264847741580e+00,-6.073115188315878932e+00,2.517535797539183218e-02,1.702757755023693420e+00,5.230571988302854525e-01,5.035992741131558592e-01,3.747196884555878071e+00,7.139461893720651986e+00,8.042318060458688578e-01
0.000000000000000000e+00,2.078489775769393200e-01,2.926249938137220896e-01,3.390159131107046253e+00,6.917372523993698508e+00,2.747740517842616192e-01,-8.984969046141169091e-01,1.764704965379952473e+00,-4.881858328586410334e-01,-2.648919857813830436e+00,3.475550964211910454e+00,1.610385459986436008e+00,-6.368118339464416966e-01
0.000000000000000000e+00,6.592697378835631339e-01,-1.105359821172877011e+00,1.525372250426451082e+00,-3.268756691571508721e+00,1.496855959966429506e+00,6.972089470099409603e-01,-2.100435982733666940e+00,-3.047533680450977833e-01,-7.650671891739678765e-01,7.054310556720010394e-01,-2.514408393477962633e-02,1.589207606432795128e+00
1.000000000000000000e+00,3.877269442468820770e+00,6.016390833715231645e-01,4.172808869187734082e-01,6.383019637927572765e-01,1.803990442539037398e+00,-7.148484063715185854e-01,-2.336957020150138842e-01,-7.467842980772991801e-01,1.377287408228550891e+00,1.077972229741352983e+00,-2.535248763710648223e+00,-1.531629305394547558e+00
1.000000000000000000e+00,-1.235170831610922892e+00,2.991088002275053004e+00,-6.741472421193626108e-01,2.799936707281123205e+00,-2.152288053178617933e+00,3.684413590626670620e-01,2.681259518580286549e+00,1.144707049064561666e+00,1.021226705821765668e+00,-5.238011956482976350e-01,-3.348067100964718934e-01,-1.670463391315729407e+00
1.000000000000000000e+00,3.150404001560774603e+00,-5.271047878084643701e-01,-3.608087858300272899e-01,1.655968013001467121e+00,4.999674537809478680e-01,-1.361984671420373605e+00,-4.981086902262290561e-01,-7.140302756724135058e-01,-2.618054718757141242e-01,8.263972926137060915e-01,-1.875337477838440625e+00,-6.078017939055477825e-01
0.000000000000000000e+00,6.502985820084847823e-01,-2.262691313923008707e+00,2.942333607512775728e+00,-3.820995360272229080e-01,2.887635606172588076e+00,-5.748673550694256562e-01,2.373562408405568203e+00,1.541253210780410221e+00,3.873058136360016501e+00,5.083828700128530942e-01,2.179714997869438786e+00,6.308216018298201666e-01
0.000000000000000000e+00,-2.043402287767615011e-01,2.073769474097197030e+00,6.803436279427745870e-01,7.406740428226322059e+00,2.771245545510566677e-01,1.052162493041282065e+00,1.780229568827732312e+00,-8.769463067455813832e-01,-5.494803614208822573e+00,-1.111119886552857761e+00,-1.192696071164203175e+00,-3.932707130110388860e+00
1.000000000000000000e+00,-2.904912285253346660e+00,6.442696693331450675e+00,1.081449218592132056e+00,5.026004168266732464e+00,-3.662202398309126750e+00,2.080773049597382407e+00,-1.574965758793245296e-01,-5.026023673494592892e+00,2.175460708316965253e+00,-2.295937216087314825e-01,2.515192169610600548e+00,-1.838802884309277186e+00
0.000000000000000000e+00,8.535365567131909526e-01,-1.715783041518726293e+00,3.924144443917942926e-01,3.610326231440793787e+00,-1.523767341185808810e+00,8.885860316633833467e-01,2.904053082920660778e+00,-1.074386891307959058e-01,1.842377917828557754e+00,7.897695913607071239e-01,2.525866955381100620e+00,1.584148257728627218e+00
1.000000000000000000e+00,-2.741476833303149618e+00,7.222827450764546242e+00,1.114882456966113544e+00,-3.664910852452501810e+00,-6.728307380972462504e-01,-1.743826921317123357e+00,-4.933539891109195441e-01,6.107790761926874534e-01,9.246122430421601646e-01,-1.377734847139367558e+00,-5.163322574450490698e+00,-1.960130059436331784e+00
0.000000000000000000e+00,-1.175031456679225483e+00,2.732280963967346654e+00,1.956041327016118991e+00,-3.410081608544772713e+00,2.317342431500693856e+00,-5.697805609288246753e-01,1.297141818722209683e+00,-3.907527739817327372e+00,-1.291274060143455582e+00,4.937506107041211845e-01,-6.131606387475925679e+00,1.327512835661095680e+00
1.000000000000000000e+00,6.742007811773904624e-01,4.486773722625129746e-01,2.019205500751715121e+00,2.971946376371676024e+00,-1.951785335592235437e-01,-1.085926132213959505e+00,2.056287991055475217e+00,4.367731216462035215e-01,-1.866599537913600892e+00,3.797170783050556331e-01,-1.835565189474764214e+00,4.032453780188962611e-01
1.000000000000000000e+00,-1.538624748770881068e+00,3.904214628466025072e+00,-1.350200156393094986e+00,-1.969435331817512180e+00,-9.656787734540438484e-01,1.302430140783688017e-01,-1.206274518035870269e+00,-2.109772362934873691e+00,1.573972623528330450e+00,-2.196534129826262394e+00,-2.042861171738457049e+00,-1.519203902421168539e+00
1.000000000000000000e+00,-1.049253247261419997e+00,2.310841288710975494e+00,-9.778828553610621199e-01,3.161766581944045473e+00,-2.860958772453973786e+00,4.451995732452244781e+00,-1.494176350302871548e-01,-8.259734756421694968e-01,-3.448231134501913431e-01,1.507607972404319430e+00,3.741418034992633146e+00,-1.154775874123430857e+00
0.000000000000000000e+00,-3.415542516789883187e+00,1.275345023802778366e+00,2.667767364082945569e+00,-1.267834087151630817e-01,2.619398888129173653e+00,3.150429895014275061e-01,2.039566044028779945e-01,-4.683234901291244867e+00,-7.786429242847688892e-01,7.258640885858347325e-01,5.056044517114539616e-01,8.360217477070586156e-02
1.000000000000000000e+00,1.152383506259396784e+00,2.879406881501571647e-01,1.781087133869837302e+00,-2.345561580937783663e+00,2.153559772590318389e+00,-3.822266661474355010e-01,-3.049311587327673045e+00,1.824878546227537424e+00,2.093898606971457799e+00,3.469107618417558436e-01,1.727273515462794951e+00,-1.636275188918795198e+00
0.000000000000000000e+00,-3.251241856826598831e-01,4.192302202483748630e+00,4.223278674101162977e-01,-2.023012856404423410e+00,1.452319360295987849e+00,-6.390804386919441971e-01,-1.960071766795786541e+00,1.453589058268239587e+00,-2.587162704459353257e+00,3.613858556988165827e+00,-3.320851824211173309e+00,-2.866907268763273731e+00
0.000000000000000000e+00,1.719579356811898219e+00,3.456207706288599635e+00,1.279190934552739467e+00,8.155142465322226641e+00,4.249026218227980323e-02,4.766276733572583080e-02,9.817096072284288155e-01,9.915078767509397650e-01,-3.467973471458844603e+00,4.198732609805075455e+00,-2.077642356665684309e-01,-4.832749290579727131e+00
0.000000000000000000e+00,2.292130966526436886e+00,6.967995294632037817e-01,-3.577570001616798834e-01,-9.539308706318717412e+00,3.278563679868644609e+00,5.321449633783884359e+00,-3.820577206840511053e+00,9.304265995041716142e-01,3.900164609917198266e-01,5.817833676300065981e-03,-1.979584641046657767e+00,-2.760079619504203219e-01
0.000000000000000000e+00,2.577892423413256751e+00,3.017396405978741147e-01,2.173267835750531507e+00,-1.476340675154677662e+01,3.620071004959911853e+00,1.493972239836016680e-01,-5.991427786244035048e+00,1.556776263960979900e+00,4.767956351554415662e+00,4.941273532329488738e+00,-2.266261164625676727e+00,3.703250083311553809e+00
1.000000000000000000e+00,-3.330220935526693182e+00,2.806432177798008798e+00,-4.572374919946082805e-01,-5.246843564647146074e+00,-8.616612925117970168e-01,-1.162724718016677539e+00,-3.601483588551235293e+00,4.071330390076972616e-01,1.336380609273872366e+00,1.537792187732589522e+00,6.993323419921020356e-01,1.675101225121291559e-01
0.000000000000000000e+00,1.618117678601236342e+00,5.970672569653617812e-01,2.285628561368515665e+00,5.419885960366087829e+00,-6.610859032541815949e-02,-3.257858739921366542e-01,1.126769124341845618e+00,1.423629951441600650e-01,-2.327693301672955961e+00,2.329145462279727852e+00,8.290582444439853482e-02,-8.921767114078776872e-01
0.000000000000000000e+00,-1.864656120747951729e+00,-3.306395597251656326e+00,1.417009474715799966e+00,-2.561328081184147898e+00,3.294041569349353882e+00,-3.260727630677522360e+00,4.767606193736284581e-02,-2.519407136590155361e+00,3.055521008577335440e-01,-9.615993124128063840e-02,-1.483645748847212120e-01,2.317822555632648829e+00
1.000000000000000000e+00,5.916409788735943476e-01,-8.342691742134338284e-01,-1.823841645048140947e+00,1.500480087604525448e-01,-1.468694385334710084e+00,4.018288717603157423e+00,-5.664378361645592275e-01,-2.202769210307963910e+00,4.086837994410109642e-01,-4.548392398380657342e-01,2.239962202237804068e+00,9.006096003906203240e-01
0.000000000000000000e+00,-3.628208669174176615e-01,2.822462686588706582e+00,3.777038810821953252e+00,1.297111372137597751e+00,7.466092741984253767e-02,-1.183280033296819633e+00,2.183290561534796836e+00,-2.782239591079432195e+00,3.888251692825333450e+00,1.006527136565736891e+00,-7.353594103027332185e-01,1.138195124739056041e+00
1.000000000000000000e+00,-1.308113745919913251e+00,-2.477745738989341362e+00,-3.958654744325985853e+00,-5.403854861751018923e+00,2.632298093137435124e-01,5.335270060950671578e+00,-1.732610492491494014e+00,-2.446060782934489364e+00,-1.559331833543245338e+00,-6.485300745547781798e-01,1.289504594459064624e+00,1.855731644282828885e+00
1.000000000000000000e+00,3.182314634507072526e+00,-1.910526140021457708e+00,-4.278186679589592867e-01,4.965409744510453471e+00,1.999531894870776316e-01,-5.314983145582770074e-01,-4.769982937835510750e-01,-1.902424830623661300e-01,-1.244321392596554832e+00,1.521481641267817597e+00,1.351028594766961799e+00,-1.415136551785637131e+00
1.000000000000000000e+00,-7.902602805732812374e-01,-1.786793358916413332e+00,3.662286552979072685e-01,-1.707947185039225380e+00,-8.405264009407820147e-01,-4.129135535552524772e+00,-9.760002805101040124e-01,2.769003631148845734e+00,-1.301966445885216483e-01,1.942462031338782369e+00,3.339636915631647440e-01,2.277299054124406474e+00
0.000000000000000000e+00,-3.550801744483844224e+00,9.236677244935512121e+00,4.547514704805253327e-01,-3.309367520299118404e+00,-3.188666670779192636e+00,-2.024675888162091653e+00,-1.320887081033507826e+00,1.003613832923682114e+00,2.182809064428612444e+00,2.058079872727094362e+00,-3.677154251732428936e+00,-1.635946046755281547e+00
0.000000000000000000e+00,1.481312083751338271e+00,-8.046952144464302181e-01,9.486564028453041697e-01,3.666541463205791107e+00,-1.779005171985078348e+00,1.845289990076942832e+00,3.969963592082846215e+00,-4.627136144431378995e+00,4.006701887216174152e-01,6.110595229629841585e-01,-1.099237705691768596e+00,3.711815738365832562e+00
1.000000000000000000e+00,-6.129387988188945702e-01,5.107193313974477400e-01,-2.645484261583702645e-01,-1.415821259785223107e+00,-1.250868387682786631e+00,-1.359370216793003738e+00,-1.075488416182107665e+00,7.928623102794050137e-01,-5.882476265240781377e-01,-3.081035529645622661e-01,-9.733159635028358903e-01,8.903859485025922282e-01
1.000000000000000000e+00,-3.004955124230470620e-01,-4.643678210356057545e-01,2.327623072818987282e+00,-2.246017975847648174e+00,2.292505443827636658e+00,8.669614421632940715e-01,4.041065273827993964e-01,2.504807381821957613e+00,1.649335566327303937e+00,7.583641777492042824e-01,1.684940517846365893e+00,-1.958243350725573650e-01
1.000000000000000000e+00,-1.233534001595557816e+00,1.075496280545175098e+00,-9.939492166932915040e-01,6.045657507283638488e+00,-2.073717375790626427e+00,4.459896231742651374e+00,3.290506135454273284e+00,-3.241756067587736823e+00,3.498143614187511741e+00,1.062173437113863805e+00,5.605093949321442004e+00,-1.196250377443341728e+00
0.000000000000000000e+00,-1.612311927642234632e+00,2.101913039700448405e+00,-4.665814985120260161e-01,-1.764671692180236562e+00,6.907658615767808818e-02,-2.364147983923308161e-01,4.682707278891605762e-01,-2.627199824527048921e+00,-9.108756656328125256e-01,7.660543140852080768e-01,-3.122005732725378291e+00,6.082910936762704335e-01
0.000000000000000000e+00,-2.575826421129640664e+00,-2.013628735563090633e+00,-6.609691443381715548e-01,-3.852991640475466273e+00,3.216595805397558738e+00,-1.550506393990357834e+00,-2.878349884772253287e-01,-2.798800648482449915e+00,-2.001423960750434716e+00,2.541378286820890509e+00,-1.443306521800126641e+00,1.581608779580078394e+00
0.000000000000000000e+00,-2.080769855272043278e-01,3.566271212064995866e-01,1.340617771619589949e+00,-1.441495840498447853e-03,9.131172916676728590e-01,1.017223540709080165e-01,1.825006239406564035e+00,-1.371119300405960306e+00,2.221473170658807561e-01,-6.591031400915747795e-02,-1.503074143149910613e+00,8.028325332830117400e-01
1.000000000000000000e+00,-2.111875591763746840e+00,3.526266806566385803e+00,-2.588053457645649758e+00,2.431007971172499449e+00,-1.477485203698053251e+00,-8.577578269681485068e-01,2.461691337795526291e+00,-1.540554613486264213e+00,4.017643617450278093e+00,-2.498060776027183572e+00,-4.174629838020560424e-01,-3.220052052908165763e+00
0.000000000000000000e+00,5.023752880342178262e-01,3.183810176776231682e+00,4.037933397438567162e+00,3.568034281230926918e+00,1.667623227748005199e+00,-1.562262078711366797e+00,9.065465989497047961e-01,-5.615057106780589891e-01,-8.256282271899455516e-01,5.002293713964031774e+00,-1.020856136337058073e+00,-1.628634043975201173e+00
0.000000000000000000e+00,2.955924792871214013e+00,1.127684969016290450e+00,-1.047699138408312081e+00,-4.538873096312198818e+00,8.101304848880482856e-01,1.792791588859619978e+00,-4.075716645573955077e+00,-1.341881196740125182e+00,3.596406950375549805e+00,3.317194755264360140e+00,4.430286306514981121e-01,-2.932886911882149894e-01
1.000000000000000000e+00,7.917744097442993567e-01,-3.349454340177765221e+00,4.631902097385764971e-01,-3.460962283825208541e+00,2.001615664303711739e+00,-5.416302563957280825e+00,3.571653034257271653e-02,2.384836462266081814e+00,4.195550023779137661e-03,2.804029652447279641e+00,-2.434733813052508467e+00,2.580673529784283993e+00
1.000000000000000000e+00,8.514244923453224700e-01,-2.353908942132173721e+00,7.060612720189566316e-01,2.797618269063700591e+00,-3.148194085618176707e-01,-3.661441867161328467e+00,-2.026474577421383927e+00,2.493777232590603798e+00,-2.533283791426689247e-01,1.554929620821111858e+00,3.195434468614688939e+00,-3.998161633465525666e-01
0.000000000000000000e+00,5.518114232402859809e-02,3.311677181035134421e+00,-2.200479837406543293e+00,5.013727699108923908e+00,-1.883286461281818980e+00,-1.236882500990987399e+00,-1.107494172673117117e+00,-1.432805582144779821e+00,-2.624805084930232013e+00,1.285189415164876170e+00,-1.266277753264947403e+00,-3.625090582806196782e+00
1.000000000000000000e+00,2.143329713029616945e-01,3.082065098671296965e+00,4.439236758261595028e+00,5.229396517942707767e+00,2.271674781115483377e+00,1.869098264910963536e+00,2.653217357154060707e+00,4.900192710254446249e-01,-2.737761656916361197e+00,-1.755296662360214199e+00,-1.148155860842964948e+00,-3.682944825553540191e+00
0.000000000000000000e+00,-9.671044514176860840e-01,-2.034844786661695881e+00,-9.983189906095222277e-01,-1.150807824013308167e+00,2.314680375347860419e+00,8.964324305224868894e-01,1.044630764140960455e+00,-2.631340470144562182e+00,-3.828215599923382229e+00,3.847939037484674474e-01,-2.188520565677858354e+00,9.512214998392443110e-01
0.000000000000000000e+00,-9.800841234956132464e-01,5.217230333983599033e-01,4.857029888322853539e-01,1.961470933652071924e+00,6.234978450303081399e-01,3.610531550682085644e-01,-9.059986627146074945e-01,-4.605121018563098190e+00,-1.038776596065515534e+00,-2.164137935160451942e+00,1.928018945321559041e-01,-6.511491380760187075e-01
0.000000000000000000e+00,2.357965134092777859e+00,3.859334174051299637e+00,-1.009955572653936873e+00,-3.674587167158787526e+00,1.846691246212169624e+00,3.627857068680078179e+00,-1.159737966465861136e+00,-6.840479261324480253e-01,1.470127192548221107e+00,2.945114360543801713e+00,-2.864194172735858412e+00,-2.594079515871883235e+00
1.000000000000000000e+00,-1.782313586168695618e+00,4.174561335244753479e+00,-2.088838335086870224e+00,-9.549045468887149113e+00,5.213746418147626738e-01,1.568076782735442265e+00,-4.166760347651221608e+00,-1.823753205001110045e+00,2.512010407829662562e+00,-1.994279708041902577e+00,-3.191524497365987312e+00,-5.957976803575464331e-01
1.000000000000000000e+00,-4.594100057965846418e-01,4.784024764629611681e+00,1.435355291866684979e+00,5.017941644664508871e+00,-8.927886372323778907e-01,1.083301936230602891e+00,1.911889902711200406e+00,6.213696517548550347e-01,-9.476187025394072760e-01,-1.853939784704198956e+00,-1.132614621008084743e+00,-3.991028924752519913e+00
0.000000000000000000e+00,-1.031147216636871367e+00,-4.226604590805469464e+00,-2.845975405240452449e+00,-3.620049998353104037e+00,2.445807809651951548e+00,-5.095432601705169873e-01,-3.271121992721814919e-02,2.193242294907980838e+00,-1.470950531743939305e+00,2.460812637970096084e+00,8.986484530772997914e-01,4.909461411840615463e-01
0.000000000000000000e+00,-1.419344524168477006e+00,-1.197374844972841190e+00,8.085275884764941967e-02,-2.967749357580379499e+00,7.201266243994703942e-01,-2.542633283789342169e+00,4.738132886250862041e-01,1.201991838531155654e+00,1.466080163098988809e+00,2.303792841106814038e+00,-6.409062162649581396e-03,1.783949640406173653e+00
1.000000000000000000e+00,-2.932005832572931459e-01,-4.087432083173497266e-01,-7.010904512009075162e-01,-9.852818257305095528e+00,1.517334019973286097e+00,-1.929155098803758683e-02,-5.530971840490211733e+00,-5.133096929601999037e-02,4.778840685594637483e-01,6.370716341267619320e-01,-1.275974162903480202e+00,2.076243632335700973e+00
1.000000000000000000e+00,6.372451312007547664e-01,6.739496781503037104e-01,2.002207005391242411e+00,2.764422473217683862e+00,5.473764116415963388e-01,-3.223650040710164255e+00,2.594106699154064000e-01,1.590515328659523275e+00,-1.653243573680519551e+00,9.211112891536400449e-01,-1.396974227318082296e+00,-1.121275744270839647e+00
0.000000000000000000e+00,-6.058699168669454682e-01,1.102989801260542579e+00,2.299655135920177784e+00,-1.092814842951786325e+00,1.218290867074798278e+00,-1.542727991089644757e+00,1.002894706146290504e+00,6.086775766113328157e-01,2.241839698762455146e+00,-8.335959348370836075e-02,-6.833847491717179867e-01,5.628305867528793360e-02
1.000000000000000000e+00,1.447670462692263849e+00,-4.086122839157749986e+00,2.817564323957872929e-01,-1.074691223662646467e+00,4.060191034632111950e+00,1.635064460828945077e+00,2.555631206270516209e+00,5.796606428215398399e-01,-1.914714630859712274e+00,1.870367364317063075e+00,-7.007182567565510833e-01,7.989237094585954768e-01
1.000000000000000000e+00,-1.176845318621096537e+00,2.803641099892975053e+00,-1.864591833548938205e+00,-9.883509099276056586e-01,-1.288226919631249690e+00,2.591915303676528559e+00,-1.864710383713426012e+00,-2.954427730542134256e+00,8.419273478278784806e-01,-1.171380344187227029e+00,4.405901752335643629e-01,-1.265867003402032509e+00
0.000000000000000000e+00,-2.792863058030127910e+00,3.567355035514258255e+00,-2.100284378976646771e-01,-6.000853065966500033e+00,1.012549240454932109e+00,-1.685972514212001894e+00,-1.694000436844024904e+00,3.098784980451095628e+00,1.542876294902890688e+00,2.006157210984778061e+00,-1.500406156668211199e+00,-1.609144296857999201e+00
0.000000000000000000e+00,-2.176687630708062038e+00,6.069763944680559575e+00,2.067050604313577011e+00,-4.082405905829961767e+00,-3.685523066397387026e-01,-1.866529688160089462e+00,-6.878153145162355653e-01,5.236143367340213572e-01,3.790564120529350767e+00,7.977980401647050135e-01,-2.583383614633766534e+00,-7.692648313699952389e-01
1.000000000000000000e+00,8.615515558906885474e-01,6.939832735544392284e-01,-1.627062511747612294e+00,-4.099266275151070893e+00,1.008765569876050705e+00,7.438252441666630688e-01,2.202522403285516184e+00,1.616137063586706724e-01,2.238388790556030905e+00,-3.256855725331449403e+00,-4.572874532111353751e+00,1.123629941267401122e-02
1.000000000000000000e+00,-3.278406189670691750e-01,-6.235305960388864976e-01,-3.021808713996113394e+00,-1.255052873462956020e+00,1.173329547062643030e+00,3.014682914406333403e+00,1.752504984206446181e+00,-1.195874571058319846e+00,-7.458683415938618388e-01,-1.723601174652748425e+00,-1.400861360822256430e+00,-1.091271129628724967e+00
0.000000000000000000e+00,-2.478228883302231456e-01,2.441100625912486777e+00,1.201101383375631215e+00,4.058957603604648412e+00,2.839273530699637504e-01,7.545957180495775907e-01,9.929944644188530845e-01,-2.741545332139463831e+00,-1.813169341683573244e+00,1.040481310586803820e+00,-8.155971504408862094e-01,-1.708298428170700767e+00
0.000000000000000000e+00,4.418103486350817732e+00,4.450594940971492441e+00,-1.771923678584765849e-01,3.268547282586667713e+00,-7.977206026877428080e-01,2.374655313970166048e+00,-9.301258568181666186e-01,2.427994138931255375e+00,-1.623394162208161795e+00,3.177732396397932035e+00,-2.239019158949422383e+00,-4.324028617738990832e+00
1.000000000000000000e+00,1.684058450825554498e+00,3.374124547050594281e+00,-3.019069907539427611e+00,-6.565644750283776254e+00,9.839135245590682199e-01,3.730785275116013544e+00,-3.396161207596405163e+00,-1.834678787777212161e+00,5.512635122311726477e-02,-3.700823380556670816e+00,-4.966206682298331287e+00,-2.268924688695330261e+00
0.000000000000000000e+00,1.189090404826210534e+00,8.281557781930537487e-02,-4.837282998933467582e-01,2.328341723237572491e+00,2.330669136780090245e-01,9.852106543664761462e-01,-1.801235844647680384e+00,-2.900760084653207560e+00,-1.073161550637027783e+00,-1.896030227396520385e+00,4.047464066080082024e-01,-1.544548047170627658e+00
1.000000000000000000e+00,4.224189249938460344e-01,-4.829890298529404546e+00,2.589334701950296136e+00,-4.933947011860121634e+00,4.160690595435386996e+00,-2.064711263744542169e+00,-1.588112128937673173e+00,3.820800855770746463e+00,4.833539702206979261e-01,3.695447828087928599e+00,2.494084269795608932e+00,2.185881592883279989e+00
0.000000000000000000e+00,3.393963143770706292e+00,1.585131187790292051e+00,3.075067575304125000e+00,-9.676798481191195123e+00,1.342895029139848706e+00,3.403575418767044614e+00,-1.125775869057219269e+00,3.816262793105312134e+00,6.842888391851009722e-01,3.384753427191193875e+00,-4.461466553363496068e+00,3.595354232480279855e+00
1.000000000000000000e+00,1.515132831790817480e+00,6.421310921369457247e+00,9.796841158178282161e-01,9.460161442947338628e+00,-8.390387699451764547e-01,6.342366943054822404e-01,5.260340655465044257e+00,-1.881522032751455686e+00,-2.815278973136316587e+00,-2.195147732035220400e+00,-6.037520777548490258e+00,-5.278615380535812029e+00
1.000000000000000000e+00,3.188767223051425237e-02,5.203858839278021620e+00,3.082946392337708286e+00,4.659715329917005766e-01,9.090710421862067125e-01,-1.527718883334830746e+00,9.265146780946986738e-01,1.790054918972332265e+00,2.201170278457428964e+00,-9.542439518658580866e-01,-2.736401346055749251e+00,-3.152637453081679642e+00
1.000000000000000000e+00,-8.869931323726487626e-02,1.509845375936352152e+00,-5.949303639232342844e-01,-2.259143329638664266e+00,-6.001209954953001802e-02,1.280775714903039875e+00,-1.946445390868567493e+00,-2.546068429705621305e+00,1.765927278634680686e+00,-6.957003016509106796e-01,-5.922263226789992174e-02,-1.528988969243563201e-01
0.000000000000000000e+00,1.564620886024463253e+00,1.634009844043440296e+00,1.144673571439551285e+00,-2.360263728250441950e+00,1.841838802010524301e+00,1.952214635802082876e+00,-2.406144772110545116e+00,-3.205098418221556944e-01,-6.163424450706981306e-01,1.163404039946007718e+00,-1.029400804855413298e+00,-1.227575188318934529e+00
0.000000000000000000e+00,-3.372883815325031787e-01,1.991011436906694687e+00,3.992412029283372910e+00,7.188783130636942964e+00,5.060442889955127921e-01,-2.773942411017291221e+00,1.978329499613967535e+00,-6.436922993139633231e-01,-4.201808496902035728e+00,1.542159941960855152e+00,-1.585872849737999912e+00,-1.534163886106629793e+00
0.000000000000000000e+00,2.939697684471052064e-01,2.411058698096463004e+00,3.094160125013747820e+00,6.229349218826919499e-01,-6.671585626512712697e-01,-3.170224892618673795e-01,2.395267156690483290e+00,-1.515812399419488088e+00,2.467363413443469433e+00,-5.776858051083635370e-01,-2.024586538473388764e+00,1.593769681138338612e+00
1.000000000000000000e+00,-1.770196715979026614e+00,-7.878763763895617611e-01,2.050455662195311834e+00,1.783329998033316599e+00,1.408354743732278536e-01,-3.078088340019303093e+00,1.978883102566598495e+00,2.836048202536733509e+00,-4.513207245302175430e+00,2.235808678763657298e+00,-1.445664627736047869e+00,1.205974940695504483e+00
0.000000000000000000e+00,6.275923181397244921e-01,-3.507407137026465449e+00,1.506799537654925913e+00,3.535746781379952575e-01,1.898994287263320313e+00,-3.340509597103092920e-01,2.158035491975354603e+00,-3.155458535043019985e+00,3.407452632167546458e+00,2.590671451450124785e+00,2.311503975639087827e+00,3.063706239326935421e+00
1.000000000000000000e+00,-8.343332667031185812e-01,3.998967774764718541e+00,-7.579753065330880890e-01,-1.174323103950587210e+01,1.316674105760161861e+00,-3.820477678395734600e+00,-5.710120952854778054e+00,1.191561589460505832e+00,2.591109419641138167e+00,-2.024752393093899094e+00,-6.096799651326802127e+00,-3.089023183235093395e-01
0.000000000000000000e+00,6.608425280125402868e-01,-3.170959652358444014e+00,3.222890001962379181e+00,1.955667296998351068e+00,1.118614420253167152e+00,-1.886387165704209945e+00,3.150818058221901197e+00,-3.418390215180591163e+00,2.191476571384709970e+00,-1.844100759061858774e+00,-5.232287195744145247e-02,3.736238758086616318e+00
0.000000000000000000e+00,2.956767733909381413e+00,8.128537555631104583e-01,4.289411279031758450e-01,-8.364125762201259917e+00,3.634311207553102108e+00,2.183161777603407572e+00,-4.729728128047244518e+00,-2.078455331673740414e+00,3.628133039631745937e+00,8.730941018308798762e-01,-1.539511786439351049e+00,-3.352746557291519380e-02
1.000000000000000000e+00,-1.932010848907771638e+00,4.511251609987842137e+00,1.894626890821210718e+00,5.765572270326231319e+00,-4.416943454557372917e+00,1.919211242306769538e+00,1.466814533280021315e+00,-3.309727091016419820e+00,2.280334216803518110e+00,2.768710375619052311e-01,3.048738384048098382e+00,1.944597517071835480e-01
1.000000000000000000e+00,1.883516810033971645e-01,2.509140598890615692e-01,-2.517118350936998095e+00,-3.637727214642621387e+00,-1.593479273339171165e+00,-2.385322686550015447e-01,-2.916356956531449107e+00,2.779242804527456645e+00,-2.661086776982007240e+00,-9.511297608899677014e-01,-2.039815038298100180e+00,8.464389314537124065e-02
0.000000000000000000e+00,-1.185092311829692324e+00,-9.953616647510696858e-01,1.565054344435438560e+00,-5.771550659379591330e+00,4.303466559926693691e+00,-1.062071499971186661e+00,3.824333746645630638e-01,-5.100854224799298287e+00,2.404385352974411028e+00,5.064346353096927267e+00,-1.757399201777320119e+00,3.290553188342943525e+00
1.000000000000000000e+00,8.599342449338784888e-01,1.781110440522985783e-01,-2.724989949565879588e+00,1.072449573001378553e+00,-1.039418957473761784e+00,2.644199484916656573e+00,-9.590711086496154225e-01,-2.523633945959371960e+00,6.660386678617697953e-01,-1.600988056459036413e+00,1.055470281115789000e+00,-1.214881654456084759e+00
1.000000000000000000e+00,1.735273130636328043e+00,-2.459941743807971815e+00,2.393155450157613551e-01,2.775849641067318352e+00,7.281898531765061966e-01,-2.946383346719574803e+00,1.022554304812409942e+00,1.682622206645167040e+00,5.130328101451293588e-01,1.708130541249806900e+00,7.673491018764375671e-01,-2.069915098142200982e-01
1.000000000000000000e+00,-2.011363117623862884e+00,3.594427356127593232e+00,-1.489165674689017171e+00,1.641460385431287694e+00,-3.284350749489960419e-01,2.997735414479496541e+00,1.035667292716786925e+00,-5.453995532560631965e+00,3.501485972654914569e+00,-1.552333658621707801e+00,1.187462406438034801e+00,-2.445635338758656019e+00
0.000000000000000000e+00,2.620765647493327855e+00,3.538555575902103123e-01,6.684701708039102463e-01,5.344530896482792670e+00,2.717682435827758480e-01,1.329509915711859724e+00,1.189089996188259502e-01,-9.115029533532932327e-01,-2.274640540310344683e+00,-6.331717437052830633e-01,-1.968083532997544349e-02,-2.399490104460905826e+00
0.000000000000000000e+00,1.878901131936703273e+00,5.427342405102223433e-01,1.218011401090870027e+00,9.702880011331235233e-01,8.613771904971958548e-01,1.909650347504897372e+00,-6.951858429818642549e-01,-8.621514466386088760e-01,-7.340770628719512914e-01,9.163921500738652082e-01,1.909377441317761104e-02,-6.763895943068831684e-01
0.000000000000000000e+00,3.907073095647069838e+00,-2.015945250611796968e+00,9.288457831265009013e-01,4.636155672374863812e+00,1.977058799211287576e-01,1.670043869978229845e+00,-5.282630592343409148e-01,-1.847493071307209078e-01,-2.510684380536165605e+00,-1.768611446246214580e+00,7.356871464497016788e-01,-8.739741779722693948e-01
1.000000000000000000e+00,2.914773814533005325e+00,1.924580442792609203e+00,-3.131041772610605900e+00,1.467781970979309125e-01,-1.323090834616159395e+00,2.864055790077093100e+00,-2.046238136274013408e-01,-6.318792670329482775e-01,1.517886315363208727e+00,-3.622626414364116254e+00,-2.272369104133774353e+00,-2.409629039036695453e+00
1.000000000000000000e+00,3.357870094548485618e+00,1.108299488432431978e+00,-3.875172998754543574e-01,1.057138294198395556e+00,1.399434257775472146e+00,-4.912579368160071569e-01,3.073584333204407493e+00,-2.286623720778542257e+00,1.009243251469660319e+00,-1.597413406769513600e+00,-6.005336729013903252e+00,-8.377126689141591864e-01
1.000000000000000000e+00,-1.811660650883161416e+00,3.758487155578905892e+00,-6.310279769994728838e-01,-7.168839419640294253e+00,2.966788303029015417e-01,3.346613194624989074e+00,-2.416316617565030800e+00,-1.005509577683928901e+00,3.109637368377951461e+00,6.461993082213461914e-01,-2.099340058181425883e-01,-1.799648145820772482e-01
0.000000000000000000e+00,-3.019957680703366787e-01,1.213351622104844374e+00,7.643238792198353559e-01,3.532948211522390025e+00,7.532932670514684848e-01,2.513566591600270961e+00,1.608514814044618824e+00,-1.031111681750257691e+00,-3.586241251539147523e+00,2.929862242029916963e-01,-5.254908286104393866e-01,-1.792230083032782861e+00
1.000000000000000000e+00,1.095452729164491323e+00,9.977182884433926091e+00,6.322607641662387756e-01,7.482431348989821096e+00,-4.645463804230224980e+00,3.253141043679586897e+00,6.699453389027658634e-01,-2.149888331671353292e+00,4.237974422596593183e-01,-3.100414628916614568e+00,-2.535086294854943745e+00,-5.467496459705663447e+00
0.000000000000000000e+00,7.776152360974328825e-01,3.608466299731785565e+00,-1.322320771930257877e+00,-9.096821342848079084e+00,1.993844900025125488e+00,3.833424767752395823e-01,-4.703679358138618483e+00,1.163964377674870931e+00,2.084948866169150428e+00,5.210001092241599352e+00,-2.714318370269893421e+00,-1.233420350890898076e+00
1.000000000000000000e+00,-3.388824114199350923e+00,2.382456510427252816e+00,-2.483944821817090975e+00,-4.919600180511644716e+00,3.647153499754880457e-01,-9.074364561909598059e-01,-4.082159320352861442e+00,-3.116131287075371015e-01,1.147656776836961434e+00,1.122944410103009272e+00,9.839712477165110105e-01,-1.990795409739088528e+00
1.000000000000000000e+00,2.677377832812147140e+00,-9.262431444826469962e-01,-2.592122206624491998e-01,7.100039294699250769e-01,2.607328942713543096e+00,5.012495958278393449e-01,-2.473879978354385223e+00,1.338374289142609586e+00,7.646575705502047793e-01,2.268330591186979994e+00,2.393010521723611728e+00,-3.280696005497267365e+00
1.000000000000000000e+00,2.335994819464485506e+00,9.783747631328780781e-01,1.261574675304857340e+00,2.217566037158558157e+00,3.125146488388212962e-01,-4.963574899006222729e+00,2.457964288463458047e+00,-8.050716492287945947e-01,-1.708121342723925018e+00,9.180538054180220620e-02,-7.169459484225296997e+00,6.621271942311137693e-01
1.000000000000000000e+00,-5.275134828753536009e-02,-1.370047217064585265e-01,-2.612344382019342603e+00,-1.919182888548169652e+00,-7.684953324753658332e-01,7.920709165840154053e-01,-9.081852404485840635e-01,-2.383955321946667816e+00,3.318766654236150693e+00,-1.944826855709988145e+00,6.571580381735373511e-01,1.460254489209993345e-01
1.000000000000000000e+00,-4.133377889638076841e-01,6.271229718637283845e+00,-2.609004556283407883e+00,-1.241528051796174426e+00,-4.054338753244666194e+00,-4.716678355256003208e-01,-2.824178471634920307e+00,4.338708763930898549e-02,2.060171466518126993e-01,-4.293808701947950723e+00,-4.100113091285065181e+00,-2.645239870845197405e+00
0.000000000000000000e+00,-1.603880728078589168e+00,6.695865562694768514e+00,1.383334158926599056e+00,-4.462109982022193222e+00,-1.119047586638038716e+00,-1.604096883364152681e+00,-6.514232322119828389e-02,1.374525084038347611e+00,2.678927183080609176e+00,9.110103612308986243e-01,-4.615294176937111637e+00,-5.529125187595493873e-01
1.000000000000000000e+00,2.573495918599946641e+00,-2.447246365117104361e+00,1.057763249563881569e+00,-3.489070676220626499e+00,3.769434840042365398e+00,-1.680503190291208870e+00,-1.087979229995169383e+00,5.288600931662188476e-01,4.632847670618374103e-01,1.264465577456190370e+00,-1.959822452143369365e+00,5.890986376108220401e-01
1.000000000000000000e+00,7.864365255233379814e-01,4.272732622456397067e+00,7.345517597787181163e-01,2.884949616618960988e+00,-4.936276170670002017e-01,-2.051295650218755817e+00,2.138845834824468994e+00,-4.092771506549743865e-01,-3.992151934695694626e-01,-1.826157428803944160e+00,-5.306249509968374412e+00,-2.434502261063204109e+00
1.000000000000000000e+00,-1.485989534497989428e+00,3.749044035736492919e+00,2.131010861427698355e+00,1.254473579835672759e+00,-2.415543755671052395e+00,1.864345196086886869e+00,1.363229827007823580e+00,1.166030286998224419e+00,1.929435182454247499e+00,2.409930965443480844e+00,1.930595612604254718e+00,2.392641879873296240e-01
1.000000000000000000e+00,9.052576711909765539e-02,-4.271026892590523261e+00,3.879354224296704956e-02,-2.628141397473269247e+00,3.685209186816503113e+00,6.753330936768275894e-01,2.465113726083026258e+00,2.216881106163123505e+00,-8.964758673778244757e-01,2.807417229812152470e+00,3.507621233962561202e-01,1.325648355752824692e+00
0.000000000000000000e+00,2.953167572042693312e+00,9.428643772559922032e-02,3.249272069737618729e+00,6.621123195486247504e+00,-1.469040417886446903e-02,4.488345897200956003e+00,2.278374038406036917e+00,1.056047508273978419e-01,-5.133913380634209211e+00,-2.956042921670571477e+00,-6.160462607989025674e-01,-1.078029534354008723e+00
1.000000000000000000e+00,2.739284468538483175e-02,2.238690041243711182e+00,-3.773826063749922355e+00,-3.196034119494801207e+00,-1.906906366215755710e+00,1.318161374506929828e-01,-1.507129875632665650e+00,5.637956825358434454e-01,6.828278068559168190e-02,-3.852053827173740785e+00,-3.612283266919605662e+00,-1.323759291933664040e+00
0.000000000000000000e+00,-2.268939153818758214e+00,-4.241586283908992172e+00,-2.942200181942944859e+00,-4.512514955184639298e+00,1.551649085930643768e+00,-3.566961465976682621e+00,-8.630477000050698067e-01,1.247694137262069791e+00,-1.384729318240160989e+00,1.350598865246032787e+00,-2.834318284228984908e-01,1.806622020243234150e+00
0.000000000000000000e+00,-4.189793480384833568e-01,3.316123496935473369e+00,3.002212368121152775e+00,4.258110524395891439e+00,1.595513002826167925e+00,2.666726789560749378e-01,1.392633655670542314e+00,-1.469465044689945543e+00,-3.528251879295295268e+00,1.805875929989342321e-01,-2.360630022113644255e+00,-2.732883217334039827e+00
0.000000000000000000e+00,1.081870881148119246e-01,-2.717223406523232576e+00,1.012454317088029798e+00,-2.220880632958454726e+00,1.865757524521882704e+00,-1.617276487598711565e+00,1.971949538972903371e+00,-3.652974252457771520e+00,1.686906944536417097e+00,3.139081798698713399e+00,-1.342480249198382047e+00,4.264000102036585638e+00
1.000000000000000000e+00,-2.365774036411105730e+00,1.815534083259575882e+00,1.538807919658275125e+00,-4.175536873256626258e+00,-1.036527345028793734e-01,5.976042178244006520e-01,7.072428552507104005e-01,1.143890164984059599e+00,1.319972672219949628e+00,1.754364044683665025e+00,-3.983089963774232301e-01,1.845004181279666255e+00
0.000000000000000000e+00,3.000076728200864906e+00,3.156382967176107335e-01,2.733863974062676894e-01,-2.807319870878847379e+00,1.498493889291322878e+00,4.017401800454726946e+00,-2.155304128739903291e+00,9.257534990255107399e-01,-1.616531269037202234e+00,-6.734635731053848495e-01,-1.311064592120220196e+00,-9.183220222240973118e-01
1.000000000000000000e+00,-1.502648245970024998e+00,2.757247195398897066e+00,2.916602303056918366e+00,1.409186286567823743e+00,1.085745207168328008e+00,-2.446697491263635893e+00,-1.952788498381581306e-01,4.122719325880654040e+00,-1.481483120235001838e+00,2.240135430579394793e+00,1.331005396764093351e-01,-2.805347516491393911e+00
0.000000000000000000e+00,-2.102187384463404030e+00,1.032433656474620154e+00,1.857150509800544746e-01,-3.748133747016188622e+00,1.663378651650120776e+00,4.231157879189245685e-01,-1.758816445664693084e+00,-3.941785442250620886e+00,-8.892178152114171841e-02,-7.946042098209953330e-01,-1.210898295773076283e+00,5.561527320642096761e-01
1.000000000000000000e+00,-9.313044316477385731e-01,2.203961182903780847e-01,3.578886077809466215e+00,-6.029428815534257913e-01,6.199064046825814023e-01,-2.747906389382701597e+00,7.955349126301803908e-01,2.480762464082899577e+00,-1.884735945401974533e+00,1.680394844375238783e+00,-1.537343664321800141e+00,1.698041329495723506e+00
1.000000000000000000e+00,5.605747570373911248e-01,-5.983714887702371726e-02,-2.132051673297262973e+00,-5.041118896629423141e+00,2.224840614334777644e-01,1.364868089138486118e+00,-1.849044584790329848e+00,-1.305178226582780265e+00,4.291462170416898703e-01,-2.347935125562654157e+00,-2.394251440687881427e+00,8.083934014469267293e-01
1.000000000000000000e+00,-9.956925467683725994e-01,-4.027138701164412748e-01,2.247119275863647125e+00,1.398865973065852808e+00,8.366285836918502250e-01,-1.099458139259357869e+00,5.300166974751887583e-01,3.533380849170913329e+00,-1.506584537073503594e+00,3.009705044323009560e+00,2.031206441658069739e+00,-4.908810542571836466e-01
0.000000000000000000e+00,-2.159539367683079192e+00,7.004533490986862843e-01,-3.263495384306087654e-01,-5.277069086849520474e+00,8.323441130205256888e-01,-3.065174121759698611e+00,-6.841120386900867434e-01,7.859985418668316015e-01,5.934084732538652540e-01,-2.266184831367252794e-01,-2.913145708068047401e+00,1.039874751600513569e+00
1.000000000000000000e+00,-1.483042450056759609e+00,2.341275621056920553e+00,4.714962374945678825e+00,-2.562411885501777231e+00,1.089784671546645933e+00,-3.215586856769322655e+00,2.613171605105015782e+00,2.491812148076366640e+00,2.801886958189259147e-02,4.053813771698024926e-01,-4.362619972400482382e+00,1.916197666369418684e+00
1.000000000000000000e+00,3.869544692360328053e+00,-7.410264632113987560e-01,-3.869169037940243250e-01,-3.636701493860086676e-01,1.121797408821371134e+00,-8.423648538817326559e-01,2.665020403975094654e-01,-1.300632109085967603e+00,1.775789734804908981e+00,4.826470831627788227e-01,-2.850654750510259738e+00,2.779158517187718669e-01
1.000000000000000000e+00,3.296114511711692341e+00,-2.207741013324323820e+00,-5.548649465462620611e-01,-6.707232574728807517e-01,2.656598608442774179e+00,-6.738446778909110702e-01,-1.559709382869753913e-01,-5.439876195770523282e-01,-6.060205060266068422e-01,1.532895275161119564e+00,-2.259317058087230379e+00,-1.724609270719019705e-01
1.000000000000000000e+00,3.131839428260405622e-01,-7.273198617456083648e-01,1.544497866894949389e+00,6.741935641088280029e+00,-3.187438408776317900e+00,3.850565925027409353e-01,1.744142582841748279e+00,8.348990148096937514e-01,1.766149338955235848e+00,3.187836969535997156e+00,5.838953130971002103e+00,9.746423382326236950e-01
0.000000000000000000e+00,8.713749835016209033e-01,3.986253283862737806e+00,2.456083262488199637e+00,-1.061813189490422538e+01,3.550139386200911851e+00,3.051189489552201817e+00,-2.553170482844617339e+00,9.093367884960772418e-01,2.549567389198152956e+00,5.271948946962069726e+00,-3.241283075903228728e+00,6.934131406611414583e-01
1.000000000000000000e+00,-1.236213862953299270e+00,-1.131027406823110315e+00,1.755670562496737253e+00,-3.717103482068586651e-01,2.679912799868193307e+00,5.767494837409523623e-01,5.610025529567124636e+00,2.044203628486341628e+00,-1.082348537631106611e+00,6.441120585895607764e-01,-2.107666878394105048e+00,7.835751469395195734e-01
1.000000000000000000e+00,-2.673924871887816135e-01,-2.870137141278387816e+00,-5.147969002113016224e+00,-6.238834830020638655e-01,-2.903798894389213459e+00,3.127306890282450791e+00,2.228611622362874911e+00,7.017494486175130941e-01,2.149111425839725698e+00,-2.014232343901213973e+00,2.323688449209152296e+00,1.484766336149844435e+00
0.000000000000000000e+00,-1.002682456257052657e+00,-6.182783330493619722e-01,1.759408131160584476e+00,-3.378535682647731075e+00,2.874917363700599360e+00,-1.423216841164544277e+00,1.155918782835061887e+00,-2.972581605146331185e+00,2.133033201370427179e+00,3.160247311199268605e+00,-1.295650586586563513e+00,2.413374106491807503e+00
1.000000000000000000e+00,-2.858867378732334430e+00,3.515130832168722019e+00,-1.004261857739036090e+00,3.209013793346214172e+00,-1.831932477570404227e+00,-1.373871126013101573e+00,1.894309339452097785e+00,-2.247059579002643304e+00,3.048829642609358181e+00,-1.366899002198592061e+00,5.111876389002443233e-01,-2.103160601763020665e+00
1.000000000000000000e+00,-5.544921130752606953e-01,4.800234783884310907e+00,4.509744864409887199e+00,4.369151537759128345e-01,2.814086654745748373e+00,9.992461564746923930e-01,2.083825023101126384e+00,2.915008549706141316e+00,1.654326576805987159e+00,6.046416575488393619e-01,-8.526542653016493389e-01,-3.797562275404527288e+00
0.000000000000000000e+00,-8.516485345369168014e-01,2.621054807846099344e+00,2.005136360687610697e+00,4.609890338118627917e-01,9.105545655682207862e-01,3.007684617950570072e-01,2.183154300506083167e+00,-2.733152318567930728e+00,-1.331365885255558545e+00,-2.467450022295767376e+00,-4.217028448092428050e+00,-7.743646320302244312e-02
1.000000000000000000e+00,5.042442986235855518e-01,2.286743652833711504e+00,-1.108854239374520434e+00,4.247338697471787938e+00,-7.906824183124789851e-01,4.051564597732937756e+00,1.199167066615622890e+00,-4.016303613309025522e+00,-1.473998731942672169e+00,-2.081108064067771934e+00,-5.811698195006772538e-01,-2.250987193720652257e+00
0.000000000000000000e+00,-7.146962939470099530e-01,-6.367648843319930307e+00,-1.585703759874309338e+00,-4.251485928325957175e+00,3.304520453335027419e+00,-2.599568253380364791e+00,3.554367127892122946e-01,8.258737050567255267e-01,9.675370898940549580e-04,1.342792063787698886e+00,7.168500007075668812e-01,2.614940189890742950e+00
0.000000000000000000e+00,2.874752154871988097e+00,2.940403646790202163e+00,-2.845716313323551905e-01,5.358924029843000980e+00,-5.395354600578738946e-01,2.227435663477917771e+00,9.205102524295876165e-01,-1.879256472114823717e+00,-9.550684620603779873e-01,4.206069174448054948e-01,-1.526432062322261363e+00,-3.236875710607463041e+00
1.000000000000000000e+00,1.349809382675443814e+00,2.244525307819352111e+00,-5.335479832326152305e+00,-4.464968577598815713e+00,6.469807681840649138e-01,8.687229864925010148e-01,-2.040365299113283903e+00,7.940736396088985405e-01,-5.005672775441980527e-01,-4.490360817819096795e+00,-5.412696297728318839e+00,-4.059919114342989133e+00
1.000000000000000000e+00,-8.069204905301579078e-01,2.321850551668742213e+00,-7.173971361521906953e-01,7.252199152161627360e+00,-2.804367038398217993e+00,-6.185028315471190474e-01,1.326887142697269262e+00,-7.368778249136576086e-02,4.659742317849132620e-01,4.756207685540079222e-01,2.594515915711997245e+00,-2.881084109722563014e+00
1.000000000000000000e+00,-9.630431413923785655e-01,3.095310520411920674e+00,1.729188098300880938e+00,5.331262175442398998e+00,2.008163886491285410e+00,2.621006233361905302e+00,4.319218406640032981e+00,5.964659186944655245e-01,-2.702757212218752869e+00,-2.265428949090476429e+00,-1.485693135137517107e+00,-4.749987897031989093e+00
1.000000000000000000e+00,2.545812845309268102e+00,-1.878754752040628473e+00,7.067317396497707627e-01,-9.278068110535941937e-01,1.161666247827930709e+00,-2.628594879650150595e+00,-6.322981537254257489e-02,-7.501272316969835874e-01,-2.620276632819502183e+00,1.879380964692031197e+00,-4.325671492196475398e+00,2.371472288967922726e+00
1.000000000000000000e+00,1.116865167337335318e-01,2.725953782119839186e+00,-2.998073941165155354e+00,-2.674615817040922661e+00,-1.586201610335255863e+00,1.834169062924508875e+00,-1.352160731584628017e+00,-3.151677611289577907e+00,2.692319333895266453e+00,-4.159026447073344457e+00,-2.163279375899238133e+00,-8.736691646411820500e-01
0.000000000000000000e+00,2.570389513262705705e+00,6.994175051411689603e-01,-1.397336461232235205e+00,3.671667093029326590e-01,3.022684420747506762e-01,8.545077689705380397e-01,-1.629237858931910754e+00,8.587733701061983638e-02,8.696456948896906791e-01,3.605609027244898179e+00,4.521576444350747792e-01,-1.739599737492615095e+00
1.000000000000000000e+00,-1.700408430173572016e+00,6.445712750629270182e+00,7.839271635611333444e-01,8.643311948730258987e-01,-1.649788238767724513e+00,1.126198377656769667e+00,-1.778990553273084307e-01,-4.637287519551122728e+00,3.796437121891889088e+00,-1.981932240170116266e+00,-9.899301187371468691e-01,-1.909785460289109782e+00
0.000000000000000000e+00,4.200730771224331583e+00,-3.241366973756473757e-01,1.391434879558651749e+00,-1.165798206745656679e-01,7.106067553712125395e-01,1.634731315346183544e+00,-6.706527196286373727e-01,-8.417708530773337916e-02,5.864010542105324575e-01,9.764654291660117558e-01,-1.032101684318065926e+00,5.066725132433758105e-01
0.000000000000000000e+00,-1.656327563156326121e+00,1.994493091225808312e+00,3.218139207649720390e+00,-4.415707719224313266e-01,-1.013881759762982782e+00,-3.373015476897149423e+00,8.761442674336890057e-01,-3.526755707388921746e+00,2.896225048100057098e+00,-2.003367046987976519e+00,-2.046691350424127087e+00,2.873038923436387115e+00
0.000000000000000000e+00,1.925538653320019389e+00,1.788447918997388086e+00,2.617012009686237040e-02,5.635012365852056782e+00,-1.798024801586941113e+00,4.034721409509617329e-01,1.245062138139875429e+00,2.380555332690896808e+00,-4.123761252361277663e+00,2.581607052016700266e+00,-1.330128290720352435e+00,-2.013823191714596117e+00
0.000000000000000000e+00,2.506520899813706293e+00,2.442599284632024581e+00,9.339640899197962920e-01,2.217781024270869761e+00,1.004637704584853797e+00,3.926575492597486505e+00,-2.301790378710778517e-01,-7.445163719259291213e-01,-1.465621063912681432e+00,3.947649325459168246e-02,-8.598974954432853091e-01,-2.883457499837651206e+00
1.000000000000000000e+00,-1.806894505390620020e+00,2.728914862250249485e+00,-1.329389144595976457e+00,-6.267252020401763435e-01,-1.973921887601781666e+00,1.229729022428697194e+00,-2.562939970378423915e+00,-1.885804437853745519e+00,-3.911390806825592037e-01,-3.602096518792327062e-01,7.726345516312822514e-01,-7.951766701298794704e-01
0.000000000000000000e+00,-1.802102250613945689e+00,-1.827014350784758046e+00,2.568771220586192783e+00,3.352319351391126911e+00,1.020016148020896241e+00,-1.145173309648679361e+00,-1.660519792643277981e-01,-5.173600661858376526e+00,-3.242952823289098063e+00,-5.403780024585684849e+00,7.752719767013549479e-02,1.177477278850017406e+00
1.000000000000000000e+00,-1.619785536430781381e+00,3.157426496592644405e+00,-1.644793885636825381e+00,-1.026101405804156208e+00,-1.206867453422405534e+00,3.231617659992991332e-01,-2.633668409359890106e+00,-1.354460850925433890e+00,2.426395133193164355e-01,-5.199131255508084859e-01,4.237269229414075689e-02,-1.933918986396027551e+00
0.000000000000000000e+00,2.739166782990422710e+00,9.260461391931271713e-01,2.978731681147026578e-01,-4.968717577386288831e+00,1.533895422062919955e+00,2.736713893124936181e+00,-2.958040714997988374e+00,-4.819278060846375888e-01,3.249783352707857897e-01,-1.258938609703188050e+00,-2.354001269591920131e+00,-1.031412193736132021e-01
1.000000000000000000e+00,-1.013301888003550921e+00,1.263300420239912958e+00,-5.379000249612968521e-01,-2.436008705593354140e+00,-1.642944788528930999e+00,1.233446943334805646e+00,-2.175086170540268871e+00,-2.484570967749416548e-01,1.563830273610290034e+00,1.002540646413019321e+00,1.857057040027681794e+00,8.340205030599701086e-01
1.000000000000000000e+00,-1.584415438827415645e-01,5.482523569781839079e+00,2.818677527383154136e+00,4.030478397130161206e+00,-1.189078668082137469e-01,-1.913037515720955151e+00,2.009475977235124944e+00,5.625819959246586288e-01,-3.255207432435641923e+00,-2.996692926056943040e-01,-5.341920111456224696e+00,-2.897259736063848123e+00
0.000000000000000000e+00,-4.864036981835357931e-01,5.819776737233560482e+00,2.405573718844537190e+00,1.310683690430893833e+00,-2.535511741881746772e+00,-8.837470403461489266e-02,2.172327478541851598e+00,-3.414875057436851158e+00,4.056985798949594546e+00,1.895743935333169983e+00,-2.193145490689671018e+00,1.099335170230407499e+00
0.000000000000000000e+00,-1.875849280843620681e+00,1.209187914483174753e+00,3.628272052057450736e-01,-1.858115055354986112e+00,2.339452321168113080e+00,1.529976845365064175e-01,5.795634727758313121e-01,-2.334392301904491429e+00,-2.437563517484141684e+00,6.066733112312794329e-01,-3.003908348768073999e+00,-3.357864888758381738e-01
1.000000000000000000e+00,2.194159337763876838e-01,-1.303762770533703659e-02,-2.282779086115207967e+00,-3.008103222876268745e+00,3.783683419788452795e-01,9.931678866108555326e-01,-3.064338656925723381e+00,-2.633259377006956115e+00,1.529742208637106859e+00,-1.065469273116398163e+00,4.201639866884581132e-01,-4.839543957490909376e-01
0.000000000000000000e+00,2.211655256844818673e+00,5.440184606367960418e-01,1.090113351817014742e+00,-1.244166973132033283e+00,1.746824151089326538e+00,1.447523994570163230e+00,-2.273686336829009669e+00,-2.884873959284502298e+00,1.425667503601598440e+00,-1.207468554966399932e-01,-2.028662763869071295e-01,-4.792972372411968829e-01
1.000000000000000000e+00,-1.020907213466862418e+00,5.452847533555409854e+00,-8.593378328364795760e-01,6.907245889940715200e-01,-3.753199882638400542e+00,1.257857808882067108e+00,-3.082664925201791917e+00,-1.675104629390651301e-01,-8.804681235375544368e-02,-4.049653098734682377e-01,2.870684874760272010e-01,-2.128866471049010833e+00
1.000000000000000000e+00,-7.458259741790904673e-01,3.990729596763321063e-01,-4.251437991386508575e-01,1.929013071417831293e+00,-2.376968084955172200e-01,1.702644372954461138e+00,2.281260688394103120e+00,-1.635284019598826522e+00,1.068092457590519073e+00,-9.515120948218103170e-02,9.240292278937156656e-01,-3.176591493821394607e-01
0.000000000000000000e+00,-1.233169393087162113e+00,-2.245250089878246591e+00,-2.630052552365200746e-01,-3.809920481465424835e+00,3.724927157982373060e+00,-9.910694952732316265e-01,3.435457343481377324e-01,-2.688182390044609349e+00,-7.502376435227782192e-01,1.893074431349041076e+00,-1.740838747780065532e+00,1.465642892844740253e+00
0.000000000000000000e+00,1.068830157761324395e+00,2.699241284835501187e+00,-1.583819248604779073e+00,-1.146373022099087891e+01,2.084251418040286907e+00,1.498114954691202039e+00,-4.978295318642887324e+00,2.923176925795143433e-01,3.151371218195015977e+00,4.006883129839694746e+00,-2.825321132242809341e+00,2.621800510639644699e-01
1.000000000000000000e+00,-7.776116939477711876e-01,5.427067764848048093e-01,-3.840085378056087961e+00,-1.958488082063740698e+00,-1.118197598940133819e+00,2.297158453273127066e+00,-1.391755971213041843e+00,-2.143557119549580392e+00,4.323609389574166739e-01,-2.300676348058651399e+00,-5.029788555436010000e-02,-7.815798968322744678e-01
0.000000000000000000e+00,-9.333341161546215847e-02,-8.421958788349221958e-01,1.549670534692422219e+00,-1.527632018397960534e-01,9.624794720999557684e-01,-1.380562490227158268e+00,1.830874094626768755e+00,-9.792893959715460728e-01,1.521094239126491443e-01,-1.719130468482655605e+00,-1.955146151062712612e+00,1.471791280721054695e+00
0.000000000000000000e+00,-1.003165449082682903e+00,-2.052195213468077206e+00,1.373230031109826665e-01,-3.054303661832725947e+00,3.107971378937444129e+00,-2.710879639850998224e-01,6.031649666898135642e-01,4.501023511023722889e-01,2.101448201378406377e+00,3.879781808513256713e+00,1.923143665537181857e+00,5.269020000772377532e-01
0.000000000000000000e+00,-2.173650788304569925e+00,-2.466092688734279115e+00,-2.534891468007142823e+00,-4.084948639057332187e+00,1.347208900387325103e+00,-1.404199166348141237e+00,-1.226686384586076262e+00,5.851515432321321430e-01,-3.823934104835904346e-01,2.757583556367645627e+00,1.030232505412593813e+00,8.902460338729871747e-01
1.000000000000000000e+00,-6.934621952541499823e-01,2.355651262203942053e+00,1.047829343087758769e+00,-8.188737375809852281e+00,2.134716997015505324e+00,1.478458616280420967e+00,-1.154613194994497549e+00,-1.571641722719526513e+00,2.081776853998133170e+00,-7.503299190344246972e-01,-3.738429318904718635e+00,1.404037167442178102e+00
1.000000000000000000e+00,1.073612035012808663e+00,-5.614293244206257860e+00,6.594786775146780355e-01,-2.331533282984419309e+00,3.270175984936417812e+00,1.280846418874510562e+00,-1.071089980391442875e+00,2.728559078702020635e+00,-7.701315804480068916e-02,3.902255435569136122e+00,4.807930296708155637e+00,1.356798417631260634e+00
1.000000000000000000e+00,6.713067621396877627e-01,3.656102829423537148e+00,6.372862911306382827e-01,3.831955652381335398e+00,-2.644120145521460685e+00,-6.669231428658464189e-01,-6.613854735711752753e-01,-1.206274031191360674e+00,9.158201437660254962e-01,-1.161758746832829203e+00,-4.089835251554201356e-01,-1.604961943910410582e+00
0.000000000000000000e+00,2.834940753909847011e+00,2.887479078857064785e+00,-9.472641516735680334e-01,-2.617278092297141423e-02,2.248131984505580272e-01,1.591373075302825679e+00,-2.344984317361109127e+00,2.328750867629360677e+00,-2.037489652035622711e+00,2.464161249186860747e+00,-1.914462355307226415e+00,-3.464707413760586885e+00
0.000000000000000000e+00,-1.254704555644272634e-01,6.062099117166397377e-01,1.114330408524954574e+00,1.301858590108030178e+00,8.737088386412152907e-01,7.168889013194714721e-01,-6.357333129225253288e-01,-3.150251512483706939e+00,-6.702057524068530947e-01,-3.474070480968138863e-01,1.561334632065143335e-01,-3.758908528146063244e-01
1.000000000000000000e+00,-5.604459348598462842e-01,-5.496383811211329462e-01,2.516419894401327184e+00,3.612724188017886195e+00,1.928535459313073464e+00,1.292468299283092481e+00,5.462374236721543319e+00,1.711197190424529113e+00,-2.385266377440053098e+00,1.136721177695702245e+00,-6.610951710620274202e-01,-3.987754766353952540e-01
1.000000000000000000e+00,9.183443552225389883e-01,5.338404342958031457e+00,1.413324993934701457e+00,7.386750672279901453e-02,-5.769853807998384099e-01,1.760432116083599841e+00,-8.698795417276236064e-01,-2.986615557875953897e+00,2.570620616417804705e+00,-1.476957434660703505e+00,-2.053151216267026236e+00,-1.840580413880208432e+00
1.000000000000000000e+00,1.488244566008097625e+00,-1.207761937627075621e+00,7.292423003672179327e-01,4.055822731347382692e+00,1.352442804698499312e+00,1.129405712764010694e+00,3.088503930185716673e+00,1.525358387944095728e-01,-4.173435288225183726e+00,2.959640036832238863e+00,-1.425342972290186028e+00,-3.046021860437529982e-01
1.000000000000000000e+00,-7.327671150282484280e-01,3.875699911691527610e+00,1.418798655096900063e+00,-3.021958012146765959e-01,-9.052940115728335124e-01,-1.533726919603653371e+00,-8.864619349379228019e-01,1.590592227192369812e+00,2.254896121570978629e+00,1.538968945574184399e+00,-5.100503563810654395e-02,-1.481664886050040986e+00
0.000000000000000000e+00,9.136742725506294960e-01,6.033276756445999922e-01,3.576315663829037650e+00,4.412635482855727709e+00,2.402734305294552009e+00,-8.514305206548811178e-02,1.062597611133190068e+00,-2.727306400386281915e+00,-8.197418130839867478e-01,1.336759242658391633e+00,2.918216795006445263e-01,-1.228170678105398483e+00
0.000000000000000000e+00,-2.471397365695512160e+00,4.585180968331884266e+00,3.829724467266852450e+00,3.089688923297085665e+00,4.760174327385702231e-01,-3.602501465045381046e+00,9.737127339025795081e-01,-2.923496721242963226e+00,-1.185191463315940830e+00,4.146127711889943335e+00,-2.280461096505832508e+00,-5.304005136492797590e-01
1.000000000000000000e+00,1.498611396442724564e+00,-1.788357356539342469e+00,-5.606269345737220355e-01,-6.701982534020410887e-01,2.168137999598342525e+00,2.063436110104707844e+00,2.849692140474069824e+00,-1.110240684992414018e-01,-1.374845609321264650e-01,8.201837106537193112e-01,-1.473753377316653346e+00,3.366245309582387435e-01
1.000000000000000000e+00,-1.327172703992168135e+00,1.473057316547868201e+00,-2.641982259139326494e+00,-1.877216264875200269e-01,-2.252723881227546521e+00,2.657018468202655193e+00,-4.267477898854110663e-01,-1.606931476700192984e+00,2.274491719114876132e-01,-1.391814784479366685e+00,7.950029984755939694e-01,-4.199013731158481866e-01
0.000000000000000000e+00,2.162463576136903320e+00,-1.120207770213295317e+00,-1.295232473834408982e+00,2.437814855855219509e+00,-1.912542065131326297e-01,2.646529361021229931e+00,-1.601189115776064487e+00,-1.993599771328852910e+00,-2.622037457224712487e+00,-3.969576392325721237e+00,8.717751903316206530e-02,-1.375268166129430147e+00
1.000000000000000000e+00,1.427753083714357496e+00,3.992270288246098531e+00,2.189513532481677238e+00,-3.765002908291940287e+00,1.090702627229806598e+00,-2.094080958712473794e+00,-1.834220191573163738e+00,1.006814298237573624e+00,3.082139679217948292e+00,3.739190554023676949e-01,-3.521802580457094045e+00,-1.127620266633972523e+00
0.000000000000000000e+00,-9.539528624734466833e-01,-3.872383242259415770e+00,2.966055775054586841e-01,1.061998723264157674e+00,1.131694366014579067e+00,-1.784119246729943598e+00,1.692364245554763391e+00,-2.909197139246169961e+00,1.494113208951514116e-01,4.910852209553769887e-01,1.179213044345830408e+00,2.737969919884241765e+00
0.000000000000000000e+00,-2.061039581134001430e+00,5.224217856723931241e+00,1.963171903845010169e+00,7.409253939825052315e-01,-8.037317042629936736e-01,-1.365411085305077155e-01,1.190981441882738467e+00,-4.404869363820413497e+00,-7.861456545291745091e-01,8.062148515186262632e-02,-4.003148633803990997e+00,1.897085192688775512e-01
1.000000000000000000e+00,1.708793010508705468e+00,-2.276853840513208382e+00,-7.184866008557482253e-01,-1.077922060935400328e+00,1.806244964481922288e+00,-1.216987595057196447e+00,3.795750840721475727e-01,1.117491889948887929e+00,9.689792448772105438e-02,2.266832003513972182e+00,-8.125178348991335397e-01,2.789979101113915227e-01
0.000000000000000000e+00,3.851745151950492385e+00,-2.106202360040588584e+00,-1.611245184009022502e+00,-4.214034968866724462e+00,1.593780683725584790e+00,1.461836016666960614e+00,-4.696006183237560805e+00,7.635711102068851730e-01,1.378979988336776152e+00,1.699896166296382738e+00,1.264302700907108168e+00,-3.530033104523302434e-01
0.000000000000000000e+00,2.621981623179895138e+00,4.636046103686400910e-01,6.313485338461766183e-03,-1.936077208149298290e+00,-3.511756040827780367e-01,1.134463108654031549e+00,-1.190618297026272643e+00,-1.041857112186678203e-01,1.333874621378383196e+00,2.923188949017772931e+00,-7.202077601024854392e-01,1.136996685978175492e+00
1.000000000000000000e+00,-8.403651679594470458e-01,3.508685116842416463e+00,2.935104921540363065e+00,1.409817225210921787e+00,1.230636652041390056e+00,-1.349900791103650688e+00,9.730006539394890908e-01,2.402713140655929891e+00,-4.796918885761776163e-01,9.423624305907862819e-02,-1.502339886768156774e+00,-2.823897810900294125e+00
0.000000000000000000e+00,-9.934535362539914649e-01,-2.270294727864073270e+00,-1.752943463691723380e+00,2.366479904933973977e+00,-1.425781115022000112e+00,-1.874703963709234422e-02,1.996280594459327373e+00,-2.401055356389594664e+00,-5.999383724533973172e-01,3.072404063543258790e+00,1.602047008319780197e+00,2.403991743099428646e+00
1.000000000000000000e+00,6.800766912196474223e-01,3.086132100940074174e+00,5.969053860415749480e-01,-1.509326508171186410e+00,-2.631649215739967351e-01,3.701132598273849883e+00,2.103321611456943074e-01,-7.865370146875811930e-01,-3.667081115715689066e-01,-6.472881895196248569e-01,-2.171963976645209016e+00,-4.396302333099884052e-01
0.000000000000000000e+00,5.722346724426462750e+00,1.823186307119844418e+00,6.533355782489229657e-01,-1.218898266736043823e+01,3.109377653210529058e+00,4.703550849158510516e+00,-4.926103524932165634e+00,1.424881169053649366e+00,4.418024582338214046e+00,2.424555208270824380e+00,-3.413122391340836170e+00,8.872804898410489027e-01
0.000000000000000000e+00,-1.359153190468422867e+00,-2.247761256348737025e-01,8.625731577202851996e-01,3.447894908157469906e+00,5.997354911416802326e-01,-9.736738732429819354e-01,-5.832950994011043555e-03,-3.346098183599576004e+00,-1.748569286088379249e+00,1.466589932660410378e-01,9.526871101095142347e-01,-4.151789935679823795e-01
1.000000000000000000e+00,-1.369798428674066981e+00,6.338753942915484885e+00,1.326080375879693296e+00,2.385171221166338285e+00,-1.316923589444771281e+00,-2.570146522286352209e+00,-1.542545008996532907e+00,-3.420931544087634224e-01,1.448072874008176303e+00,3.087788903742436641e-01,-1.010260794813878871e+00,-3.753901176799418149e+00
0.000000000000000000e+00,2.317835673254208917e+00,-1.064519118904111217e+00,2.565487389361338355e-01,7.529053669726204490e+00,-3.683582885350831226e-01,-4.214828249430182527e-01,-1.457868579018972710e-01,1.177023360419322984e+00,-4.422438091733123855e+00,8.486561552207678716e-01,1.289219217826225172e+00,-2.644746303927299813e+00
0.000000000000000000e+00,-4.771783325438427870e-01,3.699821037539106516e+00,3.771920200299920367e+00,7.302752552593418933e-01,-1.631792496407674875e+00,-2.274250596891146170e+00,1.504769456448427523e+00,-1.649704860548108609e+00,3.613717976807452548e+00,-1.542125500209706512e+00,-2.067822216481346231e+00,1.552473097366878552e+00
1.000000000000000000e+00,2.241053732891669981e+00,2.196573482090804497e+00,2.876713172824594711e+00,-7.862707825285097929e-02,3.488573318264415857e+00,3.674112464543929590e+00,1.340067702029700492e+00,2.061558384627939500e-01,2.995550515403244685e+00,-5.156552346801186459e-01,4.387925535999670501e-02,-3.034235596597533835e+00
0.000000000000000000e+00,1.447929355783434957e-01,1.238245043103985532e+00,-1.277453873784706317e-01,1.053214569715624549e+00,-7.544661929592353378e-01,2.204929423338482852e+00,1.972759043389850087e+00,-3.403334720589137330e+00,-3.026038975769571593e-01,1.764622662384288443e+00,-1.422925445524832577e+00,1.322299661022146466e+00
1.000000000000000000e+00,-1.673567024515072443e-01,-3.247240359316191149e+00,3.292349468566215798e-01,-4.715205688441957754e+00,1.676030207934316341e+00,-3.909422656553529496e+00,6.128966258236216991e-01,2.438358610278315020e+00,-1.644001395976112390e-01,2.425187105141040966e+00,-2.261098433551683939e+00,3.366648837864468113e+00
1.000000000000000000e+00,-2.938421956705893123e+00,4.369903498122870017e-02,-5.004136980263496071e-02,-9.984784394503856131e-01,-1.758772758710409390e+00,-1.793538015079060077e+00,1.788629262311481227e+00,3.361424987287899846e+00,3.470349630596613055e-01,1.734527889412293522e+00,9.035987242654290874e-01,1.608031484116793752e+00
0.000000000000000000e+00,3.201054020320473814e+00,4.201336573953044606e+00,1.512066882146721358e+00,2.867235312863355645e+00,-7.788933073659687345e-02,-5.430446818172460777e-01,-5.658516993657176641e-01,1.351426337094335572e+00,-1.147737058305186020e+00,4.202892933559472688e+00,-2.871391394543129305e+00,-2.863556714705804307e+00
1.000000000000000000e+00,8.400095818930923830e-01,-1.194020543388916611e+00,1.766084937182203163e+00,1.897491745050247092e+00,-1.008308413752048605e+00,-5.379375756986866541e+00,-2.639801690905750231e+00,2.655796336143643188e+00,-1.238508215953033176e+00,2.770074314881700861e+00,1.107069549231970207e+00,8.073121461747261307e-01
0.000000000000000000e+00,5.825795048712820723e-01,3.083013598479631412e+00,2.005643176823069140e+00,1.672260883238330331e+00,1.313879870260907801e+00,4.275007819590364022e-01,-1.951323557823148036e-02,-4.549860799145691859e-01,-2.415643412026877712e+00,1.798246966861314133e+00,-2.319960521542499876e+00,-2.147651978755389379e+00
1.000000000000000000e+00,5.187074277175428572e-01,-1.460232636814090545e+00,3.862764113950480915e-01,2.828606167739308841e+00,2.044978569829067006e+00,-1.266526732995146842e-01,5.541263448715976203e+00,1.625104127079177729e-01,-8.065304659806000753e-01,-1.332764674968466956e+00,-2.644361390451052785e+00,-4.457228207629960748e-01
1.000000000000000000e+00,4.539619750284702437e-01,3.666160129511724985e+00,-1.082578481885669630e+00,-1.821722977528872356e+00,5.450861496264414185e-01,3.106440841086692828e+00,-9.123464750462723094e-01,-2.740373643101922774e+00,1.827313770514349844e+00,-1.691217298095152088e+00,-1.778648728459686135e+00,-2.387595794486219170e+00
0.000000000000000000e+00,1.717275929157587200e+00,2.061307699007082217e+00,-9.765806248227002495e-01,-6.650379129322521621e+00,1.158276401895000918e+00,4.595862354664183691e+00,-2.642526331515075544e+00,-2.256853636197163837e+00,2.491768821244701559e+00,4.113402055297694648e-01,-1.564296086696506549e+00,2.310651399262741990e-01
1.000000000000000000e+00,4.177187161495881540e+00,-9.531471331966480109e-01,-1.939695118374337834e+00,2.602045807844661773e+00,2.226363280312304571e+00,1.217925958029065558e+00,1.749937983194889801e+00,-1.938524254359595300e+00,1.912186066214989211e-01,6.370118898932930485e-02,-2.553513618493755466e+00,-2.401753323459596245e+00
0.000000000000000000e+00,-2.610933541424192761e+00,-1.336538713960090385e+00,4.206346041005875058e-01,5.417038326823527150e+00,1.586909031348583632e+00,1.142066613280600995e+00,-5.201902235139784780e-01,-6.436947705449536095e+00,-3.201262641196758629e+00,-5.255096726965994058e+00,2.653352094683491647e+00,-1.950939743826340056e+00
1.000000000000000000e+00,-2.131979035192151706e+00,-6.094744733802748282e-01,-2.340326552599992560e+00,-2.654106934056596145e+00,-1.619853105631781753e+00,2.173728531487072679e+00,8.056104227179550215e-02,-1.629927520015923559e+00,1.420993010273484680e+00,-7.424953141500140186e-01,1.595854539689185891e+00,1.952216571937225975e+00
0.000000000000000000e+00,3.763616807455883784e+00,7.717380473316965972e-01,-2.411586628437989432e-01,-5.619599921212692806e+00,1.329898356746775256e+00,4.682568295281424042e+00,-2.474079813452501053e+00,4.659982605621209029e-01,3.014993583196299287e-01,-8.875966332893623356e-01,-2.468053059869394605e+00,3.239845456177259386e-02
0.000000000000000000e+00,5.943600790086475127e-01,5.397234789795821719e-01,-4.330308327962186787e-01,-2.978871806930730504e+00,1.045640177497471957e+00,2.136556473908532094e+00,-2.323542974216257662e+00,-2.160017871463087769e+00,4.562542830299491925e-01,-2.623225398972952593e-01,-2.266166117665029400e-01,-1.234204965661036546e-01
1.000000000000000000e+00,3.885026235884845303e+00,-3.069359371191437980e+00,-1.933409780310661130e+00,4.163107890909601316e+00,8.525160738859804965e-01,1.457370659825975689e+00,1.601369302052574106e+00,-1.944826973613700272e+00,-7.937756414759897794e-01,-7.019853376222462416e-02,-1.894925588282587725e-01,-7.192127316620705590e-01
1.000000000000000000e+00,-8.275146417349912298e-01,7.047245823801323361e+00,3.050284609524582358e+00,7.360328224903947003e-01,-1.472029780625782269e+00,1.045233427875321919e+00,-1.897032728541665492e-01,-1.952460212276017737e+00,2.402602510199162822e+00,-1.399865407590228372e-02,-1.548954205342060408e+00,-1.521872266234127302e+00
0.000000000000000000e+00,-2.509399166552288563e+00,-8.568586850518428166e-01,-2.814348365717094680e+00,-6.976413291724330001e+00,7.613444964246298685e-01,-2.400324309211213425e+00,-2.092206880272032166e+00,-2.147845026179867611e-01,3.784543316075862140e+00,7.108710090220830224e+00,1.652371498223742297e+00,2.055637002755262177e+00
1.000000000000000000e+00,-6.933208177144332129e-01,-3.194144498195242932e+00,2.597235883862760275e+00,-7.823511869205297398e-01,3.653743127614011765e+00,6.599442542864695227e-01,7.706592345224489993e-01,4.390286240854591071e+00,-9.274552971813677660e-01,4.264197382374669942e+00,4.117185725972498211e+00,-1.548194488251253276e-01
0.000000000000000000e+00,1.216247341169816476e+00,-6.273150039404393752e+00,-1.020031624112796464e+00,4.279593599052293307e+00,3.561251390668030981e-01,1.012275147415229171e+00,3.398219513567629857e+00,-9.987278125133264295e-01,-2.157651288435482595e-01,1.313117060238040423e-01,3.566681325990863627e+00,2.202132208871825370e+00
0.000000000000000000e+00,3.145441616339139657e+00,3.340388757696185706e+00,7.960883722413552022e-01,2.131585748223646437e+00,1.238581853994394466e+00,1.934190532698295995e+00,-9.195950320249557386e-03,1.672492953412562766e+00,-1.852422812492966253e+00,3.303843033543763852e+00,-2.327750993279260161e+00,-3.717023994221580363e+00
1.000000000000000000e+00,-1.919285870362009039e+00,4.136755077324320240e+00,-8.484555398905403445e-01,-1.494394271222899473e+00,-2.361338433282000882e+00,2.714264727853978876e-01,-7.937475501039444881e-01,-5.197769535504406235e-01,1.504147342934237574e+00,-1.275974277632869525e+00,-1.088891037561452668e+00,-7.213752117219687232e-01
1.000000000000000000e+00,-1.465514977769497573e+00,3.004113849661553370e+00,8.784943364552106893e-01,-1.250868620755664518e+00,-4.481351631847736439e-01,4.505184821715543464e+00,1.070608377579735038e+00,-5.079287265684536479e+00,1.643615473658962767e+00,-1.220567889222109459e+00,-4.383462275806506714e-01,1.069175559900796824e+00
1.000000000000000000e+00,-1.468403136116484209e+00,-1.724012609874982616e+00,1.694928215659535997e+00,-1.416807207014942671e+00,1.053076541561414281e+00,-7.998859216915976678e-02,4.915090832834859702e-01,3.477694785394261245e+00,-2.868967361023223583e-01,2.042592879249901294e+00,2.653881958219300063e+00,9.689523238336217315e-01
0.000000000000000000e+00,1.570032412721762860e+00,2.324627045136811621e+00,2.779853343934060916e+00,8.917493652068641197e+00,5.336771461361571323e-01,-2.772946736008928603e+00,8.926216476111097364e-01,1.899540387679459208e-01,-3.899551460624536947e+00,2.310279586600035184e+00,-1.047868294749259688e+00,-3.870128507040047072e+00
0.000000000000000000e+00,2.042218238334898572e+00,5.588558793233500133e-01,-1.141701092941592943e+00,-2.111585928645543397e+00,1.071053455298434098e+00,-1.549885938843354793e+00,-3.939467016209856620e+00,-6.055816946232281950e-01,6.550073759809909024e-01,1.833057316593390107e+00,-9.251354481259781437e-01,-1.439119285784879576e+00
1.000000000000000000e+00,-2.790708304070751655e+00,5.821962324498786145e+00,1.483584775306438619e+00,-1.413080063626741989e+00,-2.700271346110601378e+00,3.352897554743994313e-02,-8.648716583719775475e-01,-1.823028306477983751e+00,5.017962880469236886e+00,3.455172263749033412e-01,1.013098092622178648e+00,1.197446137987312476e-02
1.000000000000000000e+00,1.283268259811884082e+00,2.487613657039948301e+00,1.435892226571393149e+00,2.053740427003889923e+00,1.665273926740845623e+00,5.662546074740919533e-01,2.238724706388767860e+00,-1.138778079440783131e-02,-8.769748105869271670e-01,-3.778997716098673187e-01,-3.311705972957872390e+00,-2.461081767113247665e+00
0.000000000000000000e+00,-7.742001419546189478e-01,-7.576457029456289405e-01,-3.560809132667630550e-02,-7.310592999073871612e-01,1.046288130963898722e+00,-5.248506475137225680e-01,9.747379507151479050e-01,3.466148921793950066e-01,1.120967558221951377e+00,1.294104194108144146e+00,6.985041430166185616e-01,1.535752416849250901e-01
1.000000000000000000e+00,1.435704197318068198e+00,-1.242342400514933942e+00,2.634205649840474228e-01,2.343169239470751730e+00,2.553016854569741589e+00,1.317887899663454210e+00,2.408504413609917183e+00,5.737090411651923905e-02,-1.781658914592212595e+00,4.239799144236832129e-01,-9.155428991726164423e-01,-1.582225647746416275e+00
1.000000000000000000e+00,-4.207847508634797729e-01,4.097275064768683528e+00,-7.626203747562227964e-01,-7.137886517064307768e+00,-1.056791109600339507e+00,7.525678036711233032e-01,-4.947776627067101529e+00,-1.736436765045986874e+00,2.869800180381050669e+00,-1.578934542274928354e+00,-1.984517800246112351e+00,1.854507136769834030e-01
1.000000000000000000e+00,-6.244378168592525924e-01,3.961895243952527679e+00,-2.165076178938305063e+00,-2.914142772649149560e+00,-1.379645715739415746e+00,2.798196659543249476e-01,-2.986295541960586331e+00,-1.032745445757784708e+00,1.740775159662642402e+00,-2.000429994535797729e+00,-1.639026371800201609e+00,-2.063785223660548951e+00
1.000000000000000000e+00,1.197281981043861965e+00,1.946551281263419808e+00,-1.612254672088135887e-01,3.158561733760750556e+00,2.791498715514743045e-01,1.098965282166043611e+00,2.246555553036880148e+00,-3.372142229934120827e-01,-5.498366615835501570e-01,-3.384107273170946506e-01,-1.972848137752588826e+00,-2.368016448415408703e+00
1.000000000000000000e+00,-2.954137744741045957e+00,3.962970387905782044e+00,-1.449641201856764150e+00,-6.700112502878476928e-01,-2.007774284372376261e+00,1.449273008132343499e+00,1.710060989548527033e+00,-1.247932712090261687e-01,9.690748106105742110e-01,-1.232573059156374828e+00,-1.148140486178046871e+00,-1.122703946341199188e+00
0.000000000000000000e+00,-3.392908065196269973e+00,2.014885008616006112e-01,1.145130494538648458e+00,-5.055798993620087778e+00,3.188762103869101860e+00,-2.660975285939623625e+00,-1.909040427539653084e+00,-1.157761696443364130e+00,9.481708535228842161e-01,8.120686249908595222e-01,-1.415145535934211329e-01,1.557594255401356653e-01
1.000000000000000000e+00,-3.842973172263102644e+00,4.777120066512687835e+00,7.182059955200832402e-01,1.586370307770416377e-01,-6.595348797521315420e-01,-5.868625049663551696e-01,1.108591000791783188e-01,2.238761801669502116e-01,1.817830191438417620e-01,1.698405447388755096e+00,1.138540806191423727e-01,-2.143972554197535185e+00
1.000000000000000000e+00,1.099421219279913542e-01,-4.388100383320417963e-01,-1.136686641272611098e+00,2.199020145170092810e+00,5.465098748674671603e-01,-1.063311433990066224e-02,2.915037805300106477e+00,8.807621939991954196e-01,-3.367863206699301504e+00,2.440902553780210482e+00,-2.255744048588204542e+00,-5.920232265144920181e-01
0.000000000000000000e+00,6.645553309270031406e-01,3.990378278466140127e+00,3.095643609386638406e+00,9.154485817824866700e+00,-4.814367768070817455e-01,-1.699613847735740091e+00,1.878877603397668405e+00,-2.036521701586391231e+00,-2.965906715900343826e+00,1.605358742398162120e+00,-1.598071846091321024e+00,-3.163405449859438612e+00
0.000000000000000000e+00,-2.984493172793220683e+00,9.021991793072059451e+00,1.547435347498869351e+00,-1.721397593036226636e+00,-3.017662648250564850e+00,-8.829345190673840715e-01,-1.818159853156477990e-01,-3.448020762796879524e-01,4.020263723574839521e-01,-1.391116919207806557e+00,-5.228813327815969636e+00,-1.363730181397456942e+00
0.000000000000000000e+00,2.882093655712409053e+00,3.029317401435826174e+00,-1.641310537200566522e+00,-1.239086096596319919e+01,2.457081186971973530e+00,3.090368450514516141e+00,-5.722872015746270691e+00,-1.290033995241001152e+00,5.739835766914002768e+00,3.518063094604128693e+00,-2.550427606654071866e+00,1.443192481968493812e-01
0.000000000000000000e+00,-2.975147380736492542e-01,-2.952939268204032519e+00,7.974837672657852927e-01,-1.914929655041063938e+00,2.734165816081016942e+00,-5.523137473422680133e-01,1.693561704339459073e+00,-1.493955438351562970e-01,-4.935460150809738433e-01,1.710148965736565163e+00,-4.679363519727531839e-01,1.867464045508419712e+00
1.000000000000000000e+00,2.398589913618435432e+00,4.160650515198018873e+00,2.742817113959854503e+00,3.892466471444796294e+00,1.471987221035854443e+00,4.569494921269698917e-01,3.414146493356194245e+00,-8.493477558601327804e-01,2.294587148687075029e+00,-2.633433909855747324e+00,-3.632140255008889707e+00,-3.506620158818213540e+00
1.000000000000000000e+00,-1.751364758657249165e+00,2.912814912638142850e+00,-1.306796705490874677e-01,-1.972293175390700815e-01,-5.853954950878843544e-01,-1.454517492590735372e+00,-8.983573166088820727e-01,3.580989524565985072e-01,-7.866063144342947400e-01,9.322549122278744882e-02,-1.310636091860813757e+00,-1.592411787147254731e+00
1.000000000000000000e+00,-4.020421197424223214e-01,5.120625703638999049e+00,-3.233725335731708839e+00,8.300195492317335777e+00,-4.370652543983506888e+00,2.742060760381419549e+00,-3.937816453789355631e-02,-2.059725968446215028e+00,1.625328613201127981e-01,-1.709610373153963803e+00,2.363377957593835621e+00,-5.515421631619614296e+00
1.000000000000000000e+00,-2.734862115710246400e+00,2.066117060648428705e+00,-2.372821017297773949e+00,-3.697548302907574858e+00,8.832647028998508176e-02,2.560449995899367615e-01,-2.066526710913640486e+00,-1.819057666514043436e-01,4.770448675043318376e-01,2.571450475306522598e-01,4.546834684020351069e-02,-1.588159697745565868e+00
1.000000000000000000e+00,-2.727644091855963460e+00,5.285734160662858727e+00,1.563322880841098161e+00,-1.141300885152991773e+00,-1.443695957957093379e+00,-1.071630695078606088e+00,-2.165151425443629041e+00,-5.084270749451751392e-01,1.804633727159785650e+00,1.514581531951449289e+00,4.204197669658957803e-01,-1.163066424257596987e+00
0.000000000000000000e+00,-1.289719494130306732e+00,1.973705696119015141e+00,-1.090511813977094846e+00,-2.993110240580629799e-01,-1.407125092906367669e+00,3.366515107516392380e-01,6.356731591844428930e-01,-2.112395238283149901e+00,7.432089225374819419e-01,3.145748042747275264e+00,-5.263707909429982124e-01,8.342560949904631595e-01
0.000000000000000000e+00,-1.730388260028036251e-01,-7.192594854934039716e+00,6.236334009868744754e-01,-2.085610436979294657e-01,3.794097024121672934e+00,-1.753604883984670959e+00,1.906091557576792272e+00,-8.580361397249981481e-01,-8.859886546166666488e-01,-5.598044385986877813e-01,1.682108746919059428e+00,2.635658573223529810e+00
0.000000000000000000e+00,-2.450085211826192655e+00,-4.520903971276819533e+00,-1.296940732594665135e+00,-4.369043813795691733e+00,2.785751449621038489e+00,-3.583818124621261259e+00,-7.949027450835224329e-01,3.030401894502465776e-01,1.630426161462447787e+00,3.362333156094954312e+00,2.424200213591073627e+00,1.980620718015266846e+00
0.000000000000000000e+00,3.474145749516880155e+00,4.681060906791757681e+00,3.159930471845804778e+00,1.370465529619218970e+01,-1.293513669895850704e+00,6.133471452005868629e-01,3.374038359067273340e+00,-1.501141122951665796e-02,-5.746816715004489318e+00,-7.314346115208931742e-01,-2.868277281679123103e+00,-5.533554695060220574e+00
0.000000000000000000e+00,-2.277839036566911890e+00,6.628915383974766762e+00,1.593407248506509610e+00,-6.133161146572327915e+00,-1.671134548966974886e-01,-2.538069369671882569e+00,-1.038391510691914821e+00,2.652912532267342360e+00,5.054821899656142925e+00,3.248250294416159978e+00,-2.480758106421751208e+00,-1.068775130299695508e+00
0.000000000000000000e+00,-4.734751143154829478e-01,-4.207041426778429738e+00,2.785210503534570670e+00,-3.664044162310344799e-01,5.013379979433972622e+00,-1.085184016184448152e+00,2.339310084544269586e+00,-8.139815735359533733e+00,-2.249925165720456199e+00,2.587594277800745468e-01,-2.798716818967865727e+00,4.048724534769840844e+00
0.000000000000000000e+00,-1.648157716902534098e+00,1.757308235251138662e+00,1.015069877885799388e+00,9.572541976593218482e-01,1.128991627675250520e+00,2.784665179343047914e+00,1.756553928867934378e-01,-3.342442748821686127e+00,-1.923171510602442291e+00,-7.892904189272136328e-01,1.422047418534244656e-03,-1.056608107066112856e+00
0.000000000000000000e+00,5.994747870181460492e-02,3.450180736317404850e+00,3.907274987932326749e+00,3.145662089689658991e+00,-1.821656922552649327e+00,-1.390474675988864428e+00,2.863057810150687388e+00,-1.528816260936923133e+00,2.835967289762045596e+00,-1.109772385307612019e+00,-1.653366378779746348e+00,1.166567091219864905e+00
0.000000000000000000e+00,-2.512108476902960241e+00,2.418717517315837132e-02,8.073865826460973061e-01,-2.808505115804557750e+00,1.155353028438995011e+00,-2.424886489407890977e+00,-7.024330026893466083e-02,-3.009225725870457779e+00,1.640313086334224568e+00,2.961822675538652305e+00,-2.938406168067797530e-01,2.280362243568468283e+00
0.000000000000000000e+00,5.419509660924037853e-02,2.373229164699368621e-01,1.867784861235123550e+00,1.263827188504562660e+00,1.644619208368452767e+00,1.892371189381624852e+00,-7.252714788770842080e-02,-1.748936514369336281e+00,-2.794485946816479327e+00,-1.567679968546100255e+00,-5.576133085167028769e-01,-7.160605131545083601e-01
1.000000000000000000e+00,-1.287634895877644681e+00,1.132315571521594011e+00,3.022492632510349608e+00,1.502441772211345450e+00,1.951933204343335726e-01,-8.500180652878283061e-01,1.799441351678011003e+00,3.212400784311521207e+00,-8.076138621032848963e-01,2.031960242666655869e+00,7.202728187259923587e-01,-1.856912077222424573e-01
0.000000000000000000e+00,-1.591123850110547355e-01,-1.551788804195344706e+00,1.162818460958775502e-01,5.339376222737509892e+00,1.165025386570947674e+00,-2.215935794610615961e+00,-1.154049062219093980e+00,4.042031769164418087e-01,-3.852543738613288582e+00,2.191677394579066629e+00,2.326830004541212027e+00,-2.594558944212408846e+00
0.000000000000000000e+00,2.867492649053307474e+00,-1.701600531294953811e+00,1.154655147486953304e+00,9.105755857688622168e-01,5.976069783751345454e-01,2.631082174507981097e+00,-7.602036632863823362e-01,-2.539950293576313634e+00,2.260200223951440712e-01,-1.748370755713005931e+00,8.048373557140005019e-01,1.048495846353854066e+00
0.000000000000000000e+00,1.283386839425477710e-01,1.673032958720372720e+00,2.592454521179584859e+00,-2.320824018938903777e+00,1.879689029646738785e+00,3.690245409664449916e-01,1.412782840912740534e+00,-2.649213944822133016e+00,4.850625864426332257e+00,3.852485329051052787e+00,-1.448982959551544658e-01,1.446837692754305404e+00
0.000000000000000000e+00,-1.009448005163303463e+00,-3.977375907052732362e+00,-3.734932734961911027e-01,9.347601322818561709e-01,1.154603853220404153e+00,-1.700073471500276545e+00,1.502947168598005145e+00,-1.325462662503772648e+00,-5.660843983593495388e-01,1.555635404742822248e-01,1.249815112848937204e+00,1.850749928586891357e+00
0.000000000000000000e+00,-6.024938158447235015e-02,2.144171380323931508e+00,8.399096215585964975e-01,-1.405110629371184583e+00,-6.419317248886962091e-01,-2.542837547734281278e-01,1.245540412813396891e+00,-4.240502113702502296e-01,2.638742497736677350e+00,1.137139984053467057e+00,-1.535165275543036945e+00,9.774819622341164305e-01
0.000000000000000000e+00,-1.501717619833916384e+00,2.938069519828267140e+00,-3.594586958485290751e-01,2.352617564212438950e+00,-3.335542132420946437e+00,-3.781111170556448187e-01,9.459129619533735989e-01,4.764100449996642173e-01,2.175500921319621472e+00,1.816716432309472662e+00,1.617693142178483257e+00,-2.639412300959880220e-01
1.000000000000000000e+00,-3.655588117497559519e+00,8.139216998157632332e+00,2.924421082449288001e+00,-5.973252454407998790e+00,-8.099991553573562264e-01,-6.231519036447394910e-01,-2.529656140298548905e+00,-1.758885115939908150e+00,3.265385438403194396e+00,1.995965233946068729e-01,-2.874896257458628757e+00,-1.818694611124043181e-01
1.000000000000000000e+00,1.565788285981313255e+00,-1.743611503218854830e+00,6.220157785743141154e-01,-2.287774041535504566e+00,1.822864962571477454e+00,-1.839557471087903462e+00,2.076113322006713169e+00,1.208866963702706077e+00,2.237479892137352433e+00,1.630086532786628961e+00,-2.022761230519259712e+00,1.625539417419024968e+00
1.000000000000000000e+00,-2.949059540085951614e+00,4.671465128965219371e+00,1.403546039469471651e+00,-4.899931752119424999e+00,4.990141088420183557e-01,7.905563957172976330e-01,-3.070639355204558107e+00,-3.694027292921959305e+00,3.053184754851681504e+00,8.919506404826611501e-01,7.731697403003301439e-02,-1.153581359007217477e-01
1.000000000000000000e+00,2.069629429862470005e+00,-6.175043559870604382e-01,2.106299483597855460e+00,6.400229845983779198e-01,2.420989883262119058e+00,-2.068230032673190166e+00,3.721805758649507911e-01,2.934398337342049023e-01,-9.799280626790571880e-01,4.181090918808947343e-01,-2.505363764221057110e+00,-3.874542818140795930e-01
1.000000000000000000e+00,4.084166976232928015e-02,3.334729734395581069e+00,-2.057297738878354210e+00,-2.708560338721634597e+00,-1.226720178897792612e+00,2.764033104909032534e+00,-3.962764597600514804e+00,-2.392825231486150450e+00,8.855091396557634997e-01,-1.293089045106541546e+00,-1.794000300560347760e-01,-1.672889879387790213e+00
0.000000000000000000e+00,3.216885447364365103e+00,1.854368430230370679e+00,4.371897786947022135e-01,6.740165274669080553e+00,-1.323702237979672791e+00,-1.550607306989611800e+00,-3.009798644830756764e-01,-2.720420959286544704e+00,-7.170697759952282535e-02,3.668051485727238381e-01,-1.011777406310487182e+00,-2.087866801449336229e+00
0.000000000000000000e+00,1.049113420662652896e+00,-2.460363049710192040e+00,2.963426110778103251e+00,-4.276087013932237668e-01,9.650819887580022183e-01,-2.684763358897373386e+00,3.247055798910647439e+00,7.332982905374569871e-01,1.485478994385825757e+00,-1.422189117328990005e+00,-2.114503807607774899e+00,3.397325969718769212e+00
0.000000000000000000e+00,3.270528640051215241e+00,3.801814038465347156e+00,2.295084922540419736e+00,4.456276708429687261e+00,-1.229101421539171568e-01,1.068015518762829297e+00,1.854008420438966187e+00,2.807237226905606509e+00,-2.134418117941192072e+00,5.418245045267720883e+00,-2.347829871257797851e+00,-2.537993606451659279e+00
1.000000000000000000e+00,2.406368654185394362e+00,-4.834135260131261269e+00,-1.992429827429558209e+00,-1.864542833785573395e+00,2.052087495539580253e+00,7.185039288610293173e-01,7.030182735799228588e-01,2.672827697633383126e-01,1.397737266390659094e+00,1.562331941877947106e+00,1.030786449919355086e+00,1.395938384414326272e+00
0.000000000000000000e+00,4.005452667712102732e-01,1.072494445878009905e+00,2.273314735929091945e+00,4.411025492257008906e+00,5.399633793397573545e-02,-2.052556630023673723e+00,5.312442235036642924e-01,3.937734131684460515e-01,-3.328516677010405100e+00,2.460400760672974307e+00,-1.016404604521091937e+00,-8.435040097685250204e-01
1.000000000000000000e+00,2.948464961360090175e+00,-1.059308356415664232e+00,-3.633983318006439589e-01,8.483747637178227663e+00,-1.086024128025794511e+00,-1.842066099191298711e+00,1.412505286134124294e+00,-4.102425059096037607e-01,-5.380673580112361520e+00,3.507826954976385636e+00,-1.344834053966821763e+00,-1.040338619500158268e+00
1.000000000000000000e+00,-8.189928331446703069e-01,-3.589743459278669779e-01,-1.985915999823616884e+00,-6.807239103100017452e+00,5.098540872281540626e-01,2.228922491221227098e+00,-1.481544511677475251e+00,-1.063672652267609875e+00,-1.165191909933003256e-01,-1.497467534415779067e+00,-2.041722398004185202e+00,1.838659593164400086e+00
1.000000000000000000e+00,-5.277778369592509566e-01,7.817152025665660808e+00,3.186034919458260006e+00,4.851588887117086912e+00,1.332960945835094391e-01,-1.691830520313115649e+00,2.950971913690505488e+00,1.669442960326983805e+00,-8.318124424786010884e-02,-1.015230324323472377e+00,-4.456644984714571045e+00,-5.456508482717537412e+00
0.000000000000000000e+00,3.376403323628126785e+00,-1.475719771447818518e+00,-2.542367630825204117e-02,1.034238802160977677e+01,-1.664537625552058309e+00,-2.420134298750562518e-01,1.525645285841499721e+00,-3.102842020341976870e+00,-8.865938267847479626e-01,-2.732589698314640270e-01,2.057497635338239039e+00,-1.319978510649757464e+00
0.000000000000000000e+00,6.772337255508724674e-01,-3.371260900441956920e-01,-3.796097547688666030e-01,4.923554222773243616e+00,-8.618138257647052214e-01,2.365698777767547334e+00,1.395543565216426085e-01,-3.737975024035933291e+00,-2.237146767020051996e+00,-3.689005430145439135e+00,7.883712235366153731e-01,-9.835413780908548453e-01
0.000000000000000000e+00,1.264853520811558107e+00,1.176112719776916560e+00,4.180181288068725465e+00,-5.320650781339583801e+00,3.384648948550806669e+00,3.022634338606241311e+00,-8.121355077652366861e-01,1.036720498595910644e+00,-1.226645331728086763e+00,1.221265764725598890e+00,-2.424350544989488210e+00,1.070794466546938661e+00
1.000000000000000000e+00,8.897552619040932642e-01,-3.934812248216046915e-01,1.992048909463979278e+00,1.588998870260844409e+00,1.455070333137275185e+00,-1.743712248572287349e+00,3.143526839881091384e+00,1.353877016542945011e+00,-1.185892655649622540e+00,1.918680825967302273e+00,-2.550282329058438435e+00,4.582050353095958872e-01
0.000000000000000000e+00,-7.278834146102011182e-01,5.183081823425474965e-01,1.350242573925215073e+00,-1.801559317233886848e+00,7.837301980630725362e-01,-1.377443788963576443e+00,1.532304130059081837e+00,1.153881126477312336e+00,-9.362062719567831870e-02,-3.857095918184139105e-01,-2.500603036832237169e+00,8.861870027651761461e-01
1.000000000000000000e+00,1.841103539078953855e+00,-1.296926268074062749e+00,-1.751506834765190312e+00,2.902285464051007402e+00,-8.622135094570040348e-01,3.736083678154922261e-02,-3.112416301476119695e-01,-1.049971332588195416e-01,-9.367051870558452675e-01,1.059012149620321752e+00,8.169143103716849375e-01,-6.755794369004892719e-01
0.000000000000000000e+00,-6.622904502627704471e-01,-1.354662453792911281e+00,9.412721743503366101e-01,-2.442729063185880456e+00,1.975610604847502394e+00,-1.738062466198377898e+00,1.347191768871838224e+00,-8.068537930496300081e-01,2.709832183192176780e-01,1.210574441114322219e+00,-1.848125933698552714e+00,1.973183469416973201e+00
1.000000000000000000e+00,-1.759753194091579598e+00,4.336307393256436882e+00,-2.982918190008354564e-02,1.095920430425683934e-01,-1.011601515619452218e+00,3.467008267002213540e+00,5.003882588029970879e-01,-4.189956481117082632e+00,3.598245490265989499e+00,-6.098176383323259397e-01,1.065252513684169955e+00,-1.143562487837282760e+00
0.000000000000000000e+00,1.437448068971006743e+00,9.380846287519081228e-01,3.757585450905258639e-01,2.662839325748874941e+00,2.290449135095841138e-01,3.212429947782680983e+00,-2.299589802289567775e-01,-2.864176770854316878e+00,-2.050001558591425077e+00,-3.552030613567281669e+00,-8.784894143584157655e-01,-1.524794920239571194e+00
0.000000000000000000e+00,3.778049038355236533e+00,1.106455645562235190e+00,5.675320923862192668e-02,-1.008663685048608372e+00,8.107929061081342592e-02,2.265283233246423222e+00,-1.881044447301648992e+00,5.213715101292277776e-01,6.414064053278589750e-01,2.416310147819053622e+00,-6.750334959183312833e-01,-6.064417938313558798e-01
1.000000000000000000e+00,-1.605031603721303046e+00,-1.232855445838934472e+00,-2.050352189409199610e+00,-8.476318978722281017e+00,1.809484166314200504e+00,8.538503487283446436e-01,-2.343014174030916941e+00,2.222320604726372828e+00,-1.896591001090480955e+00,9.649530639206878035e-01,-1.691170749831888642e+00,1.227205536588154011e+00
1.000000000000000000e+00,-5.707221962211372901e-02,1.483508472132717693e-01,8.711747348550791248e-01,-6.191689680703899024e-01,2.024785928755981068e-01,1.787373318184019011e+00,-1.181529742108860637e+00,-2.367087958266028913e+00,7.398905515548969136e-01,1.203936661815992348e+00,1.672605286731256413e+00,9.308895003731083584e-01
0.000000000000000000e+00,-9.298390816710735418e-01,1.950928099048230502e+00,8.897067176266701960e-01,5.725518610805199415e+00,5.869423663743560393e-01,-3.487496787009595423e+00,-5.483639574916840953e-01,-2.990106339180110595e+00,-1.186263660702751022e+00,3.087021145391642296e+00,5.123697162728857446e-01,-2.701708492096389413e+00
0.000000000000000000e+00,-7.509838032977380617e-01,2.043275802708057753e+00,-4.599785694744400466e-01,-3.861114012288170194e+00,2.554711184024648363e-01,3.153617830623837381e+00,-1.992566529006653209e+00,-3.032378847471358441e+00,5.660804466970748017e-02,-1.534915340263658390e+00,-1.171818028441034443e+00,2.328079860151324176e-01
0.000000000000000000e+00,-3.467609374052081916e-01,-1.090426153390288588e+00,1.020292607765078685e-01,-1.125656247286406675e+00,1.046895109036086735e+00,-8.832336502080220253e-01,1.533141491830573688e+00,-1.304118384136392361e+00,1.146342168777972681e+00,1.801198571424131867e+00,-6.816222983750239717e-01,1.610399728558653987e+00
1.000000000000000000e+00,2.417844945092123332e+00,2.436399176555826163e+00,8.499259282574065377e-01,4.029185299681966370e+00,-1.045944398011066756e+00,-3.615103341519180224e-01,-2.532564102599689448e+00,-5.402441592207321008e-01,-1.170716790924980266e+00,1.381389375259794994e-01,-9.557787670924633439e-02,-2.616005179273746428e+00
1.000000000000000000e+00,-5.083755909652940552e-01,4.078024313736576367e+00,-1.627914578074606045e+00,9.725655086559633622e-01,-7.827781983040813518e-01,4.545691006873542328e-01,1.483827223975267451e+00,-1.231649710222531002e+00,1.924678389532811229e+00,-2.820549221545550544e+00,-2.692885309651495973e+00,-3.041830327389598132e+00
0.000000000000000000e+00,-2.476805767634902899e+00,-3.459841113069905272e-01,-3.609218465652014096e+00,-2.563885939453844909e+00,-3.987652556466854126e-01,-9.910699330975961674e-01,-6.991776980941166730e-01,3.275609661151871244e+00,-8.902141321006487029e-01,3.322752620433834903e+00,1.040926914927913671e+00,-1.019933055674439704e+00
0.000000000000000000e+00,2.289950230877206394e+00,3.649028559362508695e+00,1.918806380672771095e+00,5.407903319468342573e+00,-4.781892410357703405e+00,1.805816654981287961e+00,4.172679229464846706e+00,7.248360574949899160e-01,5.079324899319932918e+00,1.461737384522569183e+00,1.062292787527744586e+00,9.667737779206018178e-01
0.000000000000000000e+00,6.940737927255513640e-01,1.733762320425806580e+00,1.239314653910571051e+00,1.161662129376130892e+00,4.354919009085289616e-01,-8.188404346968325420e-02,-4.739812190757152210e-01,-1.910130506779199377e+00,-2.945886977153158170e-01,1.518661841478731400e+00,-9.890309417774402201e-01,-5.462784738201391654e-01
0.000000000000000000e+00,-2.350520931547477765e+00,6.133477195802994331e-01,-3.162169409987916957e+00,-3.372376641822225629e+00,-1.164449692750145537e+00,-1.417202272807315255e+00,-1.098005015651335015e+00,4.214920184415207771e+00,4.945757722993588956e-01,2.761646169650848304e+00,9.496119872239436877e-01,-9.047643538323157930e-01
1.000000000000000000e+00,3.227068845330871572e-02,-6.951504999531266105e-01,2.109427976642682001e+00,4.025052159339020719e+00,9.966349898938535734e-01,1.649999610864689270e+00,2.659897584029009110e+00,2.143393747840374175e+00,-2.864035043189085528e+00,3.044189928958001001e+00,1.753900875124764447e+00,-7.215629217404909701e-01
0.000000000000000000e+00,1.739622302057866055e-01,-2.282020736216640255e+00,-2.239092692068362922e+00,3.758607751426597421e+00,-4.496417738715180690e+00,-1.542048946513738139e+00,2.586313762589877996e+00,2.400926312829153364e+00,2.919848412675354332e-01,-1.109053001136296235e+00,1.346502488341777326e+00,2.096962247412257341e+00
0.000000000000000000e+00,3.241196600201140310e+00,-7.685602632596940653e-01,2.868800969562464331e+00,1.133283473925632778e+00,1.241202239000231522e+00,2.966613945429728894e+00,-4.621230918098806484e-02,-1.141433219348028549e+00,-7.169493505717658977e-01,-9.693154056557968801e-01,-1.086802323619729949e-01,7.141126552791425830e-01
1.000000000000000000e+00,8.836349584253799794e-01,-7.501385773502979859e-01,-4.360374966414064524e+00,2.755079756393427282e+00,-2.046113957237448044e+00,3.211846727814630098e-01,1.744308636558102865e+00,6.893112690434486378e-01,5.126146427860861499e-01,-2.973807888851500714e+00,-3.708428769550401460e-01,-1.789551577849675112e+00
1.000000000000000000e+00,2.267011035150904519e+00,-6.741566501758795571e-01,-1.439103804131464326e+00,5.339101933250344878e+00,-1.218687503438959929e+00,-2.495315984140850318e+00,-2.693370022323738677e+00,3.995047602465229275e-01,-2.570245439807760768e+00,1.633482624393790772e+00,1.209686883527216761e+00,-2.398461508425944189e+00
1.000000000000000000e+00,1.101351806517128828e+00,2.999134242783765725e+00,4.644749078821661659e-01,2.126094706390412981e+00,-2.807893021421150159e+00,-1.069983398605495850e+00,-1.929959667739558071e+00,8.920270509687866500e-02,2.066218964985466755e+00,-2.448133882581030596e-01,6.370358666440834039e-01,-1.054184799492114077e+00
0.000000000000000000e+00,-8.929954235833358345e-01,-4.976995003438952736e+00,6.020687581849556436e-01,-4.631714502838573999e+00,4.871658108024510270e+00,-1.583138918317328780e+00,2.874328285566856156e-01,4.948913069879576909e-01,2.070839888577194365e+00,2.252555271690586558e+00,2.070921259193718278e+00,1.647649635249697653e+00
0.000000000000000000e+00,8.283207988359182483e-01,-2.370331812456208276e+00,8.750187226403161045e-02,3.413806991797586843e+00,-8.689059594109882489e-02,9.089676676761317964e-01,2.988193058331609198e+00,2.155820920886814651e+00,5.846420090176454032e-01,-2.598585965898849715e-01,2.422567791571240026e+00,-1.815879813670990828e-01
0.000000000000000000e+00,-1.664712938218765315e+00,5.246356457456901268e+00,-6.089405706062245294e-02,-3.314649790378095151e+00,-4.576214405747915936e-01,9.339806787650761777e-02,2.353775648201716919e-03,-2.187248711688634550e+00,9.802614391166655228e-01,2.646908765625449522e+00,-3.937988748057052568e+00,-7.770491564927461958e-02
0.000000000000000000e+00,-4.733413495994256426e-01,-7.693824050571357320e-01,-2.071891049093848913e+00,2.877236085407284261e+00,-2.651078519093803987e+00,-6.757692836543827131e-02,1.766454905893089844e+00,2.823377825962406273e+00,2.164688485350860780e+00,3.228898760516322852e+00,3.960410918970289629e+00,-1.636559854346302245e-01
1.000000000000000000e+00,2.666653994599149868e+00,-1.925436965367621767e+00,-5.754892292656548225e-01,-3.394403412997122782e+00,1.887241762835790038e+00,7.332726824328936743e-01,-1.000505715645185756e+00,1.551347589389618919e-01,2.373963016824819139e+00,1.626941879195056284e+00,-3.950946510335562323e-02,7.586498386327922283e-01
1.000000000000000000e+00,2.216966793581385708e+00,-2.860942788040851781e+00,-1.394803582346931137e+00,-1.152313152407528740e+00,1.355461359104361385e+00,-2.048817318501306772e+00,-1.991860566232420027e+00,2.903445528888648486e-01,-8.571428130157290326e-01,1.346921759621627412e+00,-6.859691357389043898e-01,2.756453254327371205e-01
1.000000000000000000e+00,-2.280201492471165547e-01,4.026785022012498771e+00,1.931458221490318650e+00,1.299500780771445596e+00,-2.039225216553088860e+00,8.836245354338218005e-01,-1.393800498877185490e+00,-8.468577065005297166e-01,8.247079820127324323e-01,9.859849131192062188e-01,6.275051909354594226e-01,-5.150871896584574561e-01
1.000000000000000000e+00,-2.943876086150204241e+00,5.229875183204965694e+00,-1.672026561923589671e+00,-1.665098584618364352e+00,-3.214602579899632495e+00,-8.105122810516527387e-01,3.510800078771463273e-01,7.750063636589705762e-01,3.552214634826884598e+00,-1.706272865154063734e+00,-1.163516898214703943e+00,-1.380298829762687252e+00
1.000000000000000000e+00,2.837930018272730948e+00,4.600900180471315437e+00,1.639042770980614350e+00,9.917866976915700405e+00,-1.840687520903597107e+00,-5.238872445399835875e+00,5.172490926869187655e-01,-1.253631065648140197e+00,-4.515163366473784023e+00,-4.369630817838812131e-01,-5.790339049690979678e+00,-3.911219202746097690e+00
1.000000000000000000e+00,-6.766395884801358340e-01,3.979684084888006179e+00,-2.678684367561956492e+00,-3.160475163535757748e+00,9.185796498896170448e-04,2.726477085849027926e+00,-1.934479107351581462e+00,-4.460334730792911095e+00,4.089638352616999484e+00,-2.785716682372669784e+00,-9.218101907738311951e-01,-2.488845070561485961e+00
0.000000000000000000e+00,-3.152334429343776279e+00,-6.273025049058819080e-01,-1.057676095291269380e+00,3.495771860286864818e+00,1.681127848120808288e+00,-1.445839515145911580e+00,-1.491571927654629537e+00,-6.686654321131348944e+00,-1.513329719028503551e+00,-2.714787520498723072e+00,1.825031803545904996e+00,-2.136513176563096916e+00
0.000000000000000000e+00,2.202684965237504677e-01,3.170965030927384465e+00,3.684880431485038077e+00,2.862019055802985879e+00,-7.750837698791426256e-01,3.392115637768020608e-01,3.248326706848830181e+00,-2.705661976110045330e+00,2.217170123220217448e+00,9.953374699083195054e-02,-1.610098927876418839e+00,1.105362481684298626e+00
1.000000000000000000e+00,-6.895499184516196145e-02,-1.656422952427649031e+00,1.499358672242932622e+00,3.193321347660086351e-01,1.686867576141127589e+00,-3.975655810983781402e-01,3.630420225805529810e+00,2.377585771608514698e-03,-3.379243212706294575e+00,-1.487875576503221442e-01,-3.590348392220501506e+00,1.895533059835255774e+00
0.000000000000000000e+00,-3.643752099272925538e-01,4.853929086413691252e+00,3.924745425654240005e+00,1.188477874842706727e+00,-9.816179184375939393e-01,-6.344558834839844064e-01,2.409610416710266989e+00,-8.326058491866041855e-01,2.821121074152651786e+00,-1.550141994579512961e+00,-2.653432868413545975e+00,5.958442814559472556e-02
0.000000000000000000e+00,1.236353636585261206e-01,-4.539205171062570265e+00,-3.488630170109747741e-01,4.951158112432066383e-01,1.055978316240883785e+00,-7.911890327124341260e-01,2.245440475988436546e+00,-1.448949013596185775e+00,-2.498838784368997867e+00,-8.860707640306706434e-01,-1.091616126503047290e+00,2.971863299735439945e+00
1.000000000000000000e+00,-1.048267439797189393e+00,-2.509345749772646794e+00,1.921958160716203068e+00,-1.181451196954850236e+00,-2.965617852376669639e-01,-3.859827720502729154e+00,1.674875953052544109e+00,1.994963393810986085e+00,-2.837225982744250530e+00,1.946489787379878988e+00,-2.214514863863114691e+00,4.343995898416515011e+00
1.000000000000000000e+00,-2.235218630986679056e+00,1.066954062627448518e+00,2.265182555198550052e+00,6.549355848301647853e-01,3.023577559821878369e-01,-1.845206691492594864e+00,1.314300908616875097e+00,4.012153627361815467e+00,-3.308609805818664151e-01,1.579002508170520791e+00,1.109388705505685913e+00,-7.860296577561213249e-01
1.000000000000000000e+00,1.614970296308554154e+00,4.356266571331159909e+00,-1.737407733747643235e+00,-2.136747687672208240e+00,-1.167338069608471418e+00,2.261193409182300940e+00,-1.605692697572334016e+00,-2.515146666550548638e+00,1.957960330214628009e+00,-4.143827534126999446e+00,-3.820096948226720635e+00,-1.976341356941477612e+00
1.000000000000000000e+00,-1.212771484434061131e+00,-7.450531650292309405e-02,-2.583415145263463053e+00,-1.917115644083838832e+00,-2.315161593424650555e-01,4.058842619796632967e+00,-4.538749073513366206e-01,-2.728311177026137901e+00,1.297947624612493023e+00,-2.412800986733675268e-01,2.095375062691662738e+00,2.364368770966640554e-02
1.000000000000000000e+00,-1.279090956784453947e+00,6.162728624611677475e+00,2.346699372381611415e+00,-1.531967430234522309e+00,-1.572768040214231444e+00,-2.800268475276164182e-01,-3.651385683261251458e+00,-1.932190822279441722e+00,1.847336971275800765e+00,7.203900894592190074e-01,-4.467596911693166861e-01,-9.897147512273535286e-01
0.000000000000000000e+00,-1.080696393911202868e+00,2.293738441468172073e+00,3.190209801822771141e+00,5.471674507464058479e+00,2.104458037188935426e-01,-2.742031029344811355e+00,6.632372058630162659e-01,-2.301867006651407088e+00,-3.474281387128071330e+00,-8.416681365587974639e-02,-1.753664709904254160e+00,-1.203094168944839559e+00
1.000000000000000000e+00,1.368201121483333171e+00,-1.628499381922319245e+00,8.845661289373480951e-01,4.350767319448982207e+00,1.329382381802310276e+00,6.404119724088941368e-03,2.933558872543976292e+00,9.062422881249176942e-02,-2.852764287348073857e+00,6.544863209164097917e-01,-9.868327622775411312e-01,-5.499711363089991867e-01
1.000000000000000000e+00,-2.256133348931218308e+00,2.038812655045449063e+00,-2.919373061450098561e+00,4.308144958725317886e-01,-1.102987423103463982e+00,2.833797701469506602e+00,1.121491367574121600e+00,-4.577447655815396477e-01,-1.391154886890034081e+00,-8.950810524537782253e-01,-1.983901271821861823e-01,-2.011216604977112965e+00
0.000000000000000000e+00,-1.453932461993010072e+00,5.930636917858991275e+00,3.813251885909497485e+00,-2.291084009456114678e+00,3.023445904867759770e-01,-2.458830495537638328e+00,5.593935035664368005e-01,-1.439135698476353697e-01,4.647781849409609478e+00,4.077631184781549400e-03,-2.757045521325425241e+00,-7.235921080160334640e-01
0.000000000000000000e+00,1.893398813794800351e+00,5.248516582864090729e+00,8.626616025570230661e-01,3.871551798956036627e+00,6.175234395489518358e-01,1.341690060590993605e+00,9.440190597919251303e-01,1.444704952236502749e+00,-1.639448011203307853e+00,6.261725570336828639e+00,-1.936560469782482530e+00,-4.498894984588488910e+00
1.000000000000000000e+00,2.331936408836050578e-01,2.393950112692073251e+00,-1.045674571368203631e+00,-1.064874014923122614e+00,-4.296797943210920456e-01,-3.067910877099646605e-01,2.609308136854498805e+00,1.254865447632816711e+00,1.660586432550086311e-01,-3.163823160961751313e+00,-5.103042268176459118e+00,-1.049420384426018593e+00
0.000000000000000000e+00,1.347268959690464118e+00,-5.509490722166724419e-01,3.497083664449954998e+00,6.770900553954459777e-01,1.528789121973911591e+00,1.532886544764964221e-01,3.618612081836191319e+00,-3.792143445695318693e+00,1.576210005457738594e+00,8.260391720006217131e-01,-2.381347840166412766e+00,3.275004585903290799e+00
1.000000000000000000e+00,3.675336821961584510e-01,3.803301974895421100e+00,3.743171548630400913e+00,-8.705131884300951195e-02,2.134883368861773878e+00,-1.485745325116127891e+00,2.607803790300809776e+00,1.221024870969636078e+00,1.150895287386447308e+00,-6.401986148438423285e-01,-4.349328166170345789e+00,-1.698790658441705848e+00
0.000000000000000000e+00,-6.011085746095565785e-01,2.168355447214573850e+00,1.799277217685113506e+00,-1.359263844172893032e+00,1.374995900422619322e+00,2.911355717125569953e-01,-4.792462338162549740e-01,8.172123007715110798e-01,-1.420462840156471618e+00,4.498657785160670386e+00,-8.454076368476982628e-01,-5.087652928635293392e-01
1.000000000000000000e+00,3.732288195474308345e+00,1.712708485386853052e+00,9.748392743771896463e-01,4.046889783070956703e+00,3.302750794643688481e-01,-3.337973439102195794e+00,1.367699546417550760e+00,-1.682442180550812516e+00,-2.336818804249626957e+00,9.770031066173917589e-01,-6.391504353758137746e+00,-8.756041976168410512e-01
1.000000000000000000e+00,-3.209312547327209941e+00,5.151452855954403276e+00,-6.029854321739220868e-01,-4.303391388122563832e+00,-3.130240448646600671e-01,-1.093585918787874700e+00,-5.838246217220512957e-01,-4.075452282314784291e-01,1.379261603517639490e+00,-1.548886556223329602e+00,-3.624189933147632825e+00,-1.468640506502600473e+00
0.000000000000000000e+00,-2.174106149800371313e+00,-4.144030627199575822e-01,-2.506039902635840200e+00,-7.020264814164454137e-01,-1.676043184801250252e+00,-1.456279467007205231e+00,-3.677952864314844028e-01,1.432524546284538403e+00,8.372590762825016242e-01,3.168161835505485247e+00,2.243752674918837009e+00,3.849310971286435956e-01
1.000000000000000000e+00,-4.255949577478090884e-02,-1.677234241284929039e+00,-1.049391462739878378e+00,-2.688047778596355020e+00,4.608790710574266480e-01,1.286601929307431336e+00,2.026482355394020107e+00,7.616705900102973548e-01,-9.296167739664811247e-01,-1.041097369670044737e+00,-2.085053079578568891e+00,1.817141559555663921e+00
0.000000000000000000e+00,-5.863665447226884542e-01,1.142337491304426855e+00,4.813693168077974427e+00,-7.795061261279662146e-01,1.493307716479096214e+00,-9.739401182951139546e-01,5.378100760646424838e-01,-2.915020235942616722e+00,-2.180705260457768135e-01,4.990871961554335101e-01,-1.931274368203921066e+00,2.515058590690643303e+00
0.000000000000000000e+00,1.171324970135285026e+00,-2.361338343489022051e+00,6.806024146717978285e-01,2.786890498023777418e+00,7.639009768839860604e-01,-1.283545687018539549e+00,-1.572511666421063437e+00,-4.896326052402886209e-01,-1.764499372495395235e+00,1.025229947079126402e+00,1.984498005498272821e+00,-1.967467629803721918e-01
1.000000000000000000e+00,-2.696305973794248523e+00,-1.371409676491647911e+00,-4.546964628969266897e+00,-3.276857997300611558e+00,-1.143090305451411215e+00,4.971786573484646254e+00,-2.076048034955507049e+00,-2.046874679172621558e+00,-6.623071321440296977e-01,5.399829949518966110e-01,3.929775134814189386e+00,6.156693783728266478e-01
1.000000000000000000e+00,1.821118135835701590e+00,2.650594366037134275e+00,1.555670092499403134e+00,6.627879303422957058e+00,6.440533447197752670e-01,-6.654592491874096183e-01,1.937304006423743452e+00,-2.416773928535758120e-01,-1.060631542136371452e+00,-1.600120602183332963e+00,-1.814690701804333450e+00,-4.156719700205330881e+00
0.000000000000000000e+00,-2.467004235124171885e+00,-7.342121969359707290e-01,5.620911207782868235e-01,-7.791408476090683877e+00,4.575588045085829947e+00,-3.488774089078682472e+00,-1.239512788642937124e+00,4.347455756041940234e-01,-1.658779788305989378e+00,-1.422273952905422245e+00,-4.789832450816443377e+00,5.002154753833409906e-01
0.000000000000000000e+00,2.384677264695036492e+00,-7.624665078759375048e-01,-5.395569275628644412e-01,-1.155194083782363990e+01,4.278627807740131850e+00,3.978438279597514615e+00,-5.089741981656271008e+00,1.894744745792654506e+00,1.965072262498376521e+00,3.054833706280461580e+00,-2.664412590424435345e-01,3.187408281834271939e-01
1.000000000000000000e+00,1.864460586143024123e-02,5.316182878206308970e+00,-7.162755059751473308e-01,-9.078937350870397438e-01,-1.946345490591806282e+00,1.383444992047616173e+00,-3.011067262625443330e+00,-1.869767669327638160e+00,1.074407385734907239e+00,-1.707199251721855049e+00,-1.517939416414368470e+00,-2.306415094942115829e+00
0.000000000000000000e+00,-1.632090331814734618e+00,-5.951722847262245208e-01,8.098746908440543901e-01,9.452346649314776528e+00,-1.191082206858934622e+00,-3.290067996596612865e+00,1.237411895053805999e+00,-4.978895254704654327e+00,-3.946371198155992577e+00,-3.512997484980595608e+00,3.408458752021155114e-01,-9.945614217639652255e-01
1.000000000000000000e+00,-7.767011327230832762e-01,-9.624195584953669780e-01,-4.566807180350357598e+00,-7.551401176663434356e+00,3.483210876928282129e-01,5.087196405630591833e+00,-3.543995439940083259e+00,-2.661056245593718117e+00,9.412527385360159871e-01,-1.192607407237226136e+00,9.804036973255201293e-01,8.136169438488436434e-01
1.000000000000000000e+00,5.503454626380412940e-01,2.091886644937857032e+00,-2.045422322536448512e+00,8.584126548378084864e-01,-1.188303679172266536e+00,3.414939458815712481e+00,-8.079954567208169625e-01,-2.306715961538921889e+00,1.739199766745600506e+00,-1.048623472356961184e+00,1.151161904991749640e+00,-1.935251201841298618e+00
0.000000000000000000e+00,1.208543256538822774e+00,8.793121942072871233e-01,1.241380735769118004e+00,-7.709954937802471875e+00,2.181339377598235707e+00,2.472796118341133109e+00,-3.062671750102972101e+00,-2.096439518245594602e+00,3.019344996435932238e+00,1.677676736298049809e+00,-9.148916093598929988e-01,1.946431434539770411e+00
0.000000000000000000e+00,2.689749959261509282e+00,3.183103663789531801e+00,3.239184223502836968e+00,-7.257515356837962450e+00,2.584652192727551867e+00,3.344244648916410600e+00,-1.581438695983718112e+00,-5.638595145012713639e-01,2.334022529795505729e+00,1.811875127529329665e+00,-3.707768831005211041e+00,1.165440637303998717e+00
0.000000000000000000e+00,-1.722550932542065372e+00,-8.655009117982317424e-01,-3.937265533657794414e-01,-4.627225787828979975e+00,1.945125478708031652e+00,1.403222420189229824e+00,-3.136306519969944695e+00,-4.104203631339967018e+00,-1.085685577159802184e+00,-4.307537855646776492e+00,-5.943633469749471931e-01,7.585536908990453409e-01
0.000000000000000000e+00,-1.383377692277973470e+00,9.914746387255195970e+00,1.930920132496230179e+00,-2.620689804808136625e+00,-1.967098374290576768e+00,4.775010018960057501e-01,7.412916935021897080e-01,1.255048228689294998e+00,3.534687464380437127e+00,2.533574683832571672e+00,-4.322102142135701541e+00,-2.204467697952941396e+00
0.000000000000000000e+00,-7.341941678423706819e-01,1.557887069473857355e+00,2.406194563929086705e+00,2.267014701367119578e+00,-1.182908290306141641e-01,2.183051689044130939e-01,2.408037151904079742e+00,-4.240011542667906141e+00,8.157000059867980379e-01,7.067032857557999925e-01,-9.715917601756480781e-01,1.570779721433074538e+00
0.000000000000000000e+00,-3.918877687721293857e-01,-2.123462879503323020e+00,-7.039059690035252004e-01,-1.108596236917338018e+01,4.537115846892397997e+00,3.929565276649408911e+00,-5.002733763834627645e+00,-4.347312287056579905e+00,3.727677655378430543e+00,-5.530350849035174932e-01,1.672715276350376978e+00,1.891918371081380279e+00
0.000000000000000000e+00,4.666381897490278874e+00,9.208437882830824428e-01,2.747808701855031233e-01,-5.507069974402101664e+00,1.413906354251764030e+00,4.575010263796219334e+00,-3.377105931298991948e+00,1.512836447651022986e+00,7.890690536595990068e-02,-7.231162843394360884e-01,-2.310949326583107144e+00,-4.685621246521823879e-01
1.000000000000000000e+00,-7.484699650112836000e-01,6.340977576125053972e+00,4.703277297574000038e-01,5.910360289792164767e-01,-1.488528445402946154e+00,1.161353290485946266e+00,-9.796617132255192040e-01,-3.220770350818306760e+00,1.722710623853040302e+00,-2.064779644938504077e+00,-2.215128029801687770e+00,-2.486858312049990971e+00
1.000000000000000000e+00,3.679755410549920835e+00,-1.724301732196545256e+00,-1.632736459501391568e-01,6.290092488465075959e+00,1.803302311954924741e+00,1.115804355640493739e+00,6.390932015435596192e+00,-2.918244520169805512e+00,-3.350573737076494307e+00,-3.872914536290930076e-01,-5.233452468550632730e+00,-2.440602997952461273e-01
1.000000000000000000e+00,-6.316698578195842906e-01,1.903656342489298270e+00,3.038765857200851350e-01,-2.171351975533077017e+00,-1.496513387796295280e+00,-4.059664215083254923e+00,-1.915647788916189143e+00,2.867066319620779069e+00,-2.162231455856300499e-02,-1.294464717680385846e-01,-2.253696374679489800e+00,1.405873048192181063e-01
0.000000000000000000e+00,5.134516185256365883e-01,1.964756082688264294e-01,2.354941809797035823e+00,6.481234037629923783e-01,-2.018181748214267213e-01,-8.323308515397096485e-01,2.842541718273676743e+00,-1.499463031780097655e+00,2.521104512670485631e-01,-1.862193978197590916e+00,-3.094444074697974223e+00,2.418173886960322427e+00
0.000000000000000000e+00,-1.053647158011311369e+00,-2.738484484047409850e+00,-8.910633993976972977e-01,1.123570366676533538e+00,8.864039539178673044e-01,4.308288381563070146e-01,1.720888209798040691e+00,-4.041713921097276341e+00,-2.198329803236847013e+00,2.227923394570427096e+00,7.819639559267810291e-02,2.321982938297773025e+00
0.000000000000000000e+00,-2.570760747027258653e+00,2.197326751504961317e-01,6.316725722417828592e-01,-3.887342914343657085e+00,3.841396521048600299e+00,-7.395011909110227322e-02,-3.749815237940681278e-01,-2.587345383494161766e+00,-1.084351099931983864e+00,3.058643186523635205e+00,-1.124828396430634703e+00,1.041722348608629112e-01
0.000000000000000000e+00,3.078567524255272136e+00,5.469771447834116174e+00,2.386369154902276080e+00,-3.375091012668419488e+00,1.253185338356194389e+00,3.160200716464964810e+00,-5.741153785513616326e-01,5.560487417668216192e-01,2.667663680667982096e-01,1.883977574720022696e+00,-5.141348414613897688e+00,-1.430987594575747979e+00
0.000000000000000000e+00,1.957224222397328628e+00,-2.169333390618884749e+00,2.114947334227870179e+00,-3.568547198116756025e+00,3.238079355206987309e+00,4.482186676377982515e+00,-5.261959694070889038e-01,4.755240274203269557e-01,-1.527130619170885328e+00,-7.166277630866246806e-01,4.025245202009042345e-02,1.098292780647334599e+00
1.000000000000000000e+00,1.318134271622375842e+00,2.009012709812661335e+00,-2.118271132103671128e+00,-1.706917745234521666e+00,-4.938183076266378091e-01,3.350187612535966863e+00,-3.197978458240994248e-01,-5.650691194650365734e-01,-6.637201558599192808e-01,-2.479257732417780247e+00,-2.826282866761508306e+00,-1.407194848732213011e+00
0.000000000000000000e+00,6.685290134877230894e-01,3.177297363080894832e-01,-1.508520067170280310e-01,1.477736773906218382e+00,-6.991832225427045966e-01,1.702395639596813393e+00,2.026241606991785460e+00,-1.919964476609761217e-01,2.296428233547307407e+00,3.061193422732237490e+00,1.640353824966564122e+00,3.766149497065701679e-01
1.000000000000000000e+00,-2.178038174594519205e+00,3.766572133642260845e+00,-1.504742494604442093e+00,-2.346292001138747807e-01,-1.501847328172460472e+00,1.035224109472476561e+00,-6.792813861600712766e-01,-1.907451481078205058e+00,1.520817167719255458e+00,-9.685236516963117159e-01,8.671057496785961050e-02,-1.853585072408681533e+00
1.000000000000000000e+00,-2.378861056721914835e+00,6.130812430961838366e+00,6.219630682376424691e-01,-1.213932973061106368e+00,-1.214624909508363881e+00,3.807501013831440240e-01,-4.132622192744668244e-01,-1.513543517586832365e+00,4.013141543912524867e+00,-6.936058263700750626e-02,-3.724014941753382990e-01,-2.007732733717557672e+00
1.000000000000000000e+00,1.555690569544361246e+00,2.309862213669645836e+00,-3.019595458959507095e+00,-1.393049246956353571e+00,-9.005743852070220434e-01,4.291081652618418119e+00,-5.181413009909792144e-01,-1.909566765376248920e+00,-4.916948207353311062e-02,-3.570530452362163043e+00,-2.701074181639540495e+00,-1.791295204439553590e+00
1.000000000000000000e+00,-6.340339242950410181e-03,3.574970351717580819e+00,3.231258616475963574e+00,3.978673272234040326e+00,8.052920944097370359e-01,-8.738707891307847531e-01,1.659028455601331054e+00,1.866169751445482028e+00,-1.157937473593000366e-01,-2.530568527957368641e-01,-7.662641837125752087e-01,-3.378893525835907852e+00
0.000000000000000000e+00,-1.124681345708945512e+00,9.227695794931625034e-03,1.964920444692400459e+00,-2.627842661356145637e+00,2.272457773628872246e+00,-1.915788526214611487e+00,9.875272365453841017e-01,-1.912320658227405490e+00,9.438602632787087554e-01,1.173935186796485119e+00,-2.113359591117674352e+00,1.709863122588188400e+00
0.000000000000000000e+00,-1.133007034972165483e+00,-2.019275690708413062e+00,-5.415684992588167823e-01,-3.467057728604171274e+00,1.008950056031672871e+00,-1.899382259518053617e+00,3.661068008910444149e-01,-3.053226641677631914e+00,2.978569441177209676e+00,4.749672151633959949e+00,5.376348186842532240e-01,3.621130456776688433e+00
1.000000000000000000e+00,-2.820237060559984243e+00,2.093450492184218525e+00,-4.922815547127554758e-01,3.034386658144057503e+00,-2.762218721200326854e+00,3.353446977056863343e+00,2.558169212482052757e+00,-8.087209002378334954e-01,-1.550630628180864612e-01,9.085729461045572997e-01,2.609320342512871704e+00,2.234664927951657276e-02
1.000000000000000000e+00,2.981540948054732354e+00,6.505035092045946543e-01,4.481768584341810913e-01,5.080161595934256091e+00,1.630198881289683932e+00,-3.724876174555316055e-01,1.508544680272468685e+00,1.038041303419154904e-01,-6.828805122693442087e-01,1.494316955722551743e+00,-1.090483562197444911e+00,-3.368571530720647633e+00
1.000000000000000000e+00,-1.788085395847641479e+00,-5.412013048549729755e-01,1.038679350995480144e+00,2.052854376244070078e+00,-1.085906844285636552e+00,-4.173919920366090608e+00,-1.453445431749829098e-01,3.915260740635054582e+00,-1.551469231320970810e+00,2.047652611278772739e+00,1.606724598875648891e+00,-2.022241242244060544e-02
0.000000000000000000e+00,3.033863202646934765e-01,5.219535034708209231e-01,1.096679082380126458e-01,7.438563713299640057e+00,-5.263686226083958974e-01,-3.569218218881687221e+00,-6.567697525388873636e-01,-4.866500226473544188e+00,4.930043127859480290e-01,1.240239165941586341e+00,1.671487363636332990e+00,-1.929350993223230670e+00
0.000000000000000000e+00,-1.681960638225587168e+00,-1.889758245915178714e+00,1.429070636903984060e+00,-6.923770477512189103e+00,5.598359218470847942e+00,-2.019209537867325821e+00,-3.040889466579845823e-01,-1.100772023566581215e+00,3.100272355103981248e-01,2.442573122721038992e+00,-2.196422227793473514e+00,1.442220422356824461e+00
0.000000000000000000e+00,-9.733898122602153702e-01,4.313443512009788705e+00,9.792708041723976464e-01,-5.119040745657815528e+00,1.150893344380705674e+00,3.349049329152486987e-01,-2.628619929600395366e-03,-1.032383070988110996e-01,2.262450556884600061e+00,2.385829104608423457e+00,-3.295112188767331141e+00,-2.876969944145055802e-01
0.000000000000000000e+00,1.585025662524189860e-01,-2.077266306269260343e-01,1.260547895188054435e-01,4.573713320796191084e+00,6.591112975464468171e-01,1.215707181211866494e+00,-3.622734439284354124e-01,-3.561513232661368100e+00,-2.438257190763299498e+00,-2.434791863723003935e+00,8.416453966464274572e-01,-1.934418607945640023e+00
0.000000000000000000e+00,-5.570185608016726686e-01,4.174549306088723988e+00,1.381900037829105754e+00,-1.542259109814887896e+00,-1.247071349785173311e+00,-6.172423320087383480e-03,1.644163449145747968e+00,-2.424642070732253796e+00,1.897451372543358605e+00,2.547629602321227260e+00,-3.515008956524978689e+00,1.773361328365013811e+00
0.000000000000000000e+00,4.591747176520226681e-01,4.327589983096183701e+00,-1.288612280314049841e-01,4.472077395867732008e+00,-4.473082046359388109e+00,1.677171378041487415e+00,2.541074267953050914e+00,1.946100485459468565e+00,1.233573730539812674e+00,-4.740236750408817201e-01,-1.856623069643377200e-01,-1.350382252004074246e+00
0.000000000000000000e+00,1.912078073873788808e+00,1.307399484170089554e+00,1.613915083858480592e+00,-9.324198993661724444e+00,2.570695727388235596e+00,1.025122993045685549e+00,-3.783540244504224326e+00,1.132887966145945224e+00,2.753908574138535847e+00,4.816139448110309473e+00,-1.645351090998989019e+00,1.696897056853694963e+00
0.000000000000000000e+00,1.690770653759651410e+00,-8.933039313250074054e-01,1.717767070571252219e-03,-3.977144910498887409e+00,5.449456620898586179e-01,5.213655624288886514e-01,-3.575207257641263681e+00,-1.180788818946658880e+00,1.031475195867576744e+00,4.490240184772635867e-01,1.435653520832402830e-01,1.497698416421318957e+00
0.000000000000000000e+00,8.995529047489816410e-01,-2.360950614263088165e-01,1.450439943961755462e+00,5.803276442833220639e-01,8.143593700856215367e-01,9.081549144362623949e-01,2.563015229593054833e+00,-2.420015476047936431e+00,2.683861331333509792e+00,2.809636359381312509e+00,1.515566794238494275e-01,1.779584401246979253e+00
0.000000000000000000e+00,-2.868029757990779416e+00,1.050295452323387169e+00,2.064158116762451201e+00,-4.296430559064098098e+00,1.409693920811279089e+00,-5.000559045823793625e+00,-4.026791201601140902e-01,-1.943532499881556852e+00,1.522645662002918066e+00,1.826352763230613574e+00,-2.726698537011482237e+00,2.509742883064992824e+00
0.000000000000000000e+00,-2.793207747085942216e+00,1.485393064271285590e+00,1.144320118770334016e+00,-4.152651636763613929e+00,1.328773522361311743e-01,-3.582287235838198747e+00,-2.161660993901042271e-01,-2.593731301225842056e+00,1.801723079764064650e+00,2.457261589339295949e+00,-2.336511498371643292e+00,3.036382055779157874e+00
1.000000000000000000e+00,9.098231195341843769e-01,1.259225638274629411e+00,-3.079001254882237859e+00,-3.216607350273622767e+00,-9.421897891442798656e-02,1.643304864288761102e+00,-1.242209716150772580e+00,-1.848285784838192836e+00,1.223782676334373321e+00,-3.503264394647916724e+00,-2.789009066393562719e+00,-1.130223729688385914e+00
0.000000000000000000e+00,2.436918989713625194e+00,8.838324750064880941e-01,3.191828570362438722e+00,-1.189677714542581732e+01,3.509853576699606403e+00,1.964043221521152738e+00,-3.082674629667742749e+00,7.531990971337192420e-01,3.566389084192586267e+00,3.310637076303859949e+00,-3.050823051676585518e+00,3.474575281124903547e+00
0.000000000000000000e+00,2.896198941933960658e-01,-1.762878356235016764e+00,2.829533157142764210e+00,-7.184604699672926253e-01,2.245388747495619342e+00,-1.083961172688864272e+00,1.985002176816539787e+00,-7.972510022347627512e-01,1.034302857649666674e+00,-1.963079984208830897e+00,-1.144804498217487199e+00,1.766730671621274285e+00
